64
1.0
0.0
0.0
0.0
0.0
0.0
0.0
434199620.084
915624248.93
-239768592.208
320202843.185
-267467611.589
-779626719.575
520566006.026
80590576.8965
791397319.865
969762720.17
119627356.176
-906627223.823
-569525177.648
307559128.075
250465933.028
457039649.647
676874358.76
135843259.189
-833362398.61
852205582.412
-742608465.127
489015140.167
-498797461.477
-215484232.996
-673444335.668
664585295.881
407890745.013
78477790.7827
566379290.793
320334633.526
-703000705.736
501021871.783
387666398.722
-17174005.4281
476792674.894
695217872.527
4119690.93201
-944768602.528
328891496.916
83758907.5866
858540331.52
597519348.448
827779372.36
24777993.1239
784862400.743
616434061.173
876959792.709
-284433173.526
-425292340.361
503910161.332
918082658.851
-719611999.334
-70395958.878
929660526.52
720125219.548
-124199816.814
235376927.776
-734002552.628
626729396.685
162740967.328
-995632076.769
656430340.892
-240055460.929
548430503.223
630154850.529
-233201478.095
643802824.712
406110021.017
-105955057.572
-254906372.979
31551971.1478
-12898176.4673
-22683150.6549
990256855.895
-981894715.602
575920465.366
947657253.085
109060614.321
346937897.329
952758977.373
-435341815.811
116796452.013
-419372868.995
-41917164.4856
232274055.378
-434559284.924
951405430.266
-625240241.251
523143377.075
-982603340.892
556394018.023
164002020.031
696266532.74
473050155.024
823944158.557
98781579.7519
650679277.849
-258864732.503
536825573.735
-180265275.986
-65771701.785
923168876.028
-704549753.2
367386740.134
-51669563.2535
900151732.406
-807837757.455
-779515678.387
-781207562.429
-345428005.017
841236047.797
862983189.429
609539101.603
689698524.544
-488863374.953
-152263752.613
-977701032.732
-95294984.3168
-505726072.986
609147648.542
-368207904.385
6215288.7913
216102349.082
474870741.221
781594383.603
-484553821.494
305879428.934
-772115529.698
983843283.061
-354592520.61
678994173.848
10845434.1483
323981070.818
26309974.76
148975222.216
673892402.605
906737321.812
-832625664.995
400118740.006
85513215.7141
454102888.805
-875035378.06
-460776150.813
-158705745.165
-327326222.968
680244880.353
527931092.14
635970648.735
410160973.458
-345819660.695
-315419622.566
884982968.766
-187516935.225
950210787.556
639573612.609
-188492863.745
-847021124.481
-80549542.756
703732189.344
847909336.63
-474140059.802
293919118.241
-319478224.898
29743658.9356
-848941266.581
669495270.905
-601979708.367
-927134479.49
838832689.801
325713411.789
68484627.313
-938599833.502
-419246411.508
829153582.378
861516152.4
688556375.538
-271711806.039
995169619.454
-829526516.087
367432661.536
118580978.008
503985417.906
603162132.924
-258455484.885
265861028.916
-345516175.222
55438038.3882
610011098.345
960918619.921
304742964.565
652808487.431
945520606.688
-886572489.969
715843053.325
639631522.452
-777200321.452
834187477.356
-404627897.692
308824362.125
647484615.269
-241969028.895
366524690.207
-11423680.0302
513655449.447
-873414090.664
-553302727.272
287365113.443
968263100.067
-895197064.883
-499739295.249
754836068.179
38981093.9388
828723278.782
170151656.851
-385115995.321
-90950340.8043
236460302.382
481666916.774
104202723.7
-152505932.476
-351839299.713
-86012015.9834
513559639.995
-684540152.689
202266454.448
402127338.653
-881445157.932
-715870036.959
800944916.267
-936309369.979
-409559279.36
732118848.754
-336762558.64
44131535.5762
-378772296.355
-248329051.808
888864596.655
636191344.783
1605015.29504
945858292.462
320837706.446
14322419.2581
-305908169.154
-234644798.184
-832750497.77
768283540.232
-891124471.532
-497295686.741
-513636560.042
-658857812.175
-805295405.555
-635932800.772
397311506.041
-182815142.077
-420163884.947
-715555541.687
901227811.961
-118636757.042
124463433.848
419025813.269
461202084.912
-934242404.696
447851784.37
886128120.116
-970668006.143
616888806.551
340061512.939
-612578140.89
-13865843.2006
-50484776.4233
269521212.338
-87942271.1879
189448610.161
364319872.531
-371530032.618
164130775.992
-789421669.871
545576208.372
924794323.765
-111409916.499
861531975.605
-194880942.855
561857136.821
-888439410.948
-688046841.618
-439302209.526
65358351.8647
543204846.435
935507027.829
870097450.419
622748069.899
171659386.666
-829091314.04
809344231.509
232898620.406
661272499.521
-944116994.392
329786769.237
-727839583.08
-207483639.435
-388055401.752
886307232.66
198181034.037
-61403687.2957
450813440.382
-804480399.545
573136592.367
956637781.145
347961549.983
-567238337.387
340796839.805
758747696.754
-802444281.197
521679767.405
233322512.539
948203222.472
-960539155.003
-408219057.214
403233496.835
-109296346.468
262807387.286
884122214.231
440890393.161
-537482647.282
-87400172.8502
-717886934.849
8986056.58714
-731982812.177
493739806.136
770022945.688
205500285.956
-961915218.487
693076251.817
-343856117.101
-686174219.982
758849198.42
328313713.817
-901029413.517
363324854.795
-409909488.779
676941723.305
426101806.462
-679128989.901
32962928.5501
-777233828.522
-713264674.841
-839486493.541
-43501145.0227
14774473.0092
570775221.875
166421534.281
-177301820.647
270171994.879
475564133.368
836090986.843
110665274.706
359047871.962
472631797.785
-504558964.658
-856463018.255
-361460065.374
-276847170.388
-90872343.5857
308691358.805
241570630.352
742112511.936
-628179277.274
148640987.931
769677775.406
235059604.398
268104579.987
450192278.066
-613604312.121
994610032.425
-275282859.091
402935285.189
-522004938.925
-69003013.8695
591660863.548
-38955808.1239
487633966.569
-874785254.705
412814326.76
-370060619.176
-663355480.523
63830248.4988
-433475707.505
69976162.7431
-540952479.885
129125571.555
327475143.423
881698870.09
197280060.27
-195778436.086
-615231864.069
138687006.816
-530832066.797
-925948908.937
-890004666.641
806226904.529
-427634129.213
770816889.934
-488848630.907
-753419944.121
-783650835.015
-559396552.315
842513266.004
-589580761.09
-261229038.494
368793344.384
-1554003.28906
-256827673.706
-509480215.281
61844454.3116
500408151.491
14315296.9432
322028841.078
179243461.559
71255586.3463
872620653.34
848236606.412
-191958351.889
-884166112.998
920770220.497
-655655618.561
928697252.977
460024527.414
789550613.775
-426424277.534
175183250.034
-831182569.888
-262114155.499
-709972730.741
-117934997.403
465559252.88
224856721.536
643950875.178
533624227.079
-229309015.027
689406953.422
-857528014.338
