10

1.0
0.0
0.0
0.0
0.0
0.0
0.0

1.66013679527193035
0.1633519000000
0.3077199200000
0.2498653800000
-1.963534107001
0.6841909835729
0.1858224458145

2.44783959796682464
0.2640622900000
0.6709840300000
-0.6078524800000
-1.097989091627
0.4250727728824
0.6918653377540

3.04043273871083524
0.6643154100000
0.9817401900000
0.6625301000000
-1.014141067952
0.6377084582524
-0.1047343992878

3.22714936215392876
1.105892500000
-0.8315317200000
-0.4460530000000
0.5199212681014
0.7198022773915
0.2297489167762

9.54790662147324233
4.286062400000
-2.621093500000
-0.8513666500000
0.2231109535641
0.3949656910948
-0.6631270424191

2.85877644368210402
8.834561200000
3.097512000000
-0.4051782400000
-0.1244215317121
0.3058012696789
-0.3744219597147

4.35540069686411149
12.29164300000
-15.57520200000
-0.2172011500000
0.1780033999880
0.1314573649760
-.1824027526613

5.17759138448793649
4.84009700000
-26.23912700000
0.1982557900000
0.1578550564045
0.9132161165808
-0.5510764371051

7.6923076923076926
-12.10226300000
-26.73256000000
6.362842900000
0.1714028159354
-0.1021868903979
-0.3854629379438
