 512 1
 28
 0.E+0,  0.5D0, -.025
 -1.0E-14, .F.
  6.511054 -5.274299  8.865725  0.033436 -4.805974  9.512673  3.338998
  2.239651  3.837168  0.536337  2.548759 -3.507945  8.284932  2.050216
  3.928973  6.372023  3.715614 -2.319756  1.440157 -7.426394 -7.239988
 -2.029168 -5.728943 -5.020525 -6.818825 -1.599210  3.538483  8.324821
 -3.553114  4.855554  2.338217 -4.369049 -8.020933  8.481057  5.543594
 -9.417880 -8.216407  3.323019 -1.755876  2.135747 -7.082001 -2.733613
  0.886794  8.024639  1.536860 -9.923100  8.431559 -7.323569  7.887667
  8.744300  2.381695 -5.546290 -9.947911 -8.808393 -8.386304  0.715374
  1.848520 -9.230890  4.295742 -0.689773 -2.719495 -7.832085 -9.677428
  2.407097  3.659149  6.626627 -4.939970 -4.977846  3.228051  9.921129
  9.287027  0.894945  7.443058  2.947701 -6.305603  1.955290 -1.923060
 -4.762241  3.425186 -5.134837  4.827471  9.604926 -6.387198  1.697489
  4.582862  6.214196  8.432731  0.947078 -6.295379 -4.561464 -5.716519
  3.245671  1.852658 -4.077913 -3.456318 -2.085231 -9.677514 -9.365527
 -0.642590  2.745604  7.429234 -1.868514 -6.715319  7.993602 -7.739339
 -3.076390 -5.500958 -1.869744  9.850454  8.066597  5.462763  5.494048
  6.583332  7.710992 -2.483806  8.528853  7.670429  0.154284  4.884963
 -1.875075  6.692258  7.421505  2.201876  8.684127  1.937079 -6.518098
  4.338747  7.946740 -2.408167 -6.282874  3.089586  9.557923 -1.834632
 -5.841766 -8.456155 -3.329442  3.898102 -2.536001 -4.805751  2.423735
 -9.896598 -8.055055 -6.692950 -3.040970  5.565897 -7.846519  0.104678
 -8.324271  2.280282  4.767324  9.192877  8.414373  7.077070 -0.074380
  0.982818 -8.560663 -1.831779  2.593144 -1.203370  1.721332  9.643636
  8.790841 -9.453432 -3.440192  4.342269 -7.708044 -5.333856  0.162088
 -3.798200 -0.905009  1.780195 -7.989723  9.370737 -2.821400 -9.151035
 -5.759244  7.215885  0.527896  4.487890  4.606134 -1.949059  4.033885
  8.923128 -5.554139 -8.475527  6.958806  0.074551 -9.202664  9.126920
  0.625744  1.639716 -1.766648  0.231845 -8.572735 -9.231510  2.691545
 -2.365473  8.815285  4.143926  8.269388  6.135740 -5.627811  0.522044
 -3.137284 -0.748830  6.801323  8.782084 -0.775775 -1.084825  0.638649
 -4.645535  6.211309 -7.057119 -0.889411  9.205135 -1.482592 -8.570066
 -5.172136 -6.729050  9.675778  4.574293  1.005417  9.328663 -0.423286
  4.731000  8.274847  2.039524 -0.460610 -5.635944  9.949807  1.921637
 -5.127480  3.006859  2.040986  4.347462  7.383921 -3.568762 -1.894273
 -3.809779 -3.084971 -7.540265 -7.673037  3.082128 -0.732977 -4.479702
 -3.878367 -5.131450  0.274131 -3.252346 -2.642941  8.208737  2.462062
  3.454174 -8.329042  2.884345 -1.014846 -0.237807  9.887883 -3.450305
 -2.559487 -0.003563  1.114856  3.496169 -5.687936  8.256209 -0.013596
  0.157960 -0.455435  2.511368  3.588699 -9.275201 -5.038762  0.199942
  5.448622 -1.033290  3.955874  3.925832  3.796364  7.416791  4.790056
 -1.301953 -2.000307 -3.585821 -6.465030 -5.378051  2.383415  2.082490
  1.043668  4.087737 -2.546984 -9.714366 -3.664614  0.161847 -5.475904
 -2.361444 -0.773140  3.073324 -4.818602  4.126921 -1.810285 -4.202713
  0.000132 -7.367622  9.298980 -7.550328 -9.140315 -5.555928  8.558695
  6.917166 -8.841523  5.739172 -4.310662 -0.553109 -5.159541  1.107215
 -9.116754  7.776009  2.479529 -3.032297 -7.041314  9.338443  7.682726
  6.224971  2.238190  3.354270 -9.543729  0.129872 -1.675417  0.620681
  2.745501 -2.284375  2.226210  5.748917 -4.316525 -9.735018  1.934047
  1.701867  7.490489  6.307466  2.415728  6.116770  1.738311 -2.091321
  9.751497  7.254061 -2.881286 -4.614040  0.881776 -5.670008 -6.295653
  3.592369  7.012389  8.943534 -9.386366 -7.011309 -1.859823 -4.387865
  3.069330 -5.201570 -4.481174  2.976870 -4.886693 -7.348085 -6.614793
 -1.410955  3.437079  9.385972  6.811442 -6.817572  5.091422  9.807324
 -8.898920  4.368526 -7.354225  2.237731  2.435180 -3.229951  8.226250
 -0.423973  2.020936 -5.747090 -7.299487  5.660802  1.552934 -4.098870
 -0.775397 -8.580712 -1.050075  7.677064  3.569223  0.391461  8.685013
 -4.985825  8.572195  8.152932  4.342982  6.334417 -6.137233  3.962114
 -2.920817 -1.327822  2.978841 -0.103003 -6.648765  8.027392 -5.621274
  4.755381 -2.709592 -0.038580 -2.240109  2.483631  3.401076  1.250271
 -1.971231 -1.452363  7.607729 -7.675104 -6.490328 -0.407587 -1.784542
 -2.133829 -5.939007 -0.667421  1.130972 -2.074874  2.464165  9.852502
  1.266846  9.224670  2.489870 -5.272710  9.204129 -1.554939 -5.453217
  9.045379  4.331004 -7.774627 -5.365480  2.272905  6.720032 -9.709964
 -7.333285 -5.744874 -8.585760 -0.137217  2.479920 -2.502504  3.085046
 -7.052886 -5.023805  0.101286 -0.712648 -2.906482 -5.333842 -2.116781
  7.694142 -7.830729 -5.712507 -4.391733 -4.972586 -9.152230 -0.267441
 -7.813173 -8.068294  0.196013  3.620522 -7.964744 -0.856726  8.940520
  0.051659 -6.768277  6.621897 -8.242871 -9.716928 -1.971611 -0.882447
  6.996218  3.306706 -2.128998  9.467489 -9.015361 -9.820088 -5.894894
 -3.795898 -2.069010  3.612225  1.651731  4.480265 -0.192614  3.721331
  5.449260 -9.722540 -5.028690  8.646514  7.715810  9.956214  8.830985
  1.297730  7.832852 -1.230834  1.539413 -6.753081  8.453820 -9.606689
  8.155170  6.618925 -5.712650  2.378426  8.587538 -8.694444 -7.190425
 -7.760136  6.250649  1.829786 -5.839733 -7.280232 -2.289471 -4.019138
 -8.151414  3.911868  6.307800  0.311577  9.684255 -4.178580  8.319220
 -4.716783 -6.790835  0.885125  7.367691  3.008638 -6.979275  9.434527
  2.193089 -3.121285 -5.249370 -0.924516 -9.062785  2.505772  5.318930
 -2.946167 -6.312949 -8.163510 -3.770789 -7.973690  5.958476 -2.496632
 -3.594621  5.677755  1.032682  5.457910  2.623780  9.423043  8.159159
 -0.149769 -4.210457  0.240045 -9.995870 -8.153753  7.599116  5.150054
  0.162782 -6.099910  2.525568  7.575563  3.616745 -7.412907 -1.905472
  5.753125  1.297284 -7.225789  0.236299 -7.208552 -0.548322  5.593108
 -2.253270 -1.238567 -1.243548 -0.035078  1.381972 -2.676786 -3.099077
 -0.681085  4.845264  6.762822  0.158906  6.082593  5.878482 -1.816620
  4.326535  2.177056  2.389139 -4.354210  1.386195 -8.342515  2.474457
 -2.189696  5.120677  4.656316 -8.200773 -0.779141  5.086673  0.663027
 -8.375973 -6.993491 -5.659734 -8.395287  7.346037 -1.241938  8.794643
 -8.377784  7.100985  8.748370 -0.347915  4.216185  9.673775 -2.179235
  0.524032  4.510324  7.698422  0.456054  7.749093  5.983628 -7.385426
 -7.129904  8.699471 -5.904790  9.677678  1.964320  2.171583  4.507094
  7.937566 -0.416601 -5.057380 -9.354270  8.848683  8.998852  0.735916
 -3.039715 -3.045448  7.653262 -0.347262  2.827457 -0.493425  9.096096
 -9.751575  0.081562  1.301188  6.213423  2.680447 -5.287057 -0.543068
  6.165968 -8.002767  8.182703 -4.107306  2.247820  1.782648  4.227983
  7.151595 -3.388642  6.269449 -8.340513 -6.751351  0.912564 -1.613344
  9.879506 -6.244106  3.216385  4.936986  3.172142  3.650297 -2.886420
 -6.442411 -9.115982  3.398176 -0.309604 -0.530968 -7.007388  7.467717
  1.876807 -5.041165  4.266765  5.700380  3.787020  3.745661  0.137192
  6.391613 -0.931118 -7.068032 -6.197920  6.652758  0.476583  3.847589
 -5.112116 -9.951167 -7.123819 -2.025767 -6.626322 -9.024717  1.567176
  0.805646  4.362375 -6.159759 -1.526586 -2.461897 -6.642543  1.786516
  8.765507 -1.179063 -5.396106  1.549044  6.626497  9.242068  3.497052
  5.475735  0.552998 -7.139915 -0.081470  2.858977 -6.035604  1.957148
  2.545698  4.235445 -9.665783  7.640676  0.095723  6.329087 -0.733382
  0.073670  1.277839  8.776974 -2.039542  1.239957 -1.448813 -4.114861
  9.140319 -4.482326 -0.907775  9.998767  5.349023  1.236485  3.252913
  0.579968 -7.761359 -2.190182  3.772151 -8.928345 -3.568854  7.321471
 -7.405814 -9.367031 -6.296420  9.355372  8.372147  5.222291 -4.870652
  3.872385 -4.369756  6.482251  7.093750  5.536821 -7.209323  8.221728
 -8.505040 -4.562901  6.562871 -1.443928 -0.336693 -5.946379  2.498800
 -9.266708  7.182614  2.364276  0.972456 -1.642719  8.190379 -4.625519
 -4.078379 -6.515394  6.090736  4.894800 -8.759728  2.733175 -8.015887
  0.762863  0.662042  2.401410  4.654007 -6.436226 -5.150995 -7.412752
  2.386664 -5.913471  2.109991  3.644953 -0.916039  6.643178 -9.349258
  8.040984  7.755629 -2.879522  5.165016  6.934070 -9.383652 -1.319018
 -6.892468 -6.115974  1.759050 -3.386595  4.983484  1.552291  0.638933
  9.199753  4.410105  2.218210  9.599248  9.780776  7.126305  5.886955
  3.570976  3.996043  8.050145 -8.191358  1.456998  0.378399  3.317607
  0.993088  0.728686 -4.609116 -7.347846  6.910397 -3.497340  9.618938
  1.831523  9.671031 -9.301643  2.026101 -7.549760  0.132021  3.215767
  9.908577  6.588843 -6.151303 -7.097741 -8.561866  2.063733 -1.177252
  5.916307 -0.851039  9.952881  2.358529 -6.126010  7.664151  0.462997
 -5.517866  0.935123  4.694122 -8.188598 -9.285707  3.537181 -4.557619
  8.916800 -6.566967 -3.914945  4.461181  5.750032 -4.046928  0.785918
  3.103290 -9.840473  8.831507 -8.117632  3.967568 -4.795287  4.621377
 -7.433209 -1.249066  0.548354  8.248022 -9.343497  8.044491 -2.050939
 -3.091960 -2.311453 -5.929802  1.426090  7.762841 -4.183371  7.108892
  6.131951  6.281110  7.945881 -1.647845  4.687568 -7.402149 -2.154924
 -5.157921 -9.531490 -7.017613 -2.466039 -8.166052  7.962701  4.848951
 -1.520704  2.188518 -4.638537 -9.829176 -4.903777  0.830655 -7.609323
  5.555934 -9.354315 -6.110638  9.963059 -9.623091 -2.195763 -5.096888
 -0.752218  4.921504  3.426737 -3.423890  4.467063  1.091164 -2.278041
  7.384247  6.039080 -5.271058  5.095342 -2.413076 -9.021868 -9.127901
 -4.612960 -4.654115 -6.305037 -9.728839 -6.356958  3.376276  6.944774
 -7.181603  7.799905 -4.962185  3.207730  1.893479 -6.032900 -9.324664
 -4.195528 -8.875161  5.452023  3.235004 -0.968796  4.048003 -2.065994
 -3.984513 -7.188889 -7.416539 -4.031140  2.054307 -5.604321 -2.933104
  5.819060 -7.883337  1.330725 -2.416486  2.834440  6.495682  7.792102
 -3.560134 -2.320063  7.807799 -1.970839  0.998598 -8.791022 -4.324493
 -2.808150 -9.759123  9.903318 -3.654323  1.588035  9.588769 -3.254934
  2.203290  9.617913 -3.543986 -5.884849 -2.641300  6.828143 -8.918500
  8.599058  7.767784 -2.798112 -9.995159  9.957393 -3.639683 -5.346336
  3.346879 -5.387384 -1.435206 -3.546987 -2.546696  2.279374 -8.662942
 -5.009759 -3.780640 -4.836979  5.294208  1.969735  4.191094 -8.461282
  3.709932 -1.153864 -1.807685  3.398216 -2.975422  5.894931 -0.851750
  5.896505 -7.761079 -8.443048  8.532741  6.818902 -8.501186 -4.921578
 -0.944361  0.133818  1.039560  5.506962 -0.447278 -1.197287  9.799874
 -8.397162 -6.071049  2.916753 -8.479926  3.527225 -1.018415  9.164228
  1.567014 -9.399613  5.139658  5.394720  3.139047 -7.842903  2.334089
  3.691662 -2.493351  0.183800 -4.035350  0.077871 -0.459077 -7.161052
 -8.936325 -1.999251 -7.379161  4.819229  4.296608  4.166042 -1.818192
  7.424932  1.198998  4.578861  3.969117  6.708512 -4.517474  7.929139
  5.113327  3.513731 -2.798598  9.894104 -2.219337  7.078763  9.502079
 -0.231202  2.911777  4.450877 -8.922771  9.292514  2.186361  1.242295
  8.319591  6.201610 -5.811229  5.286466 -8.150580 -1.059672 -7.612394
  8.634268  9.374711  1.513878 -7.773100  8.583801  3.740159  5.155088
 -8.735731 -9.954029 -9.513835 -1.017211 -3.629427  3.953730  2.741190
 -4.761344 -5.662990 -2.381493  3.375225  2.086410  4.928565  4.379414
 -4.936517  6.229387  4.926971 -9.360623  8.564472 -2.291301 -5.595405
 -8.825870  7.647659 -2.484090  3.156739 -4.687720 -6.799523  8.077297
  3.036184  1.324134 -3.682847 -6.466587 -9.782774 -6.054953 -1.703893
  5.208856 -3.809223 -4.856175  7.545763 -6.004989 -3.802515 -0.224194
 -3.606449 -7.474746 -4.481682 -2.524301 -5.342986 -5.931149  4.428601
 -4.570995  8.574761 -5.224597  4.088436  3.450699 -2.310052 -4.187386
 -1.835855  4.484905  8.137502  3.674149 -9.451111 -4.910352  1.547760
  3.636921 -0.416510  2.137059 -5.383541  9.821183  4.172945 -4.640489
 -6.917242  2.779413 -7.289284 -2.363893 -8.216585  5.065457 -0.327088
 -1.712268 -1.952479 -6.512666  6.887271  5.324937 -6.114266  7.498889
 -4.950568 -0.405882  6.062455  0.296340 -7.139333  5.023950 -5.870013
 -7.573955 -4.384264 -3.136251  8.467061 -0.123090  9.304846  8.368568
 -9.510063  7.725290 -9.023546  0.579779  8.373167  7.783603  3.260742
 -7.163430 -0.106801 -9.676916  0.209943  8.596019  9.228316  4.699254
 -8.780195 -2.396636 -1.728141  2.184924 -0.991963 -0.345256  6.756791
  3.834472  2.224828 -1.971983 -6.562701 -9.596830 -8.147925  9.752635
 -2.189821  5.332275  6.462325  3.211876 -4.862085  9.306621 -2.935535
  6.366947  3.946289 -5.404421 -9.604092  9.989834  6.526977 -6.916534
 -6.331024  5.461126 -2.380556 -0.386219 -0.509446  5.454848  9.097914
 -8.284712 -5.754329 -6.340972  0.063230  6.109250  8.878975  9.020781
  7.975769  1.315280 -2.958866 -9.437292  5.356448 -0.123999  5.818426
 -9.666752 -8.943456  3.460502 -5.127375 -5.007359  3.108449  8.556377
  7.808998 -7.169199 -0.192600  9.206627 -8.886379  2.905927 -4.922941
  7.374818  9.112076  4.669473  0.565518 -8.338910  4.829656  1.259484
  8.321475  6.486325  0.254526 -2.165630 -5.208455 -0.632275 -2.845271
  6.240641 -3.953801  9.527033  2.288861 -1.065955 -4.597582  4.886509
 -2.678053  1.365208 -4.644008  5.420438  8.222835 -4.024026 -7.848210
  0.451877  1.300848 -8.407504 -6.998087  9.924570 -0.658022 -7.546215
  3.872467  9.386154 -1.186531 -2.164888  7.952419  0.995508 -7.235447
  7.068108 -9.492687 -0.381726  2.513563 -9.834264  6.634407 -5.679197
 -7.704727  4.431089 -6.692082  0.077993 -3.957192 -9.728123 -7.789301
 -0.275728 -7.223931  0.508405 -7.111131 -2.376481 -7.296558 -5.973725
 -0.803836  0.595694  8.290553 -7.636420  9.871537 -8.547415  3.505089
 -3.777448  1.271648  7.360297 -8.182455  6.453034 -2.195482 -1.886689
  3.802649 -7.506034  5.560673  8.881262 -5.279339  3.125355  2.002492
  3.424420  3.363063 -8.576837 -1.905857  4.540206 -8.939973  1.107785
 -2.556181 -9.849425  8.523680  0.384746  4.632723  7.417971 -4.096970
  6.369775  3.082065  4.327366  4.966972 -0.988598  3.913358  7.945437
 -5.507888  5.898214 -5.410624  4.941270 -0.342279  2.384308  8.265541
 -7.034728 -7.379211  4.105061 -4.165987  0.999946 -1.630523  9.207452
  6.447871 -8.968410  3.418119 -4.508366  9.459838  3.928602  6.934087
 -5.939078  6.907384 -4.901076 -1.023012  7.849852 -6.387369  8.410318
  1.750086 -2.466699 -7.059738  0.064886  4.051046 -0.242280  8.041200
 -6.215777 -0.176431  7.782946 -5.907158  6.803876 -9.528203 -7.477262
  3.442126 -4.705624 -5.414909 -3.032300  6.240992  4.736263 -3.455600
 -0.346311  0.125271  6.592714 -5.050772  3.796794 -8.809345 -5.554767
 -4.369389 -2.007759  5.666683  4.291867 -5.570340  1.316673  9.210498
  0.832156  4.313299 -6.824271  7.520592  1.717202  2.360260 -2.862617
 -6.872022 -1.264348  9.728794 -9.456854 -5.293225  3.862330  2.490453
 -1.546257  8.785096  5.005281  8.581328  0.510956  5.186653 -8.950100
 -1.216010 -0.803683  2.820293  0.788150  7.561629  0.954437  4.918138
 -5.937741 -3.457158  0.412166  4.076094 -5.627686  4.683944  1.133872
  8.238567 -2.955217 -8.277103  6.202316  0.257386 -2.911528 -9.179342
  1.052880  3.294913 -6.105341 -3.357973 -7.404418 -5.256712 -6.952904
  0.043843 -6.736182  2.731856  1.337927 -6.166602  3.876599 -4.885591
  0.618686  8.420738  3.680543 -3.320570  8.992554 -5.881000 -4.928241
 -3.556698  9.464755 -1.174602 -0.245600  9.528702 -8.303914  8.121121
 -2.370920  3.943234 -4.718522  0.143054  0.264819  4.517822 -8.477215
  9.728241 -7.689635 -3.030794  6.688904 -5.079674 -2.055316 -0.312053
  2.292834 -3.415738  4.115050 -7.664328 -6.564734 -9.515452  6.440998
 -7.186965  4.533139  8.037092 -8.363706 -3.931692 -5.159820  6.476606
 -3.648613  7.666397 -3.518346 -1.736344 -0.939772 -2.750680 -4.575043
 -1.837508 -2.113789  1.066197 -9.396338  9.776523 -2.874041 -9.645167
 -0.112106  5.665192 -9.452540  3.800906  7.033545  9.017927  5.180877
  2.908960 -0.998254  6.934242  8.626933  0.073017 -6.532111  3.932944
 -1.037228  3.573943 -5.148427 -6.199077 -4.803470 -8.370250 -7.864359
  2.654583 -8.416230  4.426898  6.666905 -3.842019 -6.492507 -0.677568
 -5.911008  4.368337 -5.963386 -2.747131  2.595871 -6.836301  9.785431
 -9.133909  3.996092  1.835882  5.287010  3.971545  2.363120  6.231213
 -4.376855  9.323154 -4.804563 -3.896196 -1.019618 -0.373845  7.523213
  9.574798 -9.514654 -1.368948 -1.971922 -8.967107  0.151375 -6.071499
 -4.411819 -2.747971 -1.202631 -1.208357 -1.361951 -4.960374  6.735590
 -7.460822 -7.785080 -6.577193 -0.798278  0.773999 -7.454974 -0.656135
  5.181264  1.764994 -5.352101  0.319577  4.069189 -3.366320  0.411144
 -3.131233  6.543229 -6.822648  3.670711  6.230060 -4.244244  9.916770
 -9.249344  0.650768  8.139128  9.428812  9.956334  7.791630 -1.205270
  2.986470 -1.410704 -7.059347  5.287233 -8.580370 -1.546286  6.413818
 -0.422237 -8.739357  8.474442 -8.386393  1.902280  4.741120 -2.354439
 -6.591276  1.184601  7.700036 -4.674889  8.806025 -1.191220  7.749254
  4.724307 -3.439613  5.520042  5.337254  2.488563 -0.695662 -8.191118
  0.373768  7.366696  4.399687  9.903214 -5.481361  2.498305  5.451927
  2.055915  1.476098 -8.067810  1.203427  7.027762  3.376329  0.425147
 -0.992144  6.262938  1.873371  7.605607  5.948504  6.803300  6.376131
 -1.913824  1.715881  6.302919 -1.023072 -5.662253 -0.796880 -0.504871
 -3.958235 -6.845044  6.187525  5.196618 -1.759959  6.614661 -3.833374
  2.866601 -1.801299 -6.856536  9.577296  4.677909  0.935844 -4.490464
 -6.358316  6.766475 -9.979776 -1.053218  0.119208  4.597780  8.029281
 -1.666880 -4.904148  9.198840  5.380385  4.255531 -2.415624  9.764122
  1.993339  7.291302  4.895557  0.432094  2.633109 -3.726593 -7.041738
  6.311997 -1.518730  0.692513 -0.284519 -3.218062  1.991666  5.680126
  6.456380 -1.957367 -7.049322 -3.464273 -6.157282 -7.278540 -3.028346
  0.611993 -3.759534 -5.932017  1.145840 -3.837912  4.188756 -6.072551
  4.233207 -7.179648 -5.948824 -8.941519 -3.387924 -8.056059 -0.100776
 -4.534480  6.935894  7.213547 -8.257390 -4.906200  3.444139  9.909673
  5.785600  2.350625 -5.992240 -0.620121 -7.922259  1.090454 -2.363747
 -5.196907  0.734017 -9.973514  4.814836 -3.094584  8.812081 -6.052667
  4.735584  1.372523  7.316904  5.956910 -7.447282  4.579384  9.372015
 -6.954099  3.297000 -2.764321 -1.959067  0.982969  2.816725  0.881708
 -6.918194 -7.400262  5.715540 -3.350257  8.414608 -1.476632  5.035967
 -0.023854 -7.185952 -9.506480  4.453427 -9.175340 -4.112938  5.703450
  8.613595 -4.540976  9.148301 -7.395416 -9.323275 -1.302203  8.769364
 -9.206205  2.422632 -8.127693  5.536556  5.257881  2.178727 -5.205305
  8.098519  4.864354  7.591547  5.385978  1.350880 -7.179361 -0.791616
 -1.811276  2.903034  4.699359 -9.298488  5.351153 -4.927034  9.018451
  2.306803 -1.053734 -2.989327  9.659221 -3.828777  2.632373 -8.614534
 -4.122529  3.104325 -0.614745 -8.532903  5.337945  2.240363 -3.894832
  8.332974  6.396285 -9.975521  0.078936  9.681827  2.691143  6.648038
  2.527460 -9.406284 -4.547353 -4.835688 -8.874068  4.253633  6.667593
  4.715979 -9.154056 -4.439572  3.476747  5.226363 -9.521916 -9.621274
 -9.155407  6.670354 -2.662295  8.296043 -8.861711  3.785620 -5.975102
  3.707537  8.866932  5.796832  9.459899  5.441695 -8.024699 -2.896277
 -0.640028 -0.388980  8.008703 -1.232567 -8.283883 -2.153249 -7.763286
 -1.138150  5.449836 -2.886516 -3.348028 -3.999910 -4.475582 -6.905617
 -9.984577 -7.126353 -9.696061 -5.096878 -7.704183  4.150239 -3.644264
 -2.766877  8.810062 -0.442063  4.025896  8.816371 -1.095673  8.267761
  4.294702 -3.085092 -2.443153 -8.897349  3.698804 -3.709711 -2.746147
 -8.591202 -9.184210  5.726631  5.928477 -6.748192  9.603192 -5.481459
  0.102798  4.033134  3.049942 -7.176364 -9.776758  4.014205 -6.850774
 -3.951331  5.907520 -5.258796  1.562475 -8.506622  9.209073  4.175239
 -4.989114  4.856760 -9.759252 -1.144068  7.347485 -3.273296 -3.429562
 -8.251059 -3.393916  1.033291  8.916790 -1.493481 -4.890113 -0.585843
 -4.242105  6.130182 -6.525591  9.409366 -4.101794 -3.396854  0.153767
  9.442439  2.255089  6.479465  5.072326 -2.752599 -3.798255  5.571781
 -3.940816 -9.425157  2.214622 -6.388777  5.566415 -3.001028  6.287086
 -9.169087  1.517306 -8.524883 -4.454789 -1.418402  6.887832 -8.566656
 -2.882217 -8.608324 -7.435892 -1.665246  9.987929 -9.429633 -4.171549
 -8.155804  2.683945 -1.266010  7.358624 -8.419763 -1.707466  3.308605
 -9.427650  9.702197  5.747478 -0.389280 -1.190566  6.852214  1.799541
  7.008432 -0.674377  4.311800  5.856077 -2.877690  7.736979 -8.625850
 -0.081270  3.820870  6.150431 -1.747156  1.424605 -0.291355  2.855030
 -2.997844  5.209891 -0.164400  1.940911  0.930995  3.524352  2.727866
 -6.625762 -1.213193  0.286624  0.597851 -0.123805  4.441843 -9.714876
 -7.502596  1.832091 -8.745359  9.537918 -6.518366  4.630514 -9.014205
  3.949065  5.030498  4.057451 -4.680484  1.373197 -6.495104 -2.422416
 -5.107363  9.932711  0.043025 -2.033768 -0.886486 -4.073136 -8.809358
 -6.253292 -6.458644 -3.311639 -4.740555  7.353589  4.571788 -0.872698
  7.475004  9.876656 -4.002750  8.660570 -6.913389 -9.520761 -1.756492
  3.596043  3.881346 -9.280652 -7.400901 -6.515609 -0.933071 -1.292937
 -3.319143  7.999174  2.868975  1.391280 -9.116550 -6.636276  7.010853
 -0.315754 -0.068381 -6.228535 -2.397156  1.229912 -3.504565 -2.216415
 -6.556259 -9.828244 -7.898468  9.679459  6.056781 -1.243754 -4.377986
 -9.846918  6.173440 -2.221237  1.947730 -2.815842  0.571508  3.143074
  6.246896 -3.445243  3.991364 -2.797447 -2.931261  4.983514  5.087227
 -3.048775 -6.518227  8.056688  8.929573 -0.118103  5.505772  1.027971
  3.459076  2.804416 -2.206798 -7.097684 -6.757262  4.308100  7.881723
 -5.604688 -8.088851  0.010638 -8.908003  6.276708  8.560712 -3.057466
 -7.078550  8.192939  8.284919  4.289624  2.049095  6.267633  4.625376
  3.240262 -6.637854 -5.896977 -0.484901 -0.078207  6.998648 -1.008077
  7.388959  6.723019 -5.289247 -6.260715 -6.894732  8.596496  6.433035
  5.038251 -8.306195 -0.504933  8.788294  4.333953  7.445404 -0.502845
  8.814086 -7.578109 -0.153829 -9.539088  4.525981 -8.256825 -0.428459
 -7.128017  3.065178 -3.373064 -5.197710  1.948414 -2.974411  5.873732
  5.942613 -8.666847  8.787321  1.748034 -8.760862  3.354282  3.886836
  5.089570 -9.884885 -1.201226  1.143618 -9.988977 -3.787815  7.044708
 -8.496337 -3.901621 -7.440864  9.029421  0.933709  5.346260  5.858980
  6.959789 -7.025053 -7.612012  3.645037  9.864960 -3.981339 -5.574362
 -9.038281  2.345055  6.919418  4.127747 -1.579102 -8.555449 -3.620031
 -2.893012 -6.359808  0.341269 -3.809200  1.236333 -9.138078 -0.804896
 -0.119893 -2.926282  7.281884  8.232968  6.158575  8.608640 -3.401335
 -1.613272  6.841130  3.742652 -5.443674  2.436602  2.600263  2.391419
  0.808406  8.023407  1.944938 -6.907717  1.197313 -4.165451 -4.359868
  8.612993 -5.642070 -0.710250 -8.139000 -6.408905  4.042076 -6.526385
  4.756019 -2.848840  5.947516 -1.668204  9.443476  3.024334  0.965952
  2.563945 -7.011624  8.285996 -7.453800  4.351808  7.764169  2.394567
  8.073610 -0.452212  6.415086  3.216941 -1.563124  3.663762 -5.055384
  7.102106  6.089259  4.778390 -4.035681 -0.003240 -0.259089 -8.695875
  3.736247  0.501414  4.142384 -3.323857 -6.773773  8.120228  0.520245
  2.084957 -3.296246  8.291347  2.881938  6.318296  9.546423 -3.022301
 -4.449330  9.884502 -5.340787  0.327781  6.510679 -3.612794 -9.230405
 -8.750451 -5.450506 -9.202052 -4.458134  4.407984 -3.453402 -6.099235
  8.378646 -5.304269 -9.045606  4.940869  7.361087  1.318801  7.487628
 -1.228083 -2.246697  5.965762  0.496888 -8.784045  5.256267  8.359608
  1.115800 -4.526901  4.034492 -2.094036  8.631763 -9.683552 -9.181600
  3.363642  0.449625  1.142686  4.709081  2.885692  6.766415 -5.981350
  4.894479  2.449216  6.658714  7.977736  9.166687 -9.990263 -6.282132
 -2.267802 -4.243459  4.445914 -1.746097 -8.059328 -1.394638 -7.094090
 -6.234723 -8.042835  7.027447 -1.225171 -4.321505 -4.641789 -4.707391
  6.676719 -5.518988  2.014232 -7.878071  3.111145 -5.205888 -6.917760
 -9.198262 -0.380318  2.001923  0.629204  7.407612  6.394509 -5.786830
  1.370136  1.061178  8.545083 -8.847853 -8.374944  7.139664  8.164144
  8.609696 -6.859304 -1.738738  7.826026 -1.408089 -5.720874 -1.442880
  3.058606 -5.060297  8.553214 -3.090975  1.230148  3.390162  5.042603
  9.061964  5.794494  1.769012  0.621459  7.103567 -4.655890  7.237827
  4.294737 -3.350709 -4.338087 -7.257068  9.818477  4.216491 -5.252626
  5.252219  1.326086  0.648093 -1.463882  6.774416  4.609300 -0.004604
 -5.635354 -2.671280 -2.470303  3.368300 -7.264369 -3.861869 -8.239027
 -6.195702  9.380724 -3.785068  1.263732  3.006483  0.792472 -1.224781
  5.912803 -4.267446  6.816667 -5.453391  3.070102  4.711612  4.424498
 -4.462271 -0.472293  5.533831 -6.292149 -1.027069  2.812539 -9.464282
 -3.511107  6.925785 -8.304832 -2.719926 -5.284819  3.414575 -1.825759
  1.968667  0.457514 -0.503613  8.405481  3.828061 -9.526764  1.079182
  7.052294  2.509433 -2.439760  5.236198  5.785115 -8.020415  4.196491
 -4.295410  0.911005 -3.587443  8.268844  7.317858 -8.824990 -7.651019
  5.480259  6.021749  3.098070 -3.460639  7.904665  6.955238 -4.875998
 -9.232851 -3.888813 -8.388923 -6.463737 -2.583949 -5.220828 -2.140915
 -3.611586 -0.763214  0.587376 -3.301835 -6.926245 -7.166937  6.127630
  4.820623  3.002923 -7.948392 -6.267581  0.630888 -6.515340 -7.798310
  9.641891 -7.182575 -4.740211 -4.999468  1.606111  1.480832 -1.931855
 -5.257619  4.464687 -8.094550  1.155984  0.518787  0.163852  1.979563
  9.199975 -8.929020  3.119041  2.744277 -6.427962  9.197381  3.500983
  7.943326 -4.107032  8.711101 -2.318908 -0.103854  0.148291  5.321307
 -0.107653 -1.109230  5.508318  2.727166  3.590842 -0.787823 -8.430279
  3.932328  1.048595  2.754540  9.671964  4.287915 -3.856617 -7.410353
 -6.748309  1.323870  0.815270  8.174362 -6.971109  6.482600 -1.475026
  7.130500  4.530210 -9.927314 -9.885361  3.684586  0.480408 -1.762814
  9.006535  9.558955  9.084484 -4.984334  0.647800 -2.855757 -2.641279
  6.033064 -6.722042 -3.763166 -0.061619  8.849693  0.576977 -0.089108
  4.127643 -6.627254 -6.471384  0.716121 -0.046313  0.719318 -1.053261
  7.058633 -6.693591  7.334478  8.096275 -2.442715  6.409009 -4.374046
  6.152763 -1.127647  5.687356 -3.249657  7.230913  7.820169  0.266530
 -9.786470  5.440960 -9.644212 -6.272324 -5.980035 -6.328268 -3.825977
 -1.472453  0.194113 -8.680780 -3.821954  1.495454 -3.129169  1.612497
  6.721158  8.187758 -9.194844  3.705095 -6.259862 -1.645473  1.289585
 -9.421208  9.478333 -1.948209 -3.080013 -6.568182  7.618231  1.805723
 -8.354599  1.600104  1.905373 -4.402137 -8.435948 -4.868254 -1.305112
 -9.038366 -2.899502 -3.748511 -9.555467 -5.512868 -4.295470  4.316662
 -4.315861 -8.307363  4.875219 -8.696953  3.339305 -4.070937 -6.549356
  4.720977 -2.908101  0.181565  2.994820 -3.351988  9.885799  6.807939
 -1.480729 -2.377418 -3.699143  2.037395  1.293743  4.270306 -8.566726
 -1.464116 -8.673226 -6.856861 -9.750950 -5.318049  8.584804 -5.860476
  0.755603 -9.774687  9.796293 -8.281171 -9.303321 -8.315982 -3.076359
  0.658047  0.217402 -4.234399  4.148592 -1.533208  8.938219  6.314683
  9.120873  3.998585  8.416285 -5.033601  6.764303  8.749933  5.980929
  3.393815  0.831281 -3.888155 -7.920995  5.021131 -4.440090  3.772037
 -5.855839  9.972854 -1.766689 -5.367474 -7.685153  9.356970 -4.868109
 -5.028760  4.606104 -8.160550  6.975038  0.504944 -5.137127 -7.420126
  2.536457 -6.545332  2.433925  7.663358  7.161624 -3.716277 -3.670444
  5.824781  0.472638  9.839665  0.274049 -2.800307  7.425737  1.870793
 -8.406672  7.493353 -1.690861 -8.595915 -2.921213 -9.786186  7.329135
 -0.637056 -3.669686  5.918153 -3.188757  7.406995 -2.611592 -9.743653
 -7.541589  5.882336  7.221458 -3.750592 -0.802890  3.073757  2.368370
 -4.839405 -7.614371 -6.403887 -7.590146 -8.659270  8.095030  3.841418
 -8.659781 -0.769871  3.604676 -8.479056  3.297981 -5.113163  8.797700
 -6.781995  1.772484  7.501949 -8.418843  2.603177 -3.034462 -3.341003
  0.726201 -2.255714  9.552910  4.385891 -9.827999 -2.604650  6.195094
 -0.094583  1.572926  0.804567  1.946046 -1.765293 -6.395425 -2.154373
 -7.279980 -8.727465 -2.958590 -1.023856  2.526209 -6.681771 -2.176404
  8.353322  8.201385 -4.529036  4.620886 -9.639089  5.386576  8.321004
  0.084803 -7.418289  0.649232 -9.701043  9.456102  6.682029  4.746931
 -8.788029  6.729775  7.781474  6.333993  4.199765  9.352417 -6.900975
 -5.835389 -8.526271  0.432363  4.806945  2.970169  5.219730 -8.141977
  5.034831  0.826824 -8.822851 -2.227606  5.900135 -3.870415 -2.328337
 -2.188773  7.356561 -6.194838  9.932959 -1.426814  7.641360 -4.655128
 -5.281358 -4.202937  5.366149  1.109881 -7.346693  8.542032  7.852092
 -3.465997 -6.759869 -6.139193 -4.711530 -0.140013  9.129583 -4.898147
  8.349340 -8.403548 -7.620860 -9.833993  1.480829  9.494938 -0.808757
  7.636424  9.857151  1.705445 -9.250441 -7.895803 -3.441733 -7.162110
 -9.186305 -3.287378  4.385544 -6.158540 -5.083088  9.235578  4.385445
  3.523939 -4.405414 -8.341498  7.689665  1.711145 -4.411599  7.079224
 -7.992353 -5.653883  4.611031 -2.999126  7.612792 -8.035131 -3.185449
  1.388487 -3.926489 -6.232726 -3.363275  1.417185 -4.108070 -0.037444
 -4.513222 -1.981528 -0.065695  6.358555 -9.839677  8.274862 -1.402498
  6.644318 -2.923699 -2.960259  8.830686 -8.324324  4.870079  8.918721
 -2.343272 -4.168707  6.504119  2.864853  5.714956 -9.793020  6.867412
 -8.416921  7.688370 -2.409842  9.427608  1.579449  3.114691 -6.664999
 -2.833605  5.779747 -9.412219  3.260762 -6.093220  9.730803 -6.856835
  1.913703  3.115844 -5.337672  8.892303 -8.703220  3.898236 -8.263655
 -2.625788 -6.482789 -9.143842  9.679471 -6.226535 -6.283513 -5.436836
  1.277059  0.754815 -4.319823 -7.898953 -4.717009  0.911719 -9.570237
 -0.651673 -6.963055 -0.527747 -5.293634  8.761007  4.663255  1.260100
  4.055457  3.937137  6.422668 -1.070247 -0.348176 -8.641882  5.571027
  7.107138 -8.359757  8.654788  0.090351  9.159380  3.305328  3.280736
  6.149218  7.029005  2.588906  1.813328 -4.577114 -1.223181  5.252363
  1.427903 -4.321720 -7.715901 -4.650968 -2.738219 -7.335499  0.783945
  2.964255 -3.925276  0.996346  9.806682 -1.731848 -7.271426 -3.676983
 -3.007224 -0.774467  8.603573 -7.277437 -4.717789 -8.199414  5.223436
  5.694003  6.426806  3.333378 -6.384154  7.556361  4.753697  3.916334
  2.896955 -5.539941  2.279583  9.856679 -2.254758 -7.958761 -2.610468
  9.116633 -5.311752 -0.282073 -4.747247  8.404186 -2.133330  3.389244
 -0.731319  3.324228  1.324187 -7.803542  0.163537  4.227316  4.091975
 -1.940621  9.488664  9.269565 -5.544659  8.659158  4.251330 -4.238219
  3.562194  0.130120 -1.193795  2.328202 -7.059874 -0.999743 -9.492883
 -9.147098  9.580981  0.410660  5.900877  7.666602  9.633776  5.039560
  3.078149  2.072148  5.809513  9.193407 -6.060035  0.776069  8.946778
  9.882518 -2.283293 -4.461255  5.974937  3.020775  9.826189  4.484893
  8.596077  0.860401  0.633152  3.675022 -0.742212  1.189876 -9.513746
  7.702094 -7.468896 -0.606038 -6.708512  9.100914  9.138479 -9.546874
  8.483204 -6.054331  0.923057 -7.334185  7.976987 -7.004708  6.373234
 -2.586778 -5.909976  4.968951 -1.346090 -0.738556 -0.608467 -7.003861
  5.095066  6.668245 -6.369162 -6.310709  0.950227 -2.034503  2.417620
 -6.029937  7.272448 -8.638747 -4.191703 -1.766698  3.243427  0.843318
  9.589684  3.344952  7.745320 -3.155528  7.621740 -7.025053  7.292029
  6.325899  0.957431  8.975821 -3.613012 -6.165650  5.144995  8.529598
  4.112515  9.661969  6.518595  9.634050  4.956955 -0.080132  9.622213
  0.530480 -5.769120  4.697282 -4.057600  7.131412  0.746900 -5.411603
 -3.200042  6.017527  6.254874 -3.872654  0.292521  5.554302  5.866873
 -0.846612  3.941739 -6.420125 -1.592687 -1.625124 -1.100411  3.524405
 -3.019306  3.210232 -9.557466  2.281980  8.716574  6.407932 -0.952418
 -2.227821 -4.011218 -4.175228  9.111259  3.147741  8.901324 -7.389468
 -7.804975  9.647969  4.596321 -1.022863  2.271723  7.942490 -1.861506
 -2.966699  7.287541  8.703463  4.260250  1.517226  9.805108 -2.119597
  5.659781 -5.203637 -2.257264  9.294276  8.070750  0.247696 -9.504047
 -1.533055  3.945717 -9.093262 -8.855307  9.825418  7.393224  5.927890
 -0.576018 -5.340050 -9.213378 -0.519962  7.333674 -4.176354 -3.073093
 -8.822576 -5.560861 -8.854864  1.527491  5.218082 -7.340650  5.724475
  6.321429  0.040459 -7.517407  1.853849  5.453351 -6.818117  3.290643
  4.916709  8.288881  2.312076  8.479525  5.140032 -0.813403  2.543002
 -5.393157  7.168845  7.581732 -4.695651  5.913976 -3.555746 -4.360415
  6.735626  9.565115  6.501596  8.652649  5.296572  6.312040  9.600701
  9.013145  2.233830 -0.819519 -7.085285  9.185175 -0.374323 -8.684621
 -9.535288  7.452021  1.808167  3.662931  1.231331 -7.130973 -4.372308
 -4.074685 -4.821646 -1.918552  3.758034  2.302090 -6.730902 -0.886768
 -7.424504 -1.614889 -5.658965  9.595417  0.427015  9.322372  3.294306
 -0.186830  7.155937 -2.577049  6.140382  6.635649  4.266203 -5.344091
 -1.829244  1.606855  6.737109  8.960668  5.816780 -8.680745 -2.018304
  0.995977  6.412627  7.364017  5.747149 -6.248275 -7.649776 -4.304255
 -8.082412  2.526227  2.767634  1.363863  3.533058 -5.882952  9.063384
 -6.211427 -3.878794  4.062114  1.577469 -4.883881 -2.298759 -2.131542
 -8.435460  4.134232 -3.268635 -4.973042 -9.961366  1.996892  9.861895
  4.129811 -6.982770 -9.750710  6.377139  9.174463  7.233621  6.364204
 -8.027340 -4.275745  2.308316  0.786156  7.736646  1.943478 -4.009523
  2.484073 -8.578705 -5.100802  7.477009 -7.984198  5.436115 -1.100890
 -7.803894  9.457180  8.090448  6.084810 -5.374540  4.636108  9.126622
 -4.686939  0.363881  3.316120 -1.874416  4.928713 -9.896460  6.842895
 -1.864719  4.441679  4.685339 -4.660116 -8.148310 -1.946891 -6.925423
  4.907697 -7.503981  3.535769  9.407618  2.538561 -8.823947 -9.560469
  5.779288  9.201324 -7.294436 -6.171583 -9.733651 -0.380600 -6.892681
 -7.276522  2.790824 -3.371789  6.962160  8.120128  0.423529 -4.224767
 -9.411088 -8.644109  9.085978  3.337691  6.184390  5.976145  4.809659
 -9.121246 -3.670135 -2.488557  5.578349 -7.034379  0.223520  5.847460
  2.067477 -4.131652  3.262062 -4.253917 -3.428109  9.716663 -7.389955
 -3.389651  8.952518  4.904307  3.434968  7.221630 -7.267829  1.046267
  4.942653 -8.907840  7.734543  3.157681 -8.533574  4.799311 -3.570753
 -6.612957 -0.946474 -5.461045  4.267351  1.375009  0.677193  6.088250
 -5.123638 -9.062800  0.165214  8.137574  4.282387  7.246279  9.025258
  8.153716 -7.201053 -4.825525  7.098916 -3.689791  7.325413  6.512332
  7.957914 -1.650886 -4.331658  5.465739 -4.181435 -1.384186  8.135475
 -5.936039 -9.670095  8.981838 -1.239075  2.681575  4.542227 -0.109745
  0.305862  3.241530  7.770997  6.520086  4.544047  8.005755 -9.761162
 -2.615027  4.314826  0.199832  2.896301  4.949036 -1.565705 -4.073634
 -6.604686  0.595545 -6.242260  1.347700 -0.526289 -9.611717 -6.391070
 -3.085375 -0.014254 -2.046552  3.525098 -3.275207  8.139495  3.660592
  2.060357  2.068703 -6.675332  3.095584 -0.033530  2.315484  1.968251
  5.398386 -8.209560 -1.014224 -9.900869 -9.169029 -9.488786  8.767690
 -8.942012  2.410160  9.569832  0.674508 -4.655127 -3.199254  3.694123
  2.998957  9.780341  1.717776 -1.148452 -3.573945 -9.196681 -4.759382
  4.346464 -6.194325  5.980354  5.764439  4.782378  9.365895 -0.520730
  3.607306  3.118385 -4.931225 -0.214708  0.380386  4.827314 -2.283205
  3.720060  9.292940 -5.091776  1.214293 -8.716544 -8.671712  2.491681
 -1.465478  8.705267  4.779698  1.694960  4.685655 -2.927712  0.324415
  5.117056  1.970792  2.641163  1.642595 -1.180360 -4.767517 -7.591757
 -7.153242  8.873608  2.438362 -9.367474 -9.886814 -2.932420  7.557968
 -5.308702  2.648032 -6.305796 -4.348631 -2.319095  6.222061  6.390252
  6.238322  9.676192  9.045454 -3.079393  4.137818 -3.712486 -3.458021
 -0.204599  7.025453  7.696286  4.641696  5.973181 -0.493606 -1.670636
 -2.311673  5.064590 -0.450967 -4.795509  3.986846 -8.983201  2.683545
  1.237895  0.138625 -7.828224 -6.479240  8.215878  4.117180 -2.758009
  5.104772 -9.515330 -1.728148 -5.620080 -0.906225  5.694093 -7.455259
 -5.689837 -0.020402  0.752504 -5.103211 -5.367727 -9.895792 -8.077112
 -3.876496 -6.378459  2.951992 -7.265454 -1.721941 -4.416109  9.556079
  7.811947  8.358383  4.644613  5.411158 -1.583342  6.347001  6.182620
 -2.593227 -5.521781  0.686983 -4.560054  9.870421  5.967864 -6.932224
 -1.873670  3.432564  2.167009  3.745762  2.676241  5.382855  8.186494
 -1.147690 -9.694741  3.880556  4.190001  9.673957  9.507462 -5.790990
