1 0 0 0 0 0 1
-8.89508595491 8.72375968149 0.330478460277 0 0 0 1
3.94801120564 1.94706913551 5.99437147333 0 0 0 1
-5.52634627222 -1.79792657592 8.11820001961 0 0 0 1
9.90293066463 -3.59646464981 5.5525472076 0 0 0 1
3.21655914202 6.63970489937 9.6650783156 0 0 0 1
8.66270718918 -9.2121810586 -9.61447269802 0 0 0 1
-3.20358542304 -0.516559507233 0.805648634763 0 0 0 1
2.47558594751 -3.4585547454 -4.98071099223 0 0 0 1
-8.36120904065 3.58864538613 1.10998499895 0 0 0 1
8.41821361694 -6.01948540607 1.91177503967 0 0 0 1
-2.09590940068 8.48046247842 6.2059535334 0 0 0 1
3.61028571697 4.99611201345 -1.18483607469 0 0 0 1
-8.80204308182 3.05156551858 -3.79452344445 0 0 0 1
2.90251501212 0.393096745066 -7.64674376965 0 0 0 1
4.98244669139 -1.33415552897 -5.95879477545 0 0 0 1
2.66463451989 -2.74977190971 -0.297513659153 0 0 0 1
5.1790983122 0.87784317005 0.781883641268 0 0 0 1
1.03143423304 6.95150572663 3.53064529423 0 0 0 1
-6.34666052216 6.23816124197 8.36093716501 0 0 0 1
8.72827852544 1.36955937765 6.00162107391 0 0 0 1
7.83230408622 5.45723880655 4.98022639582 0 0 0 1
-1.32355810272 -1.00294258218 7.82714463969 0 0 0 1
0.876715274973 -2.45984477006 -6.0967472054 0 0 0 1
0.238103833513 6.00152974197 9.91467820397 0 0 0 1
1.09916142862 2.21500012672 -0.448843463453 0 0 0 1
-2.86544495684 6.53643061212 2.82261058406 0 0 0 1
-6.80752599922 -4.54984468185 -6.95672314109 0 0 0 1
1.23842989902 -9.193775813 -8.71194831793 0 0 0 1
-6.61691314095 7.98569180089 6.1840454798 0 0 0 1
9.95512824399 -8.97905644256 -5.81581502625 0 0 0 1
0.911368490718 0.529881453306 3.21992813454 0 0 0 1
-0.317940147053 -8.6985160245 -9.99111986946 0 0 0 1
8.09508333994 -2.1039712965 -1.7422199119 0 0 0 1
-0.546724281167 8.33477170098 -9.63871969907 0 0 0 1
-0.627092383045 7.8258902098 -8.63380571501 0 0 0 1
0.978347265278 0.491765645716 -0.791394452666 0 0 0 1
-4.68563012734 -0.0783197771637 3.44304737582 0 0 0 1
-9.53681113362 -3.74590704349 9.34565057263 0 0 0 1
-9.65373962345 -1.60587295732 7.61370530163 0 0 0 1
-2.67413781322 4.36707722554 9.87783679829 0 0 0 1
2.11768465979 -1.58761963888 -8.12620709475 0 0 0 1
7.88558376244 -2.63641579836 -3.59188825621 0 0 0 1
-1.36663683294 -1.94758754247 -4.32579902492 0 0 0 1
-3.54444447108 6.54803301737 9.84016001502 0 0 0 1
-2.52938105537 -4.82394013621 4.73772212558 0 0 0 1
-0.71354137821 -6.95835192535 2.33466207952 0 0 0 1
-8.31767332211 3.90182746556 -0.225443628376 0 0 0 1
8.7312865823 1.82203355577 6.29636107714 0 0 0 1
9.99421639252 1.60753255945 -3.52255296464 0 0 0 1
-6.79671252916 -7.6362828754 -3.12340873757 0 0 0 1
3.26321213509 -5.62818832754 7.22982213359 0 0 0 1
1.21709261232 -6.50881277552 7.97329068762 0 0 0 1
9.93325914356 -9.96996896507 -1.99513752025 0 0 0 1
7.9924872589 -5.98992529417 1.09513857575 0 0 0 1
-3.26924857624 -9.43721698596 -7.52793705421 0 0 0 1
-5.19093452024 2.23760548089 -9.20579421497 0 0 0 1
9.82337200944 0.647965646949 4.94150732235 0 0 0 1
5.71297061254 3.14484825718 -3.21527630153 0 0 0 1
-3.12449804676 -7.32415627775 9.68145105174 0 0 0 1
2.20964255184 6.54593268199 4.45740116533 0 0 0 1
-3.05021163245 9.2580337794 7.49499434213 0 0 0 1
-9.02373334749 -0.933567763445 -0.0318527783657 0 0 0 1
-3.7723022751 -4.66163904343 -3.09257469603 0 0 0 1
-7.98319375362 6.34525176251 -7.49900550559 0 0 0 1
-6.69756226312 8.22201528443 -1.06263485265 0 0 0 1
1.40304269114 -4.13731219558 2.94104871595 0 0 0 1
9.4178241245 -4.5114482334 -4.94061251353 0 0 0 1
-1.31011386684 5.16099873392 8.88151963889 0 0 0 1
0.138988734305 -7.53304754635 -9.46482572044 0 0 0 1
8.0766117581 -5.78888541409 7.07950834401 0 0 0 1
-6.27953887442 -8.3461161476 7.31001991421 0 0 0 1
-4.1424135864 0.124553640387 9.46387234944 0 0 0 1
-3.33460924556 -1.64660195878 -9.22798500597 0 0 0 1
5.69866240847 0.240555834416 8.02897452233 0 0 0 1
5.7422827094 -5.55601069887 -6.03074799996 0 0 0 1
5.23525158455 -1.56515639471 9.77593279582 0 0 0 1
-0.898677383182 -7.24001006077 5.1941274483 0 0 0 1
1.06750328164 4.54880476131 2.42649411777 0 0 0 1
4.86747202089 -7.35136880502 0.304018058004 0 0 0 1
-1.13890546681 1.87255915673 4.54539196052 0 0 0 1
6.47253296708 9.20332981999 -5.72886301703 0 0 0 1
5.13438106304 9.99857179831 -9.03395648745 0 0 0 1
-9.54431068996 -4.047268773 -1.98831294548 0 0 0 1
3.00533856829 8.89365616907 2.55641304371 0 0 0 1
-9.43379387923 3.88517295682 -4.89340022887 0 0 0 1
1.23958974581 2.21727820214 -1.26891934709 0 0 0 1
-8.90293763278 6.94317766063 -8.50401764508 0 0 0 1
-2.55049144301 6.19992917902 4.16988858886 0 0 0 1
-4.68551920994 -2.96559558781 9.39697817505 0 0 0 1
-1.67897721566 -3.84714799959 3.65681767521 0 0 0 1
-1.97046481763 -4.22551495371 3.01466219908 0 0 0 1
-4.57386782775 -1.61037427286 -7.86983409455 0 0 0 1
4.43414403226 2.79980069532 -0.290929039124 0 0 0 1
-8.19654910673 4.46910351867 1.48714821334 0 0 0 1
-0.633260763434 -7.30257608665 -3.15066767129 0 0 0 1
7.78349327282 -1.32130704197 -1.46357502437 0 0 0 1
-0.491038407509 -7.12325007303 -9.88120263318 0 0 0 1
-9.72382777057 -4.04335649009 7.69607411081 0 0 0 1
-7.89238570961 -3.09598039593 -4.70937857638 0 0 0 1
7.61141175566 9.87330818629 6.34147491764 0 0 0 1
-3.68982316642 -2.85797151344 7.8874085806 0 0 0 1
3.03626771112 -0.955411967273 8.03808938656 0 0 0 1
-1.10278281942 -8.62161359332 2.364101765 0 0 0 1
-9.55676354452 4.49013865638 7.9311475452 0 0 0 1
-8.73232065171 4.30234109222 8.52843381308 0 0 0 1
-6.94214049737 -0.985560742016 9.33384575406 0 0 0 1
6.48432123756 -3.68560916929 -1.00151663521 0 0 0 1
6.4469055295 4.68492739429 6.85253506735 0 0 0 1
2.09853415182 1.95196591424 -3.65338883756 0 0 0 1
4.72671281038 -4.74286069529 -9.47977241184 0 0 0 1
-2.2431899888 -0.372105099397 3.7330818171 0 0 0 1
-4.9965882659 -3.0202459508 -4.87479419624 0 0 0 1
-0.409458898672 -8.08665041917 8.02517572103 0 0 0 1
4.11369894137 -1.86981016225 9.03456260042 0 0 0 1
4.04311902779 -4.61841072122 4.59049721819 0 0 0 1
0.297712232061 -9.66145833031 -8.47664098496 0 0 0 1
8.62078250569 4.57309220605 -3.88601002871 0 0 0 1
0.496864161341 3.15361102072 8.76755177537 0 0 0 1
-6.64575715385 -0.30011928393 2.05549939537 0 0 0 1
-6.3108538165 7.1551184643 6.52082859291 0 0 0 1
9.7560073357 -3.85198466056 -2.76328609233 0 0 0 1
-1.21307034073 1.04471842138 1.70227141857 0 0 0 1
9.70136464161 -7.76789717084 -2.94153967831 0 0 0 1
-7.72656626062 -7.94576649776 -0.243752191928 0 0 0 1
4.46512801099 6.59103877652 -8.40178722174 0 0 0 1
-9.16548265488 -4.52628555451 -5.92610595709 0 0 0 1
-7.05484469567 -1.5664722197 3.40195282246 0 0 0 1
