1 0 0 0 0 0 1
0.514311549647 -4.05009104159 -2.05288724789 0 0 0 1
0.481757194631 -9.19307833216 -5.44019021141 0 0 0 1
-2.66650520244 -3.92933829802 -7.1786020153 0 0 0 1
3.35555310804 -1.99403927755 4.72092024021 0 0 0 1
-3.82764524105 -6.18010845595 -0.29852817737 0 0 0 1
4.92842505736 -9.36502334645 6.67613385779 0 0 0 1
-5.8685255018 -4.56870878257 -0.703031801284 0 0 0 1
-3.40486024927 -7.6284319117 7.21694162235 0 0 0 1
3.7390776504 -4.27215412365 -9.03771747818 0 0 0 1
-6.91215960348 -9.52708878775 -4.12215271976 0 0 0 1
3.03210242407 7.40444021717 3.21579496332 0 0 0 1
2.53200889565 3.19519963642 5.03044653177 0 0 0 1
-8.9288821545 -1.89240129392 3.09243330446 0 0 0 1
-4.39631262958 -7.01051553344 3.39386892616 0 0 0 1
-8.34480470295 -1.54544453741 -5.70816278168 0 0 0 1
-6.11732012817 -3.79971741703 -5.18869314115 0 0 0 1
-7.87478888366 3.52094379241 -9.68225801027 0 0 0 1
1.96507789045 -9.56510090394 2.15723848083 0 0 0 1
0.115481101777 1.44768140067 -8.44878521135 0 0 0 1
-0.661078447802 -4.3008024053 9.06286723539 0 0 0 1
-0.92505854504 -1.00072349546 6.58966260717 0 0 0 1
-1.8246539411 -0.776238007232 -9.28173837549 0 0 0 1
-8.39644796097 3.14499973674 -3.32305279334 0 0 0 1
-6.58534594374 -7.37819013078 9.85532705842 0 0 0 1
-4.11649439121 0.103402110161 -3.96991055853 0 0 0 1
-8.61756803113 1.18456782088 6.15672668925 0 0 0 1
-3.33181428123 -0.880554204015 -0.557510172183 0 0 0 1
-7.64524811201 -3.65093749965 -7.79752991949 0 0 0 1
5.28042612832 2.61450360152 2.78855967426 0 0 0 1
-7.21632219052 1.9851074779 1.92497090507 0 0 0 1
-7.9102660447 1.08502138455 1.93158023635 0 0 0 1
4.52385903954 -0.71965897756 2.41900834237 0 0 0 1
9.31448091351 8.03845427125 -7.98698650411 0 0 0 1
-0.548568408988 -7.13514397022 1.51206625252 0 0 0 1
-4.85209652484 2.49245880044 5.14261351231 0 0 0 1
-4.66870297793 -1.53359514148 0.807295780323 0 0 0 1
3.52216147715 3.69020454013 -7.24615502072 0 0 0 1
-1.23244148547 2.31850318514 3.11486771275 0 0 0 1
-5.35388873921 -0.209143135969 7.42207100585 0 0 0 1
-7.65691168388 -8.31363556342 3.80059980616 0 0 0 1
-9.9615210819 -4.77127906972 -1.84881836059 0 0 0 1
9.72268871637 -3.29546586094 6.32060188989 0 0 0 1
4.63345584646 1.40885691777 -2.72032822293 0 0 0 1
1.52619228078 -9.64506262085 -4.59452933342 0 0 0 1
-0.156682824782 6.94282810268 8.37937722536 0 0 0 1
6.01038510201 -5.64656938487 -9.00569437558 0 0 0 1
0.894902622572 7.74425328641 -2.70620655938 0 0 0 1
-7.29401597272 -7.04638930328 5.97993057304 0 0 0 1
2.45112188282 8.57949356722 6.716470743 0 0 0 1
-9.44651050483 1.2068855358 -3.17698056996 0 0 0 1
9.41311135327 -0.596422467709 9.61936789766 0 0 0 1
3.09986347801 -1.8249748935 -3.0072659025 0 0 0 1
-7.30468250906 8.66391705795 3.6618641677 0 0 0 1
2.95623982604 5.67127861436 4.02080145401 0 0 0 1
4.15192835025 5.31455482368 2.7880241041 0 0 0 1
-0.463185042083 8.4260384001 -6.24519466314 0 0 0 1
-6.94608349223 -5.01535461912 -4.86076713786 0 0 0 1
-3.94886581697 6.34409917802 0.554757272883 0 0 0 1
6.42037172843 -3.3985204271 4.5057360305 0 0 0 1
1.26365482146 3.43530403693 -2.25035788688 0 0 0 1
-9.4499456308 7.34059907455 -4.13392236347 0 0 0 1
7.11020466018 5.30652956723 8.40330880378 0 0 0 1
0.475984412855 9.50091113621 -0.375995571854 0 0 0 1
