32
1.50454752889
9.24748492316
1.24549873122
-5.86173148276
-9.53545996364
-0.231269083489
3.37637378832
1.77697064495
-3.52867609866
7.05487940472
-9.42915411317
5.25902965553
-4.6738702555
-3.75281761432
4.6335699475
5.35411383274
-9.52220987037
-6.19817539529
-2.88451813877
-8.78030373408
-5.52367303654
-4.93878081221
7.67078054498
-7.45305962135
7.48595745879
1.62818620393
-5.81370336139
-4.99103107721
6.8166852608
-1.52290752113
-0.508874505226
0.865321747017
-4.30334320097
-6.32048203739
4.36332612722
-9.53909818312
0.498478800732
-1.39097697061
-1.43327676437
0.594247169951
-1.91304306909
6.1326102785
8.40278771935
-1.90970254551
-4.21863253889
7.34455167389
0.894835630834
-0.829499105056
-3.28263144544
-2.42651846884
-2.3496346733
4.02301883567
-7.01701089118
-2.17023581749
-1.17801834382
-2.82777284641
0.0726456849094
-5.33167727303
5.13654882823
-9.77902506824
-2.84125158924
0.604759141746
4.23636526919
3.3383287122
6.26920865846
-7.23873042355
3.37093737483
-2.30680982831
-6.96507402606
-6.35044694692
0.968186648793
-6.78294935734
-1.28157484355
-0.163388304395
-6.6661544769
-2.14614966086
1.41066441504
-7.69403601207
0.972582066548
6.77304714992
-7.74185554156
-0.166708605899
9.24646158698
-3.61698262555
-2.77692594702
-6.32548158175
-3.91528984561
4.04843438925
-2.13708309533
-6.64384820258
-9.42425994764
-9.21375416664
-5.3128704388
-6.45322246326
4.81644803584
-8.01545446725
4.46184284139
-7.70618130147
-0.903692471939
7.01878682179
-1.09525659458
-5.95933608798
4.42253051722
1.02455698245
-4.18675660412
-3.04678176507
0.0372269449902
-3.69870415826
8.24609642812
8.97186766571
-5.57886572008
2.35312567764
-6.53347867447
4.06974962743
-8.88948006764
8.24567296707
-9.64174677752
1.64658751212
4.54864773743
9.04727115882
5.85858707888
6.00702759014
6.44392993656
5.66467369767
6.87678852577
-3.21220849864
1.45010466768
6.9086022626
9.64659083847
-5.53896819275
-6.79402358105
4.74305364331
-0.218532842997
3.72213062817
-5.72657693803
0.984081651365
7.40546017769
5.50988481182
-1.97648924346
1.42036358554
2.44913762972
-0.876068748379
0.583854545587
7.69071880055
-7.10354373893
-5.10833396857
8.26268494719
-9.97300961544
-4.35101511164
-7.65435197253
2.50873093271
5.99134388072
3.90330178528
9.73678286201
-2.39027276125
0.0067128131823
-3.42271898064
-5.81926880102
-8.70022173867
-0.916055553683
-1.65989964101
-5.68257344766
6.53825590937
0.749139706056
-4.32024932288
-3.8459119934
2.48328845279
8.78621737884
-2.6665135576
8.07321898882
1.68362715813
0.697112808551
-5.17730277448
8.82029827052
3.92570916404
7.57895070037
-9.42704140259
-8.15319817469
9.79716641715
-5.71710984232
7.74112279593
7.99762525171
-1.0986923605
3.42193250966
1.62722996122
-5.39547395249
9.02866426649
-2.43885469628
4.71576348916
-8.92867674917
3.98993485758
-0.317898983617
4.83037569894
-1.53695811715
6.99382410662
7.83238532578
-2.14567639598
6.88700690771
-7.12814743792
3.65002246445
6.41869579349
3.92828409047
7.30450677432
9.5062729071
-3.14398380007
-4.72224717738
8.09160747565
3.54053191244
4.6247144765
-6.13322189982
-3.85254668178
-3.57852345088
8.54343977309
9.38049093508
-6.13914257115
5.66962773791
2.82376754042
6.28160783868
8.58341574975
0.0717332005826
3.44798079791
7.61443368044
1.72316662708
-9.54241252816
