16
1.097056166
-2.52699679088
-4.42354378048
9.2970376888
-7.38114903183
5.41412147076
2.34112497583
2.90930104163
5.56553027783
-3.4344669876
2.97376474334
9.58471486886
-9.09065089116
0.796900033903
-7.60957018582
0.758654892756
4.01185460022
3.83275114558
-6.58653774519
1.11799666432
-9.22520871499
-1.30414081914
-2.58268651112
1.05538052371
-8.5528218722
1.13382510994
1.82805937203
9.34099769192
7.36867615124
4.45108533607
7.74921488765
5.71605526767
7.16172844301
-0.408302066965
4.14133795687
1.89649679214
-7.18713117301
-4.00332348732
2.39684738266
0.271305900485
5.58746100589
1.37294364192
-5.41585064976
5.18445993821
8.39362993726
-0.979125073569
-8.90575147158
5.46771291142
1.63854789916
9.93269329662
-7.78835836273
-8.29715017946
-6.32269583291
-9.64573563638
-6.36101212885
5.64013176629
-6.85698330659
1.71745978727
-6.43567550642
4.28330064963
-3.77283220848
7.99984751078
8.25470022857
3.03032312511
6.09690391412
-8.85834772323
8.28518854835
-6.09589065493
-0.545102960529
4.65183497263
-4.39834429273
4.00808706969
-3.61968655044
-3.65882536949
-4.71933203977
8.66115669043
-8.59412927853
5.34497698134
2.77307981819
1.3904184315
1.84736964052
1.50245087111
8.99364666036
-9.13252723748
-4.91059291878
8.04416028961
2.13226750251
-8.68251324932
-7.05407141164
-5.47202324607
-7.57135384037
-5.20463799175
-0.875172935332
-7.46111815541
-7.89792735982
2.74295429255
5.92147331371
-6.59997171332
-3.14662594192
-9.21971741028
2.85042487927
1.15519231071
-6.51526711064
-4.09383502247
9.14196910187
-7.99162605375
9.58331434547
5.80102617103
2.2482235833
7.81970108118
8.96394932704
-4.22918383018
