8
1
0
0
0
0
0
0
-6.28160122963
8.51666899357
1.23931304552
0.544997493889
-4.69059356077
0.979913016573
-2.6526694606
-7.28482650416
4.83626356186
8.50005321565
-0.62711756264
9.41326890316
5.41086944007
-3.23600254559
-2.32970978924
-7.28253916734
-3.3865328049
3.29779477152
-7.68193335694
-3.99627371753
9.17000474509
9.49611615609
-8.39931049396
5.48402843719
-6.4722344492
-9.8940789233
5.95021068417
-2.09809469476
-5.34759328037
3.47031038956
-0.100584066146
0.274778473794
2.05185308431
-6.20704289119
-3.27811098685
8.9452809429
5.50402646128
1.04881241453
1.69383949618
0.115604551148
-7.46376297584
-1.87750933151
7.42646455916
2.7704918255
4.50936651042
-2.40176810306
0.948982789611
5.55108769316
-1.14939556981
