128
1
0
0
0
0
0
0
-8.89508595491
8.72375968149
0.330478460277
-1.89789058447
-5.97333044247
-9.12530043319
2.35585649507
3.94801120564
1.94706913551
5.99437147333
-1.24943918474
9.68714643693
-1.98772285078
-9.51213437238
-5.52634627222
-1.79792657592
8.11820001961
1.76024308775
3.70311841414
-8.28054316422
-1.73566017767
9.90293066463
-3.59646464981
5.5525472076
0.162904079052
9.71625739069
-5.36084571754
-0.277469567346
3.21655914202
6.63970489937
9.6650783156
4.09337397367
7.84870499
-9.19684227348
-2.33528053239
8.66270718918
-9.2121810586
-9.61447269802
-0.885473720518
3.97350259765
-6.6595182723
-9.44705016124
-3.20358542304
-0.516559507233
0.805648634763
8.81870867059
-5.82273280521
9.85274983173
-1.65718511721
2.47558594751
-3.4585547454
-4.98071099223
2.5716276166
8.25847086258
6.22354884986
1.68733181352
-8.36120904065
3.58864538613
1.10998499895
-7.09450665988
-6.10552377053
3.18923583538
-1.17534530174
8.41821361694
-6.01948540607
1.91177503967
2.03782917287
-2.75196946656
-8.96406773899
5.71130054793
-2.09590940068
8.48046247842
6.2059535334
7.04339826498
6.47971301781
3.78124018636
9.43652753211
3.61028571697
4.99611201345
-1.18483607469
1.8226660854
4.76121506866
-2.38421007668
8.4738766874
-8.80204308182
3.05156551858
-3.79452344445
1.2251059317
6.82596959112
-1.55492810568
6.48843082825
2.90251501212
0.393096745066
-7.64674376965
9.36906344189
-1.37312091224
-9.07314652359
-2.81181418064
4.98244669139
-1.33415552897
-5.95879477545
-8.40475641814
3.45677615354
-4.33696454073
-3.91964108193
2.66463451989
-2.74977190971
-0.297513659153
0.756023914792
2.86258080152
0.541401480238
-1.74551190943
5.1790983122
0.87784317005
0.781883641268
6.66442931749
-2.94450230006
-6.47625439616
4.64135375454
1.03143423304
6.95150572663
3.53064529423
-0.409708693534
9.42547422639
4.31128973706
-7.01545866162
-6.34666052216
6.23816124197
8.36093716501
-8.51606818716
4.32958159491
3.974199695
-4.50881100885
8.72827852544
1.36955937765
6.00162107391
3.57493999254
-0.0938097716307
6.17204783777
4.28155139745
7.83230408622
5.45723880655
4.98022639582
2.43636516177
7.84720367746
5.8609466924
9.72048803411
-1.32355810272
-1.00294258218
7.82714463969
-0.991219638945
-2.74650703819
0.920760482601
5.26189033034
0.876715274973
-2.45984477006
-6.0967472054
-4.39550710875
6.80355719445
-4.20078370356
1.74467984553
0.238103833513
6.00152974197
9.91467820397
2.29410400699
0.829068502904
-3.43675129975
-8.62909339008
1.09916142862
2.21500012672
-0.448843463453
7.90828069434
-4.17545403617
-2.74266760507
2.73557742854
-2.86544495684
6.53643061212
2.82261058406
1.50147110535
-7.06835192638
-8.4890836112
9.04185562151
-6.80752599922
-4.54984468185
-6.95672314109
-2.75813895092
-4.40656162921
8.12258272785
0.0745125197438
1.23842989902
-9.193775813
-8.71194831793
2.55510644347
2.5185922462
-8.94300579409
6.0095157094
-6.61691314095
7.98569180089
6.1840454798
1.74731854354
0.517242548819
-1.47984867015
5.61593695593
9.95512824399
-8.97905644256
-5.81581502625
-6.72428502393
3.20734325092
6.00282788064
-0.121208034528
0.911368490718
0.529881453306
3.21992813454
-0.491577016368
-6.96119945096
-3.17699538324
6.6625412483
-0.317940147053
-8.6985160245
-9.99111986946
-8.7856003033
-6.0705240041
7.79020614487
0.485185286424
8.09508333994
-2.1039712965
-1.7422199119
-3.60042412622
1.08895585133
1.25775176473
5.74020736585
-0.546724281167
8.33477170098
-9.63871969907
4.62058341466
4.73288591126
-2.53016024394
-9.98815091873
-0.627092383045
7.8258902098
-8.63380571501
0.709189484068
6.3773878161
-2.85980801687
8.54594310805
0.978347265278
0.491765645716
-0.791394452666
1.35012987898
6.54912274791
-6.93541133427
-5.52794776044
-4.68563012734
-0.0783197771637
3.44304737582
9.58942275273
0.252756876843
-8.65918787808
0.186183336476
-9.53681113362
-3.74590704349
9.34565057263
-8.42546999168
4.71738712043
-3.82902428162
6.25504905473
-9.65373962345
-1.60587295732
7.61370530163
-7.50871991289
-3.46023107418
6.04618499744
-6.40417766202
-2.67413781322
4.36707722554
9.87783679829
7.80985557206
4.04508872302
-0.214871674829
1.75113244337
2.11768465979
-1.58761963888
-8.12620709475
0.850551332613
-8.78636400163
8.96882579171
2.6774443423
7.88558376244
-2.63641579836
-3.59188825621
1.42936292387
-7.35376550386
0.902927163498
-9.11607623067
-1.36663683294
-1.94758754247
-4.32579902492
6.35150178425
-6.08396760436
-8.31224322694
-1.46587164614
-3.54444447108
6.54803301737
9.84016001502
0.13279215332
-8.7047001826
8.15117313124
-2.34935271317
-2.52938105537
-4.82394013621
4.73772212558
3.46631491278
7.13248136217
-9.85521530504
-2.75975346162
-0.71354137821
-6.95835192535
2.33466207952
-0.231220968477
6.22707880242
-7.11356567765
4.8334810027
-8.31767332211
3.90182746556
-0.225443628376
-8.21872556109
6.31067396742
-5.8124321324
-2.50481621965
8.7312865823
1.82203355577
6.29636107714
5.02513941319
-5.78465262657
-7.00586648671
-9.3504160882
9.99421639252
1.60753255945
-3.52255296464
-3.59024661275
8.0128736565
2.04493482349
-1.55016148386
-6.79671252916
-7.6362828754
-3.12340873757
-3.33343432591
8.3635182134
7.27788245967
-6.938793655
3.26321213509
-5.62818832754
7.22982213359
-4.14660099903
-2.51466340807
9.51959865518
-9.53531647895
1.21709261232
-6.50881277552
7.97329068762
-8.68267294839
4.69512236963
6.10242945704
6.68779974193
9.93325914356
-9.96996896507
-1.99513752025
6.99174174665
-2.18700128931
5.55112471143
3.89779283422
7.9924872589
-5.98992529417
1.09513857575
7.05197889255
-2.64888855491
4.99792993776
-1.02744080554
-3.26924857624
-9.43721698596
-7.52793705421
7.78752029279
4.29305231353
-9.47853342076
7.47584126632
-5.19093452024
2.23760548089
-9.20579421497
4.54846315105
-1.29667000608
6.79009665444
-2.98723556711
9.82337200944
0.647965646949
4.94150732235
7.2706595028
-8.78449157827
-0.199527054014
-2.2682479337
5.71297061254
3.14484825718
-3.21527630153
9.49770976249
-2.8467977202
8.69251748823
8.02466602436
-3.12449804676
-7.32415627775
9.68145105174
-1.2450084146
-0.877055960861
-0.226424027944
-0.93298229084
2.20964255184
6.54593268199
4.45740116533
-1.41255807158
8.26732834378
7.96773051628
-2.67493819716
-3.05021163245
9.2580337794
7.49499434213
9.06342971063
-8.44541099007
1.47571861133
1.43142151649
-9.02373334749
-0.933567763445
-0.0318527783657
9.91298204475
0.951274902556
4.66512612103
4.84179752683
-3.7723022751
-4.66163904343
-3.09257469603
4.23928900946
8.90700500893
-3.062111846
-6.69492841048
-7.98319375362
6.34525176251
-7.49900550559
8.18098471685
1.16182288854
9.3523336957
-7.82628986477
-6.69756226312
8.22201528443
-1.06263485265
-0.729975201615
-3.96644415581
-0.65629110709
6.49762990002
1.40304269114
-4.13731219558
2.94104871595
0.691209931622
3.86312247437
9.5732729821
6.33662103161
9.4178241245
-4.5114482334
-4.94061251353
-5.37566529427
8.80472904972
-8.51294149732
4.32083396331
-1.31011386684
5.16099873392
8.88151963889
4.52495131805
-8.36268762152
-5.01963852443
-9.754352292
0.138988734305
-7.53304754635
-9.46482572044
0.350521393519
7.72275331706
-3.8650157249
-8.67032981374
8.0766117581
-5.78888541409
7.07950834401
-5.6720372273
8.04633271783
-8.76000821963
8.02406069593
-6.27953887442
-8.3461161476
7.31001991421
-1.52923174793
7.59499340504
-3.22673455184
7.83814692213
-4.1424135864
0.124553640387
9.46387234944
7.01460743015
-0.303824705356
-2.97661877881
6.12975666599
-3.33460924556
-1.64660195878
-9.22798500597
-5.21349885121
8.8912174945
3.67099673796
-7.85117335585
5.69866240847
0.240555834416
8.02897452233
1.7623774772
-8.73379767263
-6.68600414252
0.967349421407
5.7422827094
-5.55601069887
-6.03074799996
-5.52460326721
-3.46744624042
-5.24821690597
2.5108864271
5.23525158455
-1.56515639471
9.77593279582
6.15599087894
0.942253531804
0.333497295081
-7.51807488175
-0.898677383182
-7.24001006077
5.1941274483
1.39237728406
-4.65798809712
-0.0332593433622
3.64726151982
1.06750328164
4.54880476131
2.42649411777
-7.44360933471
-7.2090926245
3.45029864865
-7.04733558689
4.86747202089
-7.35136880502
0.304018058004
9.09931017397
5.24490313144
-3.98112744969
6.56379281
-1.13890546681
1.87255915673
4.54539196052
-1.50124751474
-6.60893041623
-1.690869609
6.70208469913
6.47253296708
9.20332981999
-5.72886301703
5.426940443
6.09104690526
-9.7714201984
2.60281789562
5.13438106304
9.99857179831
-9.03395648745
6.43496370794
2.86607793364
3.99800081992
-1.7513664454
-9.54431068996
-4.047268773
-1.98831294548
5.23106560796
-4.41719071918
2.35778388394
2.41188774978
3.00533856829
8.89365616907
2.55641304371
3.40238676676
3.43576580362
6.06773066381
-6.09734227192
-9.43379387923
3.88517295682
-4.89340022887
-2.98509202865
-3.8099422495
8.05363306066
-2.13177048105
1.23958974581
2.21727820214
-1.26891934709
4.34096345148
4.4818025227
-9.10079641868
-1.61349562296
-8.90293763278
6.94317766063
-8.50401764508
-5.90950899531
5.12794107729
6.51653521876
3.84116048726
-2.55049144301
6.19992917902
4.16988858886
4.56785321903
-1.46793921179
-6.49782915899
-6.34536667684
-4.68551920994
-2.96559558781
9.39697817505
0.546393950336
-3.22060442539
0.094207199384
-4.78974095095
-1.67897721566
-3.84714799959
3.65681767521
6.00332168305
-7.31346009621
-1.24178904006
4.20086721759
-1.97046481763
-4.22551495371
3.01466219908
0.8759941372
-4.15692799575
1.18981010082
6.22406674402
-4.57386782775
-1.61037427286
-7.86983409455
9.25726840409
-5.14486820502
6.41410834719
-3.27774694938
4.43414403226
2.79980069532
-0.290929039124
7.37832526225
5.54670267444
-6.51565347715
4.52597379313
-8.19654910673
4.46910351867
1.48714821334
-1.25860740188
-1.13561471484
4.08237190719
-1.24602132596
-0.633260763434
-7.30257608665
-3.15066767129
2.49268139746
4.47816048988
-4.2710711469
2.40766701573
7.78349327282
-1.32130704197
-1.46357502437
4.33290841747
2.59873688085
2.01565398202
-0.948211220486
-0.491038407509
-7.12325007303
-9.88120263318
3.44489937382
-1.63862849737
-4.41248217776
5.20787786503
-9.72382777057
-4.04335649009
7.69607411081
-7.90353414431
-6.42043784037
-6.90617203444
5.99617897023
-7.89238570961
-3.09598039593
-4.70937857638
1.39644662355
-1.21989322833
-2.65871930504
7.35977224884
7.61141175566
9.87330818629
6.34147491764
3.94649011246
-0.138836793824
6.33384095859
-0.120812021449
-3.68982316642
-2.85797151344
7.8874085806
0.672548473173
-6.9455603446
-8.59004482494
-6.53781273513
3.03626771112
-0.955411967273
8.03808938656
-9.75194305224
-9.23190642436
-2.36672847375
6.70407899133
-1.10278281942
-8.62161359332
2.364101765
-2.27629328654
8.11116399379
1.90344367891
0.0271580138205
-9.55676354452
4.49013865638
7.9311475452
2.75643752158
-7.21328211174
8.85391293962
-6.85164332245
-8.73232065171
4.30234109222
8.52843381308
9.13063673122
1.27093177527
-1.76668725626
-8.27692480025
-6.94214049737
-0.985560742016
9.33384575406
-9.33974376193
6.1726474173
-1.35640842677
6.57908945396
6.48432123756
-3.68560916929
-1.00151663521
4.01421927411
-0.365814103959
5.4184770706
9.04622025509
6.4469055295
4.68492739429
6.85253506735
-4.59667465756
-3.98260366559
6.41844626088
0.812919123746
2.09853415182
1.95196591424
-3.65338883756
-4.71237384037
-4.8878330708
4.1384736877
-8.89050258879
4.72671281038
-4.74286069529
-9.47977241184
-9.43563343998
3.65286813804
0.0151480382947
7.23370467539
-2.2431899888
-0.372105099397
3.7330818171
2.90201643897
-5.81585349373
-1.76190574206
-2.57356515841
-4.9965882659
-3.0202459508
-4.87479419624
6.34082008548
-1.98284454453
7.73061233563
6.73506688963
-0.409458898672
-8.08665041917
8.02517572103
-6.80602159867
8.99667793533
-9.05573750437
1.78586852978
4.11369894137
-1.86981016225
9.03456260042
8.47524867177
8.41687567906
2.40215136652
-6.69112422464
4.04311902779
-4.61841072122
4.59049721819
2.14107048081
6.55246110726
7.78797503656
-7.60815118002
0.297712232061
-9.66145833031
-8.47664098496
-3.01472247578
-4.94286293381
-7.04819183951
-5.6375861638
8.62078250569
4.57309220605
-3.88601002871
4.66753615023
-6.30115372739
-6.89813847332
-5.2516027302
0.496864161341
3.15361102072
8.76755177537
0.566712107219
-2.18914280005
3.07107694309
-0.676482937615
-6.64575715385
-0.30011928393
2.05549939537
0.344110045349
-3.77647584658
0.596969405994
-5.60003811248
-6.3108538165
7.1551184643
6.52082859291
2.78247852885
2.64353901613
3.2541178839
-6.16870016765
9.7560073357
-3.85198466056
-2.76328609233
-4.08389019927
9.7030439379
-7.01690606745
2.1424886423
-1.21307034073
1.04471842138
1.70227141857
-3.97053496716
4.5235447498
-5.36032231525
-5.72779444252
9.70136464161
-7.76789717084
-2.94153967831
-3.88364171313
1.14763902582
-5.27935984124
0.528718966365
-7.72656626062
-7.94576649776
-0.243752191928
7.12206502779
-6.95445252633
-5.62621526333
4.41001766488
4.46512801099
6.59103877652
-8.40178722174
-2.16866917463
-7.09288928722
7.3533678478
0.185430245367
-9.16548265488
-4.52628555451
-5.92610595709
-6.61454736056
8.62894321812
-6.23808225484
-3.55535231542
-7.05484469567
-1.5664722197
3.40195282246
-9.64760137587
3.85411170875
-9.5752322308
-9.03012576814
