1 0 0 0 0 0 1
4.07963572929 -8.56385655037 -0.139066426861 0 0 0 1
-3.78874529039 8.53055092912 -7.68909732673 0 0 0 1
-1.45674696234 8.35469060003 4.45990796693 0 0 0 1
-2.79104172117 5.91186565914 -7.63034335963 0 0 0 1
-0.181894054462 9.0493707113 -1.50611880147 0 0 0 1
-9.45526070083 -6.25334433504 7.44564476384 0 0 0 1
-1.33827566726 5.34812967279 -4.02536957293 0 0 0 1
2.72831848814 3.64009182534 -2.06832804033 0 0 0 1
-0.976307795623 7.70144655985 -2.18688033328 0 0 0 1
9.26087427458 0.230486105753 2.1017115016 0 0 0 1
5.82752861782 3.39533625012 -6.12862080262 0 0 0 1
-7.13501052935 1.6047139668 5.48669409201 0 0 0 1
-2.96395866422 -5.71641138531 7.52021549676 0 0 0 1
-1.09241910591 -6.3230336356 -4.98440925491 0 0 0 1
5.24648577557 -9.57113063522 5.12579307729 0 0 0 1
-4.90849953415 8.26239397561 0.474677451576 0 0 0 1
2.27717237452 6.42143718776 6.47046625381 0 0 0 1
-4.80411116061 8.3989890311 3.06184251262 0 0 0 1
1.74344575525 -6.40553748603 4.14578544969 0 0 0 1
-0.147320146675 7.68011670814 -7.82584086667 0 0 0 1
-0.290280521928 -9.99383099784 -2.9961968478 0 0 0 1
-3.03552273355 -3.20955932357 3.99751418008 0 0 0 1
-7.10089805404 1.23803571202 1.83666444071 0 0 0 1
-1.27527791975 -6.0545355346 0.552977466987 0 0 0 1
1.6583585854 -2.41459411059 0.16178913321 0 0 0 1
-7.44243188943 -3.74164629786 6.34444284636 0 0 0 1
-7.61981803852 -2.04848269582 -2.47402583712 0 0 0 1
0.384075529293 -2.78246457257 -5.85809899415 0 0 0 1
-2.12403921091 4.67857579976 5.33758565406 0 0 0 1
5.38681204795 -7.62766969446 -0.793925783929 0 0 0 1
9.08146416027 -5.52400349859 5.42935140541 0 0 0 1
9.60986697035 -9.65737234957 -6.23897999898 0 0 0 1
-3.46561561749 -9.88490876307 -9.23794577164 0 0 0 1
8.44963177422 9.81721170833 -4.41026849811 0 0 0 1
0.250598197893 -9.70715714638 -0.553711956164 0 0 0 1
9.01329797329 2.57167248051 -1.70952173415 0 0 0 1
-9.83930494676 -9.15515760301 3.96330372338 0 0 0 1
-0.00196397537638 -1.38507326801 1.41826139249 0 0 0 1
-4.2798375838 2.83695739782 -3.02140539892 0 0 0 1
-1.95132369378 -7.06566980234 1.8156579583 0 0 0 1
5.10201014463 -1.9935627705 -4.286751904 0 0 0 1
8.39677750709 7.72463354976 -0.78348771375 0 0 0 1
2.47844548445 2.49635452542 -0.292696894947 0 0 0 1
-5.31351837593 -9.11577428842 -9.52283630686 0 0 0 1
7.46477834004 -9.72691441447 1.0065558434 0 0 0 1
0.281130372254 -8.37171723241 -7.62037987614 0 0 0 1
-3.91909712107 -2.11817400377 -8.24529332025 0 0 0 1
9.28902947069 9.86157896958 6.23379529876 0 0 0 1
6.91863006032 6.27787456971 9.01071582635 0 0 0 1
-2.03155747559 0.500231273634 4.86026042127 0 0 0 1
9.6368200485 2.82343751406 1.23044980297 0 0 0 1
-4.23342849459 5.87015294931 2.68447214639 0 0 0 1
8.42954286665 -7.19951671034 -4.55969973081 0 0 0 1
4.34168410541 -2.31230732166 -0.108004482763 0 0 0 1
4.1897271826 1.45542279466 -9.6591331305 0 0 0 1
-8.57567087272 -2.65200323361 -6.51997621106 0 0 0 1
-5.99318492042 2.49279919384 7.51693284279 0 0 0 1
-4.19839468723 6.83536007417 2.29158253254 0 0 0 1
8.20304524665 -6.83841830143 -5.18057779109 0 0 0 1
-8.51445672217 7.81522532447 -9.75279640681 0 0 0 1
-4.87153727833 3.53518666431 2.88248232257 0 0 0 1
-8.91956311788 -3.72066556687 2.55670982678 0 0 0 1
6.07376180581 2.83008995172 8.61416122046 0 0 0 1
-7.75285800028 8.61919251853 -3.61716181138 0 0 0 1
-6.22648174124 -1.33444134365 5.72658957229 0 0 0 1
4.65735570226 1.61541345918 0.877573505185 0 0 0 1
-1.10669299046 6.16109003097 -8.53313223258 0 0 0 1
3.08605406501 2.37286519605 3.36139047324 0 0 0 1
1.21877136857 8.21738307611 -9.65576961383 0 0 0 1
-7.52369457279 5.48941836339 3.24477836216 0 0 0 1
2.99961484648 -5.72034505684 3.19051542538 0 0 0 1
8.27739898606 -8.44558005757 -2.54678767591 0 0 0 1
-9.82882456883 6.10653969788 -0.389202873767 0 0 0 1
-7.66011355625 5.16958583815 -1.04527574559 0 0 0 1
-8.76381851683 -4.9463480029 -3.61846558983 0 0 0 1
8.20204126698 -6.56240884337 2.74579865143 0 0 0 1
8.01100165658 -8.55252191695 -9.91006078098 0 0 0 1
9.00747336712 3.26223790309 -6.51304307201 0 0 0 1
-1.21021377341 5.53243685638 -5.83429681024 0 0 0 1
-0.466396233903 2.48943155891 7.69876116403 0 0 0 1
0.189611390089 -9.20088293008 -6.85523653211 0 0 0 1
-1.416245654 -2.06473135216 -3.65123321626 0 0 0 1
5.18487495367 -1.7087274205 7.73867115262 0 0 0 1
-4.6354779569 5.37783776793 9.40914842886 0 0 0 1
1.15106838622 -6.42183678533 -0.571622647731 0 0 0 1
4.13869698382 1.93904702009 6.8175451237 0 0 0 1
3.60235761137 -3.62573393086 2.36622907395 0 0 0 1
3.80094465503 -7.0142824669 3.43762969203 0 0 0 1
0.803693410088 2.37604678485 -3.04069772005 0 0 0 1
-6.54477561027 -1.81167959162 5.64714389752 0 0 0 1
-5.92492087669 -7.70058150748 -4.25165285275 0 0 0 1
-3.01910479131 -4.79358854135 8.74454554865 0 0 0 1
-9.8941862794 2.24912708813 -0.606448129484 0 0 0 1
1.0200641237 2.44955926591 2.99971997772 0 0 0 1
0.450157594399 6.61385823388 8.42596754483 0 0 0 1
5.09799481066 -9.27240665686 -5.03212404989 0 0 0 1
1.98482819932 3.70397579912 2.59059680799 0 0 0 1
-1.16040536089 -1.8498242608 -2.02687516126 0 0 0 1
-7.34475828475 -1.65069541839 7.3230519057 0 0 0 1
6.91446644455 8.96251066892 -7.00967464876 0 0 0 1
0.386737746398 -4.28670946194 -6.71650152982 0 0 0 1
3.25173849124 -9.11387488958 2.4972546493 0 0 0 1
-2.97297441879 5.02017927424 -7.97178251048 0 0 0 1
-1.23497071083 -7.13863295661 3.70994536883 0 0 0 1
1.49874034127 9.90949234337 7.35626007142 0 0 0 1
-3.20551590258 -0.0560299637064 9.20699405429 0 0 0 1
0.78360657609 -4.12971404833 -6.48386863699 0 0 0 1
0.425845862311 -4.16412830971 2.05621003391 0 0 0 1
-9.92205931528 3.17623332449 8.92115108949 0 0 0 1
-1.83058880058 -8.51347665516 0.969021982456 0 0 0 1
-9.53559155152 8.34607012776 0.698560488545 0 0 0 1
-0.941663406898 -3.12232144022 2.99725483341 0 0 0 1
9.53888608931 -6.12621156755 -5.52714027667 0 0 0 1
2.58384109773 -0.370121619538 -2.35610715471 0 0 0 1
4.39502231762 -8.57271992182 3.24436311141 0 0 0 1
-2.93766094467 5.60111471462 -5.98126079472 0 0 0 1
5.25078551077 -4.9260361253 6.73815346728 0 0 0 1
-3.39800958818 6.82069244522 8.83774271135 0 0 0 1
8.81298812652 3.1393839591 4.73709695706 0 0 0 1
-2.81424749595 -4.39580226414 -3.28420269107 0 0 0 1
-4.13506519334 -7.6897096597 9.51126133703 0 0 0 1
-0.446740846508 9.13359710359 8.16105369747 0 0 0 1
9.07209995784 7.45465961552 9.58440344679 0 0 0 1
1.40669037088 1.2715497346 -9.29548692699 0 0 0 1
3.98482985667 -7.28071878683 0.434323978227 0 0 0 1
-4.005288298 -3.92297784011 -7.28934535036 0 0 0 1
2.65875107398 -2.18607295202 2.65340175972 0 0 0 1
-9.074363812 -9.20560445901 -0.687377929148 0 0 0 1
3.94328524384 5.02783118179 -8.98767487213 0 0 0 1
-6.57592250292 1.9375830193 -3.96505611585 0 0 0 1
-5.54452322338 -9.82344676858 0.713329364096 0 0 0 1
2.58615363616 -3.6447791096 -1.92817789036 0 0 0 1
-2.33423128654 3.20371827407 0.439499829859 0 0 0 1
-1.90543161564 -5.53899994469 5.56075183411 0 0 0 1
5.36811196978 5.97236252536 -8.3012085104 0 0 0 1
-3.61147054726 -8.91030032592 9.5920461369 0 0 0 1
7.56382737505 -0.944184413198 9.12206526813 0 0 0 1
1.17469320288 -6.39267067519 -5.03986785203 0 0 0 1
0.848627623824 6.88026054559 -4.54528961443 0 0 0 1
-7.18236147963 1.75320195917 -9.15749995629 0 0 0 1
4.77744278985 2.75916190383 -4.48493887517 0 0 0 1
-4.91367199683 9.33701083884 -0.416042952581 0 0 0 1
4.97274087633 4.49517202481 -0.29479793439 0 0 0 1
9.60852363553 -2.40532307238 8.82717029007 0 0 0 1
-4.12596754649 -5.6381648286 -6.01084964182 0 0 0 1
4.04838869868 -7.17443477103 0.888037299526 0 0 0 1
1.39528687658 9.45175772578 1.70400792344 0 0 0 1
-5.75390011262 6.38039080569 1.4640456352 0 0 0 1
2.91644409812 9.91535557493 7.26250170573 0 0 0 1
7.23419973776 2.49921967439 -9.29564447475 0 0 0 1
5.50841541569 -7.03707360968 -6.82573454089 0 0 0 1
-6.54068866302 -1.47504181572 -9.40122716588 0 0 0 1
7.19217593298 4.06413681137 9.65424450503 0 0 0 1
0.804969388898 -6.99104506905 5.8870955722 0 0 0 1
5.63242385659 0.325051766423 -0.580017554758 0 0 0 1
-7.18520422518 4.23042804085 7.84311894476 0 0 0 1
-3.77416891544 -9.65940502061 6.38140811418 0 0 0 1
-8.19819965366 -8.29723851453 5.89509336507 0 0 0 1
2.95660450117 -6.82177323759 6.56011792793 0 0 0 1
0.751331580737 8.33645813927 3.58595871314 0 0 0 1
9.82845213886 7.10121716791 -1.79882436284 0 0 0 1
8.73072776323 2.98621176791 8.71997627907 0 0 0 1
0.907124457706 -9.85259170035 8.59321840895 0 0 0 1
-9.20566584624 8.61964002318 4.88863915397 0 0 0 1
-0.186523699895 -1.68730809037 -8.75128422317 0 0 0 1
-5.74692619465 -5.77633441537 -6.03073972331 0 0 0 1
-7.86151278398 -5.38051271594 -7.49616062309 0 0 0 1
-7.60045405781 -1.5837093875 8.04610567049 0 0 0 1
-7.17200658831 -7.43288156454 -0.596307225312 0 0 0 1
1.80351980872 -4.58274859004 6.64136294276 0 0 0 1
4.58845982487 6.35565399243 0.455917493086 0 0 0 1
3.58470326922 4.29210757905 0.704355412352 0 0 0 1
-8.89957300104 8.33605703637 0.343024547783 0 0 0 1
1.53149306333 8.63288048628 7.93391210322 0 0 0 1
0.0489675173273 4.74242781062 8.30546467484 0 0 0 1
-3.48291829377 -0.997871773629 2.9163718177 0 0 0 1
-7.77065789087 -8.42674516984 2.99154898782 0 0 0 1
0.701450548675 9.12604974661 -0.335391841992 0 0 0 1
-2.329436 2.04730891414 9.5067868238 0 0 0 1
8.30952106865 -4.01664886936 -8.84780132833 0 0 0 1
-5.92984363941 9.03341793443 -4.15198265905 0 0 0 1
3.39309004653 -3.41999801559 -2.60971306918 0 0 0 1
3.38861382758 2.76864302022 5.18267160717 0 0 0 1
3.83235095454 -7.30679644184 -9.34441224655 0 0 0 1
-9.782699832 1.02075401176 9.73289090476 0 0 0 1
5.75198041543 2.30699824888 -2.48533020463 0 0 0 1
3.93484031803 5.32558855004 7.7093594104 0 0 0 1
-4.53277078512 -7.29404481308 -3.47710303022 0 0 0 1
3.96572932322 7.1953774122 -7.57125848397 0 0 0 1
5.67598901855 -8.1389074565 -1.86074534276 0 0 0 1
7.86176867 0.397250708997 -5.94785094513 0 0 0 1
7.76217148459 9.04187594919 5.82000239726 0 0 0 1
0.988284237471 5.78894467814 -2.85226934013 0 0 0 1
1.40849914501 -6.32396030314 4.06064640411 0 0 0 1
-6.94232191229 -0.712747296003 7.90610026802 0 0 0 1
5.62685151438 2.5745925552 6.8368841663 0 0 0 1
-0.0412803710821 2.94861727735 1.52207650194 0 0 0 1
-7.93959735764 -7.73160878663 -6.26594510601 0 0 0 1
-4.10026834493 1.50985371338 -2.0146602957 0 0 0 1
8.53651704313 4.52218491704 2.23596176855 0 0 0 1
-7.92225993932 -3.93135110921 -4.30551845812 0 0 0 1
-4.64618074028 -5.7268215828 1.22441330422 0 0 0 1
-3.68723292369 2.86616963457 -0.436190065429 0 0 0 1
6.50206908213 -1.32736956338 -0.982707780113 0 0 0 1
-1.8867792574 -6.74807797195 4.040077437 0 0 0 1
0.95956820071 9.85280498224 -9.91055624357 0 0 0 1
-4.54054158159 9.94451122197 -3.79202759903 0 0 0 1
8.69354596266 -2.45090997119 -9.10872332228 0 0 0 1
7.24502537362 1.83066969586 1.43585416541 0 0 0 1
4.1060467272 4.62156466379 5.25124757811 0 0 0 1
-6.70017292784 -9.99620605518 9.26018173901 0 0 0 1
9.05588495729 4.98944750444 9.76714937546 0 0 0 1
0.100502442453 -5.07642175563 -1.19422729962 0 0 0 1
8.05668088776 1.74891340429 -0.618150160278 0 0 0 1
-2.19821733282 -0.00828926292781 -7.19189037864 0 0 0 1
9.66837605566 -1.72472154381 -1.08884164022 0 0 0 1
-0.51981827668 8.01874209078 -7.04728291441 0 0 0 1
-2.34973189239 7.67851881437 6.62664368931 0 0 0 1
0.353640118827 0.0595727324536 -6.09542373328 0 0 0 1
-0.661540035923 1.14837760489 -5.75198767995 0 0 0 1
8.25815053368 -6.63475623348 -3.1736214073 0 0 0 1
3.01224679271 -1.34335121721 -5.21471964453 0 0 0 1
-0.11534402976 2.62735851984 -2.02061653771 0 0 0 1
9.52736722622 2.36012105918 -2.41045891772 0 0 0 1
5.86571112392 3.03312315902 -3.12334630305 0 0 0 1
-2.59824759846 5.09087098276 -6.3019521339 0 0 0 1
1.16917671028 3.20252386673 -1.46013597591 0 0 0 1
9.76190360345 -2.1702514499 5.8032634376 0 0 0 1
4.54681548704 -2.48358788429 -8.39629794543 0 0 0 1
-0.513379401308 1.81852962627 -5.15390156094 0 0 0 1
5.34741526804 -7.65019915642 6.21712655792 0 0 0 1
6.5636467203 -7.5321376445 6.30700661385 0 0 0 1
-8.98418740086 7.39910656071 -8.63768695709 0 0 0 1
-1.91622921473 5.39802857728 5.6531696631 0 0 0 1
-0.307171125677 -2.66972986275 -7.55580253032 0 0 0 1
6.57875480041 1.99637430261 -2.43233470967 0 0 0 1
-4.6716605523 -7.04333952731 -9.73506315408 0 0 0 1
8.73570586166 5.18112246961 -9.28465201948 0 0 0 1
5.12900915066 -1.95400421407 0.394724796556 0 0 0 1
-1.6264549807 -8.89558194966 -5.60366784062 0 0 0 1
0.533108808082 9.35635512973 6.87520955008 0 0 0 1
-4.09256595509 2.20901580143 7.6641475612 0 0 0 1
1.96644082204 4.00596698618 -0.448552322653 0 0 0 1
0.504077604597 9.01212464055 -3.49596414585 0 0 0 1
7.69617522295 0.00924792382029 0.917074048893 0 0 0 1
-3.79667118138 4.23287840449 8.58187476267 0 0 0 1
-9.42673763868 5.77889910103 -1.10961984978 0 0 0 1
5.36887944197 4.5144233036 -5.47564065191 0 0 0 1
6.83936225636 -5.89673430882 7.89130211582 0 0 0 1
2.09008593357 0.266087387667 5.45389058553 0 0 0 1
0.955922924024 7.62603103733 -8.80507638103 0 0 0 1
5.32969691103 6.62386733201 4.44232824858 0 0 0 1
-5.19948180303 -5.16867794428 -0.686954369184 0 0 0 1
-6.66985825203 1.15928729169 0.454998046159 0 0 0 1
1.41355599726 6.0015233376 0.80532062786 0 0 0 1
