64
1
0
0
0
0
0
0
-5.74094413404
2.23669978049
0.0446869764467
7.08113755099
0.451160049906
0.722015559206
3.71518163911
2.02843956515
7.96311959567
-1.074500251
8.2988972479
-6.18187857928
8.63700157753
0.639694041939
-5.13251509121
-5.59326848786
-3.28481132975
-8.16596700461
7.52838989141
3.67760867845
-1.40592869176
-4.69346870262
3.04776301922
1.34159894574
-9.89264041515
3.19255719174
-0.833668001214
-8.84377947509
2.78444088684
-7.44614823006
7.9617029235
-1.88856126116
-7.30044496861
0.986660615353
2.11932486088
7.87017828883
5.19678635263
3.59548825746
3.57800495849
3.53827439575
5.88647191077
-4.75059364544
-0.857888611857
-1.40263192637
-1.80513813867
-3.99923967934
6.72432994654
1.27813792089
8.18146731479
1.27233476618
-3.17942039331
-0.640105416306
-4.85332786386
6.73540048021
-9.78034469445
-0.504253568338
-7.75956649476
7.7829181994
-3.65556152758
8.80610341781
4.92925161442
1.42427232793
0.0174275948227
-8.16598841649
-1.80607981371
8.67265431798
-9.33116648923
-9.0062593869
-9.42057232777
0.450700881092
-0.825957805769
-9.57441773676
8.29937631725
-0.88857894479
9.17388776063
-7.20054496221
-4.56248149811
-2.24172944367
1.20200738049
3.7436395594
2.22871827509
-5.88509074739
5.57804766127
-1.29865303594
1.05293468166
0.0172367464122
3.71688937992
0.818932847257
8.35096125481
9.76335782361
7.61929586246
-2.86949014066
2.23247902295
2.83687677741
-7.84524899096
-3.70366145485
-0.6724070755
-1.8765551293
-8.90534139729
5.51041388483
7.35620686257
3.80470207948
1.59176508292
5.43280215828
2.82308798344
8.8773104431
1.44229681532
3.63290956807
-5.77167212104
-1.22606930641
5.8292725565
-3.56693952219
6.69345135738
-2.72832631585
-9.41899719118
-5.58856843808
9.45413370619
-9.62772238628
-2.08479203778
4.70590982803
6.54687187522
-9.69771454085
6.29878069969
1.29857696398
-0.111021534538
-3.43346330744
3.87291530163
-0.462150307381
4.23732236848
-0.373612504361
5.27823807935
2.53703969705
7.69141645556
9.36149701737
7.9306744538
5.93315350767
-1.92694098839
8.62647880906
9.6181987293
0.821294916592
8.80440669918
8.82665821529
9.80979516153
5.34107295897
1.72661672424
-4.02927541423
-1.15719803871
-2.94734927789
-9.65730251226
5.13075443463
5.93795781055
7.59394704321
-0.430370952788
-2.30008338219
-2.67114805302
9.62986784269
3.2763669363
5.16462565214
-0.619727187774
2.33694125441
-6.94118035706
1.98627679395
4.51996841307
-5.34296034041
4.16864372818
-9.42273723513
-7.22766325983
-1.90670393047
5.64099882482
-7.53200925748
-7.39385711582
4.04025646391
5.62487896728
4.23238953858
-8.19433612378
-6.03374468763
-0.161367202396
3.1408189268
-5.35133709812
9.37388037755
3.59648852154
8.46382873576
-9.4216385758
-5.78885392604
4.06463873476
4.98067770713
-9.0819474583
1.02514899604
8.53679128933
1.77909702984
-3.82049301715
0.379201723
3.37714454076
9.55927641178
-3.82389619106
8.632744978
7.6096340749
-7.60686885105
1.8067735446
7.47227786748
-5.06647149498
-2.93096247
9.60121187817
7.22387386689
6.59569140749
-4.0545380137
7.37374253118
9.57165285027
-9.43682184689
7.48328188842
1.8786876675
-7.7723578895
-2.41192673835
-8.87817128327
9.53317657346
-9.32490369757
-2.16518509087
-0.908340569291
6.4967628989
9.45676902505
-1.75338635706
-3.71354826183
0.0622893045247
-2.20449236945
-1.41692167173
-2.38408117123
-1.09279075807
-3.83168393002
4.34001878654
7.59124169471
-4.33369097798
-9.31872905961
4.10110524103
-5.26628052595
0.791021854471
-2.06738930076
4.19417976294
1.38575681612
8.16085713628
-9.91614672753
-4.53930036249
9.79761982844
5.31642316343
-6.27811714272
0.890643589907
5.87980481205
-3.12490031735
-0.334099597846
7.86993783312
-6.14954939704
6.76442986435
-4.4407617899
2.39055349622
6.31623033126
4.02180796384
-1.37242166438
-7.06781890241
9.52020482533
8.64838718112
-4.33330129757
-5.37084972527
-5.93520629092
2.28870333985
-4.59721481965
-6.16906935852
8.0926948965
-9.3209140467
7.66008188247
2.33611815125
3.48298944453
2.91171283246
4.60416445651
1.38559823954
-4.89372218622
-9.40964317509
-1.8416767893
-0.210895733459
-3.25892882376
-8.61117168866
-3.78236206978
-3.00493117505
-6.54392608121
4.60910643731
6.96185399337
2.72629297412
-9.38080550422
-0.74418290139
-7.63796217994
-1.38398463332
8.60296464645
9.15387007966
-4.78230054746
-2.2374790409
-6.43321367205
9.70747874995
0.529308042132
-8.18884485501
6.43883478525
-5.2184273481
-3.77685419475
3.55480054094
0.837436807691
-8.70097555494
8.46408438105
-3.88161190258
-0.823400218934
-4.426510844
-6.8724217376
-0.76353414129
2.18617982165
-8.74139511068
5.44639335674
-9.94273119413
-4.90080765249
-2.56321912913
5.42511119104
6.18578793012
3.92827091243
-1.80702845604
-6.34067535748
3.7749244382
0.406935410171
0.752948870203
1.21250511963
5.00577154415
-1.54519710756
8.57107984544
-8.94623470867
-9.46618187598
-4.36778108377
-7.20608643858
-7.3790292636
1.00621269148
-6.80254503227
5.10684185576
-0.565032695026
-6.65938890034
-0.79160652327
6.09634448559
-7.82655451302
-1.0289714812
6.37413283394
-6.76205560481
8.17895541922
9.13443252373
-1.54028724466
4.47274786906
1.57322058931
0.698631298056
7.96165444612
-2.69946991772
4.08579549877
-6.59403129554
6.30476159713
-9.86187223841
-8.48847702897
7.15245529846
-9.45252334165
-3.6737296094
8.89336188954
-6.96176557061
3.17709435519
-0.638855314721
3.92483221811
-1.41311142658
-6.09036379393
-2.04550489667
-3.81715592444
0.898681181251
8.5321725209
3.06746382079
8.83537699277
9.05299911676
-6.40843445534
5.82417951355
9.78592610234
4.45799317825
7.76495077133
-9.37033272261
-4.24908802553
-0.0344517359391
2.99590384017
-8.63441479973
9.71392169244
-4.83060640151
0.596520766293
-5.73894855869
7.21525972693
-4.55735964822
9.70452566534
0.101825914464
-6.34560815827
-2.86793455385
-1.53446981849
4.35723946556
-3.5519976075
-3.9504748852
2.23565274593
5.86249019749
-3.92393471038
1.87141778292
-2.43031571439
-6.70727088924
9.91154107015
-1.05526627668
4.73192766051
0.602161345444
0.418331266368
-0.496036695886
-3.47014944803
8.54180523146
-0.741942855327
0.263190116516
-8.27644995151
-3.82041031257
7.63781322337
9.71082222714
9.50609397088
0.637590229065
-1.5474208646
8.71180429415
-1.21666335975
1.07981239651
6.48002008192
-4.50239351615
-2.86557440381
-6.72043713949
-0.778517864731
-4.71247564263
-9.62516781666
-5.29507100927
8.21646946359
4.53112687401
4.38441186808
-2.22424706887
-1.48515083342
7.60423228994
-8.85811931259
-8.48961432194
1.39483956057
-6.55427746714
