1 0 0 0 0 0 1
4.98628312399 -3.79190777832 -7.39945947497 0 0 0 1
-9.71115754658 -0.656997606551 0.795060339567 0 0 0 1
6.97355082607 5.98941311138 7.50972053285 0 0 0 1
-8.44018259526 -2.28962692878 -6.95267695641 0 0 0 1
-4.40216638814 -9.08543341496 5.88116316698 0 0 0 1
3.78332821297 -1.00744332846 6.8553764376 0 0 0 1
-5.24577219257 1.61763376693 -2.80522472695 0 0 0 1
1.54284318315 -2.96785380701 -9.00397338279 0 0 0 1
5.63572316256 -5.00285178912 -4.48075358254 0 0 0 1
-2.31412488492 -0.923730218681 -3.29755894971 0 0 0 1
1.65944824893 2.10050580239 -7.32541318497 0 0 0 1
8.48067265142 -7.82887607948 -0.216424038516 0 0 0 1
5.40682967623 4.29922007631 5.532143609 0 0 0 1
1.09011984855 -1.81252857818 8.05138106503 0 0 0 1
8.52860991615 5.8954464078 -3.75273298661 0 0 0 1
9.92991135391 -2.7354883933 -9.03309138747 0 0 0 1
8.81225395122 -0.84522123293 -8.68814304866 0 0 0 1
8.08508672281 -5.84294989847 -0.580139603578 0 0 0 1
2.28122016858 -7.06438796047 8.12945321503 0 0 0 1
-6.13763651479 3.61833972951 -3.65877704661 0 0 0 1
2.95645513735 0.938029680997 1.61199185771 0 0 0 1
-3.88330901155 -1.98269792295 -2.67508192163 0 0 0 1
3.89627070543 1.80017523507 3.3652527468 0 0 0 1
-9.46400413488 8.99021876771 -2.89464486169 0 0 0 1
3.87683407689 -2.09726746205 4.88910415682 0 0 0 1
-0.796414909029 -1.89317727835 -0.345029325012 0 0 0 1
1.16238706109 -4.81675025628 9.22350181216 0 0 0 1
-4.74811745803 -2.72620131507 2.09304622608 0 0 0 1
-0.288774115945 0.159844354983 -5.1779293017 0 0 0 1
-2.96624412655 -3.01725831263 8.10374517576 0 0 0 1
7.66183917495 -3.91405444756 4.89151897406 0 0 0 1
