256
-3.96476900531
-9.46385346324
1.27848096317
9.60335529867
8.13052376402
2.65508055764
6.48222861552
-5.64406896708
-1.53423636434
5.26013563409
-5.80935524063
-3.42781194565
3.67835243538
9.88558393115
5.66179113641
4.14918386803
-9.20326395423
-9.35536534254
6.28822836773
-8.78745594275
3.90775909473
-2.68637278242
0.7385153344
-5.18051694325
-5.44146522348
-6.98744596927
-8.11527997378
-4.40670582921
-5.40633225036
5.84268098433
2.28558254206
-3.82493665306
7.50853658765
-4.06330704267
-2.84506244041
5.47308395572
4.23133680691
-7.80215247198
-5.13831426636
5.19494801444
6.94124866026
7.98751542439
-5.47116529759
-9.99183927428
-2.77431922674
7.53590177809
-9.44291801262
-4.95893537714
-8.56987819897
-4.2211500655
-2.25894797817
-2.51776466498
-0.0684213261965
1.59370079062
7.03996493119
8.69917572677
8.94416998579
-7.66160592448
1.84463029492
-4.67802850022
-8.26477322324
4.09473343235
2.41586057202
9.3179184552
-1.13534609539
4.14293736527
-5.46325290736
-3.96751486346
5.53433009604
3.98304649919
-7.44699938356
3.07362647883
-7.55200420551
-0.109676700077
-1.66190567482
-7.85757931252
4.59751005459
1.21390958963
-4.8892971632
5.87937884583
-6.19831562006
-5.32498829564
-2.52681836291
-0.927672926909
3.71370522313
-4.58772534281
8.94540783933
-3.05898954825
2.64416430248
-9.57045885765
2.92365038696
-3.87262856598
-5.44723853878
9.5215479991
8.30883001702
7.11609513626
5.69047193686
-5.90485613849
-5.73326146362
3.75353139701
2.10710009637
7.47499889596
-3.71787172959
-3.66956534848
5.75126421142
-7.27956638183
1.74267096428
0.599103233498
-9.56283040434
3.96490403802
1.67143435399
-9.66998586963
-7.09139610599
1.62712113181
-3.37907368572
5.735630659
-2.84951032846
-1.64135596367
-2.57798763797
-4.98144435352
8.82341997768
6.72379527547
-2.62212571732
-7.42887087987
-7.45796339125
-8.17446542552
6.15102015323
0.591100377774
-9.59584760381
-8.61536845668
5.99675052227
2.34105406347
-9.79387102064
0.842475570147
1.86962288452
6.88924589082
0.292580570659
-1.14004869328
8.28199557885
0.154728735781
3.62018213335
7.80050674231
-7.64679513968
8.45712137011
2.70319567084
-0.883680561235
2.15147018049
-3.26666998932
-9.18321913786
-4.43839657356
-3.52290779145
-6.7914521306
-5.59382845578
2.8071344878
8.06675670418
-0.795140843799
-0.632653938436
3.25566932189
-7.22403595975
1.09166231549
-3.14457942783
4.88414193298
-7.36505894095
4.43270734782
7.71981215384
-0.672195066729
1.93972812835
-9.28897086563
6.73337683955
-2.42173482632
8.38110128777
6.71899610515
5.80097765763
8.35475830811
8.02914450754
-0.339713708557
5.08474773097
-7.94129321887
8.40772810715
5.85305845197
5.86215157863
9.1682519213
4.9546968866
2.99705924866
-9.33157798768
-9.12374908428
6.5018125963
-4.97401350696
2.4612776215
-1.21895252042
-5.68101038021
5.94000249372
7.67563536702
3.3108325406
5.96541446867
7.62912722982
5.19463226237
-9.10201454151
-3.99380716517
-7.38640896131
-5.24450132665
2.92263880447
5.6795098698
-7.55588176148
2.70568570349
3.5711795669
-1.26793799412
-7.29736566146
8.60002685227
1.62783720414
-0.357621341193
-9.24153361584
-8.26579515314
0.652981217025
-1.42574081174
5.22074489075
-0.664175895433
5.52807593225
-2.39423047308
2.7560596905
4.16710915212
-8.42568670461
-7.82733605686
-1.11036710742
-4.71227281297
-1.1374576824
3.86643983152
5.91631320501
5.67086866063
-6.09713492043
-6.22058757124
6.62240621555
-7.73525138479
-1.04813970491
-1.74157084788
-6.46544727623
-0.0464628530315
6.98977650017
1.65718482905
6.91062959696
1.19308379055
1.42161282508
7.30975330108
-7.37867039387
9.26706697564
-6.62973314374
9.63567473155
-8.62920205709
-8.74055012524
-6.57931077429
3.15698763253
-1.74050188986
5.06742728858
3.85978113709
-8.40967520718
-9.04315397293
6.24700880763
8.26136895982
-0.978101297986
3.27743859276
2.07719087703
3.9788093018
-5.26425271096
-8.39578856761
5.02772899425
-5.27312545035
-8.81054702784
4.03914520148
3.67167075871
6.75584555054
3.56075880204
-2.58663535488
2.50707270389
8.20083156035
-9.90523182923
-9.20500503537
6.30029331174
-8.56898541083
-0.657599754757
-4.57866023931
-7.79782429717
-0.14986190678
-3.99519420805
1.26992899446
-1.33737985498
0.120497181984
2.93662451061
5.58359732232
8.39685867666
6.6679906975
1.84972732718
-2.80591686288
5.65507423639
-5.58526056052
6.4969202452
4.94557448125
5.84742250737
0.0650278645835
5.39370796945
5.17306681619
0.863676045621
-1.06234097644
-2.57658812087
6.91707447112
-4.59675370622
2.35421404693
-1.02466105893
9.9669356139
-5.48622779494
7.02705263871
4.8269016784
-9.1831289906
-1.85006151089
2.20515583444
9.93675318163
4.95468485901
-6.05136387813
1.89219611848
4.12667574738
-3.73625292919
-1.46681101111
-3.31542753264
-2.53542420061
-4.59918050551
-5.05542653154
-7.23818015423
-0.794719119455
-7.344516348
-6.40050026305
5.65511873371
-4.26470382543
9.4512278179
2.55514324673
4.84741404051
3.59617569829
-8.27642010509
0.814227317189
4.87425028182
5.62126672958
4.97571679646
-3.27403239314
-2.11720785223
-6.06547439506
-6.36138349302
-7.35112794398
8.37285465121
7.42185989896
8.9768886068
-6.84497745663
-6.73311020358
1.69072339359
-0.00339139805793
6.04303631842
6.28478235601
-6.77412065553
-2.75882895343
5.88619976142
-7.3652484373
7.89798240687
1.70914670573
-9.61285605168
-4.83066983065
3.99495355775
-5.00113986885
9.26595710728
2.60199746068
-3.35892842087
-8.68430010597
-9.59748007223
-3.78757769832
-5.58866050159
-6.04085235359
8.94012974238
-6.04466665508
-1.0377463182
5.47332956943
-8.25762544927
8.38884952006
9.23265280975
-2.95663162325
-6.20764562893
5.22215534775
0.722696474063
2.46091283905
-4.11753326567
4.5389816761
-8.63793815278
9.09612696068
9.96798964927
-8.08366327867
-9.45522282131
-5.28838116538
0.0067239865505
9.33863126738
1.65190270286
6.68044453138
-4.509224154
9.92704382135
-2.00944127102
-2.28907294935
-7.1113970729
-1.99311367329
-9.70911885603
6.63354963743
7.4124543489
-6.19175260887
0.398028481805
-9.34506808871
-1.03616133033
-4.95617726843
-1.17853334326
1.85237944684
-1.84491646933
-0.50054981868
-7.2254281475
-9.89213780166
-9.95156705054
-7.34417639067
-7.03549774168
4.58777193987
-5.99719014909
-7.31923956412
-3.67468045611
4.63109927532
6.75684827129
6.15753640418
4.67173533782
9.77522524738
8.30669196825
4.39863437348
2.18844512313
-6.83249180174
9.68675493654
2.11872301553
-0.351847522755
6.32550331024
5.04573476651
8.65296742319
4.65750246145
-9.84509494608
9.42733876957
-4.8542669235
-8.41728209659
-3.19977893835
0.24058259628
8.05274843917
4.58424205099
-4.41201630936
5.14615835701
9.39086622209
-3.77607821479
-0.665595738294
3.26366842757
-9.61852302538
9.97902534109
5.2826433927
-5.93556493732
7.78834825427
-0.812196441813
6.11546947255
-4.40920563471
-4.85218516257
1.08172934704
0.384554601614
4.39722797725
8.22027790112
5.04075274264
5.07195629964
4.18505377106
-5.57082019557
3.01965289583
-2.67587748604
-1.69367678852
-8.05609381769
7.69881913116
6.76119836054
-6.59982379772
1.73015451429
-2.98698797838
1.56140311024
0.69680433412
4.43613634512
-3.53722941187
4.5063022928
-5.30758317993
-8.93248608354
-1.89259801994
-9.06223488493
-6.75539267849
9.3118533693
3.64844888081
-5.67961445189
9.95715563108
3.12276552158
8.52854290542
3.21384322248
8.51573966452
9.72713223898
-4.79730790676
-5.53818855226
3.34750391676
-7.3388608088
3.74849796428
-4.52557446052
-1.21939986357
7.93565560987
3.4071097536
-5.65041992735
8.10826439312
-0.0160904029017
1.07535483064
5.29393288763
2.28165768054
-3.82016334196
8.74467581784
0.203477685929
9.32145033792
-1.76873156577
6.66452987666
-7.7363333324
6.28698469628
6.08972465994
-2.42878193755
-6.06392473696
4.81324217628
4.02083839024
9.29838009256
8.71749331713
4.96748606233
8.02578649382
2.16600224736
-9.95775544079
-3.32247090924
-9.08102087963
9.5855946214
9.04185382778
-3.50868949446
5.54992169468
6.13118281837
-3.57394081712
3.74306202643
-2.11210479531
-2.0811108716
2.09023755774
1.11918988828
-6.18534926448
5.39569030165
9.93673734809
6.7092759383
-1.33703271749
-1.51873302057
8.75814402479
-2.01729138725
-6.67211025954
-6.87742707172
6.02783119083
-9.1024002739
-1.1425180271
3.66893211789
-3.02405874516
-1.20530937294
-8.35883576606
0.0819212098031
5.73416507432
-1.44390272839
-8.63147464105
-8.0945144726
5.46071491005
7.38517510856
2.02328186752
5.1994911228
-6.3630632839
-6.90899306435
-2.33650745944
0.539497717908
-5.04350233929
9.42360971346
-0.852386886959
4.35006881669
-5.2542151878
5.45157116289
6.70416299464
-1.68410441472
3.5229660292
2.32350574065
-4.10991471786
2.65746281165
5.05378790678
-5.244650591
2.3341850511
-9.78707800261
4.75087759461
-3.15583457703
2.61725971469
8.1080620674
5.4720555996
4.8226694597
-2.92235711955
-4.85753480719
-3.45433854219
-5.32710326861
-0.0969629620942
6.27537730519
6.75222722081
-7.56893051601
7.11056024431
3.05532816793
-6.22804225995
-3.90036491234
-4.94218404079
-0.609054249341
-2.98823279337
3.03321668836
-9.87616495948
9.07446470104
5.28561335116
-2.24586187308
-9.66007171727
9.56157312882
-4.98654920074
4.61038967462
7.67164704108
7.14038341027
-7.55923537398
-1.73088302276
8.28624344215
8.58118613455
7.16404825561
7.82397203745
2.35707408521
-8.67431487786
4.9376222112
-7.86658780644
7.3514489237
-4.29439114489
-2.56312986351
-7.05158255686
-8.34751606143
8.43395270567
-4.45644004718
-7.90374337997
0.27353071125
-4.0066833011
3.44572197717
2.83200870115
-4.6583135408
-7.23936506564
2.38029533628
-4.83369585863
8.00758551043
-8.80827118291
9.55793726439
4.36631755054
5.17442255223
7.46818358537
-1.60712985311
1.41560285968
5.28108567125
7.98613412567
8.0324812295
-2.75483676347
-4.7971463551
4.02078352739
-0.583607979334
-1.23909054967
-6.87324361435
8.6469562867
-1.17206311283
3.62077699347
1.53471076897
7.81438305348
6.51049228535
-3.06561979563
-8.21162599565
2.22440335209
-3.78343746703
8.42619408779
3.75795638624
7.98235748196
5.83912740175
0.352074355192
-1.1489352681
-9.19759430298
2.75499827758
5.97647640075
-2.05290561666
-4.91799530379
-3.21501441192
1.62059680618
0.486387636442
1.63530257496
3.2627718624
-9.91486320689
6.77258608389
-5.47675826444
1.01879631415
-6.57135959796
1.98596443464
3.13340925194
4.95515263611
-5.96992598133
9.19044957588
0.786263309923
6.79115540925
-0.872901183664
8.477972994
5.15644172731
-8.48430439952
8.87367078173
9.1647509469
-6.44121848386
-3.55551053709
1.7437759066
-1.21235451669
-5.99738194071
-9.36753395314
7.57242318825
6.69584935315
2.82347364658
-2.94379258923
7.46615272726
-8.50451916101
-6.26304111861
4.10058008116
-7.05330855477
1.23193239031
1.7892295746
0.0795451681974
-6.81975312494
0.443498992307
-9.07087947519
-0.276354226634
-8.68004837794
1.25984791284
8.01821399236
-6.22477794833
-7.09208174286
-8.12200461707
6.27162277893
1.49700205224
-2.16828971975
-8.28142961118
9.40526214717
-0.796951397499
-6.75192748686
-2.90485467195
-2.98507602256
8.86857775107
-4.94094574988
9.0669325516
7.46658227468
8.89016825572
-0.813292902561
-2.89495938431
-3.0221997446
7.5198954194
1.89920011461
4.0863048354
6.92892184764
-2.81789583929
-1.96964930511
2.31758405986
-1.71718428585
5.94489974601
-8.55678220019
4.33908510145
0.69628883782
-4.87006938881
-8.36615072148
3.97377237983
-3.3132647425
-9.96858412636
-1.6182392178
4.25533199376
5.97087155563
-5.11280166003
5.17804822357
-9.40272933167
7.52082540291
-2.416510082
-7.57795356389
2.19360178082
4.22575835723
4.69276986927
-2.01333715843
2.77916823986
-9.5462511907
-3.02026406554
-4.66191053998
-2.13703625786
6.89911974852
-4.32140243682
8.30102127375
1.01244772485
4.82156936942
5.9182099798
3.62945676008
9.37531430888
3.44636971557
0.535052229157
-1.54181014684
-5.44449875049
8.57974164795
8.14332432691
0.698999709155
8.81696675439
8.78437424046
-1.96233191505
8.64310468682
3.94812664254
-7.65735235164
4.76180351449
-6.97057488193
-6.35494347501
-1.75326425549
0.486693628898
-2.39854530239
-5.86090684459
6.54684238137
-7.17786133224
4.78256677829
-2.37949634548
6.36432282549
0.614856614514
0.822602155668
1.36308014297
5.1678795092
5.17354588495
-5.35384597364
1.96037079538
-6.66903938474
-5.04765447125
-7.97728612112
-6.85604442979
-7.00716240403
2.50190953353
-7.19078015738
1.77267039198
-2.41503301602
8.80077183887
-8.87525109793
-5.80103743868
-6.09646267627
-0.676897231821
-8.04312256411
2.35520556317
-4.78595424244
3.94446788755
1.68422195913
-5.32657750087
9.36033059391
0.258119250503
-4.85471027682
7.03394541081
-0.799144362431
-5.08242757506
9.16395570351
-2.26543933799
7.81791840498
4.64594192089
4.96763612951
5.80172874448
8.48266258531
-2.31900076948
-5.85842794156
0.781055622115
-0.225670399196
9.78865636341
-3.09415295678
1.8615759319
-7.90367370709
2.76064166404
8.36819922963
-7.5815838112
-0.764900756663
0.548522117328
2.20426408446
0.0960983254039
9.83032175933
1.22917396052
5.66952202576
4.63266442538
-3.06040564761
-7.87721653573
-7.81653992865
2.23461531305
8.91432934637
-7.47054803413
1.12017054889
8.71169827654
8.03056910921
-6.19577924295
-4.89505693476
-7.35906985465
9.20793199161
-1.32639801807
5.69365545096
8.03072164266
0.289867563406
-5.20448870567
-3.8096742563
7.07150774057
6.98941291549
-1.79028323612
-0.994774885763
-6.25213339137
-2.04632627251
1.60143242675
-6.1214397211
-7.38185399052
9.31849346817
-1.96565221125
9.60335783699
-3.78929956779
-2.27710226478
-7.50623653898
-7.61011209648
3.77291217833
8.66755906961
-1.83331439959
-2.99701978537
-7.2309864592
-4.59234995665
9.4184906052
-1.78069763972
-5.75898552975
4.61250055771
-3.28174302976
3.22039745783
3.12133076104
1.22114595457
-7.0863024044
-6.45296295492
0.203131228577
-5.70965062017
-3.15034653407
-4.84244266756
-1.28134280998
1.13796048683
-3.49241147994
-2.52769251983
-0.227176144349
-0.0408514558978
-4.65923398636
0.415406177263
8.63841426269
9.442973708
-9.02110927642
5.94968902825
-9.78700314127
-3.57257478
6.58398328562
-3.39102968019
-7.99931908448
-0.602904936328
-2.57616861907
0.841848065194
2.89308161147
-5.71179157585
3.07100665769
3.77691001504
-0.138471487646
0.72914584635
6.4513043914
9.40097864296
-9.9127833746
-2.38668239745
0.779948473317
-2.50247087902
6.45457949052
4.95307029753
-2.71382058362
5.19336636707
2.41657987128
6.43133673947
0.156895941922
-0.567518800843
-3.8044084211
0.0604033831582
1.10782384643
-3.53786135608
-1.14545844131
5.20556932172
4.67929938117
4.51108382912
6.37239569462
0.915885449058
2.9662526554
9.97782113166
0.574039138512
-7.28162827762
9.36184444358
-0.150646866958
3.41537554338
-6.79334883861
-1.85062743156
9.22879033101
-9.31086762767
6.111603511
2.22134722559
9.34880614331
1.32275091718
3.48641818593
-7.9464209167
4.94100591397
-6.55738362572
1.21332558402
-3.69401912488
-2.87860963247
-2.86938232398
-4.51173878533
5.90485790205
8.23426444553
-2.33389666008
-8.85681386466
9.44646888073
2.30708235322
-2.26836597874
-1.74800543988
-1.87808335008
-0.367485535507
4.13842322361
-3.58925952452
-1.10642004519
3.91607810492
-0.11803861433
-4.39763707063
-4.14684757556
0.342547258726
-5.10797838657
-9.07602772698
-0.716114241977
3.3999882897
-6.91952969604
-6.10010986487
3.83837551719
3.33216182034
4.98357951535
-9.94719368673
-4.33067472226
-4.30690510527
-8.07627677836
-6.48812660506
8.07450751477
6.72158898047
2.81463717041
-0.6326736526
2.46846211172
-4.26208482738
8.98676265626
-7.11588246677
-3.47260823747
1.11900528321
7.21550960118
7.70549981833
-8.65288788393
-2.20575710029
-2.35008771011
-9.39549809832
-7.5962832567
-1.95469704764
0.543968055586
1.07214930902
3.30612558032
3.33024435962
-2.27014572619
-2.57313496158
3.61387648697
-7.48673206309
9.96844008499
7.12155574874
-6.40474997108
8.78172704428
-5.74506991403
-5.9043492862
-9.98111431735
-8.925899139
6.06908888384
3.98507147115
-3.14306181405
6.48670288838
-7.06421131681
4.61481756366
-0.538496895152
8.42649737242
4.72073000454
-6.15907546548
-9.01222915553
-7.35132572657
-2.16547773226
1.18556767628
6.81177978373
-3.38140291998
6.03945215026
8.9813533773
-3.918678237
-0.834873094029
-8.09205019023
4.9256952922
-7.52717402687
-1.64499947395
-1.23191779007
3.53077783397
7.14759646023
-4.64527411797
-7.10828075614
-6.19341076363
9.43639852623
4.6513737991
-2.71136984581
-4.47349157063
3.47704535311
9.34294049424
-4.57915754177
3.09484424003
-6.64907306503
1.55749244675
-3.16690031938
6.219791104
-1.11833922363
8.50069437932
-4.93640748661
8.87843814865
-5.98441382454
6.59976760882
-1.65416477187
6.58019398105
4.11737884515
-4.13362561646
5.00640609662
9.76755367529
-2.95859704482
1.58843371416
8.82250702226
9.49244064939
-2.15752130014
-4.87159924695
-9.63202509727
-5.50556185403
1.56292746107
9.86351731313
7.79086591209
3.48680063518
-9.1244819468
0.692748870219
-1.15326576117
-5.14093677134
-4.11327545171
3.42734660722
-5.28514603475
-4.47793532752
2.77006378334
3.16871589588
4.00889016368
3.36068414321
-9.48789108903
6.53914550086
-5.99531299275
-8.7875928453
-7.14101668919
-0.506021752914
1.36918034263
7.31146970544
-1.45252985737
4.79735604261
7.09144126869
-9.90881952365
-5.31233378709
-8.94457510812
-0.170723129176
5.01122430382
-9.86435840519
-9.71813918489
-0.533269610155
2.08667791121
-1.40986409868
4.5071856237
8.03629994709
3.13439228243
-2.11425541787
-9.35315111368
2.43960155322
6.01825843308
-4.21114054759
-2.08791902021
4.29930607747
-1.52694347015
3.25699618068
-1.63333955942
9.38024667155
-7.67230597787
8.33980280462
-0.775072657293
-6.4515755818
7.32674305655
-0.398905231766
-0.392355936029
2.05446928474
-8.07974110826
2.73689448404
-7.13533678479
-8.24123416976
-6.86355099106
-0.432533730187
-3.58719167411
-0.0444404398711
8.91923950558
-2.96795660646
-1.21247744058
9.37840877142
-3.90622270294
7.24898950169
1.32718918528
-5.54726758966
-7.4370516812
-4.12374414117
-4.32717019056
8.82354387101
7.024309457
-5.50616220141
-6.5153750883
9.3623587353
8.31439174784
9.37246179842
-6.59709845431
9.19991789489
-9.88557974428
-0.577368398291
-0.118116612718
-5.05339400046
2.05977102035
-5.14751634988
8.16161923631
-0.779197779429
5.69780850917
-0.27510194515
-7.31448944004
-9.48893585697
8.88786150704
-1.48571459533
7.85195661636
1.91012711189
-2.79884178458
-4.14256036144
8.1531392264
-1.0668698801
-5.70455379535
0.0434631561825
-4.24950949267
-7.17075442783
-1.84547934956
7.63596504738
9.57030551107
-0.970664798881
-3.554395758
6.60271226049
-1.77019120047
9.882367189
-4.26349528054
3.05025707172
9.90084300691
7.98454764871
-1.04410814254
4.40669497779
-0.487032173457
-2.15646938298
4.18707764184
8.55666152388
-1.45886747637
5.21417534546
-7.97813171768
-4.9082586128
-1.47064947305
-6.82774718993
-3.60785948111
-1.91423717526
7.28453555618
5.98318859071
2.11270056437
-0.632541448374
-6.27350672147
0.555686327379
7.69750650093
1.09251987166
-7.1972616268
0.827218612109
-2.81530598166
6.04464290203
-9.23929895455
3.49651820546
3.26625736668
7.8838044443
-0.59316456084
1.20176635176
5.08784578622
-9.44058982994
-4.05352909122
-7.45256359972
7.96479498779
4.15033263331
-9.50897192029
0.988920767788
3.1273414622
-4.03458759497
-5.66313002691
5.55689374719
3.60649556062
1.75835642211
9.74174721579
-5.96343164331
-1.39673380848
9.52695176365
1.69605017849
-7.65860262848
0.915859235032
-1.23938378841
-6.49780926806
-6.47579612499
7.04239852094
-2.85226208137
1.37298416959
-3.32532027422
2.66248397054
7.79597406743
-3.0125525812
-9.69017934131
-9.08136470592
0.493836364494
3.87010130086
4.23288656527
-4.328415781
0.252368580089
-7.41451972464
4.88260186975
-1.78556747424
7.23772888466
-4.63852511331
4.9956806072
7.06324725106
-7.1047097875
5.41260063252
-2.54336651379
5.9509381282
4.79423873332
-7.07500140943
-8.10252036858
6.67546496322
3.30770297811
0.872318393344
0.966013629561
-0.945228340015
-0.748937010528
1.44615893472
-2.07077731788
-9.68483117108
6.29885060112
-1.59146285467
4.70277253032
3.71635977459
-5.67368175101
0.817533341423
-7.18793295681
-4.36603439467
-8.58777849097
7.3566163127
1.42729281982
-0.507287374537
-8.63236170408
1.46149728406
7.41635879529
3.18800796435
-8.89802982807
-3.58205653741
-8.96842974108
-5.69648170385
-3.29159547911
-1.04162859744
7.14751884705
-4.83359110594
-3.64621412359
-8.60909254714
1.51882850546
2.7278524337
-9.63777371389
-1.22801855014
9.21881449777
8.29435240461
6.4928113471
-3.87530955847
-2.6964915513
-2.3838148686
-4.65120772835
0.247620842335
-8.47564287724
-5.28222200514
-9.94959029896
4.52515838853
6.15161578262
1.03256320856
1.26682974375
-2.75342381644
-3.1559556975
8.01312889469
5.85727051076
3.32298085499
7.36791485973
-0.878516258367
7.86212889802
-3.91568028183
-1.15710782982
5.31601951748
7.78644340759
-4.12884345872
-2.2134234211
-3.46501776877
6.22417316416
-9.36023441098
-8.52494869569
-0.569038511507
7.04079478871
4.13323102512
7.14470417275
2.27551313968
9.11647739381
5.45906999927
5.14418038945
5.54278288107
8.17316197868
-5.75498583593
9.91000102593
-2.09088748142
0.701885778563
7.76703326415
-6.6649940905
5.31315437303
-1.13835011105
-8.89822820584
-9.5872577794
-4.34174879139
0.147841259854
-4.4929219332
-7.65022468146
4.52173460693
7.97545026866
-1.29219423258
0.357574369112
-0.154770880361
3.76149300647
-3.14846316767
8.37250851217
-6.35508428008
-5.75145890668
7.03976769289
2.0007031859
-0.376290664796
4.07524880637
-3.06225370508
1.52857706542
-1.35686747416
1.02855967263
-0.906953000315
9.41308053115
-5.59269480327
9.42579393393
-1.97388509065
5.60331218321
-5.24391429014
4.98934384268
-0.90377217146
4.6302781457
-0.912176223091
-2.0791910649
-6.5376635202
7.39784879865
8.31017404207
-0.150763317844
-0.125377516326
-0.739018140361
8.74685395883
0.783060170313
-8.8286783862
-2.77166037006
-0.0969345457433
-9.29259796207
7.17510139552
-3.35768025778
4.23366502266
6.90507669925
8.56889515989
5.6741201711
-7.53265926831
7.28659013835
-1.84937988675
-4.71754957213
1.88368123969
-0.694138384031
0.066750181952
5.26407870433
-0.0590343879975
7.11256082661
8.65991546819
3.47238960997
-4.76065854491
-5.87448780894
-6.60658362639
-0.155056749278
-6.33256588425
2.36035125885
-0.647676768664
-4.63309081081
0.20106174914
4.36715294765
-7.30519572585
6.63880751464
-4.61957828581
6.65189475642
5.01383635045
-0.0718354448121
-0.415135855876
2.73982029206
0.816031552323
-5.19140656592
5.15513608131
7.31288043282
6.83559603252
9.98396732247
-2.39059058519
9.96198634192
4.95052837822
-2.30112051773
-6.57439765756
1.60991978652
7.86827179914
-5.42324276479
8.44107591748
-8.58744636827
-9.75285107308
-0.350652682674
3.33519409455
5.7461093986
9.81930458942
-7.81966057164
8.84522294267
1.45768160008
-2.47470412294
-0.882855340221
-8.96246010271
-0.452397951841
-1.63583554267
9.49142038715
-9.52906518329
4.08962508159
-3.05828656233
3.65700627815
-6.36123868068
4.29350488231
9.14252190892
0.706987543067
-3.96296048599
6.21426083601
3.4493357032
5.81209137414
7.94749667003
-7.33888990764
6.40440822858
-7.67961079857
6.66168287594
-0.218202465531
2.83701672077
-7.68057981327
0.365572635305
2.51889158524
2.37332886971
6.38609554216
-6.83019926972
5.20435759634
4.90967217914
-5.676823484
-8.22092763185
2.86338774307
8.67038395271
-9.61059569595
2.1981295403
-0.927651554471
0.0473890034066
-7.81588528998
-3.90746834969
2.63417166946
-7.74347021263
4.78594976761
7.96852789075
8.88215370124
0.443181582842
6.25270193298
-2.40062468597
-0.348635011276
0.960316276617
-4.64199959171
-9.92059983279
8.19767236904
3.23148870351
9.57421210822
8.51568026823
6.67401899925
7.8312844126
5.36280534099
-0.557238671242
8.20791018574
0.252224179094
7.39040852465
-2.21731245949
3.81376074244
6.7289643071
-1.40720300479
8.11738968606
3.63161163388
-8.71472358557
-0.620003727762
1.02535250512
-6.50979050879
-8.30638941803
9.36340028432
-2.48693190463
-4.71565673609
4.19014481931
7.14205574421
9.96352101893
6.96282858858
-1.98801266123
-9.00041789317
-9.25089760949
2.36586268579
-2.08415931668
5.09936391611
-3.65211706774
4.73419154466
8.10799376446
-5.31554103569
-5.01594672055
-3.59627657116
7.55437022415
8.75707833349
-0.855841027794
-1.68516031882
-3.66436669222
-4.39233035582
-5.41773328867
6.11581851805
-6.03593294537
-7.87996617291
-2.02155895961
-1.49646594491
6.32278276685
-0.621529871242
-1.59853417712
-3.93612302999
-9.94479956779
-8.05729758778
1.88644676078
-0.533263267818
-9.17961426141
7.136286341
-7.31069200028
-1.99146490334
7.82674962913
-3.6587459719
-9.43771704
1.48152250878
-3.71096606496
9.84258899954
-2.83181186506
1.49643813134
6.03243921525
9.9874988286
-3.06994032106
-9.11875495463
0.940822061707
8.46278473952
0.946270038683
-4.53427588129
5.35679225461
1.82204277258
8.33605296668
4.80194862265
0.0584466785017
-0.795891949639
-4.64740569792
-4.77771222505
-3.36169836653
-8.22682643701
-7.28425681531
6.07955962385
-7.55884926884
-3.60668190754
2.97680767868
-6.96618138229
6.13862853111
-0.234430456559
-4.01525769857
0.729957444731
-7.56241621683
8.36291955943
0.72135292636
-2.03543923687
-0.762014342552
0.532549026028
4.34859358672
-3.24347024141
-3.87191814354
-5.96636466124
7.44227676896
2.88585628556
-3.53697187434
4.77645251232
-3.21767941512
3.4880009064
5.13417583413
-2.15898642154
2.62600218178
6.43342268487
-7.98691711608
0.684989836459
-4.87472299062
0.540574941155
-7.02562639705
-5.56635644044
6.67782392828
-5.50888535472
8.04631305073
8.0701875648
-4.54232703281
5.26506568136
8.28362329346
2.92305566473
-3.71529567763
3.07720286408
-6.55951000895
-2.21293973369
7.19074071621
-1.80316157684
-1.05597326673
0.91938468987
4.3023649218
-4.39560395596
4.6862767113
-2.9322437222
6.03227050931
4.55754333273
-9.99635699444
-4.91515534809
0.45704756835
7.25977364524
-5.39683969086
-8.9437707155
8.21761955492
-9.81402289002
9.83632502382
3.65542398078
1.7886795441
-6.24225700455
-1.35958078465
-6.20976410833
3.38267486043
2.29533267519
-2.7066855264
-9.10841144982
-4.04179262916
-4.26631085822
7.20604200893
8.10616071782
4.22895916815
2.47785352196
8.71972948691
2.76100409987
-8.11275123342
-1.5275679001
-7.42484766466
-2.37703901072
-0.182174672484
2.91309514406
-5.04277211565
0.541894936596
-5.67990304383
4.13661224272
-1.6395042793
-0.628297812329
8.76438654882
-3.22250299341
-8.47933288108
-5.9895202082
7.78142077825
-2.46167624344
