1 0 0 0 0 0 1
-4.83163849948 1.58981132819 9.77583915754 0 0 0 1
-1.9558469212 9.44085614731 -0.241667548998 0 0 0 1
-4.74268137873 -3.87147874831 -7.50056131516 0 0 0 1
4.6281093074 -9.55206704852 -4.32963369974 0 0 0 1
6.99778855882 5.63293030133 7.69178846699 0 0 0 1
9.68285475159 7.21036441942 -2.51980748761 0 0 0 1
-9.37133881586 -3.52308006723 9.29517828104 0 0 0 1
2.96602117869 -7.85239004597 6.85782817927 0 0 0 1
-7.93341093469 -7.38130108863 -7.59129516267 0 0 0 1
7.79197332816 -0.627243665967 -1.29977230453 0 0 0 1
6.29032496902 -9.56874496389 -4.26496092483 0 0 0 1
-7.08951103924 2.31882652181 7.91610767768 0 0 0 1
-7.13769667194 -7.24413717922 -1.70449967915 0 0 0 1
0.350374367423 -8.07048825196 1.90819509501 0 0 0 1
-4.43222832315 -3.6097089638 -6.55864798445 0 0 0 1
