512
-5.55994340291
-4.75089190886
9.19480849729
-4.1535091403
-9.97734193885
9.84526786428
-1.40688249469
5.64064836811
4.96324002839
6.19002581479
8.23902025004
-4.18696339479
-4.15905660226
6.07898238066
2.15665257999
-0.271167742294
9.5325442369
-7.44198421105
-7.63198952148
5.23477722365
2.65159038992
9.13406716947
-1.25729549619
7.60253146003
2.40520074588
2.08329460071
2.69577890922
5.29747023167
2.51460413917
-8.42005140761
-5.43595748958
-8.78450656309
-9.40566249557
2.30645524986
8.53916088202
1.52745456037
-4.43175132738
1.49188192925
9.30493139997
4.19278499681
-7.79321911874
0.979093133134
9.3483958351
8.81025321688
7.24871126366
-0.5894031721
2.27712119938
-6.34671191204
-7.31439255053
8.25091717146
7.5852711826
-7.35671129215
-7.84908167081
6.10482955115
-4.9064252562
-6.28869724472
-3.56928428415
9.7146266322
-6.22113963059
-0.925056539871
-4.80756176183
0.409554530146
0.471389767284
-6.87657675765
6.99002688566
9.31796295714
8.57343829724
2.48838651446
4.60685403453
7.36819350886
-5.94286952639
2.09712949488
3.52120965454
4.08817321571
-2.45894160088
-9.59570771854
-4.5143601412
-3.63043554831
-1.60802093824
5.8788259821
-0.678979384121
1.4639810446
-4.00102474994
-6.51144078074
2.43379720952
-2.46397049412
5.25027835979
6.47841783116
-3.11082341761
-8.78535850132
-9.51186074274
-6.12588307269
3.4837428837
-4.53297468051
3.18142001229
-2.02971757419
-1.75017033233
-3.25195158411
-3.15848342384
-4.84517790076
-0.060097454428
4.28916719329
3.36363042197
-6.14641535492
9.4268976617
-9.45101080799
-5.72072925042
-9.5305380349
6.78211386355
-2.66574958547
6.16280188037
6.52088186955
8.43097541332
-1.98434613804
-3.40575292568
-4.41646961033
4.29801910179
-0.356131637962
6.60376188033
-6.8678872985
-8.11032367313
5.12659407071
8.73171536001
-1.73535435523
-8.0802914886
-2.9464655485
7.53383561234
-2.09558536238
7.2623130736
-1.02288309537
9.1099424995
-6.60073050442
7.590121012
1.84744451915
-1.4369047467
-9.07055538211
5.45672194958
2.24121183464
2.00006591348
-4.83923184028
0.341704012275
1.44776648314
6.52972019313
9.56548118814
1.99006142631
9.58246315824
1.39773357361
-0.56063926809
3.7967160617
8.68183006865
-4.01664194698
1.19579437337
3.33746796875
9.57529229986
1.13671291117
9.25584100221
-4.46500234626
0.629880078763
3.24012960483
6.82069275544
-7.13890431258
-6.11314519531
1.44242179395
-6.60687457849
-9.0767258538
-4.56178252065
-0.840136372842
2.82139019612
-0.431410325235
0.818554184032
5.61053384729
-2.40852239494
6.9361603729
1.53262636527
-8.45087766747
-9.25531494323
4.45496583419
2.04693611183
-2.18652867095
0.788293448054
2.31465117937
8.96318178848
-3.40089256541
2.2488330985
4.89554323554
-1.52865272305
-6.83236703423
-6.91144181054
1.54958946694
-3.91801909127
-9.60165306786
9.33998232524
-1.63025932986
-7.36658481892
7.8737180898
8.52765863394
3.67535834656
6.08648136765
-8.81769982506
-8.30375678011
5.8092235651
-7.19172512039
2.75452917216
8.2191151172
-7.16536593398
-9.08440202699
9.29055019398
-6.57351113482
8.15150587598
4.10130977432
5.16377551781
5.59333816235
-4.37246976618
-5.68539707021
-3.58332758104
1.4231632307
-0.751441986256
-0.0117698747126
-2.67757133289
-3.51510953055
6.4817916171
-3.2110776041
3.36022102662
-3.19582988672
4.02965152773
-9.58140904117
-1.95960476584
3.20993945705
-1.22393119409
7.6634392905
-5.0765645005
-9.01746609035
-2.91949702261
-4.91654890724
-3.82734466023
7.67483397397
2.96717409874
0.377440659371
-4.59763646231
1.46719580864
-3.73301827342
2.97864294485
5.97904184359
-8.16696164093
-1.13585211621
0.616099168121
-9.40039601166
-4.79424843901
-0.7099234175
-4.41085665156
2.86679201051
2.27531830269
8.57359049169
3.4937444234
9.70392797943
-4.82347145348
-3.84638389407
-7.36738552431
1.73791127375
-0.79122191419
-6.76097567244
-4.50462092485
-3.06706900934
1.41672929687
6.42481895916
-4.6070104796
1.22601657644
9.83484190256
-1.1291873956
-0.620214892724
9.99233150533
5.99348089438
-5.56128026426
-7.73020376497
-6.65514578564
-2.03152674224
9.30051214238
0.555162167253
9.63560574576
8.42141540339
9.52155175892
-1.86771139625
-6.62243961495
-6.44490590004
8.76545836159
2.05229845376
4.57413955165
-8.24999995625
7.45018659806
4.52485839556
-2.23813020567
-5.91206893812
-0.240026319296
5.80205212733
5.6801501408
-8.01147505226
0.11068025434
2.55902478843
0.950757887869
3.35787713712
7.34757931406
-3.06074674219
-8.38290064216
4.90634695839
8.91783511348
-5.97775309073
-4.03096033445
-2.96133072736
2.53940735435
7.43666426209
-3.03467648611
2.18930671112
5.551477951
-2.00089900235
-8.3071732409
-8.50282614771
3.04107921249
1.76996982022
-4.965872267
0.369682709883
-5.28391333127
-3.55221631581
7.93026036846
-0.533890998508
-7.57053830887
7.22894811916
1.98322725101
-5.65688435705
-9.95142964477
-2.7105569614
4.87136405814
2.18203023583
2.10024739628
-7.48249112775
-3.72273103913
6.09479106204
8.77022705686
-7.06691430109
3.78019061506
-9.4812152838
9.29907618847
2.43798431246
2.38409954675
2.70680927207
-0.542542734418
9.85238195024
-3.67248884271
-4.51953277913
-3.33775955097
8.57752765737
0.323167707609
-6.72608030844
0.962553777604
0.260002847355
3.90658283945
8.59300042501
4.4948724525
-3.54412766279
3.44273322186
7.43539873123
-1.28805254695
-6.67581319135
-1.36542373975
1.73637518621
-0.836857842281
2.86321227121
0.66909797286
3.01268176057
4.39814180767
5.69118868729
7.04150660345
-7.90329487238
1.6639964223
-4.54903972701
6.08101587434
-5.95211215967
-6.08198934141
2.92687881093
-3.57636635017
8.60899854733
6.20050144441
7.80119472121
1.94952180543
-9.70306479016
-4.97597203598
3.37085232123
1.21211327356
-4.62922697178
-8.7421535801
-2.90830644465
1.07263551266
9.29746791091
1.82174581956
4.54102999127
-1.71207647698
9.83695484073
9.74837660458
-3.50214762135
3.77113975419
2.57260301051
-9.92909401711
-3.97391270122
4.49761070555
-6.55380663191
-4.50915230105
4.34710225888
1.78309811582
2.66644688327
9.85062397987
6.54056716728
2.37239480772
1.90584951804
-5.17679010834
-7.73281491586
7.3730411168
7.90028322825
-0.696090729979
-9.65843418061
-6.6455284423
-8.26458195843
8.1150974315
8.31690733902
-9.51324879796
-9.60630557577
-3.34716396875
1.27483189609
-7.51627877901
-8.34042500876
5.97160399117
-5.74774880776
-2.18920491267
7.22916429845
2.08529776828
-3.6189663598
-3.84184529085
5.36755851362
-2.66770886179
8.04254059492
-2.53913678375
-8.08742619663
7.33460718185
2.33211532205
3.64316521278
2.58515857245
-6.63626168835
1.76999239131
5.9166522344
8.72780710169
-3.28505097963
5.00705718518
-9.65166602587
2.12993294449
-6.00252967547
0.82242399281
-1.56931716571
9.71488809944
-4.05828241616
-1.32567932637
5.25272082184
8.37716470902
9.00167318415
0.365517375741
-7.72648968471
-5.79373957179
7.76322673339
6.7863422786
6.21968259538
9.33939201624
-3.81605722724
-2.63002781645
7.59597482002
-2.19990543361
-9.4133377488
2.24710668898
-3.08928429334
5.71757589454
-7.57784855959
6.94409512914
3.96837184646
8.3834579614
9.36111107766
-1.5117903231
-7.90762170916
-6.81638388539
-4.22800965658
5.89677763662
-2.22769325287
-3.68734062991
0.20365043688
0.680215947101
4.32315651813
-9.6735338791
-5.82232099739
7.93669351895
8.38886871214
2.64631467011
-8.34766756839
-6.66954401736
-7.65521220224
7.70082219756
-3.17626086412
9.24490528003
0.103748983928
-8.1399076904
1.16067293621
-2.42239828307
-3.98193566434
-0.597454410072
7.76901405928
-1.1537909277
8.88739261399
8.81321172086
9.74086347521
3.04220579237
6.64715945048
-1.6126353606
7.39848742331
-6.84760904999
5.28899668253
-0.897466989007
7.43168037875
-6.30134771555
5.49199960009
-3.00839088408
-0.30675566521
-0.306724669552
-6.20324702011
-3.70174626451
4.87455401278
-0.78994809677
-3.73442977123
-9.50978668977
-5.59254167926
-6.10986337211
0.870883291971
5.14945297874
3.20368424479
6.19764012795
-8.52307966383
-6.42248270121
6.98594724663
7.79617603361
-4.90072909216
2.64184784777
4.19630827891
-2.69017533864
-0.89494372836
7.98933386663
-9.33656388375
2.97348358958
3.5811147548
-5.40891488357
4.72395640489
5.67928449389
-3.88617180595
-3.05064964541
-1.61539074142
-6.92588747473
5.99317669139
-6.39147922421
9.18094625769
4.85969761636
-4.64926813968
7.51986960789
-2.74468200789
-1.3342100267
6.87103175598
4.4969965466
-7.67827868584
-9.239461032
-2.81730914424
3.3117052034
-2.09388401287
-8.41765583385
-7.45533147148
-4.61764900019
-4.1495236044
8.401565489
-1.82886467868
1.35956231364
2.36083824605
2.54176160631
-6.04070100201
1.69111825953
-2.67807577785
0.5075367645
-4.41712883673
-3.1940139969
2.34439979709
5.83839308242
5.33853946859
3.06003443768
0.323441957248
-3.93943925949
-0.145695415753
-2.30865783513
6.39922982467
-4.57535441636
-6.29858813456
-9.51222640735
5.93075574837
-4.96207405594
-1.50734447901
4.77086252978
6.92441841159
0.268225629723
-5.13701481309
-8.36724722369
-3.91108840421
9.0951927884
6.44379451614
3.41799080114
-2.00750990715
7.83377607332
1.09800189664
4.87746205909
5.37526899164
-4.35744760923
-6.56310085282
-3.63009595001
-3.69391727949
-3.53490904053
-7.95120440454
5.16644582424
-4.51928172957
9.56481167866
-6.72060707878
7.8648932399
-1.26169848849
9.35200325279
-6.26245504721
-9.29494483678
0.342215845646
6.98819994964
0.508618334874
8.56006944989
-7.30591495941
2.34157683659
2.72586104373
0.674537088771
0.731860589427
-9.40314402738
8.15876505647
-2.58150480078
6.51387408895
3.84018979136
9.18360727295
-8.52565523749
-0.316439512184
-8.58015693551
1.27381971053
-9.55194095448
8.66312207106
-6.29960132244
-8.23520282394
-9.04280890239
-1.447388281
5.93544651547
1.99685857556
1.95146009241
-2.86241158482
-6.84485464271
3.32704500743
-6.18698630418
-4.02026278447
4.29267907472
0.203292419739
4.18828857058
-6.3047893171
0.811167859729
-8.87787360502
6.71369620555
-4.75853996416
0.57532938861
4.80520300289
0.0555805203339
8.43011193078
5.31096133357
5.19608601043
6.32294392098
-0.825596711347
4.68611659968
-9.90593970926
-4.4864816532
-3.48699168895
-6.27865238509
-9.98394250298
5.25178471547
-8.62759678868
-0.931055158061
2.22155206929
7.83641952135
-5.33101462623
3.38337423941
1.6721765857
-7.61783660336
3.25197630609
4.45093828702
-4.1664484171
1.79832447501
8.35431939993
-4.36350482322
-3.14900902087
9.65495613508
-7.30893405135
-5.5309520943
9.74499513321
-2.72000305711
5.58991358644
-3.95361515614
5.40976541585
-2.85714476326
-6.1993781571
-0.406834008594
4.26433094066
8.6214080571
-1.92173080971
6.51594784988
8.36377387264
6.24695398445
8.360640846
-6.25676510505
-4.15776037844
-5.55257203423
-3.13976334234
-0.888115109129
1.71274617609
8.7389873968
2.72067148459
0.722114429558
7.90130697684
4.56915953751
2.95696032164
6.75304139688
7.63887194957
-8.40505662701
-3.72759229125
-5.69181586104
7.45877438365
9.90233183534
8.78172458552
-6.43208972285
1.34416183121
-5.8450541035
-0.631354621025
-2.92312209538
1.43529437738
-2.92873065788
-0.0129759537599
1.42204739585
-1.484040896
7.01008752532
0.132983762969
8.46405200158
3.85158156271
-8.80149416054
-0.128157782638
-8.63076931141
-3.21215264757
8.16697997375
-4.46047473675
4.69774702622
-3.27700624418
-5.25161513532
-0.129909015405
1.01357136492
-4.57677804202
3.10274835545
4.76004219882
-2.07806789507
4.0076084578
-3.29733235457
6.93399638
-0.740144516019
-2.53094618228
1.48194204377
-3.92548851408
-4.12495328874
-5.06953052028
-0.471944399139
4.73175801747
8.50461718622
-2.88295329679
-5.80499602591
6.82090073456
-8.73599682976
0.960436202032
-4.55628988729
-9.0057862238
2.31070523062
2.29601262361
-5.9590939614
2.46306303814
7.33645073106
-7.76419797957
9.74133636564
5.71840497392
-5.81742553636
-4.32251758361
-5.85462234593
-7.23425270944
4.93038393757
-6.04034443031
4.49419267815
-2.49803152827
0.39489181654
1.52640298249
1.99607938257
-2.21684896102
3.19405267463
-7.54611031314
-6.97082093234
-8.83555585865
-1.73357922569
-6.47871469027
-8.19024243225
9.75722738884
1.33055664313
-9.66293966694
-1.47128397961
-5.13679783326
3.74435342114
-3.07139428468
3.1824548417
8.07487621355
1.58374991917
-8.36500888363
-2.44075504443
3.91326060359
-1.40405184888
5.08501794286
6.61333570853
-0.72483573719
-0.491883279301
-9.09440155738
-1.41610269739
-8.52024347611
5.30915794986
4.41635882203
4.01201552917
8.68476424805
-0.0274571559501
4.31496405122
-0.344107596846
-0.3817308193
2.43396356771
-0.73049242527
-3.63881304734
-4.6384806704
8.19584357686
-8.41939142458
1.3767592898
-1.37047104386
6.20370479959
-7.63039344034
-5.40330400676
-8.04531186028
-4.76536256361
7.94206049724
6.73353932036
5.5776426679
-1.25320386087
-7.71706232496
8.40260849408
4.91553012899
5.74106325158
-6.60069220933
7.40386292655
4.81338971368
8.40213195084
2.87454370268
-5.78241418143
-5.98380716249
-4.55283155702
-7.00453163564
-0.0467702015683
-6.61678614014
-2.11019463009
4.78717382844
3.46956842632
-9.14968273257
-7.47426068959
-4.29692780717
8.62463949604
-0.994052607142
1.73826646713
5.56703534944
-2.97300174649
-2.07331780188
-8.19101854152
-5.61162592525
-7.20349609466
-9.8030597255
-6.90295919128
-4.65194381529
-5.78048432578
5.59193368275
4.52339388247
-7.87719286234
-6.94195656767
-7.10203337132
8.99707443072
-2.64142719938
-2.05751232979
-6.38811730967
-0.556624295624
-1.20522743131
0.820452401134
-2.92970878189
5.58874110823
-1.81367925244
0.693612749887
-9.46204125469
-2.407282402
-2.35178917764
6.03331548516
-6.8793971266
3.00733495071
-0.316708046366
3.16547012853
0.518565290893
9.89102845398
4.97448387987
6.02689166504
-4.74364926275
0.723242129927
0.29959817237
5.83947826866
8.95510777094
-3.47829939662
-2.56274767709
1.3518301318
-5.86474422767
-3.54105052246
7.24864734945
-0.0220067339346
5.15134961235
-7.55764722357
-5.59124226573
0.561916929264
7.02526528498
7.59695001393
3.57036703389
9.49298683975
-1.74252851769
1.30007714244
3.02580400509
-9.5145684925
-7.66277066213
-6.49926070775
7.62048258844
5.2264849125
-5.01166459561
3.48810407766
-5.37594299159
-7.46179854546
2.83886965947
1.47570141266
-0.452250376284
6.06346490542
-9.34777429065
-0.628796075294
-4.24286297292
-8.33160598962
8.89031806787
-6.48817976373
-2.94489871421
8.33212866697
6.9199896374
-7.54873667407
8.56441240763
-3.37516587058
-5.32220307981
-2.96815797604
6.34022559271
-4.10416355392
2.38422657816
-9.4701838218
-6.48302497037
5.90436072602
-1.69385933202
-4.1782604884
-1.53393473339
-9.78682421123
-5.77551131123
-4.29244742708
9.33569152791
9.66054997853
8.11700959973
-1.83104005499
7.46849396483
-4.98050523543
-4.6435988908
3.22877483442
-9.14592395864
2.86944984043
2.09742260294
-5.9451685027
-6.17552806748
6.37937759065
-1.06800197858
8.72840937784
-9.30709133023
4.96260656281
-6.16517189519
8.48344780009
-1.75927680757
-6.23959693915
0.269166913589
-2.94951433544
7.86123442587
7.92315738201
9.08350168549
-2.8175498696
0.00867995454876
-8.86138442714
-4.62316328253
9.53022366937
0.671972669593
0.385476007923
4.46605132748
-9.04808043481
-0.406971946429
-3.69858324902
3.5830052271
-6.16848111978
-2.6537033738
-8.70008014095
3.91489559459
-0.819453537542
-0.0990329705472
8.32418451619
-7.17633148472
2.21672936749
-8.91487382768
2.66671483384
8.9526536875
-0.0864917232817
2.47524105234
0.41262864175
8.49848103722
-3.77747956006
5.55898054423
1.95139994208
-7.42519029172
2.31909741755
9.20738614151
1.27421876698
8.14497374138
-8.76716442071
2.57967568983
5.81305890053
1.27824959557
4.45783790516
-3.77178664286
-6.92739298816
9.81698409716
-8.06541463055
0.245921732654
0.695861010665
9.31586201876
-1.97941669052
-3.82089938845
-8.54885409409
9.63224495196
-1.14209927329
-8.04979027903
-9.23239029048
-1.53915749109
9.0510373317
2.43188903129
-8.9393260394
3.84456251259
8.65981143529
-4.43158390417
2.38402719647
-6.79681969057
-5.43452120497
-8.27917852221
-7.10910816998
-3.60117042936
-7.98928909455
5.1366446584
-4.22981776772
-8.4916816921
-1.06290841376
-7.77455240721
-7.43427360383
1.24645793203
-3.52081105431
0.607807352083
-1.25597539292
8.68016390201
-1.53694093478
-3.53377632549
8.16146993178
2.72952236453
3.89871459975
6.89791854406
-7.91484283371
5.37664414943
-1.02052550806
-8.79005049485
9.58882985884
2.58159846458
-4.09135357507
3.91740403929
-3.40067638968
-0.585490323537
7.24722751034
-5.24237664431
3.19178620682
-5.97856266685
1.33737089415
-7.923234185
2.29067691156
8.94269501321
-0.199838998109
1.79679019176
7.61197888845
4.45619804719
6.53202865165
-6.83386719052
6.40159370527
-4.18087078097
-8.26409005462
-8.84220798442
-4.11125001555
-7.53860609517
3.17973084867
-6.93439074595
3.89235583841
4.80107054315
7.63039616372
9.03577608178
2.32902506437
-8.54921271902
7.43578466524
0.895358781365
5.9243698575
-7.46209895167
-4.76294084252
-8.74342410898
4.4173216698
3.41652089455
-3.7793275706
-2.02576495518
-1.47339692621
6.36651813241
8.32937180031
-8.7842271044
1.85496119367
2.83431117477
0.0849876680787
0.956733522888
8.8936131395
-8.53185384994
2.97986942062
-5.6735469722
-0.0276842387939
2.22476713902
-8.79836942904
-8.01366664729
7.41089292478
9.49130092138
-0.31987310187
-6.47587627298
-2.56245615082
-1.34760660055
-5.4843568129
0.469674966258
9.52753634497
0.298220426117
-9.89131443249
-3.48268897474
0.858875330816
-6.86132901799
-2.38272069046
4.83230737712
-6.0080163027
-8.95564264648
9.81344671085
-4.82361673436
-4.9571954149
-5.397674245
7.12513042375
5.12597195875
-8.18994696626
-8.85136548769
-9.86082632699
2.14553740597
-0.737892540231
-9.75371703441
-9.80807792478
3.25914819611
-3.63535184175
-0.612714503985
7.13867774533
0.71923667072
-5.55380955635
-9.58598473345
-5.67603265537
-2.91100911483
-7.12106992668
3.67419091945
-7.48557588553
-7.23601621459
6.23631159989
9.08106700138
0.560790490816
-8.6177075648
3.03313977239
1.28553886981
-6.46297747749
4.70336057449
3.33816124981
8.2977877362
-9.18469360659
-2.64995741112
-3.24196703468
8.50449330502
-1.11104444372
-7.47383322291
4.58775063593
7.08729567394
-5.13092579786
1.09648103978
-4.09716424203
-5.59027572261
-2.64327506699
-6.84223521882
-4.68980705608
-0.134053863455
1.40762657004
1.62960746552
-1.04437702513
-4.32475846995
7.69206104702
-8.0826583396
-2.99888003151
-2.83101288962
2.57030960532
3.95799690114
1.23216254082
-9.69291917428
7.14621424823
-6.66471290303
-8.14644961998
7.05623227843
4.91844149398
-1.24295525626
1.41117653121
7.87086539263
1.59452128212
2.23295303879
2.47200195625
5.99343612702
5.03394798748
-6.23932885465
-0.107217970294
1.3693013937
-3.95000276138
-3.03147850364
6.28534446804
-1.84235684857
-5.30531516199
9.34820662856
-1.2025331388
9.8821018316
-3.40996401629
6.37758764227
-2.66785029148
-8.17833496554
1.81320778771
-9.413016317
-3.33806552521
-9.79351491647
6.32267648195
-4.88513788253
8.11845095338
3.49767949017
-2.22267071376
-2.46287759742
-3.11282993448
-5.73165047069
3.30415696488
2.05647390955
-6.39257234686
6.72733313214
5.8949572242
6.42696776576
9.15518629688
4.67374834002
7.46984619882
9.45960301338
-2.32530646174
1.36502952382
4.64826704998
-4.86996340224
-0.935174055939
9.31045633909
3.21061702286
1.31674827451
-5.76682026048
0.356984831797
-4.95665429879
3.67074510369
5.21946032458
-6.84312891956
-6.48252278192
1.45805521806
-3.41522723017
-4.41441772135
-5.33356113973
9.21185228821
9.77941344652
-0.674623290203
-1.19063355415
-7.45205404804
4.66293203226
-4.13738106364
-4.57554026809
-7.25585933781
8.07122593187
-4.59768144128
-0.436178806765
2.13005977132
-1.82859317278
8.88491469037
-4.0313508043
-4.7940554594
9.26886104489
7.34685449106
2.60037669435
-2.69194016809
5.19652239817
4.06635251774
-7.08548335716
-2.89006412654
4.95960663053
0.900667435781
3.45116258239
2.54366580192
2.71947365282
6.81555382264
1.96512487291
-0.455287786884
9.67245784209
-1.2291993222
8.00611720092
-7.47911569664
0.514047132442
0.544205655069
1.30507962585
-5.85744001355
6.95946732098
-8.46271245348
2.24459587945
-4.68754625136
0.671603120027
-5.47439824682
5.96606700223
4.41025353773
9.99004614091
1.57296266516
-1.348212474
-3.16704229081
3.47591109054
-5.8776896136
8.17486312717
4.58312112979
-2.92605726088
-6.5376979421
6.82963392673
7.56619087917
9.67106406617
2.0825194588
-6.08232298702
-9.87473867816
2.76364401668
-1.9565880882
0.652422514664
5.34580237963
4.66652851575
5.78485223135
8.9781950979
5.79057062488
-1.59103592464
6.49267869303
9.97164542237
-9.68010891419
9.41533526923
6.33859764331
-7.72397106424
-3.93950001806
-7.30775089877
7.03758509876
3.34539078693
-2.8916263837
-1.23216490311
8.09860474824
2.85952247817
-2.12003768949
2.95116908814
-2.00464715267
-8.72859346198
-5.51209383657
2.29178841668
4.62594834674
7.23430569349
-1.12862606064
-4.83785773549
-3.41424829667
0.584620227946
4.79555195681
-4.91145337147
8.52163297263
-8.50103442765
-9.5645641418
4.12321957526
0.68184870998
6.33152262979
6.22992850421
8.5341915342
0.605967558545
-1.61971609639
3.17134106373
-3.45954994468
-5.52467810854
-4.12366874136
1.35611532502
-7.22486142175
8.76669925661
9.69309157057
-9.88715871459
-0.86316828823
4.92447617844
-2.73587506491
-6.51335832205
7.56185339009
-2.39693359726
8.90074963583
-6.42357439696
-5.9479783327
-5.90362406125
1.33052213346
-0.535507324882
2.30748276589
5.44990985238
-7.12009496527
-5.15227009725
4.58041997444
-0.0466294756356
0.725661210721
4.19485308909
-2.68495830186
8.13010069227
-9.67917165433
-4.11572125157
-2.46373845255
-1.14206340875
-0.364085376752
0.0443302016991
-6.38039137949
7.39917621466
-8.85982199183
-7.62404477706
6.9313614217
-8.07871154037
6.30563293015
-6.74729293767
-4.40345614311
5.11404961557
8.66741424818
-1.61792412785
6.71448080225
-4.11383484006
6.30464671504
-1.17734103406
-8.5850102409
-2.30058860328
5.08577820775
8.85644067647
4.95022268921
4.23356107707
-0.199715642742
-7.36007445594
9.3796990966
-7.75667390912
-2.82032142007
-8.98052978948
5.96381090517
1.27914075656
-9.23697918797
9.81160694268
2.93590689814
8.10066381035
8.25467636533
6.93602720574
-0.976359601752
0.364545079212
-2.0651981458
-1.14562605845
-3.1896066688
3.7553402974
-5.04706957367
1.40611411618
-4.87053783746
5.93400058562
-7.24626718125
7.40243452593
1.98607911204
7.82734006303
-9.37464095684
2.08717599216
-2.64210908562
6.69557998421
-5.08813609344
-6.35492506855
5.65064629936
-6.22190222705
-8.30991264445
-0.859266148053
8.04830979322
-1.57167745709
-4.78357517769
-7.92727235984
3.64580027374
1.77417402489
6.09353332163
0.257108941201
-9.92611586344
-2.86503300626
2.53889548659
-2.61941974756
1.65983604632
-3.86011587188
9.8189174743
9.45110674905
-1.43932225743
-0.929060884706
1.99560853855
9.65614759611
7.48232183158
-1.62995396754
2.53918452353
-2.71112957716
0.714599584844
-4.06725124737
0.819018578966
8.38591451925
-5.6667991104
7.09222030377
-7.66114639666
-7.90138919393
-1.48660333253
-8.94074852872
-0.206799914938
-0.203554973718
-5.69648998136
-9.2679404294
-6.38879903261
5.60584080715
5.61853050767
8.46047401495
-7.59222360373
-8.27599582481
-6.55290149441
2.4646135958
-0.950442385211
3.03118674319
8.95083486233
-5.66369246352
-7.20658708479
6.215282458
-5.53464853856
9.85047198133
2.05537831081
0.56890920733
4.08298383956
8.30139544822
3.46798911607
-6.47786792686
-5.65139802892
4.11817380743
2.15227672262
5.2368180968
4.84000298966
7.21740409593
-8.18985730446
5.96871909503
-3.30805124188
-8.88131879243
7.26209937026
4.31107041662
-0.872823517963
-4.2170845901
1.42488340618
-3.7693394761
-8.4569027239
6.86954121343
-2.89510528885
-7.61710117342
-3.6396048553
-6.93945378053
9.10191768511
7.41402119052
4.41939797119
6.14806029777
1.06559386658
-2.47153130505
6.00566889371
9.60315905338
5.84799502569
2.75227244234
-7.93527001311
-4.33787645222
-4.07180575259
-8.76198384163
8.99900460997
-4.87000856993
4.7700887022
-8.63448603471
0.869238041025
-0.0452343470503
-1.2838737987
6.82924975394
-6.27814863778
1.29186463279
-5.95458186982
2.8680339408
4.47533779043
3.59140371391
-5.18347166554
3.57605621687
5.14561355478
-4.75261226017
2.23391447603
-1.46352736891
0.215205842198
4.47244930936
-5.0058569485
-4.95844922751
-0.752087221062
-7.58192823982
-9.96985844911
-2.60014088911
-8.76835340956
6.1538503214
-2.05001743523
1.57561175393
2.0422228331
-9.13149492775
8.97171130702
-2.1264418129
-5.25563220914
1.03150587241
-3.57583830573
4.19498858861
-8.56221613978
5.282714597
-1.02623767446
-6.09853903385
6.31324696435
8.94684427587
-9.78683808409
-6.37196655224
-7.89338482591
3.7457756884
2.43749028911
4.64312444767
-0.940168447718
-6.55713977569
-2.2554829464
-4.94574240065
-9.18140629543
0.344825066764
-6.79581416065
-0.619616829838
8.59919711073
-1.33669369443
-6.02799074192
8.42010978508
2.46350467641
1.02058482551
9.52875087472
6.37265943379
-0.658945850036
-2.98506541399
7.72951509305
3.64770073577
-0.958184824076
7.04141710622
-3.32506124387
-6.20623461423
-3.75769820297
-3.18345926023
7.92943058088
-5.93325277388
9.1059079413
6.07512053458
4.89524525165
7.09662603654
5.23921516806
-7.3367069848
-2.53322206602
-8.46060483448
8.15021177663
-7.1564619988
-9.88506181688
0.292563871582
-2.18120150935
-2.43879023962
-8.99737089736
3.49562967358
-8.96463550547
6.32137147978
5.07662446417
-4.51409460437
7.47740897201
5.89366991124
6.55623189225
-7.3868077924
-2.01356404865
0.109353960893
3.14822107828
6.01782442728
9.14859574592
1.74346602898
-0.729554547119
6.14038242302
-8.79004425076
-9.59070256831
7.09952239277
7.38493631351
5.05762093236
5.4554245258
-3.58581780997
8.37948422056
-7.1837403797
-2.44663150355
-7.40187204938
-3.18138783974
-0.275658903526
-6.99756027612
-8.19317089021
-1.47833109377
-1.62687197335
8.08044029944
2.49908680774
-4.32005106846
1.81152787095
8.07594597818
-0.216318744331
-1.25232213928
7.37939673533
4.97119781437
9.71958471172
-0.200435331717
-1.98123705691
-4.93280821697
2.84598167493
0.581455752033
5.78203197204
-1.0846284347
-0.866796593429
5.12679988185
9.19376340555
-8.73385086512
5.26229146865
9.09412505902
-2.86063125117
-7.15030411718
7.7599813
-6.94604390257
1.87295809582
2.1244140706
2.14530045734
1.11323658326
7.95669251974
3.63109311505
0.783354953287
-8.19405369012
-6.52162275843
-3.27051962886
-6.76580331046
-0.454212752703
-0.526928327278
7.78118140342
-9.9948288416
-5.95485343537
8.42692912116
6.90529971834
-3.52967634157
6.64641028853
-5.61381671411
-7.1515590454
-1.36982496649
4.16636654327
1.81332026823
9.56140207156
-6.68329328367
-8.06001757707
-0.180518516857
-1.66502442438
-3.2597366678
-4.85978408152
3.21249383907
1.41306793857
-1.74859880146
1.99808158489
3.14693123599
0.98076556209
-3.55013773652
5.4289711632
2.96634720023
7.97903485693
-7.97986451142
1.91037059935
3.19757293461
0.167285787948
8.91668684052
9.06663175344
5.74322890764
-8.75401620532
6.67694495913
7.22807078855
-6.89457786531
1.11524422132
9.07393935403
-6.61600644702
-1.87103633545
-8.59155420029
0.428019740611
-5.21378102372
-5.31714210926
4.45983287133
-5.07042046778
-3.33281514964
4.75227119068
-3.89010646019
-3.1758200957
-2.8878511065
4.34131685466
6.17886806182
4.39846244918
5.26165764748
8.69085226453
-4.88254495637
8.99392598836
0.545228028239
5.52010016093
-5.85894448296
7.03309631858
-4.53594999745
-5.45426515107
-0.157794698483
-9.71134088428
-2.71934008449
-2.26363134842
2.00750523901
-4.68831914058
8.89362877088
-9.90051803083
3.59859039224
8.91978052663
-7.80716890336
-1.55558153119
-6.33501030784
-3.16858048181
7.61605211781
-4.31046989504
7.34581047186
2.7226772975
-6.80585970336
-3.80866466216
-2.79597752802
-1.50856249887
-8.9355265528
0.699082621737
-1.81627096475
2.8673907161
-6.65719539876
2.97924892138
-9.265709712
-0.605075001264
-0.679937342173
8.60125608759
-8.84925192621
-7.52424240008
-1.58937460232
-6.4137991649
2.9152274231
-0.877345938598
-0.393278707919
-6.06405607354
-0.482748574917
-6.31388406413
8.55850453126
-5.10211030244
7.43043115556
-8.38148309224
2.77148427155
-7.25002953616
-9.19104396284
-0.773745919428
-5.12974110667
6.61550371028
-4.63715675525
3.59433982282
-7.64742490834
7.7166079185
3.73687276399
-2.57524950151
-6.89371010993
-3.88933474732
1.23125219532
-3.5772134666
6.91279021321
-0.202616993244
-3.1801084248
-3.07894661239
0.206618619846
8.59654574527
-0.828354402984
3.99801020861
-6.05672554001
-0.693596202784
6.62740253724
-1.86126267942
-1.21028586099
-1.29179901997
-2.32714886611
3.65474616374
1.4092807483
1.85026204186
6.72886727892
8.82055625251
-9.43298447287
0.1942244182
-4.42792529598
1.65740794772
3.24807148771
-0.847372390677
8.40147985656
9.46778817257
9.31459912095
-2.44909394012
3.76518980265
-3.7128114954
8.09930328758
-4.73825586406
-7.13364325171
2.67357838177
-7.47805539605
-8.09422113388
0.517482922813
3.29727948551
-4.92783036069
-5.88400068546
-5.93985959083
-6.30852891333
1.64282987402
6.82450575599
-1.43843260862
3.59905390225
-0.0585062737522
-7.24123733579
5.25641439817
-4.06196685407
-5.40586217347
-9.98063553996
4.59462515665
5.16424210852
9.78726086443
-8.13283045776
3.49411101397
-7.14154138184
3.99381250215
2.11403502754
3.13332817996
-0.985072988204
-0.205673951661
-1.57397834421
-9.79846908591
7.42064751239
0.0175482864539
5.26271291654
-7.38715841505
-4.91633331844
-1.50808731273
6.20763838369
-0.467106576361
0.798649581706
5.06270577067
3.87772771979
-2.21189184647
-3.36145081046
8.01199822498
8.46692420041
0.413965837824
2.98381699901
9.65688861514
-4.46736977529
2.62752271031
6.9678871689
-3.44532037111
-4.4205292682
-8.77960264113
-4.31523561041
6.20653360042
-6.66225147795
-2.46840905708
8.45117876312
8.80102854992
2.00659228143
-0.1941682648
-9.99695133803
-6.31491847045
-8.65493129623
7.39138489468
3.03400969841
3.59270770182
2.38145302347
-3.63639510893
-0.94414787702
-8.24964486185
-4.16443533096
4.22287025989
-4.89460210454
-0.0341656413273
-7.00588379532
-1.78978071237
-4.6616304174
-2.36095995174
-8.99217741259
1.89365766226
2.02164860395
-3.03475460335
-8.57946379036
-2.92134112785
-5.75402288124
5.05144884667
-6.85041552836
-5.98180999642
-4.33705991014
-7.2452516961
-3.98782045766
-5.01863430593
-0.339658841713
7.73316706403
-7.98518404548
-7.03251812735
7.53817375668
5.92426013119
0.0715122182693
3.65635704592
6.18910608615
3.99831880813
1.57093143651
5.3493786896
-4.81430255119
-6.57205389671
5.41010976498
9.37362353662
7.29009682181
-4.25567900734
-3.39945289091
-9.13962304828
2.69881190602
-3.08593582941
-6.25128063348
-7.53291470932
4.4016179893
8.35035846828
3.41157307175
7.49135388185
5.32499179555
8.11939366228
1.2157272839
-9.01904044407
3.95143730063
-7.33044852786
-9.98054429845
-5.10792867317
-7.69020071313
-6.46099025452
4.72253289223
0.308966135411
-1.70833307071
-0.353299389271
-6.72470072857
-8.8992652095
-7.69098939335
-8.89906675975
-5.60125738601
1.61318923303
-1.46883026552
2.82494967822
0.883065349088
5.74446988965
-4.5956275389
2.61919853231
6.9247730173
5.18603848482
4.39028513512
-9.43419735771
-6.29324698965
1.60222191007
-3.60333247594
-0.114884990789
3.05420068485
-8.17425574165
-1.83867985406
3.51151419119
-9.13349536515
7.85255126592
-0.273709847134
8.20883633382
5.17822403
1.67488844263
1.1029319266
2.77863379716
-2.08738331455
-2.65028351649
9.06671388199
-6.11305321807
1.5592217485
6.58603080008
-8.17639884722
-4.14815788056
-5.10111550435
9.41007370209
5.94314101201
5.6632370752
-3.98375552707
4.42496332169
-0.569641414906
-6.85028223799
0.394561184405
-6.7874331365
2.85807652942
3.85102606438
4.01651983156
-6.02869809262
5.06472810999
1.12030319624
6.9150333868
2.21377238443
4.12375826874
-0.904240451425
7.84369802955
-1.36191582977
2.92891423356
2.07261343002
-8.77922150427
6.79038498617
-3.65925178314
5.49266119648
-7.04218352519
-6.85775309283
-2.10944140115
-3.17667290719
-2.27800106037
9.85967330014
2.35458995078
-1.22238104296
-7.76683178884
0.983476951384
0.100276055921
5.43399197398
-3.84534294006
2.05066942444
-8.56342642767
2.46533560905
7.35747655822
-9.69141580978
2.66835414162
-3.80355152574
-9.59339772888
2.4217475386
5.88269482545
-9.4207284691
-0.408101664902
-0.7048858216
3.42409313009
2.69005162726
1.29911495925
9.21561940783
1.55760609573
1.05417807846
-0.333472496796
-7.05211273101
-9.53951118235
-0.00567944739269
9.42562536648
7.28496388405
9.34508298931
6.69283095847
1.4681104741
-4.86408338583
3.398554504
-1.73680994816
-7.99639062963
2.71607827656
9.42130687032
-0.248503415459
3.82356922882
-9.0742563987
-6.60430826409
-0.696607394993
-1.78580163709
4.54070850021
8.29585802948
5.2015842479
7.97631532132
-5.61294763371
-4.20578837799
-7.38428564438
-1.39283791608
-9.35838553687
8.89100613657
4.51798540056
-2.93690847921
-1.77637315109
0.779237453142
-7.59691993651
2.89675736176
-4.4012029112
0.93563931584
-5.2079490471
-7.44664661723
-1.91380962588
-9.20591995129
-0.0409526143821
3.24307569369
-4.89686070063
6.48337619225
9.30814703413
6.96017747181
3.02383075357
-5.84878518569
-0.587955677278
9.97426480976
-6.2946065158
6.38392563689
-4.77850036633
8.15596479334
5.37522219258
1.22955602817
-1.87604475985
1.85497868494
-9.37715517658
-7.29685791826
-0.734986297946
8.88507582749
8.9388608605
-5.63946034819
-1.37378979664
-2.78495273836
-8.64303055413
2.2675994729
-0.368758746916
-1.11797721305
1.3603756243
6.81611686978
4.07001257829
-6.86014915479
5.23197533026
-1.18680528525
4.92160626288
8.55150735714
-2.16258412397
-4.19412002142
-2.57262250622
-6.29507249224
-9.34946008685
0.248041796142
-4.10532714675
-8.12758413628
7.46450766028
-1.27887551873
6.02281761984
7.41309448819
3.32517649363
-1.43423175024
-6.49290427087
4.33800373229
-3.22031787645
-0.5395534716
3.25581469346
2.08935734205
-1.11843778442
4.39048035307
-3.02819408107
-6.95801120276
-3.78768074054
-5.4866864776
-4.15165765979
6.52569703097
-1.19480761098
-2.93389541963
-8.64897421678
6.39063655311
-0.723381134211
-6.76479679793
-5.23305279671
-3.88193316894
0.315681138999
-8.75442918438
-9.38080887816
2.19317511508
7.01375790561
6.8568148379
-2.84973939085
-8.30389109815
-7.88873289552
6.52195510637
-3.81349683436
5.2974135897
-5.04196585159
-1.34539213491
3.36819401713
-0.391825082446
3.30367515923
1.33167240638
2.76002062314
4.0630880933
-6.54392899364
-2.82542812749
1.41805583632
1.14628208007
1.418053168
3.58584160409
-4.24560813418
-9.92380305235
-4.42899581878
0.00464416349901
4.93628758002
5.47587107262
-0.680829107204
-1.17037128254
-1.06440311847
2.27469165961
4.96640838815
-1.04944846472
-1.15270808474
-5.7938628004
8.01561321466
1.1432938321
1.2969098777
-3.22244715424
-3.3533553513
-4.52711872813
1.82249541284
-7.10765663591
1.48088528431
-5.47450484062
8.43291137226
9.59906505195
9.77440416544
-6.64707494221
-3.19984280545
-5.95338477004
-3.71511711839
-6.44678523241
1.97633840889
-1.95536074566
-5.94183181174
1.63779160634
4.03244480075
-0.559275392501
5.53650697147
-2.24566723277
7.3559540644
4.58133035417
-5.92108180161
-6.73609094119
-3.04079670448
8.66420417455
-0.917194047248
3.71874987759
9.25976696052
8.43267930866
-8.59843026546
-6.57343689915
-8.56595394635
-8.12974713895
-2.57869040406
-0.448996194533
3.01949705494
-2.05766303414
-6.82239080422
-1.12998978889
9.38007316272
3.36383161489
-9.08858866877
4.28254174529
5.59310088753
6.26311976696
4.4522452242
5.1069151121
-0.235107024337
-5.61661968593
-5.09134874115
-4.40055980705
-5.11941461907
-5.4919439758
3.78067052189
-8.54855987198
-8.24839918594
0.878150448967
2.48983060653
-3.43857854669
1.37648074864
4.96472508472
6.83022968095
-8.79248830991
-3.28193865624
-5.78099493761
8.9021610899
4.12562085026
-6.9740302779
7.81126518588
-0.867985269839
-1.03048615392
8.82720232172
-7.392087601
4.74767879813
-0.233279835529
5.79908533248
5.16879468043
-0.094830735814
3.98439051622
8.96916260731
-2.05726166604
5.42199203651
8.03339728014
-3.81179709507
6.02663562821
1.98713326454
-6.23075805341
8.18020821027
7.12900598642
-8.36635449746
9.95014301962
-9.19543101363
-6.35856343152
-8.42752805145
9.19250022746
-7.44026377514
1.07476682331
5.07694935557
-7.08923252381
3.1093216097
5.95454514869
-3.20954358376
-7.60634964287
3.74490904244
3.49643277088
8.66703562352
-4.16501875383
0.779264728283
-8.0650264741
-2.11293410267
-9.58692293176
7.26033492837
4.53454764156
2.91532628709
-3.75369961642
-9.1505297385
-7.92697053288
-9.61779685457
-3.69400042743
9.33307762823
1.08735606639
2.69014579934
7.69069243947
-9.82229953887
-2.22243179352
7.60556828246
-9.29549379971
9.10290047272
6.76935924684
1.98287912593
-8.67805845527
6.921800002
-9.03620276193
1.719960487
-3.82493223317
8.60179394788
-2.43580432175
-4.16955048949
-2.16721491272
-1.96969115393
9.47664279644
-6.23498067736
-1.52166039045
-8.02982387738
7.8505065423
-9.44387553804
-3.98581666369
-3.54798888112
0.458715624121
-5.32110583043
0.555994499334
-5.75781540431
9.66061682362
-2.00119886947
2.61503235226
1.96268937632
-5.17374878296
1.19525651626
-3.01044162282
5.40009614954
-5.80265437585
7.64557024186
7.30086244341
7.74183531107
-2.87000233997
0.0584604170635
-3.66415470107
-5.08617157502
-8.23635112029
-8.75630772892
6.55849162869
-8.2939782761
-4.79730410903
-9.89432927811
-8.49809623017
-2.69903107633
4.92478920975
-3.03210351085
-0.0441932077029
-6.20007241206
-1.946958413
-9.89838353219
1.82347119604
-5.96611902058
-0.407349834845
8.83025133608
-2.04108727345
2.06908188702
-3.08130054344
-6.95724908051
-5.65494277153
-8.61346768553
-5.77329608109
7.4175250976
-7.17199003729
-6.81249643996
4.91297533828
-1.51354757864
-9.74503588758
-2.72062882313
2.11111410307
-6.40301812886
8.65822187935
-9.26341547515
1.72300602431
-5.36499110174
2.80806336535
-5.68438130727
7.57065002936
-6.380785143
7.16602404725
8.04796183125
-7.04165100841
8.14835276011
0.878992730186
3.42888036353
-9.6298275466
2.83994393964
8.37451350293
5.31775468082
3.1611181573
-8.1164216901
0.356085499989
2.34089969153
-9.17516255452
-7.18065331164
-2.96592652958
8.14769167084
5.05090573671
0.25597515411
-8.08102430097
-3.2569932142
-5.03757679389
-6.39921555623
9.26655859206
8.49789858505
3.05294814979
-0.914757566666
-6.89082893523
-0.0767127115488
-6.30114832893
-8.87670334376
-5.83539010504
4.36567295613
-3.93882388912
5.8144072704
0.453720893377
-5.10605942093
-0.521538546152
-2.00059756998
-4.38677892884
-6.75975223204
-3.89708576896
8.34507427531
3.5215040132
-3.38707474949
-6.93287877367
-1.20020598001
7.32998654265
2.17973855379
2.09338998315
4.19633687632
-4.99756928918
4.1967564415
3.10015735663
-4.72492048573
5.95991377318
-9.62486604875
-8.41803669888
-3.29035264392
-4.70599743856
-3.88090871622
6.79541435002
-7.86767052283
2.63676490278
9.76323197198
-4.85915243989
9.51743312298
-5.71888526604
1.52299370372
1.1462073095
4.60756541944
5.20151499775
-5.34615297962
-1.00787017305
1.05634964181
-2.34142761205
7.7823761874
5.37310043406
8.13507246281
5.1704319083
3.8502737598
0.171150805538
3.23647009235
5.55427031533
9.8732130838
6.26931358055
5.63450861516
9.74476665356
0.764612115363
-1.56364127547
1.29549530861
6.14335092737
0.0525902116527
-3.63478897716
7.08685175903
-2.84181277271
3.09641249947
-2.76382564124
7.87155484466
-7.13547093886
-1.31079481554
7.16507491389
-1.51876142118
-1.64606178438
-9.07163959281
3.63568625824
7.04505093219
-4.25957915618
-6.67044781968
-9.38549457208
9.46608564358
-3.24843696186
9.78723769189
-7.73502467406
5.75810532558
-2.89879383202
0.472319840807
1.05366214548
3.40139316049
2.98902789154
-1.65602205306
-2.88000405002
0.178644431158
0.255393051102
4.44529221509
-3.6852687341
0.665432664271
-0.812823465314
-2.08759618758
-2.70438495384
9.40705094643
-5.07725455924
7.82418405601
-3.92623039245
8.20591839153
-8.6290159284
8.61661175996
-8.90682009777
-5.72191750836
8.53961360323
7.78634707358
8.21903661264
-2.73433635635
0.0858610306991
9.11848303125
5.69433138702
2.6648803872
-6.48256063678
1.61734859948
-9.20228642421
1.80301357839
0.411204310045
9.65754335307
-0.387432814221
-9.88387374764
-4.02104972341
-7.19951637196
9.65845675819
-8.48865576025
-7.71303041557
-3.35991751421
0.20122374875
-5.07404936292
8.64557707749
-4.90924261443
8.89233959566
-0.252329092273
7.88620023865
7.01085260016
8.84009767432
-5.7410848066
8.83743042996
5.54621556338
7.72518092249
5.09486970529
-4.38305084935
6.28706265612
4.56193711065
-4.97951942167
2.71781881832
-4.43021401597
8.54750171675
2.18293752947
1.18862334904
2.88862471412
-9.04219329101
-9.36101064361
7.12987152228
-4.357426454
1.9316322777
9.312135026
7.27270981192
4.98172636844
-8.1748856158
8.17017231418
-1.78384536254
4.67107991058
-0.279464467658
-0.492703420462
9.91519159928
8.11020866612
2.90664506239
-1.02544977918
-9.17289705636
-2.64238527621
4.37051488507
-3.56067661268
2.45825629447
7.96148476266
-6.10808502705
-1.94882640554
-9.69728802209
-4.84482008676
3.39087452114
-7.27425606941
-0.504423604188
8.05936233066
3.78159373845
0.655341427044
9.44393845797
7.27626881796
-6.19233527109
1.90896259294
-4.15302549933
7.35043542657
-9.62507428819
7.91148084796
9.56782788546
1.19414748488
-9.07187218818
-7.04540114529
-6.32411290809
-6.87253336291
4.74698642869
-2.2559338691
-3.92412169075
6.71999150415
-8.11030096419
3.50131440673
8.4920194375
-8.25815940381
-8.4457555531
7.08670533662
2.7267439445
-8.18119838091
-5.59537799153
-6.21073859139
-9.77303522474
6.0932831513
-7.53494329016
0.792645127229
8.31762249182
2.04629048714
-2.23607122615
-5.28181527512
-9.0112378605
8.7470074303
-0.241310545987
7.20792892721
2.60638400585
3.38568756156
3.81271076584
6.86499761726
0.354505655674
6.61108785665
-6.07219353935
3.11732832724
5.41674733964
9.9165847447
-2.49317017373
-6.16460663052
7.3821902498
-8.72452011914
-9.85710583507
4.09527917057
-9.82066006735
-9.87998558949
-9.62357042712
-6.86389783921
3.10862424637
7.32226349742
-4.08951508339
-8.99388995029
5.02337458229
-6.61170422678
-2.66910356793
-6.02209438099
-8.56880807455
2.85622755024
-2.40141253313
3.00923142692
-9.84752341006
-0.466086534006
6.3192054491
-9.89251239096
-5.36245350268
5.3188052627
1.52145499203
0.42446345996
5.40995327125
0.65382475859
-5.63036888262
-7.98943176224
7.62577747991
1.94773986005
-8.69169009927
8.41785823101
-7.78204064701
0.0147252109814
-0.0474441040881
-6.90989738148
0.789375832438
8.44280679864
9.74960971646
-5.45496871751
2.5323264903
4.73341920523
3.37276486507
7.77194066971
-4.75629909807
5.22768993254
-5.32617093181
9.967836284
-9.0228019956
5.58293156045
-6.75797134513
-1.93492815432
4.13993671494
1.60795444236
9.02652040003
-7.93883876078
-2.87647353778
6.10234792853
-7.75194013889
-5.49070352364
5.69964886201
-8.83646873599
-7.34531300189
1.17283101945
8.84330217172
-1.15828194667
-5.84390030078
-1.70175927415
-9.08153914298
3.14668861312
-4.22822181503
-1.4122117608
1.61553527624
7.52715752796
6.2551505836
4.74837734302
5.0276974639
9.41979491003
0.737166713307
2.56263424093
-2.40785633981
-4.619190888
-1.62146466546
6.37649290999
9.88955633287
8.29974288275
-8.98667910854
-2.70327262391
0.392653591134
-0.0911587084259
-1.56457959353
7.45197190278
-0.236630797265
9.65602832819
-0.813292493373
0.33999436894
-4.54202519691
6.56878042613
9.79678890357
4.67148977289
-5.51529645345
3.94911377261
6.60258885381
0.929006793618
-8.16845135504
5.22842840543
5.71898332767
-9.84467805589
-0.245940086926
-5.56942757188
-2.37847195734
-2.33854641941
2.00308264048
8.06536152352
-0.724743666036
-1.11206534391
-4.20119500616
-8.51832912818
-5.96010482987
4.76662797793
-1.30848609578
9.43975968263
-3.66216924142
-5.74839813671
0.480139572671
5.32699206333
2.57109468964
-5.69343286607
-2.57133614672
-1.32285282875
-5.35813349883
0.711187894697
-9.32650646991
-2.00533255317
1.70315506809
-6.32273117066
-7.87797740542
-6.26353639357
-7.71304106748
-8.22979113208
5.30100156444
0.409495458884
-3.32737810586
9.4382071343
-8.5003339722
3.15332406967
3.79265847061
-3.8774113023
-2.68459771072
7.36252647322
3.97059781169
-3.31242568247
-1.9479197799
-2.76486983973
0.684201769809
1.11488141452
5.50428952064
-7.38170135181
8.66602876239
0.2535887519
6.73051375821
-3.81996734298
1.13442857281
-4.46836240003
-6.55374096076
-7.30031447731
-1.56536944348
6.71177148372
-5.92656072425
3.82943938781
-5.43830568404
4.9879550366
-2.1575758941
5.17650153645
7.93274210475
-5.03507148743
3.65303589723
-3.98097239255
-7.59008935991
-1.57916710467
-7.60612444893
0.638835554836
-1.46560799532
8.08548412281
-6.187455983
6.50527789434
-6.3909972921
9.38821724131
-0.194167185028
-7.8999017187
-0.270456686269
4.00618530453
4.71562146783
-3.99886820636
7.58043226176
3.28709816836
7.75662182046
-0.786705258584
-0.709381583796
2.29330664111
8.08604497945
-1.91182577071
7.11468259244
-2.81206766427
1.51317087114
-4.50236874086
-8.97760800384
-7.70563627336
5.18268134736
7.753920068
5.29478127845
3.52155499589
-8.06013683207
-9.3805454191
1.79128070137
-1.65707152928
3.65020180339
8.10077681269
8.92989003642
1.63090103369
8.6348917762
0.268879363114
7.46373166189
-5.34805093607
-6.0346809754
-3.39119077633
-0.738413043518
6.87293474967
-5.72812144764
9.85207387028
-5.25304205561
1.59705996342
9.4674518823
-6.73514920423
-2.13322464013
1.97611541224
-9.25591447911
7.44040236228
-1.62583107025
-6.91830394856
0.328159837095
-5.30903577695
-9.63309335362
8.07596951856
-3.42173182832
4.14518679136
6.86250160072
-1.55375180316
-6.69548999839
-9.93727705699
3.82586300243
-8.46831005582
3.05147756874
-1.50527262133
4.8629071145
2.85854576898
-8.60311143113
-0.0389076410631
2.40361520547
-8.49283327321
-0.515834539476
-5.08135923772
3.37242024514
-5.80865344569
5.78549803893
-1.70759405937
-1.44349818666
-9.6346529737
-8.67748476415
0.841134246787
7.44396309304
4.02259488695
-0.0930143186411
1.51271397024
3.56128457405
0.747744905028
-7.04964304197
5.02544081002
-4.70461390382
4.36938036446
9.74818895825
-5.35101483183
1.30559965741
1.56881079711
7.42816861978
9.66815771973
-0.155360090999
2.61100284902
-0.568072556006
0.109149507644
-9.13146691045
-5.19762655938
-0.432354885728
-6.2922377845
-1.12934532085
-7.91731875439
-6.94664471955
-0.363982225513
7.5405284013
-8.45240048062
-8.27985364572
8.73254311026
2.13176423128
-1.51232472721
6.994370422
-0.369972291181
3.40460131525
8.3559287006
-2.75029386209
4.50834780811
-6.12606936405
4.19420944179
-7.81377269463
-9.43409793752
-0.231324703714
1.34571785067
3.91505862459
-4.62937355555
-7.7246030689
-0.540972173143
-5.28123255833
-5.01416161948
3.70006595736
-4.63797299276
-9.40482766612
0.302211369352
-9.08669675571
-1.14982039724
0.548227542202
-5.48479520175
-2.82211492705
3.29919152773
4.38855818913
0.695358028348
-4.90075229417
-3.50379582237
-1.13777127116
8.50248554074
-5.93277365275
-1.74817697076
4.57294714124
7.59305536812
-6.98729858203
-3.59784449476
6.36003877734
4.89254317596
-3.8608853071
-2.11053524605
-8.87315492048
8.26037140245
-9.34276613455
9.02720714563
5.40566540606
-1.95267585649
1.73013616589
0.785409078777
3.73969279916
2.16698023554
1.83776842868
7.22425987034
-4.29624388891
2.6566668043
2.91758256915
9.58368766434
5.71472645897
-7.82043051577
2.6089540562
2.98662927163
-2.50734444566
-0.171612485841
-0.0603672250697
5.20747946288
4.08131936805
-7.94538036555
-7.70034670964
-5.71090650746
-4.90712382848
-9.34822828821
8.35390606524
-0.0302341236712
-6.83475770381
-4.27570879622
-1.50978795818
-3.95348277819
-9.16720337019
0.558023960377
-9.89140460509
0.838795782533
6.72826428304
-2.92504232183
-4.24430472302
-1.45272025096
1.23800835779
6.38441884463
9.74708314512
9.4970790961
8.02900860009
-3.33017640984
-5.95104885962
1.12963812442
-1.89794439616
-8.29213961501
8.12239730197
-0.152216448209
-3.65319549571
3.96945898176
-9.31392631063
3.31250224008
8.89489994488
-4.32681658642
-0.230730162402
-9.24446296005
-0.793526677573
-5.56897377673
8.79057460076
-4.96039994528
6.18440051528
3.11099499334
8.29465581634
5.60589055822
3.88658966565
5.55423102345
3.53477045708
-8.03560357336
-8.26443467548
8.63851923461
-6.52267351827
-0.767069193334
6.16274340536
-9.43286525278
-6.96152861949
2.12114995415
1.46558405727
6.23832982783
4.27788865486
9.72210352032
-3.55072122657
-5.23091755575
-0.0128653639033
-3.44575900067
1.18017438611
4.75380551689
2.27888236313
7.82280535703
8.96872863192
-3.53201904966
0.563435889224
1.02328460911
-1.18924413334
-3.08368178436
-9.23900925424
8.49103520888
-5.98114126648
-4.7277553901
9.40466117255
1.39911868768
-6.88546177532
9.7896746134
0.877431246727
-3.67236393585
-2.52314613215
9.03850427488
-6.23375513071
-0.0368616064894
2.50343619034
-4.94114354506
6.23972560326
9.75299191667
7.7462991925
-2.16011395933
-5.02634787666
-1.69553957906
-3.98998665467
-8.40869470368
-6.1589364491
9.58859504421
6.21342746296
5.87207461615
9.64765056454
-0.0946494396031
-8.41925989865
6.3493116585
-1.61236949221
6.02522865059
9.40195638406
-3.81833164915
-5.5153138925
-7.38059254082
-8.6258710591
0.856299332479
8.97768203251
7.00231046227
4.02684154316
-4.0517693335
7.06477978432
-7.6845761692
6.98372906821
3.75741192375
2.78865992159
9.22824693795
6.1772732041
-0.231631649384
-3.67113334595
3.16978188242
8.18290595429
-7.77103845994
4.58597062693
7.81102170447
8.27550824577
-8.09346019087
-3.75982489128
-0.124357284287
0.614096238461
5.77683485451
-5.48725320739
-5.33762286853
-8.72946666788
-5.28022548111
-7.73197642932
-8.07149617124
-7.82700182137
7.72035580431
2.7513184304
-2.27986402457
2.10897803923
-9.92536418001
6.12826816695
1.90536545927
2.49185995099
-2.80383263709
6.38261415158
0.70701792002
-8.11760496898
-8.13311389155
-6.81726359347
6.78327811891
-2.14821639937
4.75793491441
-5.25041094447
-6.39836306398
7.09836906865
5.94077748456
-6.46552430328
2.70538292307
-1.90346254584
0.0900197737329
-4.87609896671
-2.38833501275
-6.45487929533
3.01536014663
-7.60432072303
7.50851195849
9.61368471483
7.00595137589
2.79500875086
2.35067096365
-5.23660769166
5.10032963569
3.55858462281
-6.71639962307
9.71726259212
6.87181018603
9.52508439941
-5.74430163227
5.65554585304
0.764965451897
-2.34265150242
-6.22797170722
-4.66121156737
-7.10590237606
-2.01507513723
1.04060043293
2.73798254514
6.54728195957
-4.20296933052
-5.13179829542
-0.770792726216
9.59179973158
1.10546562475
-8.61962104767
-4.77921393891
-8.20731056342
0.883867232259
-5.9159476796
-9.42346695739
-1.41941297753
-3.45044235015
-7.10832700842
-7.88360569728
3.56541901498
-9.3252520176
5.72095093816
-1.15520313564
-6.19341821445
7.00079466907
-0.486643032468
0.134848446626
-7.13540014061
9.67761326117
-0.498419928852
2.38744797015
8.98593660354
4.10736328712
-6.37422171617
8.14700351243
-5.51987657522
-0.827860742807
-1.15130282528
-8.93606317098
4.56683080394
-3.87238436527
-1.52030121056
8.72752667331
4.1104951865
-2.61649812819
-1.89682233029
-4.18271247208
-5.49901363067
6.97066289314
-2.54099469358
2.06439977265
-9.69061001029
5.19380310384
-0.267509211612
-8.29339303582
0.534789501273
3.3109370185
2.87114485171
-9.27368512535
-3.99336421623
2.5956510127
2.79082118556
-2.75921450792
7.79821801832
-3.56349081075
0.834422871371
1.33477719633
0.518346542483
-2.76838300681
-3.45825501386
2.37711741678
-6.65506982642
0.267458712663
2.04095483552
2.07035843076
-8.33229967138
-8.14059271148
4.1394119836
-1.43411495205
2.5583342729
-4.61313517955
-5.11848385716
-4.73211274533
3.12054319446
5.62726379667
8.35133470011
0.109867162558
3.457539502
-8.99464742866
-6.65301971137
-2.84968060652
2.92663067091
6.86291093337
9.00024055189
8.49188687791
3.16644008691
-1.81483010671
-8.32757654341
-3.03193514049
2.21542009884
8.76745466024
2.92165229944
6.29035007227
-3.41316826281
-8.22493544253
-6.32515138423
9.06028268638
-6.55059045334
-7.06457982273
8.00410119912
-3.3413366785
0.239547415964
0.726968381835
7.83887613327
9.4767603635
-5.42864377835
-5.77568182476
-6.41476288976
-1.78914860982
-9.11315675915
-3.94584259457
8.73548992353
4.6724489454
5.9169689005
4.47495207948
9.4985600123
1.76030172967
8.41854602472
3.80925995552
7.97365465372
2.44779992387
-8.66018808996
-7.13979943568
-7.87392544621
-2.22136416832
-5.94217613183
-2.04550156667
-1.13072863843
2.20201211931
8.20950185633
9.98597242949
5.37261191531
-4.94757134733
4.34800170419
-3.07083256958
-4.24238705357
-7.71248604544
7.57340624972
2.54446701104
1.00535591135
-2.13932433372
-3.04116431152
6.27003024688
-7.53344879946
-1.74120444184
-4.85570215601
-8.78564251774
1.00174715213
3.82422568234
1.89412996689
-0.945456418568
-5.78337524758
6.95142919614
-4.77588484772
9.60592709747
-6.53925410822
-6.84800894842
-6.58139645674
-3.26883824292
6.62083132267
-2.98303495262
-3.0507932179
-3.74750247175
