 1024 1
 28
 0.E+0,  0.5D0, -.025
 -1.0E-14, .F.
  1.000000  0.000000  0.000000  0.000000  0.000000  0.000000  0.000000
 -7.450171  4.892047 -8.351556 -1.694596 -6.408177 -6.254568 -8.678694
 -4.846562  2.713749 -9.101162 -7.360264  2.196953 -1.627707  8.655545
 -9.408870  4.659821 -9.717873  8.270210 -8.405024 -1.204292 -5.836316
  3.399311  9.872202  8.851967  9.588427  5.099158  7.153315 -1.943330
 -0.548527  1.140720  8.191909  1.248740  9.886423  9.281743 -6.938057
  6.284477 -6.608903  9.994721 -8.471999  1.898000  1.986066  5.405876
  9.076493  5.339693 -9.195393 -2.416210  5.972151 -8.272043 -9.786997
 -6.157011  5.762578 -6.146916  8.154574  3.715989  8.317640  3.318451
  6.999256 -3.330018 -8.597595 -3.559830 -3.225668 -6.139961 -3.170730
 -1.523676  2.800294  5.652984  5.592601  3.807739  5.443125 -1.424170
 -9.176772 -3.073450  4.300146  0.242642 -9.363665 -0.294743 -6.405210
 -2.899208  8.719850  7.007006  3.462341 -4.350256 -1.665759  6.250017
 -3.321355 -3.831951 -3.484551  9.432876  7.956488  3.958560 -1.564796
 -3.855641 -0.051345  6.331530 -3.700125 -5.982235 -2.702001  2.446495
  5.941400 -9.047780 -3.662582  8.499378  7.072655  4.260983 -4.356645
  8.268672 -6.120134  8.181737 -4.375273 -5.612752 -9.578129 -1.854669
  6.369432  5.251949  8.299058  9.864236  0.203984 -7.187584  6.109866
  1.490407  5.946210  8.885499  0.743548  0.217135  6.353893  6.336178
  6.855836  6.737445  0.959919 -2.751762  6.564329 -0.209104 -8.936147
 -9.604119 -5.581310  0.470313 -3.111697  6.408231  2.483282 -0.818553
 -8.351243  3.165336  6.564076 -1.654258  4.287864  6.268006 -6.675636
  7.504307 -9.574987  4.562439 -7.031778 -7.924789 -0.378343  0.581039
 -7.805696  6.347671 -7.403291  5.859355 -8.951648  8.969897  2.251563
 -2.163667 -8.240743 -8.881751  7.414375  4.890483  1.082736  0.612734
 -5.849796 -0.087382 -4.874500  0.684132 -6.069060 -2.513637  3.775774
  9.658032 -8.155216 -4.847406  0.238091 -7.216931 -3.053036  0.644131
  3.117829  9.355769  4.807469 -6.222531  8.591304 -9.083191 -7.720568
  0.295180  4.148214  2.187111 -0.216953  6.354364  1.161680 -6.897100
  5.972914 -9.418561 -3.521069 -7.943938  1.917459 -1.371966  9.276664
  6.193658 -5.460574  4.062882  8.014804  2.162183  7.900308  0.348439
  6.165572 -9.031221 -5.811728  5.451919 -7.917776 -2.112411  7.098191
  5.496314 -3.921130 -1.534876  2.769335  5.065751  2.499060 -9.778366
 -4.959733 -0.185664 -0.096237 -3.654780  0.251067  9.876169  7.185962
 -6.744242 -2.398573 -1.219038 -4.552038  3.776912 -7.786477 -8.050372
 -5.528928 -4.591673  0.934354  4.453106  6.266195  0.200972  9.791586
 -6.895074  8.295677 -3.100232  1.559422  5.642511 -1.263305 -5.536615
 -2.925538  9.520714 -5.202921  9.388008 -2.510975  1.863621 -7.115258
  6.123223  7.172873  4.115614  2.345949  3.347461  4.940344  7.586517
 -6.403424 -5.805454 -0.706429 -4.261088  2.537241  8.468203  0.838846
  1.040415  0.832409 -0.319063  1.053398  8.366874 -2.998519  3.913349
 -1.409778 -8.273812  5.255686  5.461086 -2.433084  4.415426 -4.808167
 -2.585298  8.736101 -6.889422 -3.907494 -9.244854  3.536341 -3.608795
 -9.071594 -7.334051  6.044182 -7.337980 -3.001608 -6.568178  7.833566
 -4.355818 -1.168012  2.342200 -5.619488 -3.595190  5.472015 -5.272273
 -4.896573  4.909305  8.151060  8.105660 -3.371181 -1.951255  9.332822
  1.230178  6.518423  9.869787 -4.427668  4.363824 -4.024936 -2.021214
  6.025743  2.439744  9.026174  7.955238  5.548485  4.960835  9.963022
 -6.581209 -1.517614  0.760265 -4.752514 -2.850480 -3.080452  0.797595
  7.956388 -5.459088  8.205574  8.014195  8.690021 -3.977351 -8.069301
 -4.812078  9.525780  6.372596 -7.515162 -4.166315 -2.013045  0.523568
 -0.603313  5.289568  0.468252 -6.909881 -1.245934 -0.298715 -6.478248
 -9.251780  1.104024  9.922201  9.234761  9.600930 -1.642833  4.740698
  5.032169 -7.361607  2.430040  4.660999  4.066269 -7.463716 -3.835729
 -1.041137 -2.863512  3.127343  8.790882  3.601087 -2.991849  1.768696
  1.006603 -4.330278 -7.228061  2.138852 -0.150644  7.002350 -6.755258
 -3.205150  0.837092 -1.970621 -2.433811  2.524267 -2.427830  4.083952
  1.960043 -9.714333 -6.500492 -9.294858 -4.540008  3.195398  3.700827
 -0.439148 -7.143467 -0.202907  4.518819  4.669075  2.064061  2.334910
 -2.200773  8.694894 -1.138463  9.811096  8.784571 -7.611340  5.317570
  7.297598 -8.982173 -3.414433  9.323738  9.294574 -7.723945  4.558054
  0.376352 -8.173543 -7.792399 -9.311217 -8.884742  0.215516 -4.824083
  6.740528  0.529310  9.052091  9.401623  9.461870 -5.992916 -2.704545
 -8.626230 -2.479006  9.821802 -2.949473 -9.490323 -2.877030 -1.549726
  5.011299 -6.330108 -6.942677 -1.506987  6.052690 -4.217849 -1.024882
 -2.488587  5.345447 -4.388731 -7.333936  4.540806  5.939412  2.110308
 -7.196711  4.480212  0.217127  5.804748  0.369269 -7.186468  3.706975
  6.199268 -1.056547 -4.112764 -9.946000 -2.855844 -1.887624  7.373461
  4.691837  5.349109  3.908087  2.619999  9.897691  8.963667 -8.278716
 -3.958558 -7.276084 -0.622128  3.431259 -6.227288 -1.811120 -0.881164
 -0.477205 -5.361638  6.541398 -5.226053 -3.733291 -1.655525 -9.867326
 -4.779812 -4.838750 -6.576338  3.056160  5.987759  4.806965 -2.638702
  0.577391 -2.263776  6.093312  6.840848  3.194553 -9.246985 -5.613776
 -3.504520  3.699346 -8.760477  2.038193 -4.157057  7.035670 -8.294442
 -5.198129 -0.509887 -4.464986 -5.471488 -2.705532 -5.691244 -8.047888
 -1.312872  3.971913 -8.616287  7.843077  5.542385  4.526739  5.570540
 -7.317157 -4.132003  7.150432 -8.673070  1.500361  3.929970 -5.258044
  4.270168 -6.569703 -2.411237  5.627674  4.045765 -6.737160 -9.615037
 -2.836239  1.508962 -0.781989 -2.889031 -1.555664  0.950462  8.834818
  1.197375  2.755811 -8.410154 -1.588843  4.476221  5.212805 -4.879908
 -7.949110  0.511757  6.667798 -7.155054  0.186272 -5.438659 -4.105840
 -1.806016 -6.199145 -7.722855  3.607702 -9.594280 -0.473537  6.223427
 -0.073717  2.607476 -8.608979 -3.695548 -1.154732  8.316375 -8.820588
 -9.584454 -6.765868  8.381151  6.283237 -4.558482  3.643907 -9.227214
 -2.722895  1.229727 -4.172057  6.184563  7.905772  6.727776 -4.259782
  0.619728  4.110920  4.362756  0.692947 -3.232104 -7.784990  5.734260
  2.876621  4.385728 -2.582775  0.047066 -4.334891 -6.401550  4.034780
  8.450975 -9.495464 -6.923749  7.478468  0.559197  7.047841 -3.715518
 -3.678273 -5.778547 -2.175354 -6.654217 -6.723066 -4.202567  7.651218
 -5.901041  2.231096  0.199132 -3.944785 -5.525993  2.227370 -5.247744
  3.450239 -4.880576  2.460246 -3.077963 -5.365007 -6.858125 -8.820476
 -6.823138  3.599189 -4.457730 -3.434332 -4.057802 -0.532922  8.557554
 -9.157737  8.092424  7.199640 -0.000378  7.220108 -0.269551 -6.991260
  4.644868  7.729272 -3.664705 -1.904282 -8.679859 -4.264855  5.939765
  5.011978  0.482059 -4.972231  9.026006 -3.566988 -4.124674 -0.930916
  2.786411 -9.187212  2.689356 -2.997667 -3.483959  1.341923 -0.175846
  5.466109  9.564176  6.684953  5.659081 -1.703066  9.319855 -4.460656
  2.840586  8.083555 -0.656418  3.343729 -7.652438  4.309994  8.193709
 -3.647572 -9.925773  7.119459 -6.838970 -7.599060 -4.493431 -2.753724
 -2.319602  0.978408  4.037135 -5.596534  2.319430 -3.153657 -6.565953
  3.377593  5.132195 -7.560321 -1.756590  3.805445  1.373774 -7.858930
  8.930345 -7.299860  3.000278  0.270222 -6.765616 -0.770257  4.603506
 -8.966740 -8.899195 -8.617506  7.263831 -4.756442  3.997357  0.724545
 -7.305243  5.550890  8.865620  7.535211 -8.250591  6.526515  1.095769
  1.947500  1.127081 -3.630570  3.972475 -5.907622 -6.124726 -6.519191
 -3.746973  1.206348  4.959265 -1.799176  2.877825  7.401895  6.135064
 -2.887838  3.488338 -4.868449 -7.199851  2.303720  8.736394 -0.691102
  9.595358  7.311760 -0.398521 -2.874537 -9.373636 -6.864261 -0.498709
  4.314971  2.348855  3.426536 -1.314658 -4.814166  4.517950  0.792816
 -1.483297 -3.126517 -6.041973 -6.494480  1.204919  0.266950 -6.952864
  3.212363 -1.092108 -3.076209  0.686683  1.291667 -8.826210 -6.553206
  4.592998  1.509186  5.663120 -5.595339  3.998024  3.677595 -5.291058
  5.893381  7.820161  4.740474  5.213856 -0.711277 -4.802903  5.412373
  6.386194  7.455931 -5.630590 -9.553515 -8.893615  6.550038 -8.314473
  7.980819  2.634056 -5.242461  7.915257 -2.250672 -5.150511 -6.869534
 -8.012270 -0.540052 -6.664752  5.791720 -7.156460 -6.055740 -4.045054
  9.698190 -0.335838 -6.499009 -8.496066  5.940549 -9.821130 -7.181578
 -0.203015  9.419707  6.150316  8.025479  3.774812 -5.407725 -8.954253
  3.638116  5.837512  9.697732 -9.640200 -7.761046  2.986808  9.902042
 -2.354813 -0.663753 -1.658670 -7.628579 -9.117349 -3.805705 -8.532584
  5.598036  6.797130 -3.750179  4.327173  3.583522  7.692322 -3.583083
  4.123594 -8.818653  0.161639 -9.170218  9.363731  3.759969 -0.291844
 -1.444168 -3.405547 -4.896598 -7.383023 -2.056516  0.024612  8.622714
 -4.506258  8.963434 -8.787752  3.953688  2.665745 -3.635120  9.430362
  7.323203 -5.911443  9.570716  3.212199  9.681476  3.904705  2.710161
  8.132351  4.770542 -8.851826 -2.163761  8.642513  0.361878  8.777865
  0.237821 -6.121602  8.897388  3.263048  0.227510 -1.840937  3.548057
 -6.405466 -1.062927  3.171376 -0.787295 -5.109037 -6.492266  7.469434
 -6.450942  7.325903 -3.428846 -6.888311  4.481774  6.740619  8.559343
 -2.766349 -9.977100  7.432140 -3.566863  1.109623 -8.853512 -1.920056
  9.511512  6.573090 -4.435844 -4.084132 -6.023416 -1.281514 -9.853297
 -9.448645  0.759308 -7.559008 -1.350899 -4.286052  4.146208  0.578631
 -7.533652  5.308641 -9.480717 -4.428485 -3.499425 -5.919841  0.493004
 -4.641760  6.674177 -7.462488  2.977981 -3.348889  4.172591  4.210003
  1.511839 -1.015654 -9.692795 -2.170043 -1.913802  5.599095 -2.691481
 -9.267119 -4.134515 -9.732706  1.403739 -7.753890  1.453192 -3.709429
 -1.040759 -8.706635 -8.427575  1.167438 -8.664686  7.741779 -5.868377
 -9.837765  9.519592  4.379055  7.212202 -8.463903  5.024251  2.611748
  1.439993 -0.399162 -7.339706  4.442956 -1.351094 -2.466626 -3.145635
  6.102869  3.702542  6.837580 -9.213277  7.522923  8.289640  9.024786
  9.539908  2.546840 -6.219391 -7.649288  3.884722 -8.788079  1.809314
  3.729164 -9.890852 -6.282100 -5.588728 -0.422866 -2.383844 -3.275308
  0.292610  5.378032 -4.557278  9.434470 -4.331162  2.490664 -4.178259
  0.572088  6.716173 -8.684064  9.732172 -3.889557  4.470483 -6.386230
  0.669221  3.357624 -4.919257  8.333621 -4.173060 -9.324739  5.954309
 -9.725558  1.720461  1.679526  9.635214 -5.235583  2.177970  9.626460
  3.304803  5.163940  8.690891  8.288543 -3.963867  0.618455  4.686826
  4.152120  3.487541  2.996989 -8.694411 -6.805530 -8.257261  7.615156
  9.464855  2.783938 -4.787829 -7.514083 -2.555304 -8.368505 -1.730203
  9.454832  3.009927 -7.405617 -3.270609 -6.494047 -4.627026  1.486057
 -6.522480  7.975073 -4.574853 -5.561206 -6.999987  6.548423  9.117358
 -8.778895  4.896285  9.275021 -2.960235 -5.202977  7.154523 -6.643414
 -6.287034 -9.695653 -5.824468  3.590389  5.316547 -0.761320 -3.351501
  0.819911  1.779498  2.986786  8.992094 -2.441161  3.234865  2.082012
  3.957452  8.641772  5.654536 -7.865675  3.303529  7.583530 -1.405232
  3.026501  0.537362  1.848826 -5.485359 -3.529331 -6.662798 -1.311468
 -9.902948 -9.549927 -9.752705 -5.651030  1.314365 -8.357077  4.997606
  2.388317 -9.188631  9.072318 -5.213272 -8.637444  6.937863 -9.655882
  4.743634  6.657145 -4.301469 -7.403999  3.470192  1.876875  5.599589
 -5.892067  1.283376 -5.114943 -7.137891  3.437372  3.273828  5.052409
 -0.121825  4.048164 -1.906944  1.642299 -2.210295 -9.538101 -0.008840
  3.745991  3.401699 -3.971601 -1.254228  6.412916  0.387469 -2.708606
 -6.594329 -5.779696  7.748742  2.391353  4.442339 -6.059074 -5.032914
 -1.231216  9.760547 -3.482374  4.552156 -4.979221 -3.941766 -2.805581
  4.298143  1.701382 -8.639610  9.707820 -6.470646 -6.394270  9.165632
  4.655734 -2.528528 -3.325613 -1.626067 -9.929043 -7.085927 -5.402034
  0.191478 -8.469365 -7.944838  7.563635 -2.942070 -8.149378 -9.974685
 -9.145038  0.432398 -4.560246 -2.733741  0.282958  5.453991 -6.800975
  1.503851 -5.598693 -1.229076  0.039050 -7.673733  7.273322  2.932613
  8.794000  6.793486 -2.087145  8.426878  9.546134 -0.381463 -7.904760
 -6.075782  3.962427 -5.049240 -0.744856  2.623430 -0.556087  0.003969
  3.827997  6.162789 -4.630671 -1.692960 -9.692594  5.085444  2.999547
 -6.959271 -2.316677 -7.279490 -9.461794 -9.398053 -4.932323  5.178570
  4.788392  8.362711  4.222895 -9.852714 -7.626255  4.674858 -5.079755
  7.136324 -2.963514  5.256571  6.392730 -3.892957  4.316959  0.496308
 -0.479755 -2.088303 -7.374555  1.825271 -3.893607 -1.269661  5.735843
 -2.768579 -8.514757  0.361394  9.116034  8.561277 -7.523101  8.005344
  9.064725  4.780551 -1.288598 -2.877776  0.781690 -8.043968  4.378056
  6.094572 -4.718443  6.654451 -8.566848  3.220495 -9.007245 -5.064202
 -2.263298 -2.707855 -0.283955 -7.903821 -8.406770 -3.230518 -4.334202
 -8.761959  7.889202 -3.990842 -5.145024  0.816177  5.402736  7.456029
 -6.541145 -8.993726  5.323907 -7.281172 -3.986369  8.822956 -4.306385
  5.577816 -8.032643 -3.325901  4.421007 -3.292628 -2.996308 -2.999484
 -8.708053 -2.084948  7.159710 -0.238468 -5.145272  6.914808 -0.889106
 -1.836511  2.572441  6.755350  4.652060 -1.052404  0.861088  3.075797
 -0.945905 -2.461199 -9.312036 -3.986318  9.362576  2.153866 -1.266891
 -4.374234 -9.908755  7.479647 -1.814788 -1.553602  2.155910 -6.286051
 -6.243048  0.348108 -2.965390  1.614345 -5.868099 -8.325883 -0.193274
 -1.710949 -9.047135  1.296023 -9.073152  3.929117  3.249340 -1.114319
  2.459673  5.305162 -8.288851 -2.182101 -7.912445 -2.774687 -2.179928
  2.619644 -4.608316 -2.919126  2.381806  6.477196 -2.326380  4.170990
 -7.201200 -9.466539 -9.076816 -7.691658 -2.532218 -8.761447 -1.641359
  5.028950 -0.106188  4.029878 -4.787367 -3.656473  1.610767  8.812063
 -5.930341  5.728520 -5.922080 -7.073387 -9.588337 -8.018990  6.619237
 -4.875104  7.364384 -0.516796  6.205854 -7.661271  9.359359  4.075004
  9.743997  4.287178 -8.544400  4.460082 -9.464101 -7.986178 -7.338901
  5.485363  4.245667  6.017162  3.031407 -3.959146 -4.848199 -4.959247
 -4.930368  4.379145  0.147441  6.610152 -1.452439  8.044600  9.101401
 -2.576398 -0.219410 -9.893060  1.197231 -3.636237 -8.756748 -0.796179
  4.621912  4.346744  9.494156 -6.003460 -1.239417 -6.732672 -1.750684
  0.197109 -8.801171 -1.128480 -3.561715  8.954373 -9.777023 -2.349832
 -6.353248 -2.415226  5.093448 -2.170417  9.860678 -8.783975  4.024087
 -5.049620 -0.845052  9.474167 -4.506100 -7.240453  7.533976 -2.975278
 -1.710893 -2.388759 -7.895880  8.848250 -3.628722 -8.151283  2.802596
 -3.426269 -1.054144  9.100356  3.455877 -9.819789  8.160250  8.376813
 -0.874129 -2.767368  2.622823  7.654430  0.115668  2.533524  1.113541
 -9.540520 -0.115232  6.051363  1.038340  7.919194 -9.178170 -7.373299
  2.048240 -9.819342 -3.266905  6.247779 -2.438966  3.994580 -3.773822
 -4.860834  7.811190 -0.391712 -3.055111  7.088525 -9.928053  0.277675
 -1.660195 -7.629952 -6.685706  9.100670  5.229557  0.335434  8.733156
  2.177098  6.235198  8.673761 -6.233413 -9.211561 -9.265181  3.012516
  4.731004 -8.890179  6.222773  1.257383 -6.697803 -7.638720 -9.404782
 -7.016903 -4.574675  5.774623 -4.583259 -1.691140  2.413371  7.648618
  0.981906  3.460049  3.086207 -2.629215 -1.586295 -2.396251 -4.795719
  9.408360 -4.914419 -9.534433 -5.727031  0.777351  6.430129 -4.522712
 -1.373304  6.801053 -1.008531  1.677124 -3.901626 -2.254501  1.580955
  2.570872  0.423245 -6.010976  8.539110 -0.502967  4.123125  5.534354
  0.997999  4.311725  0.309164  2.596436 -9.509551  6.286040 -9.156660
  7.544270  3.261204  2.472888 -8.459000  3.891325  5.392578 -4.617438
  0.115772 -0.632632 -8.427919  2.189463  1.889778  5.672409 -5.942553
  5.479109 -3.900022 -5.564938 -5.514671 -1.198947 -7.467816 -3.513147
  2.263675 -7.156716 -8.428425  0.876202  2.048479  5.873660 -0.645916
 -4.328705  5.607192  3.020584  2.328511 -8.116242  9.025295 -6.064754
  8.533663  2.865293 -1.138611 -8.985593  3.017894 -9.440836  2.565657
  8.378044  3.860173  0.362350 -5.979888 -9.059346 -7.916075  8.702413
 -0.128368  6.096703  3.230717 -6.686343 -6.741112 -3.659411  4.743473
 -9.241982  9.856516  7.981565  1.540996  5.116446  3.174571  4.550267
  0.859624 -8.006866  6.373501  9.466280  1.105810 -0.486173 -2.745520
 -1.649127 -8.907173  2.960820  3.158679  8.987705 -2.467373 -9.571416
  6.268939 -8.513578  9.883540 -8.573650  6.072932 -4.999750  4.157263
 -0.777803  9.610564  1.488910  5.209237 -0.377258 -1.348786 -0.031081
  3.615836 -5.135498 -3.906344  4.997598 -1.913789 -0.419768  0.895549
  8.697735 -0.177368 -8.080192 -5.850425  7.631559  7.700551  7.396451
 -2.158536  8.357733 -6.837804  2.777225  6.442751  5.328843 -1.077155
 -6.564295  5.000070 -2.479550 -7.996636 -4.378371  1.905476  2.597798
 -4.723070  3.476193 -0.393415  5.390528 -5.089915 -8.527701 -6.983518
  3.341270 -9.779697 -1.809147  5.352913 -5.125155  9.848451  2.236398
  2.307039 -9.514040  4.384231  0.440041 -5.680679 -9.924771 -1.810625
  3.697786  4.018902 -9.684847  0.560605 -6.210203 -2.802762  7.741948
 -5.246223  1.890256  4.935241 -1.490217  6.352621  7.294038  5.087288
 -4.575292  5.713032 -5.153676  2.371369 -9.861082 -5.966404 -3.309423
  5.832763 -9.762845  8.663395 -0.448011  8.659771  6.691428  1.058252
  7.812204 -6.860194  3.476203 -9.662691  9.999704 -1.987905 -0.594377
 -9.953772  7.572242  1.788433  9.205224  3.795116 -2.618925 -6.264089
  2.242841  8.927295 -7.642316 -1.590202  8.065221 -7.253052  2.224206
 -7.532058 -8.817610 -4.328126 -5.161256 -3.990740 -3.257782  3.896450
  7.882809 -6.104350  6.177402  0.896538  3.272606 -6.172140  8.989456
  7.723848  6.272469 -4.493681 -2.560329 -2.672113  7.720047  4.011504
  1.207087 -1.457401 -5.206897 -8.148658 -0.939745  4.224304  2.976631
 -0.597738 -4.028388 -4.966411  5.273198  5.936725  8.145596 -3.521690
  0.861927  0.982052  7.948681 -4.240736 -2.106373 -3.536391 -3.216318
 -3.655064 -9.314944 -3.333329  1.707208 -3.479369 -2.735586  5.779477
 -1.885779 -9.264788  5.392143 -3.146609 -2.940698 -9.245238 -6.842663
  8.074838  9.633822  8.729514 -7.374624 -9.377992  6.778953  6.558771
 -3.567372  6.116102  5.675698  5.908884 -7.097567  9.887509  2.522041
 -9.124528  8.472658  6.894664 -9.266891 -5.520546  8.198992 -1.332856
 -0.529010  0.876098  7.403591 -9.402387 -3.394487 -3.678575  9.948139
  2.781222 -3.098201 -1.989275  0.264541 -8.148305  2.059158 -3.169677
 -7.691607 -5.608990  9.069083 -7.682418 -9.500412  6.723686  9.642402
 -9.870361 -3.640965 -7.091883  4.114008  4.141363 -4.812549 -0.318785
  2.136804  3.332527 -3.979423 -8.116356  4.043449 -4.024243 -8.443738
 -0.911958 -3.730894  2.010934 -9.447076  9.927633  2.741336  3.520776
 -2.743821  1.704797  0.520079 -4.967658  7.723051 -1.873240  2.819557
 -6.347470 -9.035854 -8.857800  4.795723  3.795051 -6.156066 -9.774017
  4.932919  7.863757 -4.475349 -2.941943  8.288563  3.157509 -3.674742
 -7.863602  4.633267  7.761607 -2.399983 -4.855172  2.717137  4.875276
  8.239780  5.510466 -6.495653  6.237845  7.163834 -1.436482  3.119929
  4.591493 -0.815407  2.330853  6.447384 -4.535719  0.905836  2.479712
 -3.081073  7.693766  0.040191  4.090909  8.509057 -4.399790 -8.599814
 -1.824249 -1.406906 -7.973898 -3.976899 -5.988160 -9.520148  7.619187
  8.733235  6.049255  2.590961  3.614193  9.669860 -2.993497  6.131765
 -0.090064 -1.710112  2.509686 -0.947319  4.404002  7.434901  6.873766
  5.563441  3.410065  5.457758 -6.757416  7.747500 -6.424035  3.725474
  2.759869 -9.718229 -9.702656  9.644826 -9.994569  0.438034 -5.679157
  0.380635  5.824722 -8.943987 -5.978360 -0.961506  7.618983 -5.286411
 -3.708549  0.682146 -3.872342  6.732591 -8.865095 -2.027821  0.170219
  3.190819 -1.377269 -9.771103  5.561110 -3.828120  6.905280  0.344676
  2.949874 -5.209221 -6.739771 -9.763124  8.966943  9.116660 -7.447386
 -4.594696  8.386301  2.179837  5.647751 -2.811390 -5.917869  3.684905
 -9.686025 -3.458274 -2.731652 -0.249848 -8.455098  6.139929 -7.435026
 -0.098483  8.683883 -1.765285 -2.579576  0.640036 -7.378147 -6.099770
  3.353345  9.181975 -7.773542  9.931185 -5.536101  7.959584  3.618526
 -2.473064  9.494060  9.649474  7.972245 -0.283592  1.345509 -6.635178
  2.982609 -4.167759  1.642710 -4.721439  1.727244 -3.250374  0.993813
 -5.137614 -3.147197  9.526684 -0.479242 -0.536445 -8.345984  9.617073
 -1.320804 -6.139398  5.456187  8.319393 -6.857971 -4.902054 -1.481941
  9.031630  9.953830 -3.806697 -1.163336  7.953370 -6.536137  5.729580
 -9.250838  3.840447  6.263718 -7.087032 -3.173535 -9.331983 -3.068525
  6.019584  7.103014 -8.301944  8.177797  1.794202 -5.020314 -7.636618
  6.109440 -6.547132  1.493004 -1.313835  0.523411  9.280637 -1.986196
  5.854999  2.926811 -7.089504  0.609656  5.203730 -7.739715  5.372380
 -4.707909 -4.833385  8.454692  6.416520  4.545343  2.500973 -1.092527
 -4.561691  4.592786  5.377009  4.678681 -9.896575 -1.438667 -0.891899
 -6.299180  0.171527 -6.098384 -1.080662  9.787086 -1.993044  5.923051
  6.183134 -7.623820 -4.776974 -8.356060  1.965258 -1.443517 -5.995559
  9.671654  0.439586  5.058239  6.166345 -4.777928 -6.014331  6.602246
 -6.656933 -1.373688  2.116512 -3.891919  9.912957  3.659441 -7.963670
  9.190945  7.095680  2.667448 -7.618677  5.065840 -0.142233  4.569689
  4.239217 -1.787127  5.394441 -2.829827  2.411395 -9.091997 -8.529906
  4.269362  3.493607 -2.597336  6.359619  5.406530  9.320165  0.594728
  9.763433 -5.952231 -8.491806 -6.531176  7.660458 -8.505440 -8.617649
  4.221870  3.868422  1.025024 -1.611264 -5.573703 -0.948677 -7.383026
 -8.731218 -5.931056  8.713049  1.087952 -4.154935 -8.843884  1.276464
 -9.279226 -6.579604  3.260171 -0.379374 -2.137370  4.809488 -8.487425
  5.646937  4.748948 -0.732085  3.392014  6.116059  8.593267 -1.202515
  5.791415 -1.164973  3.753890 -3.089289  9.394099  8.777395  6.217072
 -3.430996 -3.746032 -9.839394 -5.277658 -3.911942 -7.937160 -3.379894
  1.883388 -4.377744  9.646242  0.401854  5.211880 -2.319106 -2.641522
  7.120026  3.557811 -2.519715 -0.981816 -4.399961  5.312636 -3.370885
  7.692749  4.476471  9.321318  2.441656  4.195713 -9.197684  5.730771
  3.117022  9.347794 -7.746498 -3.291240 -5.894072  2.694250  2.641451
  7.327633 -7.599578  6.611944  0.159068  3.480885 -0.014502  3.746454
  3.779061  8.389183 -1.582513 -2.430311  7.446449  7.661865  2.869800
  5.860986 -1.965783 -1.939693  5.342934 -7.000466  9.663446 -5.623968
 -0.606065  8.339017 -1.756438 -4.382592 -7.391242  1.686177 -2.594662
 -2.934089  4.034919  5.319833  9.941105  2.652702 -2.958090 -1.330786
  5.338359  4.636955  7.922424  9.227674 -9.700488  6.118158 -6.157516
  5.740664 -5.730359 -7.014231 -4.252957  9.245367  5.806013 -7.748305
 -9.033348  1.768032 -7.146482 -1.570347  1.805974  0.024637  4.034542
  3.875199 -5.055291 -1.780502 -6.118498 -0.027239  5.970576  0.448707
  7.345543 -3.997830  0.070899  8.386304 -3.771547  6.552935  6.244189
 -0.420764 -2.033812 -6.904930 -1.147067 -5.891162 -2.719372  5.713072
  9.706770  1.126324 -8.975430  0.841429  7.897231 -6.180227 -1.698900
  4.791061 -4.885608 -9.071172 -3.766566 -2.048151  0.615524  5.319433
  4.088100  7.929260  7.062609 -0.516586  4.840772  5.902014  0.904923
 -3.629189 -8.524128 -2.245690  5.982020 -0.659631 -1.603227 -0.586198
  1.976129  6.552592 -6.016885 -8.633587 -7.991132  2.890576  7.807798
 -6.060775  3.179205 -3.395118 -8.775859 -3.284117 -2.123334 -9.859788
  8.571092  0.176388 -3.740718  6.998628  5.185177 -3.209758 -4.807381
 -3.128630 -5.598539 -2.799084 -5.288018  8.160768 -9.454784 -9.073508
  1.548939  9.255929 -9.963729 -6.295287 -1.325917  1.118800  1.443859
  8.933621 -7.841061 -3.563126  6.921638 -5.096896 -1.660805 -6.362373
 -0.204429  3.568776  2.800399 -3.769454 -7.653272  5.325463 -5.019755
  6.080793 -2.750425 -9.296548 -0.677320 -0.805515 -9.895409  9.740330
 -2.211857 -2.830132  5.535842  9.517518 -5.584452 -2.347827  2.738608
  6.364440  7.931574  3.607908 -0.857406 -6.929057  9.447247  0.110052
 -2.792911 -6.232605 -5.076789  0.132411 -5.996937 -8.564650 -3.143336
  5.514241  5.782759  6.738434 -4.593597  2.884838  3.274522 -3.767624
 -9.580237  8.448753  3.142334  1.815686 -1.651444 -0.320655 -1.903840
  8.742045  7.444721  7.224264 -5.452765 -7.582732 -2.601689 -8.735943
  1.362387 -2.895763  0.452011  0.765594 -6.443137  1.943166  3.812170
  6.098383 -1.680202  1.232405  4.315205 -4.386688 -2.514903 -3.737404
  4.380469  1.341858 -3.101174 -7.053579 -6.586011  1.291193  7.308822
  2.361596 -0.083878 -3.706371 -4.475996 -0.825173  9.658538  9.022181
  8.003723  9.532119 -7.823011  9.305795  1.329782 -9.473504  1.018288
  7.113307 -4.545095  4.267450 -5.136277  9.864731  7.880920 -6.125315
 -3.940520 -6.417697 -9.034258  5.618231 -7.301628 -9.573880 -6.141607
 -8.839499  0.139009 -2.581354  8.677714 -3.569598  2.761384  6.472405
  3.703759 -3.174169  8.185103 -5.256002  1.579153  1.749854  3.491505
 -7.866860 -4.811697 -0.854850 -6.943243 -3.350865 -0.864004  5.821500
 -7.980518  8.338045  9.350202 -4.459387 -2.528468  5.613465 -5.858465
  6.019472 -9.613164  4.550216 -8.824203 -6.494758  1.288415 -4.002172
 -4.558766  3.528119  3.488903 -8.107281 -4.374151  0.891613  8.651694
  5.473963  2.792448  9.894375 -8.707349  6.820470 -1.102281  9.609846
  5.349369 -1.257813  4.501583 -7.664968  1.212552 -7.592938  0.894361
  5.302860 -9.519394 -8.247893 -0.199074 -7.325048  7.380072  7.244287
 -8.292431  1.717977  3.243795 -3.449885  1.039286 -7.938701  5.628440
 -1.321744  3.495729 -3.009533  4.011368  8.457365  4.410207 -7.310479
 -6.541665 -5.646153 -3.247987 -5.918482  2.271623 -2.895548  8.877909
 -4.475654  4.404868  5.314713 -9.433754 -3.777926  3.939741 -8.805941
  1.811404  3.481671 -1.244092 -7.211273 -9.109319  9.719525  9.290810
  2.926425  9.759718  2.985441  0.451250 -0.966979  7.855141  8.321672
 -8.875460 -1.626264  1.014955 -1.919501 -5.476129  5.054974  2.549453
  3.101759  0.760354 -8.204567 -1.939583  1.891968 -3.165067  9.495123
  2.386396 -2.310145 -1.049721  8.803969  6.715408  6.312132  3.362351
 -0.747638 -1.861218  5.829543  0.000302  1.156802 -6.803190 -4.865561
  8.472367  3.329782  2.601421  8.653265  8.416027  4.085941 -9.887345
 -5.525500  3.563101  5.886041 -3.923194 -2.057290  0.617361  5.637874
  7.561049 -8.441731  1.004321  0.825972  9.690552 -7.966861 -2.290428
  5.285662  9.500800  4.573709  2.207673 -2.172758  9.235658  8.307834
  2.363895  2.475730 -4.100161  8.629220 -9.538157  2.641904 -9.889357
  2.888163 -5.248466 -4.146828 -7.861783 -5.737898 -5.508370 -1.965252
 -4.011558  5.888561  2.320185  1.086237  9.551978 -7.368513  5.727483
  8.163404  9.037259  8.481432  1.092473 -7.818281 -6.067554 -6.800879
  8.706096 -5.274586 -1.291378 -9.387012 -5.377453  2.044237 -4.172528
  0.234118  9.067857  8.383421 -0.260120 -0.080999  8.776026 -5.889740
 -8.071549 -9.977500  3.315084 -4.948606  1.833385  9.016502  3.526277
  1.544224 -2.228572 -7.711402 -4.976099  4.952014  6.977543  2.603256
  9.247693 -7.897779 -5.948247 -4.123120 -3.209776 -2.131282 -0.272434
 -0.596472  6.099342  3.702091  9.369853 -1.322924 -0.405029  5.324980
  0.355009  7.535142  0.519127 -2.364357  8.495195 -4.940329  3.176959
  4.560712  9.377225  5.631538 -7.912181 -8.550721  6.201281 -6.772569
  9.163100  5.523809  9.618399  4.158627  4.755962  6.833096  4.762103
 -5.697080  9.741188  4.609209 -2.131950  1.213557  1.241410  6.537893
 -6.444046 -9.335453 -2.577199 -9.326938 -7.671310 -7.696824 -8.602649
  7.922302  7.067576 -1.515613  2.760382 -9.752327  2.310846  5.598841
 -6.353731 -6.216320  1.846836 -1.395593 -6.284681  1.195520 -6.759933
 -9.413684  0.838451 -1.821217 -3.511187  4.384570  8.541092  0.849465
 -1.024557  0.055382 -3.737871  2.888474 -9.138792 -4.280503  6.765410
 -8.799949 -8.988329  2.054680 -7.870921  4.166012  8.937520 -4.067559
 -4.103796  5.485496  5.246391  5.808314 -7.340046  7.021790  2.255524
  9.297369 -6.913889  8.786883 -9.639653 -5.107134  2.776811 -7.374471
  6.006743 -2.484460  7.836511 -6.736216  8.324105 -1.921849 -2.286949
 -0.171312  0.739819  6.278990 -0.907817  7.200901  9.852725 -9.395630
  4.993017  3.470799  6.566948  9.904439 -6.467371 -1.105240  2.108416
  7.231419 -3.893803 -0.982896  5.234626  1.991052 -7.305071  4.784326
 -9.784550  4.246478  6.179118 -9.779088 -1.856812  1.357976 -5.900145
  4.263985  7.993254  3.237013 -6.401899  5.047770  3.897215 -1.455225
  2.717416 -1.788447 -6.121258  6.429949  5.351092 -4.290700  4.353476
 -7.305091 -3.212965  2.366824 -2.335413 -7.414054  8.691586  5.905452
 -5.053110  9.810721  6.163164  0.787053 -0.042507 -4.388490 -9.628928
 -5.303381  2.982540 -4.621467  9.620459  6.476988 -9.084609 -3.376202
  6.328099  7.134436  0.143228 -7.083278 -3.742157  0.652519  9.388929
 -1.957216  4.946731  4.360662 -4.905524  5.851967  6.194411  7.136254
 -9.419870 -8.911872  4.786140  9.162841  7.178258 -3.619297 -6.080536
 -5.096904  1.224939  5.127434  8.885123 -1.593889  4.039471 -1.097966
 -8.056244  9.480594  9.502547 -8.822353 -5.658676 -2.579885 -2.662528
 -2.936153  4.633200 -4.738182  9.736170  0.732842 -2.383558 -6.884096
  0.085739 -2.479446 -3.374537  1.683576 -4.809160 -0.019481  5.868166
 -4.071846  1.230439  7.024306  4.296139 -6.336779 -5.821322 -9.258376
  0.237432  8.324717 -0.332312  2.105652  8.819810 -5.610943  3.241594
 -5.795671  8.223722 -3.323953 -9.369145  9.285189 -6.702325 -7.528056
  6.591783 -3.117384  2.349652 -1.751083  4.569481  2.513266  6.415165
  2.642968  2.751331 -5.675781  9.318190 -7.056969  0.460379  3.336077
 -8.514376 -6.560596 -7.998387  8.668827  0.092260  6.568204 -8.358533
  8.055815  8.274022  2.732961  2.219537  3.866137 -2.565767 -3.782046
 -0.955139 -3.079284  5.050030  2.956470 -3.490301  5.061637  8.677997
  4.578366 -2.401921 -5.296682 -3.485796  2.522709  2.476921  7.733137
 -2.399049 -5.410084  3.414532  3.937349 -8.236920  7.885151 -2.385219
  6.620117  6.810685 -9.308857 -5.415541 -6.873004 -3.229397  3.118787
  6.452174  1.159882  3.328254 -6.044212 -8.909900  9.756620  0.963168
  0.033928  4.139118 -0.097725  9.086905  2.931526 -0.044578  2.232809
 -8.990794 -1.723529 -8.263948 -4.765772  6.410166 -3.949189 -5.417226
 -2.644002 -1.114210 -4.024889  6.964968  1.600442  2.167030 -4.879714
 -3.073089 -0.957446  0.004849 -7.707725 -9.201483 -5.505088 -1.785589
 -7.171301 -2.595871  4.801075  7.461162 -8.071944  4.934522 -6.251098
  4.159917 -3.162616  4.990494 -8.704418  5.538207 -8.724564  3.353754
  7.960820  0.913948  4.003051 -0.951041  6.681295  5.725258 -5.311925
  9.515807  0.161280 -3.269126 -6.577551 -1.017810 -3.510759 -4.854279
 -3.781106  6.328919 -7.691826  4.257377  7.302426 -8.934054  6.720353
  8.413044  3.515902 -0.875995  2.663857 -9.637485 -0.907192  5.285792
  5.149851  2.815835 -7.123253  9.269830 -8.056649 -0.957542 -7.490859
 -7.280050  9.085548  1.425868 -0.071219  5.359732 -6.962878  9.769265
 -9.385281  0.815762  9.362867 -5.648046 -2.451065 -5.532792 -7.847212
  1.971110 -7.658769  4.145670 -4.530016 -7.916787  5.002936 -2.893942
 -3.253631  5.794973 -7.574098  4.405164 -2.729790  7.112658 -4.927818
 -6.213867  0.113821  9.223488  5.507221 -7.661814 -5.790257 -1.289798
 -7.933390  7.980881 -9.981334  9.151004  0.881274 -0.520844 -7.066158
  9.365531  2.482643  9.261065  6.880566  7.962474  1.829558 -6.318587
 -9.098677 -1.028603  7.156977 -9.963900 -5.454239 -4.041607 -4.581173
  8.615049 -4.404839  2.653692 -1.755781 -4.179265  2.340017 -9.280659
 -7.808637  9.822843  5.053943  8.206519  1.759748  9.532182  4.635293
  0.723760  6.141230 -5.097041 -9.449362 -4.446453  2.191513 -6.530366
  6.632841  7.568577 -4.070403  0.736881  4.167630  3.527983 -4.381234
  0.493316  3.504575 -0.890632  2.542885  7.915884  4.142948 -5.188575
  5.278200  8.198749 -2.882966 -3.673296  3.836708  5.367804  9.528463
  9.204697  4.407622 -8.247198  7.139482 -6.816825  4.991105 -4.875139
  8.303988  4.044447  5.718246  9.036435  6.581163  4.213994 -3.821098
  7.613329  2.330831 -5.898081 -2.685702  7.773506 -2.016467 -1.183216
  8.032265 -0.359984  3.604995  4.110683  7.332198  9.080232 -3.653966
  4.730522  1.127062  1.299525 -9.568280  3.139733  9.775780  2.307570
  6.096958 -5.348437 -8.092001 -2.724873  6.445228 -2.579436 -7.726501
 -2.138458  7.055888 -7.173064  8.649520 -2.982102  2.147727  6.077385
  1.284065  2.805984  3.564851  2.424870  1.285408  2.330506  1.095434
  0.854279  4.213813 -6.988041  5.950442 -7.980972 -6.720757 -4.374777
 -9.581392 -4.848296  9.771706  3.900632 -5.865220 -3.743636 -5.763427
  2.039577 -7.966849 -4.558437  1.136987  9.908051 -8.783070  6.436202
  9.096961  4.847421 -7.827830  3.766282  3.346067 -5.634454 -4.882767
  4.127731  2.136910  8.207957  3.896310  1.953584  4.633894 -7.148054
 -7.767901  1.323459 -2.614436 -5.775410  2.069856 -5.777767  6.295316
  9.195838  0.058864  1.344351  7.613100 -0.274646 -6.521640  2.610426
 -2.162497 -0.352823  8.804991 -1.959909 -2.266207  1.742454 -0.882413
 -2.091060 -8.181931 -1.402718 -6.026736 -2.956222  9.482816 -9.142994
 -2.465011 -9.019816  9.661839 -8.838923 -1.727265  9.316181  9.616128
 -0.528053 -0.976276  2.991839  3.852141  8.184195  4.819268 -1.434638
 -6.626371  0.353117  7.630009  1.396477 -5.440344 -4.006114 -7.086689
 -7.784948  7.243747  1.861158  7.764871  7.377450  4.466641 -1.655940
  1.293039 -0.816004 -6.202074 -5.898859  8.574519  1.663438  5.469398
 -5.244894 -4.893205  6.096094 -6.732513  6.506931  7.002925 -2.915183
  7.082133 -3.195578  5.101698 -7.475489 -7.385576  2.926632 -1.268693
  1.573017 -7.664912  6.338719 -8.144275  9.435634  8.228060 -0.087540
  2.567397  0.275685 -3.146385 -1.575987  3.375585  6.081473 -4.490629
 -8.763584 -6.632840  8.358339 -6.679855 -4.263205 -4.282811  5.478161
  9.653722  0.088715  1.081717  7.800225 -5.659517  4.883967 -1.164001
  3.774638 -8.302098 -1.107665  9.810268  6.921044  4.834731 -2.079891
 -4.901931 -2.971847  9.187353  5.104536  5.097475  8.794930 -7.380459
  5.647255  3.607175  9.079201  7.866387 -2.769114 -3.117887  9.948633
  8.328439  0.942778  0.508681 -9.896460  2.106073  8.027678 -3.872300
  8.694750 -2.730937  8.898985  0.939034  6.080835 -2.153294 -5.241695
 -9.026023 -5.272416  5.047794  2.152444  5.073548 -9.394252  5.550137
 -5.983616  5.837059 -8.293169  9.896450  2.150667  7.160673 -5.950269
  2.095955  9.242063  0.284350  1.001759 -1.030351 -3.879782  0.898274
 -0.772971  2.819683 -4.845718 -2.901125  7.034413 -3.120359 -6.690680
 -7.730347  2.934430 -4.496115  9.744174  0.680909  8.870168 -3.978851
  3.432041 -1.260602 -4.150048  0.414020 -2.773564 -9.661516  4.487149
  6.131567  8.845921 -9.285185  4.240940  4.551880 -1.947604 -6.270933
  6.729909  5.496464  0.265503 -4.918837 -0.195844 -5.331240 -3.947612
 -4.379127  2.671195  4.897689 -5.153020 -4.777742  4.203697  8.174545
 -5.990692  9.188560 -1.636789  8.778535 -6.159132 -7.074786 -5.340438
 -3.486818  9.233850 -5.917025 -9.417400  2.670261  9.934088  7.150311
 -4.292245  5.036837  7.397542  7.449156  4.557215 -1.685713  2.258318
 -2.337710 -7.304317  0.769312 -2.025296 -7.268466 -4.555494 -7.303300
  1.735515 -5.801254  5.323225  4.020009  5.800270  3.121375  1.019754
  6.250949 -4.274498 -1.885853  6.602980  3.881175 -2.148739  6.431772
 -6.997728  9.537059  8.311465 -6.102068  3.085194  8.335218 -9.998599
  1.195751  2.348808 -9.512756 -8.765932 -6.044549 -2.632360 -1.855926
  8.409969 -9.673182  3.454228 -5.830626  6.274283 -1.047606 -2.413767
  3.147137 -8.443620  2.870408 -0.222539 -8.267080  4.797618 -9.698802
  2.272380  2.823804 -8.116515  6.840997  3.777821  9.419796 -4.609269
  6.744917  7.609337 -9.499797  2.989012  8.970431  0.138310 -8.842595
 -8.917016 -3.043690 -8.592181  8.917222 -7.825770  2.873398 -8.819073
  6.867474 -3.370381  6.639614 -7.540639  5.363793 -5.417476  8.273227
  2.036602  1.624402  2.359671  5.027543  1.012893  3.151737  6.481891
  9.679867 -5.920178 -5.019363  3.374893 -0.946581 -3.993202  3.378540
 -8.362285  6.925751 -7.190531  1.070758  8.614519 -1.750907  2.533613
  6.533494 -4.235875 -6.084944 -4.453877 -2.550432  9.899266  5.689645
  7.733157 -5.548664 -3.397918 -0.891120  5.710080  7.445103  4.373981
  8.156082  4.085363  3.625141 -4.756042 -1.933102 -2.706409 -2.262884
  8.759108 -9.464248  7.499678 -5.943750 -6.913698 -8.586291  9.831753
  8.295379  1.357604  3.468399  2.704053 -5.460374  5.657073 -7.752581
 -2.411386  7.259833  4.082909  2.539906  3.541079  8.206136  4.217487
 -2.282216 -0.983487 -3.606041  1.253531 -5.233646  8.603695  0.953991
 -5.624650  6.716353 -7.766618  2.738710 -1.498050 -3.904388 -3.723444
 -8.015159 -8.210520  0.698234 -7.184846  1.899966  7.665077 -1.396246
  5.990997  2.747192  5.093664 -3.824051  0.203541  2.333902  6.935097
  8.738894  3.508036  8.558329 -2.426628 -6.002708  1.717836  5.058060
  2.505784  8.581160 -8.408348  6.992168  4.951077 -0.762662  6.433066
 -0.241465 -4.343963  4.394634  5.018264  4.666501 -1.887243  5.390905
 -5.582525 -4.467096 -3.098307  6.284530 -1.777155  9.163208  0.061752
  4.640068 -8.030430 -1.689207 -0.453481  3.895198 -3.026801  8.711912
  8.193427 -9.876649 -7.570763  0.710637 -8.836331 -8.888600 -1.664398
 -1.630026 -8.745522 -4.224738  1.768840  7.966494 -2.276129  9.647546
 -6.988585 -1.717770 -7.758231  0.973380  4.832117  7.516434 -9.813522
 -6.989364 -8.053164 -8.357913 -0.467975 -1.446630  2.418548 -5.350719
 -4.396515  8.264315  7.263990 -3.297001 -1.298071 -8.306432 -3.846252
 -9.629675  9.613849 -1.622217 -1.188605 -7.508024 -1.574418  4.512792
  7.153679 -3.021112 -1.258446 -7.759600  8.462959 -6.829852 -2.426351
  4.461718  1.662788 -3.127236  6.832105 -2.473088  3.548709  8.414501
  3.541672 -4.537633 -2.631097  1.214933 -5.046351  8.315815 -2.682574
  2.304966  4.641038  2.767207  5.711426  2.226424 -3.102870  3.626473
  1.227321 -7.339424 -9.748651  7.072746 -8.268835  4.031880  2.371117
 -0.712978 -0.189865  3.904163 -1.946450  2.813617  4.104584  3.613474
  6.627963 -8.814883  9.036636 -2.359436 -8.523196  5.339164 -5.341986
  0.597757  9.099316 -5.094133 -6.491837  1.517708  1.997616 -2.768756
  5.780984 -7.446694 -4.963267  6.498142 -9.571001  5.462617  6.584974
 -0.103758 -8.701844  5.095492  0.349156  6.226607  5.718563  4.654499
  2.168270  7.134435 -7.744720 -8.680232 -6.255517  4.308380  2.911375
  3.521204  7.339760 -9.434795  7.470157 -3.879407  2.232572  6.681019
  1.562201  1.212463  7.483421 -6.229547 -2.993042  1.452580 -7.652267
  3.693006  5.715791 -6.665860  0.959292 -6.184443 -5.653551 -7.089870
 -3.561266  6.646807 -4.210445 -9.991318  5.912117  7.487061 -0.238369
 -4.019531 -6.325675 -9.405575 -3.513791  0.051141 -5.242423  0.457667
 -5.001060  7.332427  1.129742 -4.183530  6.743497 -8.198791 -6.951357
 -5.807799  3.760209  5.777205 -9.242422 -7.031129  5.395056  0.072007
  3.235670 -2.377265 -3.073870 -3.369054 -5.835520  5.741367  5.153710
  0.953545  6.765336  3.803817 -5.475149  9.834920 -5.564501  7.864616
  3.139641 -2.409174 -7.508790  6.989472 -7.158629  9.390380  1.193692
 -6.061191 -2.175749  5.597166  4.768027 -1.257330  7.874358  7.246041
  1.092953  5.162557  4.915086 -0.228877  3.446994  4.430378  6.892675
  1.009837 -8.548736 -0.659138 -1.378430 -6.553218  8.524835  3.642171
  6.532469  7.777910  8.460376  7.360513 -1.001762  1.912994  2.939541
 -5.109925 -3.162197  2.383041  0.722161 -9.927686 -4.507279  5.589421
  9.479821 -3.634600 -9.419037 -0.027096 -3.698901 -1.725350 -0.803151
 -5.767441 -3.184393 -6.223029  9.419534  9.690689  9.384761  4.689878
 -1.929830 -4.797581 -7.788567  6.121307 -9.753368  0.433885 -6.610449
 -5.107842  2.465531  7.301211 -8.459203  6.696878 -7.792017  1.477295
 -4.950800 -0.222182  6.711189 -3.510906 -8.483491  6.900977  9.899920
  4.393988  5.119136 -8.984236 -6.397314 -0.164964 -1.157903  9.656279
  1.946092  2.650206  1.862719  1.020345  1.008062 -1.902566 -9.772221
  0.273495 -1.179181  3.652747  4.391362 -4.620943 -5.615810 -4.034089
 -7.205094  5.764979  9.190094 -0.833554  4.394756  6.931984  2.226797
  9.264359 -2.374624 -3.375532 -4.346313 -6.821299  0.669439  1.456945
 -6.015947 -4.505946 -3.449495  9.711179 -8.015273 -9.122796  7.124256
  5.476126  9.414084 -1.243036  9.851937  0.394148  8.140790  2.182848
 -0.509473 -0.875935  5.570371  4.266572 -7.112656  5.563553 -4.236378
  6.703545  9.624907  1.136161  5.687594  6.785249 -5.928702  5.818032
 -5.812947 -4.095411  8.216054  5.414503  5.761660  3.648799  3.957372
 -9.258499  7.777064 -4.984479  9.825336  7.493083  2.233402  7.630093
 -8.747021  6.725041 -8.979336  3.303144 -7.242818  9.222278 -7.382220
 -4.500095  9.298250  5.285905  5.733773  4.833262  1.165442 -3.167256
 -9.861944  3.284651  9.531086 -6.677361  3.087394 -2.645417  2.922267
  8.246703  4.301602 -6.678112 -2.967258  2.470873 -0.843722  7.885465
  3.665505 -5.882163 -2.861213  6.344423 -0.190973 -8.458323 -9.119369
  5.569165 -7.218425 -4.381410 -1.756441 -1.444435  3.655595 -8.015970
 -6.929695 -2.332786 -3.797504  8.509628  5.085635  0.269744  8.312534
  2.090511 -4.967156 -0.608566  4.820485  4.217065 -2.986552 -4.272036
  6.050421 -1.065257  1.786506  5.391491 -5.114003 -6.808876  5.814655
 -9.235498  5.468166  2.765302  0.104580  3.916728 -0.874652 -6.857370
 -2.945358 -6.816591  8.921523  7.119561  7.879129 -1.662009  6.948329
  3.362033  9.577979  5.658184 -6.938484  9.965362  8.451172  5.136496
 -9.055991  1.714777 -7.106924 -3.273723  4.578962 -3.662179 -4.434511
 -6.005152  6.678770  3.637845 -8.728256 -8.062191  1.630877 -6.439187
  8.037195  2.270648  4.924848 -5.468284  5.939812 -6.903351  5.413617
 -0.704086  9.826183 -9.427579 -7.675706  9.777455  7.855320 -3.396482
  6.468208 -2.952503  6.564722  5.643858 -0.151008 -0.041442  8.493617
 -8.893857 -2.544586 -3.376223  6.551091  5.357661 -7.136189  5.230869
  1.429017  7.559692 -3.862049  3.982573  4.342716 -0.332553  0.293719
  6.032435 -4.194355  6.974833 -1.142276  9.852527 -7.278720  0.183883
 -3.695218 -6.013836  8.659836 -1.156558 -5.502486 -2.863976  4.849988
 -9.607561 -7.894992 -2.933970  4.934270 -6.797414  6.388836 -9.015758
  5.685967 -5.589389  0.642942  2.138925 -6.526181  0.934841 -0.226701
 -3.262255  8.688030  8.676990  9.200647  7.223880 -4.907509  8.716404
 -3.552716  6.832148 -7.809789 -1.886620 -5.255889 -5.413157 -6.836491
  9.788585 -5.946037 -0.651510 -3.126458  4.359262  2.818685 -1.814181
  8.715479 -0.770561  6.347393  2.344040  5.686012 -7.561314  2.508919
 -3.598855 -1.364018  2.794016 -4.072832 -7.355267  7.130100 -4.315227
 -0.733779 -4.554139 -5.574856 -3.563200 -8.913465  9.481987 -9.643567
 -6.370510 -6.753572 -6.747418 -1.411474 -0.832510  9.091305 -5.634143
 -9.280292 -2.984394  9.564592  4.349099 -3.663411  2.553954  5.954967
  1.962903 -5.033637  3.156653 -9.137355 -2.052041 -8.976213  0.836651
 -6.621544 -3.756171  8.717235 -4.479839 -7.322638 -3.972036 -0.302183
  3.714761 -5.092642 -5.315649 -6.297140  6.966274 -8.979290  5.620245
 -1.238331 -7.643009  1.725418 -6.792412 -4.476551 -0.106314  6.913173
  3.801460  7.086691  9.282015  3.586768 -1.710527 -4.847484 -3.824990
 -6.358925 -8.877087  9.816791  7.500285  6.486335  2.866239  2.848636
  4.839856  4.346407  2.507988 -2.500456  0.197493 -3.121638 -2.043740
 -1.381122  7.043618 -3.543230 -4.290316 -9.021915 -2.290431 -3.596924
 -6.112095 -9.042722  8.866361  7.190470  7.790706 -5.921208 -7.696699
 -9.441384  2.681878 -0.298440 -5.533450  7.339733  7.139030  8.742606
  0.806062 -2.079806  8.597149  8.136991  2.231162  1.683160 -7.727253
 -9.465755  3.572759  3.552378  5.676132  1.821331 -7.650186  4.508437
 -8.192114 -0.258870  1.099061 -1.927137 -2.555231  5.127203  4.017066
  1.495118  7.820466  1.841800 -3.568423  5.740054 -9.194004 -8.475992
  6.207574 -9.686689 -6.658523 -2.008285  1.312555 -8.210422  5.760223
  6.763145  9.804964  7.054733 -2.492906  2.448839  0.597012 -7.765154
  7.909857  6.139524 -6.116431  2.888712 -9.734625 -9.745243 -1.099965
 -9.082438  0.218485  1.111435 -0.109652  2.710805  0.766557  3.176028
  5.726490 -7.872259 -1.692253  6.588968 -0.129701  1.257140  6.304311
  2.710671  1.678662  7.754896  6.270987 -3.454882  4.570240 -3.995521
 -5.961324  6.055491 -0.819867  0.845858  7.228679  1.891103  2.056943
 -7.209383  3.159879  5.332725 -5.679118 -5.743594  5.447275  8.793333
 -9.250331 -1.912294  6.965102  1.538611 -7.610629  6.455308  9.899995
  4.833871 -2.480784  6.143915 -1.722913 -0.333803  5.531683 -2.240156
 -8.560069  8.381110  8.018506 -2.926961  6.733048 -5.698773  9.047277
 -5.048196 -7.331701 -9.674225  7.530085 -9.475515 -5.554244  4.171727
  4.859103  8.551515 -9.423621 -4.009194 -8.264241  5.076596  5.933133
  6.513347 -2.043987 -5.658873 -4.226677  5.013385  6.648899  9.594014
 -4.285189  9.781648  2.217339  8.205550 -4.175129  8.218031 -9.821510
  2.628986 -3.477886 -3.611139 -4.305025 -4.657708  5.451105  7.142731
 -7.584371  1.349948 -8.369072 -9.605464 -0.269204 -3.695684  1.181016
 -9.845005 -2.477929 -1.015328  4.799956 -4.377105  2.540512  0.286971
  8.031995  2.740453 -0.689712 -5.144973 -0.000981 -6.075663  7.834531
  6.978733 -0.444418  5.671061  1.777631 -3.642562 -9.037328 -9.548334
  4.916759 -0.661710  2.054768 -9.662876 -3.114422  2.193384 -9.639083
 -9.912615 -8.514537 -3.472864 -5.183876 -6.999225 -4.549184  2.173037
 -3.521012  6.445745  8.956692 -4.330927 -5.486308  4.175270  6.626057
  0.435013 -4.346619 -8.757187  8.224829 -6.411591 -7.331723 -5.557209
 -7.301406  8.361885  8.680068  0.864221  6.147191  5.570208  4.092440
 -7.522014  9.058710  5.325004 -8.126214 -0.557593  7.809642 -0.545329
 -1.431349  5.951449 -9.539059 -3.491513  4.115520  1.737988 -3.783929
 -3.495775 -2.494907 -3.173491  0.491050 -8.964164  9.052204 -4.002467
 -8.418361 -4.041178 -0.376330  9.446901  6.818652 -8.678563 -8.251496
  5.786901 -4.402530  4.274060 -7.531685  4.282527 -2.713249  0.255507
  3.573276  7.076862  4.209415 -6.408908  9.263161  7.668037 -7.438173
 -3.927476 -7.500096  8.570849  2.726992 -3.962102  7.394615  2.082889
  6.210794 -6.164128 -1.798308  9.608522 -2.845571 -2.674608  5.252882
 -5.912219 -8.523069 -6.072851  0.010350  8.366208  4.997060 -4.026767
 -1.932185  8.787087  3.985891  0.478145 -8.337082  8.229045  7.413455
 -6.892004  7.357829 -9.893734  1.638097 -4.430150  0.999721  2.038433
  3.891026  5.563344  8.172510 -4.517961  4.855563 -1.330365  4.484354
  3.756442 -0.423607 -7.412247  9.601289  6.209359  5.383853 -8.838375
  4.658817  9.887994 -9.803388 -6.381656  4.758400 -4.848899 -0.741293
  1.640307 -1.687180  3.575159 -3.899093  2.651028  9.415868  6.527390
  7.282016 -6.081400 -5.374247  5.417024 -1.923884  3.003345 -4.731432
 -0.839553  2.936598  1.247001 -6.150430 -3.194706  2.979693  7.007984
 -2.694120 -8.394850  0.462213 -1.504575 -9.003858 -9.710044 -3.076466
 -7.754339  4.954327 -8.540953  9.184349  8.549902 -8.657474 -3.198106
  7.819059  4.562935  3.060077  4.678083  5.676237 -0.919319  5.983100
 -6.552360  5.373318 -1.064301 -1.676912  4.144686 -7.434704 -6.334876
  9.626728 -7.739217 -7.459914  5.721058  9.197429 -1.570824 -9.833147
 -5.771255  0.366610  3.294924 -9.289119  8.962551  0.678075 -7.812576
  0.604387 -8.695572 -4.984679  8.815383  8.526308 -4.979761 -7.184755
  4.944511  8.947823  5.205768  5.875722  8.777274 -4.707260  0.012187
  6.564209  6.241407 -5.062512  9.313802  4.796915 -9.477605 -8.107427
  4.123195 -6.232620  8.155292 -0.544137  6.390463 -2.358859  2.785306
  0.799174  1.510647  9.853491 -3.389920  5.075685  8.269934  7.052786
  9.736580  3.058728  3.436618 -9.599868 -5.792072 -5.774188 -1.131591
 -0.779260  8.527388 -1.334996 -7.578407  3.177630  2.625341 -4.202660
  3.946658 -7.167080 -3.962458 -4.724979  3.410520  7.079304 -7.373126
 -3.340236  4.326466 -7.210717 -8.077094  7.748257  0.903588 -7.004321
 -3.228774 -7.971207  2.494747  4.281049  7.508585 -5.528006  2.851757
 -3.043462  3.662154  2.069728 -3.762451  8.804661 -6.146550  8.345009
 -2.694279 -7.186376 -1.564596 -8.424591 -5.618648 -4.342407 -1.429983
  8.674701 -7.993346  5.996260  0.389764 -7.944317 -8.949568  6.615367
 -9.861968 -5.198529 -4.249473 -7.450775  7.764748  5.356107 -5.043528
  5.153311  3.107491 -4.164536 -7.645012 -5.514200  3.703755 -0.800543
  7.821002  9.450805  0.141595  1.577729  2.965824  2.714763  8.012687
  3.245761 -1.909726  3.051554 -7.583096 -6.064163  6.837766 -5.553935
  3.769961 -1.587309  2.139602  8.670682 -9.544566  6.623687 -5.020446
  6.950923  1.306209 -1.110466 -2.793668 -1.733100 -6.818660  2.419666
  4.908282 -9.884497 -4.833018 -9.378756  3.825750  2.584646 -8.494282
 -0.719568 -1.125954  8.859074 -0.418297 -8.231285  9.493935  2.051456
  6.158266  7.556539 -6.092934  8.460035  1.725546 -8.276439  2.990435
 -6.335887  6.772950  9.007574  4.669029  8.278832 -0.469726 -4.809184
 -2.168530  2.768589  1.095049  5.299981  6.339746  2.557963 -4.558409
  2.966024  1.137418  1.269122  7.784868 -1.446800 -6.173005  2.958573
  5.748569 -1.982161  2.941116  1.580857  2.939964 -6.946000 -7.226850
  4.680672 -5.678984  7.584036  6.980154  6.800920 -3.461884 -2.099056
 -8.634517  3.117209 -4.709957 -1.829851  7.620061  5.323207  6.488009
 -4.728684 -5.818707 -7.429576 -1.201476 -0.807268  4.346647 -1.721375
 -0.798276  8.388331  0.113615  6.981100  8.926035  4.211485  3.213118
 -7.830438 -7.305320 -2.770920  7.729551 -1.584268 -9.620615  8.475038
  2.591966 -3.034478  0.348679 -4.651924 -9.830064 -3.468758 -4.460701
  5.335505 -6.885081  5.096913 -9.938289  6.735890  5.431689 -3.153726
 -2.767046 -5.064132 -2.250073  9.196717  5.247017 -8.745361  3.332680
  3.512041  9.614200 -9.014917  2.119024  3.805990  7.861247 -4.070216
 -9.269694  0.030290 -1.191447  4.301178 -9.919860 -5.643856  1.039614
  2.213375  2.623737  0.941670 -2.080489 -7.445128 -1.061674 -7.343357
  0.369515  7.016377 -6.533526 -5.807663 -0.747182 -7.717688  7.663001
 -5.665608 -2.806340  0.707309 -5.148262 -0.930290  0.959669 -3.234781
 -9.502091  6.031508 -5.587852  1.587886 -3.610033 -0.054338 -5.201503
 -2.772606 -4.185088  5.066629  8.149085 -5.797253  6.356056 -4.189743
  2.882027 -3.622615 -0.023449 -0.951095 -6.997674 -5.803859 -8.828277
  3.627619 -0.921406 -3.715855  1.456011 -0.627874 -5.741502 -7.470421
 -6.614337  6.877186  5.346783  9.634605 -1.990177 -7.862370  9.058471
 -7.783838  4.906939  3.869471  7.601743 -5.294644  8.742722 -8.739009
  6.170656  7.448574  3.136912 -9.330404  1.636396 -1.073744 -5.217604
  8.470336 -4.308642  0.261520 -2.129658  3.212406  0.194526  9.669850
 -9.366254  4.050707 -3.146043 -0.657564  9.160698  3.347281  4.750424
  2.468631  1.100064  6.826841  5.644002  8.016008  1.622998 -2.212415
  6.352124 -5.889922 -3.074862  7.912308 -4.580405  1.620935 -6.985555
 -7.340780 -5.784709 -8.639293 -1.075622 -1.080007  2.330123 -9.324132
 -6.613711 -2.997791  7.995782  1.012352  2.773408 -2.247028  4.347484
  6.129747  7.332418  7.813340 -7.713354  1.156826  3.157538 -5.519438
  1.736378 -2.075295 -5.065777  5.731288 -1.792644 -2.758602  1.636181
  2.093197  5.813355 -1.137122 -4.285709 -0.707378  1.399704 -6.866156
  3.385492 -1.046614  9.514794  1.465223  2.042688 -5.294084 -1.422962
 -1.803482  6.878218  4.666804 -7.958085  2.192304  2.536813 -8.078432
  9.567031  8.438134 -7.288327 -5.530248  0.602197 -7.016846 -2.867827
  3.227542 -3.946422  1.408721  4.977330 -2.883437  8.668048  9.339611
  9.195822 -3.492816  8.204752  3.613200 -9.796604  8.533031  4.970725
  8.760228  0.291279 -1.237982 -4.494513  5.197209  2.420468  3.625709
 -7.182242  1.114324 -3.310193  9.705869  1.166992 -3.884374 -8.086473
 -5.701447  8.153917 -4.302178 -7.089260 -1.390578  7.237837 -4.875269
 -2.562577 -0.203819 -3.373277  3.160054  7.058938  0.559586 -1.889105
 -3.737762 -1.274520 -3.628478 -3.467074 -7.223162 -3.727657 -2.374678
 -7.998080  3.604764  1.195014 -3.211408  3.121225 -9.360681  7.195609
 -3.739572  4.147691 -8.254289  0.747258  9.617215  7.055551  1.257130
 -3.403722 -3.026741  4.284690  5.527393  9.120983 -3.373773 -7.873659
  4.921033 -2.509587 -5.048529 -4.291018 -5.755836  8.316857 -4.737084
 -1.365677 -3.267375 -8.083596  2.825670  5.172675  2.932537 -1.663829
  2.913272 -1.679981  7.679534  1.686816 -2.365569 -5.260430  3.630779
 -7.390561 -5.562209  4.762155 -1.931728 -3.311208  5.144863  6.601796
  5.353653 -5.717457 -7.466018  6.709738 -6.376533  9.425415 -5.697827
 -1.941413  3.161189 -3.315419 -2.506036 -1.030654  6.139033  8.617678
 -8.903362 -2.604949  2.159237  9.740763 -9.401024  4.844688 -5.682375
 -3.191605  5.611994 -1.755206 -9.027912  8.575254 -6.198113 -6.436142
  1.443475 -3.727234 -6.667669  0.062713 -0.999009  0.865516 -2.864699
  3.883722 -7.780786  8.984083 -5.895292 -4.594452 -1.592559 -5.181735
 -0.141361 -3.223500 -9.088668  4.696262 -9.948043 -2.895923  0.812960
 -6.068002 -9.125139 -9.463466 -1.561645  7.417158  2.484870 -1.760483
 -2.862317  7.387482  3.542547 -7.261855  2.376365 -1.775148  7.539566
  6.908000  1.384196  5.261005  7.982108 -2.358917  2.291998 -9.459628
  8.649344  5.140944  0.385750  3.921220  0.289884 -9.322463 -1.688428
 -3.610383  7.698788  3.882499  8.127862  2.929293  6.304882  4.409280
  0.339441  1.881811  2.883871  9.052244  9.990769  3.238483 -6.727710
  4.985779  7.382781  7.415401  9.617792  4.858452 -1.436048 -4.966310
 -3.163264 -2.993007 -8.404750 -9.695028 -2.950427  6.487253 -0.355765
 -4.598786 -7.687915 -5.863283 -0.605674 -8.267168  1.015063  3.041769
  2.610791  8.560985  5.952266 -5.717468 -2.862204  3.619718 -7.123106
  7.461695  6.610305  0.558972 -8.901950  3.218794 -4.523063  0.603532
 -2.300897  0.292664 -7.944372 -9.013872  6.490062 -0.246211 -7.177061
 -4.540722 -6.109352  8.253575  3.761845  1.522417  0.220701 -8.869181
 -2.369124 -6.598732 -0.365553  4.335911 -0.210418 -8.451025 -0.352900
  3.086570 -7.971328 -0.168021 -5.647781 -1.669899  3.093621  3.069702
 -0.725990 -2.735744  4.678664 -5.780599 -0.073998  7.428028  1.048894
 -3.924216 -3.926490  7.136875 -1.199597  6.858832  7.027961 -0.845000
  5.172858 -9.000033  0.677047 -4.763155 -0.855314 -4.450772  9.628608
 -2.629463  9.524129  0.324994  1.209388 -0.926392  6.336128 -4.687797
  5.927992 -1.715132  5.128397  2.700380 -4.024952  7.972426  9.445642
 -2.313814 -2.649673  9.897039  8.871412 -4.556663  5.528105 -1.205018
  1.137508 -1.140773  0.584690 -9.888433  8.611161 -2.347867  4.643426
 -0.550975 -2.156659 -1.665129 -7.996535  6.855938 -9.593762 -3.315934
  6.977320 -0.922652 -0.956456  9.345470 -3.606416 -2.725521 -3.628267
 -8.341127 -9.624126  8.752586 -0.518674 -9.978784 -4.293510 -3.073221
  6.167397  4.979766 -3.751187 -8.679634 -5.023632 -2.956628  4.775936
 -8.019170 -1.712862 -6.226626 -0.846536  2.357993  5.523389 -9.035336
 -0.971666 -6.232693  6.366875  2.881804 -7.935921 -2.031783  1.167328
  5.748026 -6.255117  2.021648  5.692031 -1.420520  5.168853 -0.691455
  0.866772  8.228340  2.698649 -8.481223 -9.965432  7.902781  7.524296
  5.258718  5.282671 -9.178868  9.423742 -0.478251  1.260809  6.281252
 -4.224793  3.206156  9.946414 -7.015638  9.883307 -5.400194 -4.263809
 -6.414956  6.274920 -7.127209  0.216192 -2.573481 -4.400897 -2.064795
 -4.350975  7.068598 -4.199926 -3.582413  7.289986  6.313722 -0.606988
  5.690725 -2.585932 -4.518149  6.157295  1.702480 -6.179375  5.174552
 -2.407414 -5.707734  2.724091  3.432989  2.201137 -7.469733 -8.308413
  6.469533  7.323178  7.193957  4.596980 -7.872085  1.676619  1.739432
  6.638379  5.924998 -8.058339 -4.627583 -5.229895  3.771612  5.658965
 -6.757293 -8.854919 -5.689207 -0.250450 -6.500016  8.601018  2.471326
  5.951982  9.464884 -0.071351 -6.594422  7.220873  3.136028 -4.483663
  6.022256  3.370215  0.954154  9.600636 -9.227499 -4.424058 -4.224994
 -3.204823  7.571216  9.802314 -2.708480 -3.642537  3.080144 -1.374785
 -6.672151 -2.061992  7.772097 -1.294066  5.347886 -5.660282 -6.649419
  9.735477  7.856231 -1.923702  4.788934  5.716562  1.905521  9.407457
 -1.978812  4.795061  4.357423 -2.284614  3.126180 -5.363886  3.550541
  3.873645  5.564875 -3.666825 -6.823039 -9.975360 -6.511308  0.715802
  1.852893 -3.611622 -2.805352 -0.095559 -4.040403 -3.637316  6.997908
 -7.406800 -1.936926 -1.376724  1.399805  9.541573 -7.160543 -9.176129
  1.731200 -2.724970  6.928067  9.025288  8.940560 -6.891541  2.050588
 -7.272769  1.003947 -0.104681  0.959472  5.571786  0.819374 -3.419204
  9.403701  8.574077  1.891212  7.296306 -8.880086  4.169959 -6.816776
  0.919314  3.653849 -8.771864  7.008934 -6.682716  0.611431 -2.829479
  2.171652 -0.592720  7.051243  4.027084 -7.337981 -5.877162 -6.047659
  9.019251  8.898457  0.968042 -1.121150  8.103020 -1.519021  7.395484
  8.928131 -2.313286  1.505141 -3.575056 -3.481164 -4.731925 -2.484453
 -3.483611  5.134135  0.736754  1.143832 -2.375662 -2.493423  2.647631
 -1.663664 -7.678734 -0.561126  3.609774 -6.136027 -7.854667 -4.158436
 -5.877414 -2.133980 -8.055053 -6.470186 -9.169805  0.044296  5.142266
 -5.737599 -9.313089 -6.802466 -0.699507 -7.918129 -6.012387  0.696182
  8.588263  1.859791  8.031759  0.468944 -6.383500  0.438743 -7.318632
  3.142252  9.296980  3.910596  6.266773 -3.997896 -5.466172 -5.362871
 -8.855061  1.612233  8.742494  8.736849  0.474180  2.443862 -7.037088
  8.085818 -1.596113 -1.676770  8.709403  5.746911  8.909131 -8.805188
 -4.118372 -2.168359 -0.163232 -0.564886  6.004965  8.238373 -0.950778
  3.381637 -5.644558  6.932544 -6.906735  7.340209 -7.441257 -8.575771
 -6.210551  2.927505  0.139067 -7.681520  2.469606 -9.246398 -8.156080
  3.009679 -2.200367  4.925884 -0.701963 -5.241595 -3.063869 -1.438556
  2.064583  9.779969  0.325790  3.623815 -3.488874  5.297016  6.024589
  6.292170  6.904254  6.583055 -0.737284  1.751162 -7.415966 -4.274256
  4.187633  6.746712 -6.421381  9.368901  2.243502  9.572397  7.227378
 -9.055920  6.644692  7.647817 -2.713626 -9.235690 -5.868646  5.040387
  9.578329 -9.123697 -5.901218  3.276585  7.734015 -2.873046 -6.869309
  4.212882  8.881627 -0.951663 -8.113643 -8.671811  0.000981  3.244746
 -0.843686  2.460118 -8.245078  3.551022 -2.920116 -0.098052  6.659624
 -2.514364 -3.816908 -1.406151  2.216040 -6.968518 -6.784691 -3.505726
 -2.141728  3.730885  0.987005 -4.909848 -7.809370 -9.578148  8.156163
  9.545141 -7.352559 -2.003659  8.160798  7.980593 -2.873092  5.848129
  4.906276  8.150124  9.474713  3.203176 -4.510821 -0.076614  1.666277
 -1.230270 -6.738269  8.662012  9.325112  0.272920  5.064305  5.037551
 -7.872456  1.824265 -2.883923 -9.628317  1.518970  5.411367  3.999566
  3.985022  5.390906  9.358912 -5.721070 -6.736374  6.506429  8.427986
 -5.225308 -3.913655  5.044250 -7.071605 -1.731903 -7.722159  8.389682
 -2.423659  7.318869  3.295924 -7.914755 -7.869811  9.571567  3.088562
  8.672034  4.738665  3.802381 -6.994546 -9.517772 -6.063995 -1.304246
  4.421674  4.698522  4.285090 -3.749752 -1.220883  2.225225  5.417869
 -8.064484  0.268038  1.034166 -0.221509  8.044965 -8.649536 -3.778325
 -8.721254 -3.882333 -6.103365 -9.365892  1.365422  0.819023  8.145022
  8.562854  3.751424  4.607873  9.571310 -4.652604 -8.377485 -4.403924
  1.159111  7.741899  0.345335  2.995404  6.420822 -5.042598  5.375733
 -4.004466  8.413850  0.458020  9.730429 -8.258014  2.240237  2.895446
  1.600236 -8.923925 -6.760699 -2.602579 -9.893963  2.106040 -8.873147
 -8.555925  5.730777  0.919181 -5.410687  0.106265 -6.284153  9.734609
  1.919453  1.616604 -0.327830  6.558251  5.488584  8.631418 -6.689653
 -8.553342 -2.686249  7.484671 -0.199226 -5.094383 -2.296920  4.475243
  2.481234  2.285648 -4.387765 -6.769943  0.454566 -8.966374 -2.672683
 -4.999213 -1.760493 -4.512615 -0.532120  5.346397  1.881551 -3.735221
 -9.706711  7.816770  7.071795 -6.464592  2.219184  4.889094 -4.644999
  9.919443 -6.380464  8.239474 -8.388870 -4.445573 -7.467422 -6.661172
 -9.972675 -6.465899 -8.564560 -8.138965  1.937240 -6.858334 -9.362628
 -2.819665 -0.055470 -9.781851  0.840135  8.357190 -2.875801 -0.349089
 -4.160641 -2.235661 -7.511965  4.480584  6.771131 -5.843905  2.529952
 -5.336486 -4.920075 -8.415521 -6.034467  2.394756 -3.303407  9.004014
  9.632339  4.249603  2.572596  0.399113  1.266920  5.157285  8.879993
  4.859566  0.004521  5.370122  7.886444  5.565667  3.088034  4.344826
  2.531971  0.916911 -3.576227 -2.140432  4.896542 -3.635988  2.247793
 -5.579682 -1.651930 -8.343547 -4.191775  6.533601 -8.875700 -7.482721
 -7.891742 -4.085283  4.846633 -6.884029  1.662422  6.646147  6.385960
 -6.503917  5.439680  9.327060 -2.661782  7.930078 -1.926190 -9.201053
  3.301485 -1.175861  8.885845 -6.699733  8.288350 -2.522065 -5.843356
  7.760637  1.525081 -8.255406 -2.951698  1.043358 -8.497054 -2.350440
 -2.369641 -2.040370  4.776880 -9.411610  4.831991  2.662076  1.710865
  5.137534 -0.937494 -2.163464  2.766216 -2.712542  1.949404  9.440079
  1.493482  6.587609 -9.478733  0.667582 -5.187527  4.559897  8.799642
  2.656088  6.533800  0.178789  5.979337 -7.946999 -7.515689 -5.496856
  2.069721 -9.044193  9.533787 -6.103728  3.339016  1.742979  3.237194
 -8.428399 -9.558800 -2.809048  9.409589 -3.064350 -1.341821 -4.312267
 -9.692162 -5.685737 -0.585610  4.117733 -8.045112 -7.388751 -3.492788
 -0.350149  0.201662  8.568621  2.694648 -7.974407 -8.956176 -2.378545
 -2.063888  5.878973  9.560442 -0.920782  7.080534 -5.298121  7.326976
  6.123756 -8.890555 -1.873849 -8.422004 -7.123057 -5.683174 -9.943625
 -9.485396 -8.380721  9.776931  6.233484 -4.366535  5.408318 -4.427667
 -5.312163 -3.754694  8.471454 -3.889478 -7.419927 -2.052621  2.763872
 -4.656337  3.363039 -5.420213  1.386156 -6.947482 -1.526058 -2.458465
 -0.697207  9.751080 -8.814460 -9.846733 -6.858055 -1.484881 -7.497807
  4.072386  2.575319  6.669086  3.025503 -8.693966 -4.791459 -9.728438
  0.778239  0.247305  3.622890  1.284817 -1.545309 -3.654928  4.309207
 -1.116916 -4.827981 -8.672386 -2.090234 -8.492340  1.397918  3.839810
 -3.446619 -7.501698 -3.171665  6.570878 -5.231292  0.689419  5.700658
 -7.677801  1.067220  3.839576 -1.386156 -8.079740 -2.739142 -3.500317
  8.923184 -1.113788  5.080359 -4.573929 -4.393570 -7.629799 -0.939898
  4.127229 -5.006931 -2.681663  7.336518  3.660098  3.237482  9.298489
 -0.110568 -3.883199  0.630969 -1.170753  8.006819 -8.546198 -8.030926
  1.176553  7.472816  6.369395  9.332811  5.896110  0.158370  9.428403
 -7.877505  1.099559 -4.454267 -1.173299  2.404316 -9.293675 -4.057739
 -9.270290 -2.584433  6.800453 -7.590452 -9.521380 -8.129052 -5.940067
 -7.386204  6.112260 -6.693474  4.942540 -1.053483 -0.455192  4.444466
  4.173837  6.275282  9.024037  5.502548  3.805235  8.220228 -2.965384
 -6.184411  6.975135  6.794117  5.784385  7.324770 -2.944209 -9.589236
 -3.665611 -8.281651  5.702157 -7.895224  1.818196  8.284938 -8.551623
 -6.916244  9.141206 -8.478727  4.869613 -9.489987  6.767565 -6.387333
  0.650484 -8.612236 -6.477061  2.782351  9.232438 -5.143744  7.933335
 -7.591277  0.183072 -0.871488 -0.856769  8.695693 -4.233013 -0.645680
 -1.450871 -0.032632 -5.353372  8.092439 -0.592909  7.310314  5.531312
  7.032190  0.336754  8.630423  2.687909 -3.181094 -5.702201  9.524653
  0.823085 -5.188209  8.465295  5.455122 -1.857384 -0.290235  3.336390
  0.525596  6.015579  2.963926  5.225486  9.600590 -6.612159  8.614171
  3.231083  9.599607 -7.445026 -1.413889 -9.203905  0.840227  8.101929
  7.779345  1.594871  5.739173  1.465249  3.821938  1.782166 -7.912082
 -2.285004  7.155199  8.936609 -7.423394 -7.281254 -0.843382  5.078277
  4.696235  2.207765 -5.684107 -8.085466 -5.735309 -3.436863  3.619136
  4.493454  8.667572 -1.364086  4.191529  9.165754 -1.817393  8.698520
 -8.690443  5.587548 -0.453636 -4.695281 -6.043579 -1.350017  9.096798
 -8.882181 -2.632256  4.468310 -9.307332  3.360794 -7.786760 -2.755881
 -2.169251  4.401036 -3.333867 -8.260706  9.202864 -1.033644 -1.190385
 -7.171189 -5.917351 -0.896463  2.164963  5.219813  7.319539  2.653418
 -2.969017  0.753086 -2.751511 -6.377554  5.591991 -8.125651 -9.308255
  1.322521  3.740511  4.230555 -9.835060 -3.091866 -4.826673 -9.266954
  1.657069  9.249438  0.194284  9.080643  4.850794 -8.477382  1.233760
  8.178542  2.473310  7.324353 -8.910821  4.069967  8.736369  2.433390
 -8.859958 -3.482412 -3.158524 -6.979994 -0.936755 -0.889836 -0.213437
  3.396062 -7.725777  2.927894 -4.817039 -0.659766 -0.806181 -6.261684
  9.097687  2.994700  0.559219 -7.565045 -5.673943  0.649907  9.695996
 -4.398826 -5.596715  2.987514 -1.533886  2.810789 -2.689883 -1.215153
  7.992104 -3.385912  0.455483  9.526574 -1.997079 -2.182462 -1.693883
 -6.260309 -4.006270  0.463395 -4.101340 -1.164688  4.655298  9.063735
 -5.455623 -2.053586 -8.115818  0.689862 -3.606540 -2.129558 -8.082024
  4.859012  6.420220  5.403611  8.867015  0.427797  5.532630  1.437651
 -8.714856  2.853572  4.261269 -1.358406  4.085049 -7.562655 -5.026383
  7.843696 -7.994751 -3.515712  1.504879 -0.966810 -0.809123 -5.282551
  4.568631 -0.699132  3.038683 -0.914099 -3.485745  0.533874 -9.675650
  6.554553  6.279565  8.888976 -1.140390  5.943495  3.628856  9.138500
  3.941751  8.321248 -7.014379 -7.749868 -8.491341  1.991837  3.585362
  0.142053  8.988973  1.596954 -0.506369  1.054387 -6.333463 -9.988226
 -6.146293 -7.243656 -6.805459  7.773806  4.646140 -7.014089  9.735635
  7.987076  0.966696  2.517773  4.163175 -0.075792  6.269659 -1.803214
  8.451570  6.388293  7.355455  8.468667 -7.835587  0.082739 -0.881918
 -0.417445  4.098522 -3.050499 -2.521381  9.959688 -6.681670  5.793088
  5.122006 -8.761265  7.842291 -0.651347  2.747104 -9.704563  5.481679
 -1.954540 -8.526921 -0.506988  2.150631 -3.192133 -6.995389 -2.512343
 -0.836759  6.434103 -4.248236  7.170459  8.239172 -1.226150  3.475045
 -7.758598 -0.661969  8.502800  7.119981  7.426873 -2.152921  4.531092
  3.001962 -6.345002  8.578061 -9.209754  4.137884  4.812909 -1.350375
 -7.976210 -9.488481 -9.636770  0.844940  5.135604 -6.911412 -6.095519
 -4.591814  8.717445  8.077484 -0.665240 -9.587369 -4.538809 -3.995343
  1.160480 -7.004087 -7.131652  8.681312  0.545924  1.515058  7.783315
 -6.764439 -7.665357 -5.974429  8.512287 -7.360956  2.311805 -9.461589
  3.478521 -5.477240 -9.378659 -2.613485  7.438979  0.380237 -0.573462
  2.034962  2.462720  4.186051  1.909203 -5.260782 -4.319952  8.640137
  6.510434  3.427407 -4.549702 -4.920667  6.891433  4.297816 -3.162801
 -0.419749  3.384020  9.324970 -2.552049  5.394195  5.480663 -7.578956
 -4.933170  0.697943  5.873188 -1.060157 -2.464766 -6.861919 -8.902031
  9.277467 -9.817969 -4.725648 -6.839333 -2.050603  3.411576  5.044769
 -5.717449  2.060590 -8.952274  8.787379  7.411934 -4.609344  7.254161
 -6.029696  9.065177 -0.444209  2.922322 -7.058529 -6.651926  1.570295
 -9.316479 -4.700285  0.578916  6.785295  3.581943 -2.713464 -4.825003
 -7.121422 -3.659894 -1.971694  1.214147 -3.523618 -5.605261  2.570755
 -1.353141  5.122693  2.997130  1.703690  8.147027 -9.780042 -8.071861
  9.937342  6.440445  3.652728 -0.738106 -3.581531 -8.384402 -6.628143
 -2.029088  4.136956 -1.985583 -2.088510  8.455723  9.311284  9.367515
 -7.048203  4.131805  4.554085 -9.256539 -0.056389 -8.499533 -6.749619
 -1.331864 -7.752385 -8.426442  3.487383  5.918738 -0.036586 -5.734017
  8.675836  5.985809 -0.880825 -8.069154 -0.028097  8.814624 -4.514529
 -5.113096  0.998537 -5.421934  1.562564  6.739790  3.298968  8.625085
 -9.092005  1.949363 -0.498886  0.511051 -7.214593 -2.860863  7.835753
  9.183765 -4.085894  7.415715 -7.358998 -5.059246 -7.951801  3.056236
 -0.257380 -1.377906  6.915413 -6.251303 -4.802520 -6.585568 -8.432790
  1.675374 -1.803347 -4.532350 -3.753559  3.189062 -6.306205  6.432669
  3.821882  0.102293 -5.322385  6.455759 -9.346129  7.420740  4.582636
 -5.702356 -7.980688 -3.691080  8.486951  2.892553  5.122750  6.251143
  0.355961  2.667444  0.129420 -7.047096  0.148564 -3.229519  5.401081
  3.354154 -2.816581 -1.785765 -3.862319  7.950074  7.371133 -2.115587
 -5.198885  5.848359  9.896059  2.793567 -2.685781  1.538322  1.004929
  1.224093 -0.893355 -5.856393  9.957835 -8.411969  8.925393  3.668317
  8.756700 -7.991592  7.943925  9.010770 -7.395148  9.580936 -8.812453
 -8.487096 -7.204554 -0.037500  9.573710  2.773016 -2.212336  4.276027
  0.441932 -9.321127 -2.051047  5.883973  4.840957 -4.393692 -2.096580
 -7.582685 -8.792651 -8.522312 -6.098986 -7.077753 -3.311374  7.608209
 -5.038895  0.442964 -9.992875  9.086562  9.573390 -2.391468 -8.628644
 -9.719458  2.683197  1.700803  7.481531  8.990639  0.872975 -9.478706
  6.570161  8.965522  7.139249 -3.246522  9.878881 -8.484474  5.485476
 -7.020919 -7.108896 -1.859475 -5.898245  4.070762  9.261487  0.995881
 -1.923318 -4.429082 -4.813414  6.839457  7.301276 -1.601024 -3.101729
  5.246979 -6.359716 -8.879241  5.965654 -6.296243  9.254310  9.480080
  3.062692 -0.638320 -9.524106  5.431320  2.269628  0.540215  5.820571
 -5.076303  9.067595  9.162917  1.207987  7.706758 -3.680739 -4.369054
  7.820076  3.407088 -7.859760 -7.615948  2.052979  8.264480 -7.282825
 -2.625589 -6.420470 -7.544861 -9.115870 -1.086152 -9.356435 -2.915867
 -5.372602  1.863718 -5.210564  2.366065  0.462440 -5.957509 -2.607211
  7.547775  1.189996  7.559737 -4.290267 -0.815380 -6.943669 -2.455369
  1.522471  7.052058  3.957603  9.494677 -4.441899 -9.911627  0.525678
  1.469040 -0.236938 -0.972457 -2.812146 -1.910446  1.803692 -9.583023
 -1.638065 -5.279300  4.672151 -0.696067 -2.065377  5.638828 -6.698258
 -4.982073  8.187112 -4.485755  3.607916  1.645671  3.382726  3.780413
  3.970063  7.942580  5.699461  6.015751 -2.711940 -3.160823  0.898490
 -1.087837 -0.707676 -1.160478  5.105737  7.696182 -5.486778  8.796033
  4.156593  9.365142 -4.337522  1.157082 -1.504448  6.506219 -7.664883
 -3.091691 -6.423310 -3.908214 -5.459016 -4.197187 -3.461293 -4.241438
  8.681850  6.468425 -4.105417 -1.763049 -6.812414 -6.371054 -3.328939
  7.494060 -1.410853  2.616148  6.628258  2.715027 -2.643072 -5.476756
 -2.405381 -6.959030 -9.695894 -6.966323 -0.219878 -7.810463  1.094345
 -1.449956 -3.375130 -5.352254 -6.198131  5.664393  7.199370 -2.695850
 -2.736191  1.599122 -5.834124  4.201222  9.789964  6.329753 -7.310798
 -8.225707  2.454896  9.741556 -7.221353  7.308118 -0.609421  4.489315
 -4.266522 -3.527269 -2.334687  3.183427  2.477411 -9.837651  0.008473
  9.093941 -7.269866  1.613942 -9.115026  5.327421  0.401861  8.720213
  1.406235  6.478299 -5.604395  4.424187 -9.927340 -9.859949 -4.660785
 -0.056027 -8.201368 -1.781240  2.085303 -2.483504 -9.129559 -9.638701
 -1.494172  3.789092  5.018350 -6.920203 -8.725407 -6.827411  3.328372
 -4.663837  3.188635  9.881218  8.834570 -3.597107  0.268844 -7.949099
  4.080171 -6.510660  0.535613 -7.695091 -8.643878  2.496947 -7.820558
 -9.190328  5.418487  2.943137 -8.989425  1.349712  1.348609  6.624324
  6.743817 -5.235944 -8.090901 -4.781485 -9.892639 -5.017873  6.969451
  1.235177 -0.767272  3.805687 -3.035365 -6.464480  0.927735  3.740713
 -4.460243  1.856345  7.182876  9.508972 -9.563402  7.472017 -9.386535
 -0.221276  9.490912  9.493692  8.889922  6.238276 -3.382419  0.199279
  4.027050  8.139327  7.756095 -2.214359  7.257637  8.354299  7.629740
 -7.829075 -2.148460 -9.346426  9.617612 -2.036623  4.654507  6.279186
  3.518485  5.071925 -3.803234 -4.592518  8.537038  7.856442 -9.781697
  8.424493  3.829045 -4.372658  8.039055  3.318623 -5.545088  1.979603
 -3.506461  8.870809  5.166895  8.507576 -1.812191  0.935887 -1.319739
 -3.596596 -7.862172  9.347648 -9.964079  1.348133  8.070935 -7.683545
 -0.278717  0.196567  3.547193  4.575234 -0.026837  8.195174 -2.149371
 -5.706038  5.803008  0.933518 -0.260184 -7.278262  5.879220 -8.681152
 -6.223753 -0.792539 -4.609297  0.560210  2.602414 -6.266243 -9.066625
 -7.173775 -3.127756 -1.639867 -1.449999  0.754569  4.457451 -0.375179
 -9.713528 -2.154647 -9.949866  6.028418 -4.011006  7.538708  9.424617
  6.705941 -8.359110 -7.521215 -4.900878 -9.391500  3.170750  3.341045
 -3.548218  2.935478 -0.108224 -6.725165  1.277079  6.223161 -6.757778
  8.427980  6.227344  1.707252  1.165341 -6.884424  6.162539 -7.090381
  2.583294  8.552705 -1.872598  6.452882 -4.017257  5.396103 -7.117832
  4.392648  8.034295  4.897055 -8.497166 -2.412208  1.577037  7.225689
 -3.261241 -7.228507  1.745057 -8.477945 -0.702667  5.862473 -6.640747
 -4.835146  7.500405 -0.913889 -6.993621 -1.543452  1.575108  7.725690
 -9.601939 -3.011832  2.564036  1.833275  0.503072 -3.292136  4.866521
 -0.215106 -4.054435 -7.416067 -7.543775  3.280727  5.826463 -5.466274
  9.811681  8.903094  6.729980  6.185761  0.036836  2.691232 -4.444148
 -0.730576  4.109562  3.087596 -0.012514  0.101679  5.689471 -6.833897
  3.282607  7.691706  9.291111 -4.953721 -5.385182 -4.810939 -7.828439
 -0.115763 -2.558046  1.118215 -7.153194  6.148090  1.377964  6.090420
  3.470168 -7.130630  6.166327 -8.254560  1.946750  6.130542  5.898171
  8.011993 -4.716513 -0.296884  4.679975 -6.966007 -7.267164 -1.372724
 -3.211401  5.143122  7.404573  6.981778  3.216449 -0.085221  9.159192
  5.001188  6.763396  0.588449 -6.519899 -8.117640  5.812188  7.798532
 -7.728444 -7.659470  3.630954  2.907313 -6.452856 -8.442045  7.372641
