16
1
0
0
0
0
0
0
-4.83163849948
1.58981132819
9.77583915754
9.55733029044
3.19515302943
1.26636495541
-0.207215706272
-1.9558469212
9.44085614731
-0.241667548998
-2.37381768806
-2.26008856969
-6.87670009919
7.05498987848
-4.74268137873
-3.87147874831
-7.50056131516
3.67044252224
-9.2348127558
0.966751694278
4.13125984721
4.6281093074
-9.55206704852
-4.32963369974
-5.71820797012
0.741857945899
3.59071592466
-9.67259937651
6.99778855882
5.63293030133
7.69178846699
-6.4180743876
2.53511292401
-3.54003978959
-7.45972666915
9.68285475159
7.21036441942
-2.51980748761
0.823081148345
-3.57720754831
-4.54429385998
0.0894678050369
-9.37133881586
-3.52308006723
9.29517828104
8.28441022456
-2.56410663367
3.61266782391
-2.86552539978
2.96602117869
-7.85239004597
6.85782817927
-0.74492616753
-8.34788175868
7.95998819618
6.00403006371
-7.93341093469
-7.38130108863
-7.59129516267
5.09098494694
1.60675639221
-2.49271420868
-5.33876478638
7.79197332816
-0.627243665967
-1.29977230453
-4.48790356571
-3.94365522246
-1.88017170786
-0.0208925629379
6.29032496902
-9.56874496389
-4.26496092483
4.0338363329
-4.14258353723
8.6340350302
-0.737749219034
-7.08951103924
2.31882652181
7.91610767768
7.31616238014
-3.21929677079
4.94844077585
3.60120206708
-7.13769667194
-7.24413717922
-1.70449967915
8.70576889804
-6.90773312734
-7.65921114249
8.77081321598
0.350374367423
-8.07048825196
1.90819509501
-8.99649440932
3.25699905257
3.9787815317
5.47272452194
-4.43222832315
-3.6097089638
-6.55864798445
0.228740268254
-4.29635568032
-2.70131228155
7.43743964296
