 512 1
 28
 0.E+0,  0.5D0, -.025
 -1.0E-14, .F.
  1.000000  0.000000  0.000000  0.000000  0.000000  0.000000  0.000000
  1.793960  0.894883 -9.741276  9.357294  8.208968 -2.660986  0.466776
 -9.243541  4.702291 -4.308496 -9.206545 -6.896782 -6.200376 -8.218317
 -1.674100 -5.267676 -3.634350 -2.164188 -2.945513  7.284395  1.350780
 -7.335437 -6.578439 -0.573738  4.809880  9.775204 -4.444813  9.541389
  8.569568 -6.514146 -0.318285  4.050047  6.041103 -7.043299  9.195664
  5.275193 -9.225025 -9.819447 -5.987179 -4.637747  9.642875  7.543781
  9.146411 -5.548164  8.249761 -5.771066 -1.441313  0.316793 -0.511067
  3.398195 -5.308142 -8.516978 -5.841693 -0.326095 -6.558850 -0.736645
  3.821531  2.255283  5.806993 -2.950112  8.278423 -0.865124  9.088725
 -3.163420 -1.145221 -3.495359 -3.243506 -2.017367 -2.489055 -1.363115
 -7.181857 -7.114400 -0.374522  3.934973  0.466567 -9.468542  9.528339
  4.638218  7.841123  0.349498  7.035914  7.210084  6.326138 -7.848863
  8.383398  1.828187 -6.475197  2.769225 -9.663541 -0.977252  7.243351
 -5.808372 -4.584942 -9.999195  6.474315  4.284213  7.124561 -8.916371
 -3.318554 -4.323803 -7.866757  1.261444  9.311950  8.561178  4.227520
  3.712349 -0.917574  9.444960 -4.139943  9.255358  5.707352  7.782279
 -1.756735 -8.807245  2.266750 -8.904401  6.500841 -8.193582 -1.815902
  2.451848  4.441057  9.111518 -5.689232 -7.882145 -6.991034  5.603825
 -8.944228 -2.464220  7.201566 -0.859497 -8.188473 -1.341613  0.860945
  4.669536  7.375770  1.974839  0.709413  0.210301  5.430358 -4.418983
 -0.894631 -0.657135  2.820717  1.229612  3.182141 -5.349348  4.906917
 -8.354584  8.468768  6.156494 -7.125341 -8.557749  9.501797  0.908359
  8.843581 -2.126740 -0.177999  3.771134  7.299775 -0.438127  0.611043
 -0.600696  7.068323 -5.411344  4.700329  2.273309 -5.202120 -0.719573
  2.939008  0.668587  3.387597  5.602210  6.721937  5.820971  5.810421
  3.921813 -2.068570  4.336067 -9.272648  9.207603 -4.668783 -5.778811
 -6.768167 -7.730251  8.647901 -9.892791 -2.428080 -2.757478  1.638178
 -2.911725 -3.955892 -1.612272  7.874516 -8.418072 -9.090198  1.089480
 -1.282287  9.621252  6.992044 -6.645363 -5.228958  8.552555 -3.491187
 -1.597676 -4.919809  9.135692 -9.003195 -4.864743 -3.966912 -0.495863
  0.702861  2.350771 -3.113678  8.492371 -5.581305 -1.724355  0.736200
 -6.907263  1.028282 -4.304610 -3.296515  4.908083 -9.393975  6.978440
 -1.946767  4.433455 -8.165633  0.582763  5.875155  9.228316 -3.888325
  0.473684 -1.093714  5.967558 -4.559213  8.679548 -9.281497 -0.475618
 -2.656458  6.745048  0.704593  4.285988  7.978154 -6.602116 -8.274665
 -9.590654  1.936195 -7.509073  6.866428  2.559895  7.155962 -7.679533
  5.975961 -6.472720  2.980014  4.907177  5.945491  5.524498 -1.748048
  1.747211  3.507553 -3.103631  2.899364 -4.902400  4.545285 -0.538058
 -0.539179  5.496025  4.968384 -8.595418 -1.561081 -4.714376 -9.006514
  7.105447  1.292685 -4.324275  3.712084 -7.854272 -1.817941 -9.118288
 -8.857036 -9.302472 -5.413594 -2.479332  9.790609  1.322267  5.992561
 -8.328748  0.916859  8.269230  6.152554  4.115734  1.873326 -3.329178
 -7.018305  1.964005  8.825817  3.474162  7.085322  0.414975 -8.455812
 -4.769175 -1.863267  7.640827 -2.905919 -5.223347 -2.490197 -0.424810
 -6.700208  1.001627  6.390550 -1.014521 -9.790080  5.042717 -2.961135
  2.792201 -2.718443  3.301283  9.624548 -9.054661 -4.297536 -4.628529
  4.673503 -2.841974  8.169196 -2.102646 -2.299794  2.724646 -7.174241
  1.067515 -9.033005 -9.990946 -9.167042 -6.387448  7.508051 -6.434471
 -2.000928 -4.563501 -1.774167  5.024997 -7.799902  2.198874  7.333922
  9.076621 -9.449509 -3.702114 -1.647085 -6.416464  9.955186 -0.019912
  5.026860  5.260994  1.399015 -1.004246 -5.809558  2.493604 -7.183949
 -7.738454  6.432005 -6.873117  1.532087  4.495855 -3.837646 -9.862828
 -4.181560  3.624140 -2.612239  2.838925  3.638229  3.642535 -2.944175
  1.115551  8.090203  6.540800  1.964246 -9.860319 -2.208456 -9.479133
 -1.507060  9.979907  5.387588  1.880049 -2.538839 -6.675508 -0.155914
 -5.234837  6.256186 -1.839559  6.674063 -4.165034 -3.254216 -7.726874
 -6.256656 -2.494057 -2.384194 -9.617300  4.540602  6.636220 -8.945621
 -5.180992  8.309407 -4.505597 -2.598264 -1.728222 -3.075226  4.946705
  8.251019  0.820904 -1.804471  8.612490 -2.251030 -0.638043  7.548723
  8.347708  4.148267  1.992972 -7.598489 -4.181099 -3.288187 -4.848918
  7.257056  6.324360  4.425789  9.873390  0.849995 -7.875111 -6.996432
 -8.263831 -1.335004  2.299332  0.018262  6.035953  7.865337  7.184472
 -8.048720  1.411255  3.593336 -2.464045 -2.179949  2.926140 -5.382922
  0.466860  2.904540  0.832225  4.404619  6.765778 -9.773236 -8.692082
 -7.238321 -2.229176 -0.939586  1.547359 -9.563236 -5.135192  1.555693
 -8.107900  2.178469 -5.887918 -6.188215 -3.691320  1.578723  7.946773
  4.788478 -2.524096 -7.798080  7.781832 -0.894376 -3.457806  2.309515
 -0.047410 -1.900043  6.653858 -2.542501 -9.173592 -3.585566 -0.610577
  3.494760  8.130435  7.482584  4.664164  9.131164  4.266553  8.184025
  7.976175  8.911565 -4.712328  7.558755 -8.104509 -0.054706 -3.934654
 -2.238399  8.362248  5.512641  7.516726 -0.669358 -3.308876  4.389150
  6.655532 -9.804046  1.049010 -6.433883 -9.407962  5.591135  3.053717
 -7.782961  9.936153  5.014875 -0.293287  3.815254  5.632772  0.228240
  5.898293 -4.621398  8.775835 -7.514291 -7.347025  6.303985  6.069367
 -4.423893  7.644838  7.202403 -2.796317 -3.817067 -8.317333  3.862339
  2.665036  8.350749 -7.544502  5.521583  2.224042 -6.556276  2.080638
  6.416889  1.588962 -7.153265 -3.325502 -7.590709 -8.528951  6.297529
 -0.193251 -8.408607 -8.656698 -0.893298 -9.840422 -7.552119 -9.501023
  0.463887  3.648431  0.993894  7.315474  2.509127  5.903664  1.629006
 -7.167451 -8.023241 -5.647833 -8.615168  7.720090 -2.992891  5.424758
 -9.303425  3.257408  4.772866  2.535064 -6.371992 -2.643818 -8.423310
  8.053943  0.386029  6.258184 -3.449961  7.865302 -8.127369  5.582100
 -8.171125 -0.346337  8.759824 -8.757505  9.263032  1.876438  2.689069
 -0.912307  9.100375  6.065304  6.377694 -3.154394 -1.894067 -9.594603
  0.020400 -7.000220 -6.446996  3.189586  2.830467 -6.881476  8.131548
  4.993737 -3.660277  2.911663 -4.082935 -9.990709  3.551395 -4.657901
  8.342542  9.138712 -2.837501 -1.447712  2.577708  8.230955  5.261993
 -7.611023  4.855595  3.464910 -2.014504  6.811986  8.820460  1.385902
 -0.043076 -8.256483  7.932240  2.425974 -3.245381 -0.595422  5.307772
  0.303329  8.733156  0.354221 -7.688572 -0.163441  0.869493  4.878195
  5.971289  9.697109  5.633680 -1.071030 -0.293431 -0.501205 -4.047314
 -1.234116  0.325108  8.856292  1.055784 -8.864008  9.418714  6.043007
  1.183561 -5.969401 -2.773294 -8.708247  6.732237 -2.101712  8.901100
 -8.780511  4.633250 -5.606063  4.261229  3.742932  6.584186  2.892087
  4.817397 -1.988877  7.166360  9.022020  4.951994  9.836886 -8.182658
  4.803304 -4.027889  1.336708 -7.803529  1.637268 -4.427510  4.045498
 -4.536841  2.636020  5.242265 -5.461172 -4.365948  2.137369 -8.786232
  6.151306  4.041965 -8.416435  1.361285  0.488450  0.881450 -3.451232
 -2.436976 -8.485306  0.920167 -6.665287  4.922010 -5.364008 -6.693442
  5.123266 -6.216734 -0.092678 -1.919409 -0.808095 -4.948302  4.922125
  4.184860 -9.625784 -4.455022  8.472789 -3.878345 -7.220583  5.549608
  4.502260 -9.255391  7.737010 -2.500015  9.581694 -4.107939  7.563334
 -0.256896 -1.106219 -8.555416  1.499111 -1.247437 -7.756180  4.788806
  5.414327 -6.712942  0.359898 -3.175464  5.233355  6.690739 -4.410001
  8.851205  1.722509  4.290278 -9.798089 -0.720648  2.938789 -1.924819
 -9.086376 -9.074901 -1.661851  2.419744  0.270722  0.006758 -7.944466
 -0.912675  5.361915  7.985827  0.224995  9.224618  6.647029 -5.043501
 -4.991525  0.792826  8.664021 -2.709018  7.652052 -3.358454 -7.320964
  0.820811  2.215091  9.857132  7.698791  0.153553 -6.698491 -4.252434
  1.638623  2.914671  6.093708  4.444262  4.830809  9.686750 -9.267596
 -8.200962  2.632620  0.517903 -7.105165  0.020909 -8.712495  3.111637
 -7.154394  4.315563  1.514532  7.827484 -3.990090  2.834092  1.074869
 -8.069543  7.932310 -6.490207  3.611882 -2.598092 -6.202400  8.782334
  1.993442  5.667341 -7.847521  1.164854  1.213360 -0.346786 -4.867837
  5.047822  1.128445 -5.926946  9.074593 -2.714228  2.147745  3.659483
 -8.899314 -8.797625 -9.483592  1.265920  4.317913 -7.908021  6.465610
 -3.325033  9.597829 -6.061781  6.885776  1.330389  5.265447 -2.843930
 -0.748539 -6.117268 -5.528881 -9.928324 -7.239492 -1.934403 -2.213109
  4.291751 -4.498226  4.818487  2.080861  7.208459 -8.598170  9.690482
 -5.554347 -9.365281  0.329273 -7.256698 -7.817108 -7.553919 -7.314669
 -0.118960 -2.165292  7.632131 -4.452907 -3.425276 -3.870059  4.435607
 -5.877922  9.645211 -6.085398 -8.520911  3.873658 -7.279580  4.241135
  6.155396  7.912656  1.594807  9.010296 -6.316219 -8.889145  5.175337
 -8.762591  1.827728  4.470686  6.342763 -2.528298  9.684167 -2.230735
  7.306147 -4.247460 -2.079291 -7.577282  6.856637  0.252119 -4.290406
 -6.397369 -8.998865  7.653552  6.193319  5.834647  2.592041  5.282850
 -6.165329  3.362619  8.782899 -7.501921  1.476137 -2.190335 -7.352900
  7.668748  5.183895 -7.839858 -7.550969 -4.342714 -2.829979 -1.142307
 -9.603992 -5.735141  7.600123  6.591414 -5.833188  5.945261  1.865994
  7.551685  6.941073  2.196200  2.141542 -2.551969 -1.902934  8.465798
 -9.998105  9.661281  8.190100 -3.011962  1.955716 -4.670666 -9.933523
 -7.668439  4.309045  1.452827  7.214192 -3.308529  6.303282  0.827452
  1.537850  5.655531 -2.095116  2.762235 -0.831536 -6.603765  8.882088
  0.103958 -3.185871 -5.556886  2.735428  7.988040 -4.500280  4.063081
  6.800035 -8.022975 -3.940488 -9.424175  3.606705 -8.223509  2.269239
  9.243937 -0.032467  4.853058  9.965174  0.610715  8.308500 -6.968116
 -5.743856 -3.463624 -9.609234 -6.690510  0.409237 -1.288729  8.108531
 -4.463631  6.395285 -4.381836  8.387377 -5.246502  0.660640  6.592482
 -8.269765  8.412816  6.599054  4.442393  0.764652 -3.599311 -8.431436
  5.665351  6.462522 -0.680956 -0.012120 -8.532526  8.262492 -1.977158
 -8.693033  4.152722  2.704638 -3.585552 -4.750950  8.635298 -9.859362
 -9.233634 -3.569712 -2.541651 -7.902377 -2.567789 -0.369793  8.981723
  6.348879 -7.062574 -7.602001 -7.186637 -7.083886 -0.776231  8.881708
 -2.051973 -1.083928 -3.702845 -5.673262  1.492015 -6.230673 -7.865326
  4.232617  8.608721  0.589058  7.666514 -5.709841 -3.122989  1.177299
  4.492261  7.076980 -8.847630 -0.989865 -1.690479  7.239197  2.547691
  8.780994 -2.825269 -8.559111 -0.262903  8.094261  3.106748  2.024534
  4.329939  1.360641  6.434916  8.657022  7.552317 -1.596248 -3.190261
  1.975115 -4.340371  6.584920  2.376250  1.574852 -2.504482 -8.373675
  4.073134  6.082751  3.694223 -0.418344  4.344357 -7.953609 -3.033490
 -2.356587 -8.280082  0.352746  0.897389  1.112557 -9.066461  5.242717
 -3.046738 -5.338708 -0.118626  0.886994 -6.562128 -9.277789  7.087986
  3.267578  9.693156 -6.154596 -7.319114 -4.389688  7.955766 -8.859452
  2.124018 -4.243229  9.193442  1.082645 -9.655807 -7.400941  3.456559
 -7.986262  1.696921 -5.018878 -6.654845 -4.637817  6.341432  2.892942
  5.463581 -5.597905  2.780245 -8.585478  7.209105 -6.682838 -0.953988
 -4.131048  7.463498 -9.726692 -3.361328 -3.195161  7.174314  6.311995
  5.211319  2.824257 -0.284237 -8.735291  9.379067  3.897955  6.051723
  4.035780  4.886334  3.722602 -5.478554 -6.707678 -0.019494  9.346999
 -7.653506  1.604575  7.929858 -0.437017  2.677960  5.006556  1.704869
 -9.263709 -5.093110  4.849779 -7.901922 -3.409974  4.616117  1.040856
  5.744493  8.731798  8.810230  0.843938  9.304034 -8.612307 -5.261478
 -6.848818 -6.448130  8.529903  1.978867 -9.250827  2.611962  3.948626
 -7.616287 -7.883963  7.034469  7.116763 -7.017589 -0.685101  3.884496
  2.436466 -8.344706  6.779993 -0.042790 -3.291843  1.520016 -2.334585
 -0.824857 -2.824050  1.884562  8.931451 -9.815001  2.010833 -0.568393
  9.190863  6.923423 -7.127923  0.697936  9.434218  1.724541  5.989267
 -1.450711  3.086550  4.042788  5.064779 -9.651125  6.437311 -6.850818
 -2.748111 -2.255560 -2.506443  0.959496 -0.901512  0.040258 -6.943149
 -8.187262  2.793605  9.139829  6.484845 -2.982061 -0.798344  4.210289
  1.548059  2.825587  7.215750  4.712714 -6.932073 -0.644873 -1.797266
 -6.579642 -0.687558  2.458707  0.595675  7.872204  9.821208 -7.260533
 -1.937357  5.927071  1.994933 -5.959506 -7.590981 -9.272128 -3.072170
  8.490168 -9.559742  1.224441  2.096226 -7.393526 -0.410005 -1.036398
  9.151758 -7.151177  3.492395 -6.900950 -9.532438 -3.902575 -9.287753
  0.846739  7.449471  1.909210  5.927045  4.195984  0.274016  1.990199
  8.785717  6.476984  3.796004  8.331452  4.104595  8.817221 -0.297742
  7.654094 -6.324843 -9.513782 -9.204452  5.227869 -1.602813  9.483031
 -9.450207 -5.373036 -1.660150 -6.889747  0.268885  1.085555 -0.215796
  9.515982 -5.300889 -7.239583 -5.173973 -7.760564  0.818804 -4.285195
 -7.042822  3.472990 -9.590474  8.254911  8.290273 -5.337574 -7.470889
  0.430425 -9.140071 -8.797262  5.218474  3.698190 -9.222173  5.218598
 -9.721258  6.736345 -4.307522  9.829651  5.085783 -9.440809  2.237665
 -2.585638  0.554750 -2.509744 -6.050125 -2.608512 -9.376998  4.271493
 -4.997367 -2.501575  7.342810  2.476254 -0.777673  3.457055 -0.596427
  5.722081 -4.269881 -5.944908 -0.423975  4.503131 -6.328784  0.256144
 -9.409895  9.867338 -9.133350  1.803980  3.458181  8.062290  2.351565
 -6.708607  6.819764  3.328260  1.864646 -0.389234 -1.497301 -6.109775
 -9.824883 -3.223819 -8.431198  3.343535  1.332209  4.982491 -3.358026
 -2.146413  7.008003 -2.598968  7.040416 -6.781620 -0.602809 -2.454571
  2.410614  4.488416 -3.194421  2.982652  3.161642  1.755337 -7.963891
 -9.358955 -9.499128  0.730752 -2.821921  0.773350  3.393766  6.032402
 -3.967376 -9.900339 -7.614092 -1.137226 -9.573117  1.683233 -6.372028
 -0.159038 -9.278974 -8.093001 -3.461745 -3.769670 -2.140024 -7.952891
 -3.283699  9.076343  0.284361 -2.165973 -1.475421  5.067926  3.037550
 -2.662077 -2.590792 -8.166946  4.914248  4.186931 -6.815843  6.481677
 -0.579918  1.501095 -3.183571 -8.026361 -5.719877  7.834989  9.524867
 -2.375428 -5.057475 -2.115876  8.763330 -2.125654  2.654512  2.615955
  5.774329  5.979210 -5.548309  2.763107  5.696268  0.951690 -2.780705
 -1.068884 -2.088727  6.414562  6.901115  7.204171  2.337497  0.845283
  0.061367 -5.339225 -3.478916 -9.796685 -7.895234 -5.974044 -6.483547
 -7.315260 -6.753186 -0.843852 -5.897389 -1.949610  5.342026  4.718301
  2.020971  4.568394 -3.326983  0.105472 -8.039034  1.888164  0.430077
 -8.668425 -1.510899 -3.701387 -2.570137 -9.457828 -2.475692 -4.428996
 -8.947154  3.298591  6.085288 -2.412814 -2.065011  8.683706 -1.482749
  2.502959 -4.311798 -2.797710  5.931169  5.798899 -6.905922  9.238420
 -1.379634 -1.740082 -1.911604 -4.702620 -5.159459 -6.953868 -0.948571
 -6.189183  4.186383 -2.265632 -6.187871 -3.859489  9.358512 -2.535122
 -1.060497 -7.117408  0.072561 -9.677455  4.221164  5.439065  8.513271
  4.049054 -6.368776 -4.622599 -8.913118  1.714094  2.685527 -5.080349
 -0.727448  1.678420  5.344899  7.511695 -7.635686  3.948503 -2.614003
  3.359486  2.823932  7.678210 -1.073252 -5.413642 -5.939922 -4.505149
 -3.373087  7.676574 -2.866013  9.118972 -6.370244  6.220554  1.240153
  9.301753  3.911597  3.629821  7.010226 -9.189175 -6.056375  2.075465
  6.935327  2.969301 -3.216714 -5.390552 -8.244350 -1.482093  7.630460
  2.128764  8.091140 -7.931088  0.289348 -9.185365 -2.214469  9.467341
 -9.571220  2.607171 -8.965395  4.950081 -8.238528  7.813188 -6.295706
 -8.553839  5.120347 -4.766330  7.610619  4.542075 -8.495560  8.404652
 -4.461161  6.505974 -0.039568 -9.073446 -5.133123  5.850140  5.079016
  8.663727  1.911188 -5.496064 -5.230271 -6.023111  8.660388 -1.510435
  7.453611  7.963921 -5.521006  5.376556 -5.419146  4.394957  7.482404
  1.040082 -6.513651 -5.494229  3.758090 -5.823843  3.823297 -1.214293
 -9.055524  3.548861 -1.239758 -2.665041  2.023660 -4.826780  6.905125
  1.534893 -8.139112 -5.853489  9.950411  3.912187  6.301814 -7.100218
 -5.946345 -4.746416  6.054936  1.384807  3.908072  1.497192 -5.403008
  1.654592  3.211381 -2.272970  7.663438  5.197579  6.807455  7.009263
 -4.683025 -1.870863 -3.375233 -7.353102 -9.632214  3.281154 -1.073910
 -1.024717 -7.419612 -9.546465  7.118525  6.250745  7.230230 -0.871546
  0.601095 -3.091121 -4.985669  3.341168  7.929381  5.083697  5.663616
 -2.398331 -6.736944  5.963410 -8.043353 -9.856219 -0.242160 -0.442976
  1.034263  5.063621  6.675815 -7.712898 -0.723749 -8.392070 -0.501759
 -9.050327  6.545149  1.124188  5.352611 -8.960915  6.380739 -8.145135
  5.136615 -9.716600  8.434287  4.738216 -2.045163  1.152084  8.992538
  7.808091  9.294325 -6.924290 -2.446784  8.649580  2.829399 -9.480490
  5.949537 -1.158116  4.750517 -1.440737  1.588829 -8.869554 -8.038419
  3.004727 -4.416327 -7.000250 -6.056831 -9.910851  1.523497 -0.560816
  4.890946 -2.011460  1.372018 -7.465769  4.496781 -3.183457 -6.244992
 -4.826119  0.330595 -0.791368 -2.735419 -7.524921  3.842424  5.948048
  4.117499 -4.672383 -5.419754  5.212484 -3.340627  3.681367  9.742188
  2.148562  8.205494  2.259949 -0.373314  2.812380 -5.312052  6.741168
 -6.650412  1.392331 -8.769632  7.756158  4.766180 -3.012595 -7.501959
  3.243911 -1.112020 -8.488912  5.770420 -2.951766  9.336716  6.435103
 -4.600162 -9.954556 -0.454732  3.734461  2.366095  3.333970 -7.939400
  0.627253  9.412894  8.619269 -2.263054  4.338239 -1.331943 -6.599109
  9.811323  1.122766  4.143668 -1.650084  4.987533 -0.714868  9.628114
 -3.649309  1.751506  7.085958 -9.674384 -8.732550 -9.262263 -7.038047
 -6.895861  2.875864  8.121754 -5.792437  4.935032 -0.810012  6.897219
 -5.118954  0.499480 -6.414863 -6.914432  9.784882 -8.390073 -7.923321
 -1.193611  9.752488 -7.281720 -8.995758  8.070273  6.254458  7.989539
  5.199564  6.581307  0.052841  2.746524  5.528807  4.307738 -8.058778
 -8.334581 -2.299130  2.025552  0.187717 -0.143687  6.564007  4.923417
  7.470479 -3.832639  1.395289  9.632212 -7.558866  9.291659  0.728954
  8.338773  7.369989  1.879584  9.914910 -5.254621  3.094173 -0.332957
  1.806200 -5.026215 -2.092494 -2.200780  3.565802 -5.448995 -2.675950
  9.183208  7.524696  3.549318 -8.027149  6.266075 -6.712185 -0.051588
 -8.416763 -1.844489 -5.479274 -8.801026  4.871962  6.947108  8.501168
 -2.369522  1.067215 -4.656212  9.101842  8.527695  1.925854 -2.775929
  6.681928 -5.288233 -0.777114 -5.672871  1.075877  5.780097 -3.377073
 -2.360465 -6.599928  1.955687  9.317060 -7.928539  1.374313  4.610798
 -0.132965 -2.711264 -2.942386 -7.211746  7.809040  8.174348  3.730877
 -4.671804 -8.257003 -4.796759 -1.659404  5.702903 -1.964963 -6.518165
  4.520439  0.106948  1.893662  2.818263  1.906571 -1.615412  4.080646
  4.509638 -9.150381  1.849552 -0.767038  9.822572  6.538028  3.376362
 -0.887093 -5.595853 -1.344388  2.600697  0.703035 -9.331254  9.192687
 -4.218535 -8.964991  2.724501 -8.993260 -9.994060 -3.619707  1.441238
  1.360652  7.038982  3.745300 -3.286564 -9.986345  3.706299 -6.114381
  6.010299 -9.291064  6.515316  1.451809 -1.781181  2.708306  4.653464
  1.442398  4.971051 -5.417185 -3.309285 -6.568959 -1.331920  4.536437
  5.113462 -3.695343  5.781911  9.883959  8.839558  7.992719  0.911959
  8.958971  8.261893 -9.415170  0.630520  6.800120  8.957469 -2.616483
 -5.456986 -1.370388 -1.656586 -9.197933  4.140988 -7.644826 -0.438016
 -0.436888 -0.770610  0.903819 -2.166167 -2.033235  3.905633 -0.404971
  0.656372 -6.650385 -9.520617  3.261764  7.703679 -1.050725 -3.341630
  5.723106  4.468108  9.480149  7.344258 -0.977011 -2.323515 -4.603549
  5.119816 -8.078317  5.003728  9.258308  3.267347  4.222090  4.864748
 -0.027332 -6.053403 -5.971288  9.246337  5.047627  6.347579  2.147521
 -9.711762  9.528276 -1.711940 -6.553779 -0.141753  7.187983 -1.816471
  3.829597  3.265909  6.700982  5.251265  8.267608  0.028433  4.469083
 -6.219548  8.344772  8.384148  1.394829 -6.243018 -9.307834 -5.828339
 -8.644650  4.906701  7.527755  4.525128  1.724008  0.103850 -2.315838
  8.384452  0.478386 -8.956529 -2.761978  3.523322 -3.421348  8.955137
  3.691277 -7.216544 -2.128233  9.455650 -6.975578  6.122299 -6.982806
 -4.128264  5.498252 -5.619863  3.253396  6.561094  4.812680 -5.934981
  6.874674 -6.928252  2.724051 -3.392706  3.701362 -0.882164 -4.518980
  1.208981 -5.099684 -4.802652  4.681757 -4.039190 -7.411632 -3.196690
  9.416485  0.959118 -1.082099  5.553465  8.019156  6.544505 -4.498845
  8.031980 -1.102875  0.563270  6.925627  2.470563 -7.089148 -3.976033
  5.968674  0.159989 -4.640536 -7.187653  3.340652  2.640120  4.392536
  4.090399 -9.433205  0.380990  2.478130  5.842949  5.692629 -2.301208
 -1.297698  0.098404  9.316763 -2.580069 -5.056101  0.572501 -8.836347
 -0.662989  9.776288  5.636549 -8.652681  7.591554 -4.902824 -0.990710
 -3.586715 -2.503327  3.944978 -2.555728  9.406478 -9.150397 -8.797678
 -4.408013 -8.454578  3.852651 -2.289887  3.473629 -1.604502 -2.248787
 -8.338376 -5.011865 -3.831175 -0.340336 -8.669871  2.289063 -1.572338
  9.656178  5.558129 -2.665769  9.193169  9.155977 -0.960736  4.632704
  9.495785 -1.172732  3.478889 -9.121660 -2.024528  5.492085  3.842791
 -4.069133 -8.505583 -6.275377 -4.016076  6.103263 -5.219374 -4.531322
 -2.569947  1.995834 -1.764155 -9.096414  9.146085  0.314914  7.191517
  5.929481  5.687305 -8.973442 -6.275728 -1.428457  6.572125 -8.748606
 -0.654558 -4.960613  1.865759 -9.163343 -0.005458 -4.391954  6.758535
 -7.973290 -3.003580 -5.542227 -6.090406  5.699722 -8.729778  7.267672
 -1.506188  7.694620  6.462916 -8.725149 -7.930566 -0.221287  3.495067
 -9.716981  4.157921  5.885227  4.158300  9.299861  2.588891  6.687774
 -3.716697  2.514246  2.515872  9.368372  0.641740 -7.074037  1.048917
  8.419232  0.600243 -6.120917  7.053940 -7.585873 -7.645494 -3.163935
 -8.922108 -8.174988 -2.199504 -4.478495 -7.735348  5.083351  3.286414
  5.507080 -7.261621  8.164828 -3.685100  8.252342 -3.149582  7.769975
  3.039494 -8.476212 -6.495451 -0.950199 -6.353210 -0.656224 -3.092214
  6.478513  4.563178  6.212839  4.220916 -0.034731 -8.837028 -3.496423
  5.724725  2.823364  1.896019  1.882469  2.834795 -5.243416  7.900326
  5.640292  0.101587  6.432020 -2.210935 -7.762067  5.341536  5.138574
  9.234668  8.390081  2.347396  3.535546 -6.747597 -7.555031 -9.621219
  4.506624 -8.389039 -4.232495 -8.430881  7.066507  0.750723 -2.621826
  3.431004 -8.734502 -9.401130  3.486156  0.035942 -1.732257 -3.475379
  7.760769  6.792712 -4.046832 -1.152272  6.919233 -5.490900 -3.104043
 -4.941642 -9.343128  9.782243  6.429206 -3.111176 -5.669274 -9.567107
  1.049815  2.215330  0.039171  7.359298  9.782997 -8.305765 -6.302838
  8.062193 -7.608690  3.775665  7.980319 -8.525386  2.440220  5.418086
 -3.441369 -2.239862  1.651376  6.208819 -8.764163  9.588988 -3.986097
 -9.812096 -4.481642 -3.917382 -8.176945 -7.119847  9.216893 -0.039793
  0.571930  3.978094  6.681173 -8.616469  0.846642  7.724977  6.487144
  3.304758  9.063031 -8.120579 -2.728201 -5.181324 -9.975706  3.264922
  1.930062 -9.686767 -2.021246  7.554676 -6.455929  1.592061 -6.714416
 -2.126954 -7.560371 -8.726521 -2.487494 -7.903208 -4.275404 -0.026140
 -1.181113 -4.450906 -8.367480  9.849032  4.722732 -1.124750 -5.052221
 -6.655371 -6.992341 -4.681302 -4.467230 -1.155619 -2.726278  7.539354
 -0.110811  0.407571 -1.441438 -9.653532  9.901025 -8.985247 -1.960229
 -1.791415  8.664807 -3.436374  7.171716  4.591530  2.274895 -7.306542
 -7.285976  9.582389  4.049260  7.883091 -9.648786 -1.369687  0.481162
  5.212488 -7.767819  0.646137 -6.364024  6.625466 -5.753432 -4.017440
  5.345157  4.796051 -8.330471 -3.017077  3.471408  2.592268 -9.107712
 -9.420410 -4.746764  3.071294  9.053503 -4.004662  7.207601  5.071173
 -2.120647  3.807789 -5.036289 -5.368872  6.762648 -1.857157 -7.171267
  9.551585 -5.119463  6.978382 -1.511212  4.329278 -0.739919 -6.691242
 -5.876426 -3.382363 -0.001872 -7.729546  8.702755  1.661289 -1.971360
 -8.496154 -7.963936  5.022573  2.248244 -5.113413  7.397505  9.278469
 -1.484159 -0.229679  6.247548  9.538454 -3.227229  4.989320  9.983671
  3.531604  7.863357 -9.428124  9.324900  4.349713  0.350169 -4.797185
  6.797034  2.838887  8.276582 -0.500411 -7.398015  2.832868 -3.235014
  0.385904 -8.853187  7.335345 -9.781199 -8.756062  2.803481  7.707704
  8.636316  4.669292  5.794104  8.254590  6.453400 -1.247647  3.038145
  7.806663  6.529254 -7.355308 -5.188322 -1.194497 -1.938536  9.799500
  8.413458  1.168160 -7.794290 -5.154760 -7.849562 -3.773673  0.753280
 -0.219441 -8.058793  0.722762  4.068852  0.484291  7.252137 -0.617654
 -5.497633  9.213467 -9.469874  6.298796 -1.269820 -9.160622 -9.822152
 -4.363084  5.469809  4.771047 -8.618474 -2.531596 -7.223047  9.046713
 -7.626134 -6.223721 -1.815254 -3.220258  4.324756 -0.797041  0.806214
 -6.134155 -5.438723  1.639360  6.457851 -1.030197  5.709975  6.973192
 -2.816008 -7.134168  7.580486  7.415466  0.152700 -2.654936 -6.928016
 -1.497541  3.770790  5.009802 -4.752018  4.211036 -9.359681 -9.834441
  2.739671  5.256828  3.925381 -2.972954 -5.977174  9.926172  0.960095
  5.695697 -1.171481 -9.497546  4.206383  9.748009 -2.609118 -0.010238
  8.061455  0.382556  4.955767 -0.091387 -9.055352 -3.728105  1.112316
  2.551800  5.277105  3.449150  7.237235  5.974115  6.793713  3.849855
  2.006543  5.411589 -3.959749  8.348959 -5.198177 -2.934663 -6.238381
  2.192729  5.235935  1.154498 -5.588687 -6.352568 -8.924631 -1.626011
  5.729292 -3.199428  3.069467  2.930483 -5.976570 -9.707227  8.535825
  7.608133  3.701971  7.522758 -6.615595  6.060944 -5.846406 -6.182758
 -1.596087 -9.126140  2.669116  7.842946 -4.747051  1.751903 -0.904681
 -5.658814  7.179865  4.029751  3.877665  3.967625 -5.965591  0.975411
  5.205559 -8.370683 -5.624992  1.111486 -4.576116 -0.914199 -7.103390
 -6.474308  5.493607  1.547245  1.131845 -0.755950 -3.069897 -6.201529
 -5.453450 -8.966081  4.399012  5.020728 -6.121450 -8.133489  9.137119
  8.788674  6.544840 -2.258221 -3.045859  0.799612  9.921641  4.749964
 -7.577797  5.578722 -1.812133  8.397872 -0.045779  3.943741  5.573902
 -1.399310 -7.739425 -6.682675  6.359867 -0.455348 -0.257704 -5.708885
 -2.791091  3.054552 -5.972871  5.512503  6.910957  6.919924 -7.008034
  3.619169  5.395860 -5.755397 -7.603469 -9.174741  0.751690 -0.750110
 -6.259612 -6.885056 -1.343251 -4.490953  1.433649 -9.521464 -3.528243
 -0.865216  8.473044 -8.724866 -4.411846  3.856179  0.753912  1.999771
 -8.432247  7.882950  4.880518  8.952185 -8.641186  4.152309 -1.482650
 -0.586829 -8.830750 -9.686452 -8.599308  0.369902  7.699567  3.281266
  0.665719  5.408644  5.377211 -6.802778  4.228809 -9.764734 -5.969452
 -2.557738 -1.975952  7.301486 -3.063914  0.377969 -0.215968 -1.457774
  8.686687 -2.578141  2.794971 -1.235434 -5.533773  0.616174  3.362668
  1.780831 -1.766376 -5.764607  2.185815  0.712477 -5.422150 -3.232432
  0.646182  0.237069 -2.570118  9.231776 -0.457930  9.877238 -8.829784
  5.426922 -0.332121 -3.579406  2.494495 -8.909130 -1.219674 -4.126770
  9.682230  7.293848  8.607874  8.420074 -2.932866 -8.013113  9.628904
  9.055988  6.194085  1.082358  3.759249  1.555131 -3.223900 -5.427457
  6.665780 -8.965499  2.439007 -3.000555  1.244025  3.580725 -1.851690
  5.880429 -3.449921 -7.933852 -3.525529 -3.125113 -5.044328 -4.750109
  8.600779 -6.832661 -1.658623 -3.560908  0.285004  6.823843  1.659667
 -5.501956 -4.834415 -4.342317  7.531505 -2.906489 -6.499393 -6.928844
  5.549153 -3.156519 -5.068028 -9.579016 -6.268116  8.157891  6.945326
  9.566151  5.973886  2.517529  7.352742  0.945622  6.064071  6.675524
 -1.371562 -8.016845  2.424990  7.248287 -4.502793  0.215831  4.105022
  5.013752 -7.888895  9.135009 -8.646961  4.688148 -5.468059  4.383307
 -8.670914 -6.294214 -8.065387 -4.307862 -0.889420 -8.250146 -4.627570
 -0.677970  5.602126  8.277722 -5.465685 -3.835488  4.527463 -8.237610
 -5.574386 -3.625551  5.231958  1.845705 -0.172357  6.008395 -8.676491
 -5.977072 -0.842015  8.939065  8.917284 -3.066574 -0.926337 -1.799931
  4.404258 -0.487503  6.195140  5.273081 -0.337877 -4.431705 -3.502453
  3.586068 -3.150731  5.739320 -0.172148 -7.337499 -9.901988  9.998578
  8.265108  9.892103  6.189657  6.517232 -6.830816  9.993342 -8.657163
 -0.966764  4.405850  8.860592  3.834477 -7.700551 -1.211982  2.264353
 -6.814523  4.384060  0.391950 -7.486999  2.424987  6.749450  0.385175
 -5.476954  9.804606 -1.814423  6.521615  7.114656  0.769779 -2.836800
 -6.726731 -3.126253  8.716200 -0.357763 -9.921305 -1.685073  0.535551
  1.517368 -4.743141  0.061476  4.388815 -8.724348  1.451671  2.535436
  5.533472 -2.690685  1.198595  1.252037  5.689603  5.645120 -3.510801
 -0.846361  1.826262 -0.659003  9.911433 -0.826585 -3.724372  8.029133
  4.359764  5.425451  9.480166  2.812511  4.918727 -3.488488  1.235242
 -7.162851  9.882460 -4.805401  8.758383 -8.318065  4.031092  9.908380
 -7.299751  1.630924 -0.469973  3.302664 -0.467166 -7.882756  0.755833
 -8.821619  9.135598 -3.137575 -6.597221 -5.341929  3.028788  1.111141
 -3.910301  7.503053  4.971259  4.029446  1.829686  8.150824 -1.021171
 -4.010405 -7.887960 -3.148755  0.274505  9.168226  0.679991 -4.579904
  1.544981  8.152380  2.810047  0.370424  0.073974 -1.898479  0.386768
 -6.402777  3.700148 -4.135242  9.942707 -2.136462 -1.009806  1.054830
  5.126871 -3.120127  6.785300  3.934750 -6.274659 -2.811127 -3.259416
  5.964183  0.016489  3.197795 -7.954147 -1.893471  1.621576  6.710224
  2.545659  7.221159  3.999659 -1.187363 -7.447288 -3.530335 -6.144683
  6.508496  8.326981  9.302166 -2.234553 -8.849843  2.849322  9.468785
  1.198792  5.578103  3.558875 -8.591977  5.364005  1.861730 -4.194746
 -9.169699 -3.545348  9.725524 -3.190623 -0.472820  9.363379 -2.926191
 -1.349738  6.752260 -1.428559 -1.634726 -1.141875 -6.211384 -0.018581
  7.766812  1.446965 -2.998981  0.696043  2.650989  5.766791  9.115773
  9.704070  7.943103 -3.814728 -8.862398 -1.995262  6.169279 -6.756593
 -0.320895 -3.035530  2.155432  8.011145 -9.003987  2.821221  5.763234
 -9.072062 -6.433512  9.897147 -2.889683 -5.678589  7.111135  9.527531
 -7.697904 -2.645052 -7.268374  2.894681 -6.205177  6.861554 -2.669138
 -5.120716  8.520270 -4.153199  4.996766  1.387549 -7.784443  1.705435
 -3.631903  7.328769  9.956895 -3.036660 -2.911325 -2.795707 -5.017208
 -4.577160  6.332505 -3.718640  6.252395 -5.363298 -2.946974 -9.018309
  9.125301 -4.513860 -4.448386 -7.407446  3.447215 -8.235337 -4.911749
 -2.059286  8.885100  1.951891  1.900159 -7.839418  9.556598 -1.178091
 -9.929289 -5.294255 -0.529236 -3.457682 -0.011222 -8.293613 -9.486131
 -0.458912 -1.125565 -6.448397 -3.062044  1.817529  3.082462 -5.184119
  7.874954  8.447820  0.352216  5.509115  7.261761  9.745761 -9.948295
 -8.982821 -0.322719 -7.471914 -3.691283  8.347832 -7.733622  5.566864
  0.270816 -5.486149  7.141982 -9.011688  9.116201 -3.592273  2.151653
 -5.160636  9.640257 -1.995944  9.625608  0.349268  9.568086 -9.070169
  0.201319 -4.062501  6.788988  1.837360 -7.810448 -1.955779  4.044171
 -5.392943  6.571973  1.383198 -8.772474  1.490408 -6.029122  8.015160
 -9.319711  1.281668 -4.782574  2.975312  4.544376 -4.399748  2.259141
  4.273619 -2.716544  9.367197 -3.342066 -5.399072  8.144390  9.071657
  2.169932 -6.964658 -4.250060 -6.674605 -4.289484 -7.671026  5.617912
 -3.865084 -2.605885 -2.059218  5.108405  2.473887 -6.833739 -2.527037
  6.617990 -5.451861 -2.958476  3.636411 -1.239615  7.010989 -5.108472
 -1.879450  1.597743  0.383298 -1.240638  9.854574 -3.732416 -2.929939
  5.159461  1.020153 -5.394983  3.367734  4.609264  8.632548  1.424146
 -4.561449 -0.639567 -9.890058 -3.827009  5.704920  7.345925 -5.956764
  1.928051 -5.514564  2.174093 -8.292195  0.710413  6.715758  7.628240
  8.491621  5.393544 -0.256581  9.053539  9.054713 -2.839029  7.229308
  8.250171 -1.653438  6.208306  1.862999  6.616643 -5.564146  1.029877
 -3.136059 -1.939795 -1.068022 -8.982358  9.093370  0.343312 -4.651093
 -4.778344 -6.453497  9.819501  7.251556  5.990390 -8.133211 -5.301403
 -0.094482  4.473661  4.077045  4.522271 -3.033231 -6.617012 -5.731119
 -1.700080 -4.128291 -6.160405  2.428237  8.772821 -9.466559 -6.670345
  6.335283  5.662951  3.151109 -9.066384 -3.184590  8.796505  5.022102
 -5.217390  8.298426  5.414945 -8.692312 -2.313652  0.699208 -1.434022
  4.247195  5.171666  6.011637  4.736496 -6.186089 -6.478500 -1.768502
 -5.201452 -3.122050 -7.506191  8.693447  5.606226 -3.908766 -1.293548
 -7.026628 -5.477726  1.501441  6.080654 -0.885633  5.534840 -8.576776
 -8.638198  1.617162  4.316748 -2.639018  7.376137  1.859668 -1.340485
 -6.294271 -8.689338 -7.502302 -4.920765 -3.729872  3.600208 -0.037114
 -0.948814 -3.404662  7.277054 -5.510335  0.969601  3.329992  5.316626
  3.166475  2.522661  9.076694 -1.458989 -0.828495  4.921092 -5.053348
  0.350382 -9.512164  9.786318 -6.935099  5.529253 -3.419076  8.037436
 -8.548694  1.558698  2.208837 -9.483165 -3.672812  8.351270 -4.164496
  4.209813  8.025606 -1.852451  4.542544  6.370449 -9.605821  5.184786
  5.836639 -0.339428  7.737870 -1.834767  5.717807  2.391962  4.826527
  8.273112  4.434187  3.477293 -2.488346  6.227075  0.095001 -2.963119
 -0.629921  5.290717  8.996426  4.625352 -9.396002  6.251725 -2.460263
 -1.648242 -4.528200 -3.863902  9.920757  8.892682 -8.402364  9.209552
 -7.151471  8.161947 -7.263708  6.494642 -8.633622  3.858623  2.242041
  0.489339  5.794890 -7.687545  3.197317 -2.056852 -7.135231  5.208256
  8.455323 -9.794455 -7.527744 -1.250320 -0.867279 -9.111413 -3.473008
 -6.018352  9.336763 -6.888160 -9.050091  0.028856 -8.647331 -2.113596
  1.865383 -4.975125 -3.727041 -2.739451 -9.306275 -9.474269 -3.907652
  4.657728 -4.200439 -0.955660  7.033225 -9.929585  1.925768 -7.868230
 -7.740465 -7.310143  6.050477  4.270866  4.848619 -3.274799 -9.212186
 -7.605328 -2.314766  8.274698 -6.112543 -4.625823 -1.646082 -0.000280
  6.489680 -0.283952  1.881085  6.926724  4.914962  5.294503  8.692109
 -5.827588  6.994241 -2.368225  4.009479  3.836935 -3.658016 -0.362263
 -5.401357  2.929176  4.079069 -6.642056  5.849695  2.265786  1.841507
  3.201421  8.485605  5.786114 -2.852731 -3.500217 -0.710091  4.931784
  9.164337 -9.817598 -1.767931  4.998910 -3.688036  1.614547 -8.943795
  4.865143  3.030177  6.133317  7.851073  4.258500  9.027582  9.144151
 -6.633382  3.480309  2.196077 -3.532882 -6.068422  1.414590 -8.182967
 -3.338905  1.837923  4.242832 -5.136924 -2.303763  7.764101 -9.878571
 -6.996357  2.396213  5.267210  8.601234 -7.821226  7.552366 -9.495660
  9.891826  7.196695 -6.970102  6.210156 -7.276063  3.477549  2.436193
  9.553031 -9.775613  4.369302 -9.005589 -6.646010  4.545604  9.032049
 -4.852687  0.743723  1.778125 -7.737173 -3.411746 -2.227218  0.038262
 -8.863569  2.016010 -1.175822  5.314495 -2.827523 -9.893084 -4.833174
 -9.776959  6.107827 -0.276400  5.801347 -7.124016  3.765808  4.027921
  0.456630  2.923190 -6.771033  3.326906 -0.953790  8.161457  2.701365
  1.226296  7.272228  0.136481  5.792002  5.462910  3.991737 -0.490261
 -1.890429  0.846530  5.301102 -9.536381  7.013812 -5.747888 -9.030362
  4.983831 -5.875697 -7.237082  4.969306  6.273977  7.761591  8.644428
  1.431552 -2.864855 -4.821824  6.740970  9.464209  2.437027 -3.543738
 -8.929473  5.161940 -9.650810 -1.607789 -2.981060 -4.631192 -8.061813
 -7.254164  8.254685  0.871718  5.009432 -6.428027 -5.564447 -6.659042
 -2.382576 -8.256514  8.739435 -8.630447 -7.151035 -3.231812  7.394025
  8.542284  3.025190 -4.850649 -2.520186  2.196125  2.942497  0.403561
  5.603306  4.022392 -5.781295  5.251569 -0.108504  7.991757  5.558486
  9.317182 -6.280027  7.118895  2.864045  8.911229  2.110730  3.169077
 -1.805293 -1.919286 -1.750763 -5.229938  5.042263 -5.825487  8.224048
 -1.180247 -7.418335  6.287390 -1.300150  0.243271 -3.114348  0.838887
 -8.284339 -1.210868 -5.623721  9.460828 -0.086297  7.484104  3.427590
 -4.120562 -2.314263 -6.132610 -3.872382 -2.384950  7.857810  6.800518
 -9.609691 -7.170504  9.848460 -5.137871 -1.031513 -3.956419  9.698190
 -2.349742 -3.114999 -4.390480 -3.042532  4.205124 -7.830610 -6.731727
 -9.211790 -5.378943  4.994070 -5.274340 -4.102662  0.557372 -9.806853
  8.033823  2.099972 -0.558935 -4.236527  1.364528  3.413574  1.979559
  1.245127  0.979293  8.575033 -8.442593  5.692920  5.828896  1.465218
  2.765153 -1.217078  0.580793 -2.295097 -3.206304  0.283557 -4.638551
  1.744211  3.598979  9.102812  3.442611  4.963826 -9.583823  0.298155
  2.760968 -9.152883 -9.248828 -2.075171 -8.629073  5.472901 -1.030375
