256
1
0
0
0
0
0
0
4.07963572929
-8.56385655037
-0.139066426861
-4.66786865654
-2.42514068807
5.59869705107
7.43145419663
-3.78874529039
8.53055092912
-7.68909732673
-6.56127259378
5.11821517145
5.19623205095
8.66214871133
-1.45674696234
8.35469060003
4.45990796693
6.02280564515
-6.66476992227
9.71298509276
-5.39108360467
-2.79104172117
5.91186565914
-7.63034335963
1.69892019616
9.81069294404
3.24463671392
1.66169216568
-0.181894054462
9.0493707113
-1.50611880147
-8.16003405731
4.54514822519
0.0250415341375
-6.06451733691
-9.45526070083
-6.25334433504
7.44564476384
6.8015485704
-0.915584367106
7.9834188365
9.81094214652
-1.33827566726
5.34812967279
-4.02536957293
6.32158834691
6.8581863513
-1.99975517588
-3.91087107123
2.72831848814
3.64009182534
-2.06832804033
-7.23118092615
9.6542833696
2.98061665228
3.76269847615
-0.976307795623
7.70144655985
-2.18688033328
6.74659475457
-7.68448988649
9.96899999023
-6.11610153295
9.26087427458
0.230486105753
2.1017115016
8.1857909142
8.42921163731
9.85986386073
-6.92088111971
5.82752861782
3.39533625012
-6.12862080262
-3.52680237097
-8.04646803199
-8.74543569026
-2.80842717135
-7.13501052935
1.6047139668
5.48669409201
-5.3063318445
1.91307109992
-4.26816905115
-4.47529578433
-2.96395866422
-5.71641138531
7.52021549676
-0.54847389052
-6.99422988106
-7.4142779398
-2.28261515227
-1.09241910591
-6.3230336356
-4.98440925491
-6.46091374369
-2.87808643698
-5.39316725444
7.61361689802
5.24648577557
-9.57113063522
5.12579307729
-7.27869322013
-8.08705207856
2.04463078844
-9.83228324705
-4.90849953415
8.26239397561
0.474677451576
0.624205777139
0.142703613379
-8.71789293954
-6.18420697752
2.27717237452
6.42143718776
6.47046625381
9.49462774137
9.48033115727
-5.74731360587
-3.28089528295
-4.80411116061
8.3989890311
3.06184251262
2.17255151375
1.74737402852
5.29595048519
-2.01645985622
1.74344575525
-6.40553748603
4.14578544969
1.40133717177
2.04486328771
-6.10034669396
4.67668658784
-0.147320146675
7.68011670814
-7.82584086667
7.32379584085
5.23988723538
-1.05544187093
7.36691380724
-0.290280521928
-9.99383099784
-2.9961968478
-2.9192610611
-0.422513674014
-0.553433623053
7.47665073439
-3.03552273355
-3.20955932357
3.99751418008
-0.489378263622
-3.42756206483
0.37610372407
-8.03674091895
-7.10089805404
1.23803571202
1.83666444071
5.14156209214
-3.48053205493
4.34787405823
4.17026014612
-1.27527791975
-6.0545355346
0.552977466987
-7.88538409157
-4.96691739058
-6.01462050037
0.284697124483
1.6583585854
-2.41459411059
0.16178913321
8.61616816496
1.93917806603
-9.47138955053
6.80383523765
-7.44243188943
-3.74164629786
6.34444284636
6.87520505821
8.43586711777
-2.17168167104
-4.50013547648
-7.61981803852
-2.04848269582
-2.47402583712
-9.1580009826
6.86397329385
2.85842931938
-4.98729038686
0.384075529293
-2.78246457257
-5.85809899415
-4.28461341371
8.33243682577
0.516601293522
5.78049483107
-2.12403921091
4.67857579976
5.33758565406
5.70748439518
-9.23992559213
-3.83704737122
-7.73711339114
5.38681204795
-7.62766969446
-0.793925783929
-0.22652594802
-4.21021224813
-9.48552846262
-2.87095609885
9.08146416027
-5.52400349859
5.42935140541
4.39600400674
-4.03229233838
-3.44758103624
-1.85709446059
9.60986697035
-9.65737234957
-6.23897999898
-8.84092822918
-0.812496109216
9.15327784904
-5.37642292215
-3.46561561749
-9.88490876307
-9.23794577164
-0.90061480596
2.2885375314
8.16097959111
4.6310044982
8.44963177422
9.81721170833
-4.41026849811
0.96568728853
-4.40336222579
5.91332593589
4.71266961132
0.250598197893
-9.70715714638
-0.553711956164
-8.87338875784
4.72268832455
1.55376983893
3.40298055258
9.01329797329
2.57167248051
-1.70952173415
-8.98312172966
-8.74618832737
9.90648990571
-4.32221602169
-9.83930494676
-9.15515760301
3.96330372338
9.46381422265
-1.16933010316
2.61536637617
-9.68273786134
-0.00196397537638
-1.38507326801
1.41826139249
-9.63633762588
-6.80340189789
9.65110016751
-8.57685826524
-4.2798375838
2.83695739782
-3.02140539892
-2.367738767
5.96263188314
-1.23267298002
-0.531652394616
-1.95132369378
-7.06566980234
1.8156579583
8.0424767181
-9.82075663845
-1.77215320701
-7.85591142826
5.10201014463
-1.9935627705
-4.286751904
-2.89739095516
-7.74048787355
-8.24780265776
9.91987774719
8.39677750709
7.72463354976
-0.78348771375
7.03488567982
9.83276059579
0.147243298707
5.05641278266
2.47844548445
2.49635452542
-0.292696894947
-7.43123575076
0.458907545546
-8.07956148249
9.83775218419
-5.31351837593
-9.11577428842
-9.52283630686
-8.50532721544
4.09362364857
-4.07800512326
-2.16023351498
7.46477834004
-9.72691441447
1.0065558434
0.0109835410504
9.03014567753
-9.52278651125
6.09792937185
0.281130372254
-8.37171723241
-7.62037987614
4.55855341041
-5.4814009125
-4.84588730513
-0.0165394347751
-3.91909712107
-2.11817400377
-8.24529332025
9.34640434302
-4.3175915214
8.90743004276
-4.20462595017
9.28902947069
9.86157896958
6.23379529876
0.548586038741
-0.118771909381
-8.55801388173
-8.67482318085
6.91863006032
6.27787456971
9.01071582635
-3.04621394774
5.0700614011
8.89480393822
7.29652516898
-2.03155747559
0.500231273634
4.86026042127
-3.765691976
-4.73779605805
7.85440443327
6.45797177351
9.6368200485
2.82343751406
1.23044980297
-6.67719598926
6.40852640484
7.29677320352
9.60986060064
-4.23342849459
5.87015294931
2.68447214639
5.01656117544
6.22524589494
-0.372790525101
-1.58889527661
8.42954286665
-7.19951671034
-4.55969973081
0.669934719233
3.86614104743
9.48245750606
7.68316863708
4.34168410541
-2.31230732166
-0.108004482763
-1.3233813086
-5.84018802031
7.85311879871
-4.43267427113
4.1897271826
1.45542279466
-9.6591331305
-3.4038821239
4.15125285717
0.747191220579
-8.41213930323
-8.57567087272
-2.65200323361
-6.51997621106
-1.24166367044
9.83478812617
1.50303711765
6.54026606587
-5.99318492042
2.49279919384
7.51693284279
9.64556986941
5.73520951925
7.23966270625
0.0709674572982
-4.19839468723
6.83536007417
2.29158253254
-4.99492972868
-6.70291537306
4.26245621102
3.72874071756
8.20304524665
-6.83841830143
-5.18057779109
0.356989403696
0.949381479143
-5.11645381137
4.55839612473
-8.51445672217
7.81522532447
-9.75279640681
8.23753219505
-4.81693028558
-3.51949865376
2.75591027543
-4.87153727833
3.53518666431
2.88248232257
-1.99081564748
1.95822784721
5.44488921881
-5.7260364325
-8.91956311788
-3.72066556687
2.55670982678
1.24995073748
-0.54848445934
6.30754693253
9.56827275245
6.07376180581
2.83008995172
8.61416122046
-3.74745672771
-0.291363923501
-0.661444061762
-8.25131294595
-7.75285800028
8.61919251853
-3.61716181138
1.82679485023
-6.69311156995
5.04954602033
-0.0555415113343
-6.22648174124
-1.33444134365
5.72658957229
-7.45563075845
5.24163138772
9.32199774604
-4.27267334454
4.65735570226
1.61541345918
0.877573505185
9.02920692535
-1.58631010496
-4.53916433704
8.40333112224
-1.10669299046
6.16109003097
-8.53313223258
4.73651580454
1.39274542387
6.71192481391
3.82407130258
3.08605406501
2.37286519605
3.36139047324
-5.28473295832
9.28029742356
9.16862483727
-0.534910434476
1.21877136857
8.21738307611
-9.65576961383
4.11460277984
1.748951216
-9.30553390966
-6.41116921741
-7.52369457279
5.48941836339
3.24477836216
-9.9209690329
4.35366457223
-8.24429978304
0.935112205888
2.99961484648
-5.72034505684
3.19051542538
9.09342242392
8.22636140627
-9.42073270607
-4.88074597875
8.27739898606
-8.44558005757
-2.54678767591
3.24973615381
8.55154223645
5.22107738342
2.84978960211
-9.82882456883
6.10653969788
-0.389202873767
3.59162399256
2.99686993878
9.33470484747
-9.02991731389
-7.66011355625
5.16958583815
-1.04527574559
-4.7913603762
2.76308603545
-8.80898295806
-2.73638674632
-8.76381851683
-4.9463480029
-3.61846558983
5.17002804799
-5.55268065945
0.320286935726
2.68302109053
8.20204126698
-6.56240884337
2.74579865143
1.56953606436
3.54286276315
7.27413667762
8.87408110654
8.01100165658
-8.55252191695
-9.91006078098
4.10683454936
-8.65535732605
-5.26693428739
3.99272081518
9.00747336712
3.26223790309
-6.51304307201
3.39101225875
-7.34594880246
4.12493706723
-6.12473504559
-1.21021377341
5.53243685638
-5.83429681024
4.08817848739
-6.31258848641
1.64866376807
-3.19753398655
-0.466396233903
2.48943155891
7.69876116403
6.45982790246
-1.87594963735
-8.83095169531
-4.48254205654
0.189611390089
-9.20088293008
-6.85523653211
5.64827189309
-4.3745389768
4.34688573893
-5.61161710853
-1.416245654
-2.06473135216
-3.65123321626
8.52099233759
1.33298526783
-7.65964205075
5.06649968249
5.18487495367
-1.7087274205
7.73867115262
-2.99089516445
7.42230248741
-5.25484481116
-3.25955758638
-4.6354779569
5.37783776793
9.40914842886
7.66919968708
7.18765219959
3.12636233608
3.72966127771
1.15106838622
-6.42183678533
-0.571622647731
0.728484528385
0.553784713679
2.0412224994
8.33339381662
4.13869698382
1.93904702009
6.8175451237
-0.148888610607
3.43628573366
4.99278540029
6.89973060323
3.60235761137
-3.62573393086
2.36622907395
5.10524639644
4.06859697822
4.14399944192
-6.11452052738
3.80094465503
-7.0142824669
3.43762969203
2.22152561425
-5.4549926966
-1.94000764162
8.37914998402
0.803693410088
2.37604678485
-3.04069772005
8.13645159763
8.67257406031
4.77269656444
-5.58735446223
-6.54477561027
-1.81167959162
5.64714389752
-9.57321439537
-5.50919865706
-9.95846978439
3.30207388618
-5.92492087669
-7.70058150748
-4.25165285275
1.15287411325
6.0517860675
-9.54718169918
1.50582710571
-3.01910479131
-4.79358854135
8.74454554865
-4.85191948008
-4.79693272081
-1.510953247
-2.57430587063
-9.8941862794
2.24912708813
-0.606448129484
0.00199164683927
-7.21319180689
-9.04193259082
-0.449933487024
1.0200641237
2.44955926591
2.99971997772
-8.31048786758
5.93232601719
3.63540943488
-3.87387161296
0.450157594399
6.61385823388
8.42596754483
7.91436198753
-8.87696534385
6.90213035673
9.53597301181
5.09799481066
-9.27240665686
-5.03212404989
-4.27542595621
-1.0445986081
0.451951189582
4.7710851387
1.98482819932
3.70397579912
2.59059680799
3.50741213345
-5.77930779919
-8.46345719139
-0.258454536308
-1.16040536089
-1.8498242608
-2.02687516126
-5.32368935912
-0.0613814808589
-4.18804225397
4.78485897617
-7.34475828475
-1.65069541839
7.3230519057
6.9812610781
-0.454651097089
5.71400423498
-4.12510309198
6.91446644455
8.96251066892
-7.00967464876
5.50984116862
5.6640614442
-3.55918507287
-3.46270026592
0.386737746398
-4.28670946194
-6.71650152982
-3.16457650416
5.79502061512
-1.91987118605
-5.99241146219
3.25173849124
-9.11387488958
2.4972546493
7.24047158903
8.84467728372
7.85194806055
6.69732312882
-2.97297441879
5.02017927424
-7.97178251048
-0.939292401131
5.73225841736
1.31799934292
-6.6455935689
-1.23497071083
-7.13863295661
3.70994536883
-1.11594860482
1.17055738378
8.54939014436
2.83488502234
1.49874034127
9.90949234337
7.35626007142
0.564743859994
9.59995232725
2.81045250561
2.56461534853
-3.20551590258
-0.0560299637064
9.20699405429
5.65707759025
-8.27392342883
-6.79882824499
-8.20161605425
0.78360657609
-4.12971404833
-6.48386863699
9.80082268204
-5.03267788209
-6.10344094224
3.12848055071
0.425845862311
-4.16412830971
2.05621003391
6.4361878683
-1.25589137691
-1.74589703071
-3.48606248439
-9.92205931528
3.17623332449
8.92115108949
0.738400650726
1.17123269774
-0.0945799454236
9.30640638568
-1.83058880058
-8.51347665516
0.969021982456
4.7646887193
7.40016699589
-2.35131661002
6.87787251033
-9.53559155152
8.34607012776
0.698560488545
-5.08457248988
-9.61167342697
-9.33459527133
-7.01222755006
-0.941663406898
-3.12232144022
2.99725483341
9.2176444819
2.19433665182
1.74571974294
5.35691989944
9.53888608931
-6.12621156755
-5.52714027667
8.68686041655
-3.33684019454
9.91116929089
-8.42948112
2.58384109773
-0.370121619538
-2.35610715471
4.63020674032
-7.74244420255
-2.26381098872
-9.89127545095
4.39502231762
-8.57271992182
3.24436311141
2.6433385547
-6.49552643542
5.70539678676
-0.0614048808964
-2.93766094467
5.60111471462
-5.98126079472
1.12259705597
-5.16165658947
7.01128310899
-5.01291502363
5.25078551077
-4.9260361253
6.73815346728
5.45182830207
3.95765513708
-6.63860510915
9.71517012798
-3.39800958818
6.82069244522
8.83774271135
6.22121429305
8.65057107575
-5.03182073199
7.45970609274
8.81298812652
3.1393839591
4.73709695706
-4.23402562483
-2.46311577786
-7.63635325595
-2.20857767691
-2.81424749595
-4.39580226414
-3.28420269107
5.94887201106
5.55429300665
6.32500481631
5.87747670883
-4.13506519334
-7.6897096597
9.51126133703
8.91366498808
-9.41898454596
-6.50979559281
9.84075242049
-0.446740846508
9.13359710359
8.16105369747
8.09488099985
3.14455809883
6.28018345178
0.42220527444
9.07209995784
7.45465961552
9.58440344679
-4.70574514542
9.955380403
-7.94141375189
-4.76368526991
1.40669037088
1.2715497346
-9.29548692699
-4.95006564186
3.97304743607
-8.56854797125
8.66606933252
3.98482985667
-7.28071878683
0.434323978227
3.00294490141
-8.96223036624
6.41587462104
6.04061535371
-4.005288298
-3.92297784011
-7.28934535036
0.128960149798
-6.70545210114
-5.04546681913
7.66715910727
2.65875107398
-2.18607295202
2.65340175972
6.58362254793
9.64294302837
0.0837118018079
8.19306647031
-9.074363812
-9.20560445901
-0.687377929148
9.69871991522
5.35365629962
2.2470474438
5.28468254885
3.94328524384
5.02783118179
-8.98767487213
-0.660342078452
-3.86326268266
8.705756808
-7.56637279499
-6.57592250292
1.9375830193
-3.96505611585
-3.0475689292
-6.04222712444
2.47926305486
-8.61714047036
-5.54452322338
-9.82344676858
0.713329364096
-3.55839351201
0.0862494784526
-9.22994715838
5.83757284451
2.58615363616
-3.6447791096
-1.92817789036
-8.39777129595
-8.83458610244
-6.23905669687
4.69181248044
-2.33423128654
3.20371827407
0.439499829859
-9.76653985854
-1.77042866296
5.60500612664
3.01976387922
-1.90543161564
-5.53899994469
5.56075183411
2.88357264602
-8.97351401433
8.13009531838
7.34823451789
5.36811196978
5.97236252536
-8.3012085104
0.695888107144
9.44668776623
6.05111540769
7.90411399649
-3.61147054726
-8.91030032592
9.5920461369
-2.0690922943
4.48899170621
-4.0225404396
5.79512618446
7.56382737505
-0.944184413198
9.12206526813
-3.31016295483
-8.70470312252
7.84093754223
-3.85737761234
1.17469320288
-6.39267067519
-5.03986785203
-1.85456980943
7.94570648701
-4.2911417736
1.56756615875
0.848627623824
6.88026054559
-4.54528961443
-2.16007031315
-5.84341081158
-6.41770549466
0.0429099350567
-7.18236147963
1.75320195917
-9.15749995629
4.34072237485
-6.33111516135
-2.82595942506
-0.46605436436
4.77744278985
2.75916190383
-4.48493887517
-0.0382275764565
-3.4007303934
-4.11293405173
5.32995871227
-4.91367199683
9.33701083884
-0.416042952581
-2.55263999432
-7.65336906906
-1.99901439096
-1.0961800381
4.97274087633
4.49517202481
-0.29479793439
5.53750282176
-8.70561705099
-1.81392570963
-9.18760627512
9.60852363553
-2.40532307238
8.82717029007
5.77170031539
9.67651957074
9.37864972805
-3.34164593927
-4.12596754649
-5.6381648286
-6.01084964182
6.39339331612
8.24081270043
-2.62254601244
6.72160913866
4.04838869868
-7.17443477103
0.888037299526
0.98361411047
5.01809063233
-3.25321011498
9.07759243237
1.39528687658
9.45175772578
1.70400792344
-4.16953418513
-8.92547296783
-5.5472241223
2.85459306208
-5.75390011262
6.38039080569
1.4640456352
1.02540135646
6.01952709688
4.67566084055
-5.92992315332
2.91644409812
9.91535557493
7.26250170573
3.37806346855
-1.99662959112
-0.535303894568
-6.01813094924
7.23419973776
2.49921967439
-9.29564447475
6.75363554834
5.82837142214
3.18493044877
-6.97025016255
5.50841541569
-7.03707360968
-6.82573454089
-8.55257371713
4.99514743747
1.44238357458
-0.512420731568
-6.54068866302
-1.47504181572
-9.40122716588
-4.87906866146
4.85113200671
7.73798378806
6.07501642385
7.19217593298
4.06413681137
9.65424450503
1.44884535473
4.55145856391
-4.43962836264
-9.73369242415
0.804969388898
-6.99104506905
5.8870955722
7.99001568428
-3.2974581802
2.01514238097
5.34982161664
5.63242385659
0.325051766423
-0.580017554758
0.422917855334
2.02065648148
-8.79568061951
8.5594234145
-7.18520422518
4.23042804085
7.84311894476
7.27632306858
0.557246495931
8.56852017023
5.11583091784
-3.77416891544
-9.65940502061
6.38140811418
-7.84045188469
9.2359169891
-8.39074109621
-0.825527405524
-8.19819965366
-8.29723851453
5.89509336507
9.4156404617
-9.98419743511
6.03929088364
9.68985910866
2.95660450117
-6.82177323759
6.56011792793
-6.59554541255
0.810778993522
-6.08815678715
6.79808996968
0.751331580737
8.33645813927
3.58595871314
1.805030726
-9.48971340446
-8.32083831797
1.31743117764
9.82845213886
7.10121716791
-1.79882436284
-4.59486408886
0.946455280907
4.6559329129
-0.763354813573
8.73072776323
2.98621176791
8.71997627907
3.02495937934
1.56535807457
6.32593766112
-8.46587764638
0.907124457706
-9.85259170035
8.59321840895
7.0034432622
-2.62281047521
-8.03627760904
8.67375819439
-9.20566584624
8.61964002318
4.88863915397
-4.93593005846
-5.83817351769
-5.42638269298
-2.84908962817
-0.186523699895
-1.68730809037
-8.75128422317
-6.32393234864
3.8029358757
-4.08433178945
-1.11024272171
-5.74692619465
-5.77633441537
-6.03073972331
-5.33216031385
7.11563064179
7.96729006899
5.83243652491
-7.86151278398
-5.38051271594
-7.49616062309
3.42418175505
-9.24326651385
0.137646399267
-4.0632182844
-7.60045405781
-1.5837093875
8.04610567049
-6.60737858702
2.15009723662
7.70446267179
8.85231610638
-7.17200658831
-7.43288156454
-0.596307225312
9.68956994114
-3.56919042228
4.329104761
1.1192507128
1.80351980872
-4.58274859004
6.64136294276
6.81537952486
-2.62503296309
6.09720509958
1.72252817884
4.58845982487
6.35565399243
0.455917493086
6.46055083543
2.27229818848
-3.89609128399
-3.04273054659
3.58470326922
4.29210757905
0.704355412352
5.81364535831
-1.61689286844
2.18374372161
2.07814215418
-8.89957300104
8.33605703637
0.343024547783
5.34651007575
-7.28965038444
7.13406515113
-3.56942832452
1.53149306333
8.63288048628
7.93391210322
-4.45674834788
7.21396217018
9.43610021483
-0.302074510143
0.0489675173273
4.74242781062
8.30546467484
1.62167934112
3.7625383017
-3.40949787313
-3.06992755507
-3.48291829377
-0.997871773629
2.9163718177
7.82686407843
4.76422686283
2.90085266589
-4.8404095559
-7.77065789087
-8.42674516984
2.99154898782
-2.72634556231
-5.85868437257
5.0639222577
-5.42156765791
0.701450548675
9.12604974661
-0.335391841992
-4.44197911019
2.30733101754
6.75663702936
3.04482606836
-2.329436
2.04730891414
9.5067868238
8.58768094293
-1.04539296343
2.45670690241
7.16795399337
8.30952106865
-4.01664886936
-8.84780132833
-8.92244543172
-1.95124380491
3.5203022724
4.45735785491
-5.92984363941
9.03341793443
-4.15198265905
2.87821212629
-2.90893412404
-0.156234190239
3.99872941852
3.39309004653
-3.41999801559
-2.60971306918
2.57283429848
9.8738446307
2.72457566594
8.17242434404
3.38861382758
2.76864302022
5.18267160717
-8.57403381745
9.6350326924
2.17771606671
2.21354431411
3.83235095454
-7.30679644184
-9.34441224655
6.94996266171
1.65186592966
-2.97356491897
-1.58054497022
-9.782699832
1.02075401176
9.73289090476
-3.75542311412
7.05079890873
7.67645515611
7.8283528308
5.75198041543
2.30699824888
-2.48533020463
-9.6182743057
-4.51273715682
-7.52173893079
6.81255750429
3.93484031803
5.32558855004
7.7093594104
-9.04877987498
2.14165114896
0.470928184359
-0.784258369294
-4.53277078512
-7.29404481308
-3.47710303022
-9.52923748046
4.11997596228
-6.95866529182
-1.88762817445
3.96572932322
7.1953774122
-7.57125848397
-5.46090393575
-5.62043719639
-8.99415352658
5.63601112577
5.67598901855
-8.1389074565
-1.86074534276
2.22893946272
-5.72990094794
-9.71031068984
-0.566839724435
7.86176867
0.397250708997
-5.94785094513
-2.1685332616
-2.79526690584
7.87282847957
-9.067287682
7.76217148459
9.04187594919
5.82000239726
-7.7716608773
-4.56854419011
2.03386600934
-8.1083152224
0.988284237471
5.78894467814
-2.85226934013
-0.680414261735
0.242521293794
9.61078512829
1.76580564519
1.40849914501
-6.32396030314
4.06064640411
-3.66222401231
8.66072891702
9.11990509547
-9.10242221862
-6.94232191229
-0.712747296003
7.90610026802
-2.00804557606
0.169647891655
4.72677314317
1.07805352687
5.62685151438
2.5745925552
6.8368841663
6.00109545383
4.7213517816
7.26686130868
0.634696224427
-0.0412803710821
2.94861727735
1.52207650194
-0.887290711225
2.33201982179
-6.65868529964
-9.39564178063
-7.93959735764
-7.73160878663
-6.26594510601
9.55535809914
1.05646178557
-9.86726995896
-5.34735980035
-4.10026834493
1.50985371338
-2.0146602957
7.80194313
8.26183737392
-8.21311073141
2.83334358117
8.53651704313
4.52218491704
2.23596176855
-8.29486500749
4.76148834074
-1.51344067268
8.95767693466
-7.92225993932
-3.93135110921
-4.30551845812
0.316376763019
-5.21182909394
-6.45733400123
7.49334151257
-4.64618074028
-5.7268215828
1.22441330422
-4.92105896573
-4.65032671156
-3.1682086647
5.75559502995
-3.68723292369
2.86616963457
-0.436190065429
-9.47316378009
0.438638440991
-2.19330292235
-1.72850681959
6.50206908213
-1.32736956338
-0.982707780113
-5.40257153792
-5.55738047597
-1.87676007989
4.72415027854
-1.8867792574
-6.74807797195
4.040077437
7.19274813706
2.17043789433
-7.03016277409
-4.77655620351
0.95956820071
9.85280498224
-9.91055624357
8.42012368289
2.71819643446
9.28579937326
-0.19042147299
-4.54054158159
9.94451122197
-3.79202759903
-4.83897955935
9.54474659295
1.54753009941
-8.75216421749
8.69354596266
-2.45090997119
-9.10872332228
5.92625594858
-7.71544599239
-4.89502088758
-5.41946108604
7.24502537362
1.83066969586
1.43585416541
3.03617830759
-6.51840886953
9.10228269646
4.02660508132
4.1060467272
4.62156466379
5.25124757811
-7.65620808129
-2.05278438941
9.70021710728
-7.74044621468
-6.70017292784
-9.99620605518
9.26018173901
3.89215270507
-5.85391976489
5.77620495253
9.60144303662
9.05588495729
4.98944750444
9.76714937546
-0.29782055162
4.04983176418
0.828431722075
-4.65867393088
0.100502442453
-5.07642175563
-1.19422729962
-7.23991488286
7.81848107197
3.43600568664
1.48520441301
8.05668088776
1.74891340429
-0.618150160278
-4.70501042708
-2.44369636272
9.33705858945
-9.24958269677
-2.19821733282
-0.00828926292781
-7.19189037864
-1.79198349096
-0.452788500258
-2.61131317761
4.51233660897
9.66837605566
-1.72472154381
-1.08884164022
6.71184052693
-7.56045451288
-4.49647553548
6.91717957418
-0.51981827668
8.01874209078
-7.04728291441
2.90817569618
1.81782394432
1.060920435
-7.01352028059
-2.34973189239
7.67851881437
6.62664368931
1.63423040931
3.18450162488
9.08255245565
-6.25483758029
0.353640118827
0.0595727324536
-6.09542373328
6.75647438126
-9.01919432728
-3.04696518712
0.65714796086
-0.661540035923
1.14837760489
-5.75198767995
3.13731507834
-0.0293143993459
-4.5427785138
-3.82121319577
8.25815053368
-6.63475623348
-3.1736214073
-7.46695748222
-3.82240277178
-2.09216263906
0.563073979667
3.01224679271
-1.34335121721
-5.21471964453
0.980769427209
-0.393140754918
-1.21179632849
-9.60664794961
-0.11534402976
2.62735851984
-2.02061653771
-3.60688412685
-1.58182621642
9.87926411832
9.46318381307
9.52736722622
2.36012105918
-2.41045891772
-5.6550790877
4.88129031852
0.463833190241
-9.87272444035
5.86571112392
3.03312315902
-3.12334630305
-9.52957473807
-3.31346966512
6.36724439219
9.03329489895
-2.59824759846
5.09087098276
-6.3019521339
6.95268462696
0.0648011211583
2.60190854
9.85503267833
1.16917671028
3.20252386673
-1.46013597591
7.56400043082
0.783845628204
-8.78519473238
9.49791023176
9.76190360345
-2.1702514499
5.8032634376
0.499189672888
-2.66927893695
-8.54897975207
-7.99235845578
4.54681548704
-2.48358788429
-8.39629794543
-8.2355211494
-1.69115207707
-0.948163819943
8.07527854373
-0.513379401308
1.81852962627
-5.15390156094
4.75742064308
5.45759508555
4.78846923746
9.26390167208
5.34741526804
-7.65019915642
6.21712655792
-7.86863469734
-2.41497126438
-3.37611128017
-8.06731195046
6.5636467203
-7.5321376445
6.30700661385
-7.29886391813
4.63022339217
-3.14706450342
-0.512792758304
-8.98418740086
7.39910656071
-8.63768695709
5.86702880134
-3.47201832263
-0.0514118924577
8.11796021206
-1.91622921473
5.39802857728
5.6531696631
-8.78300802061
8.31761242899
9.62086090894
3.56248769779
-0.307171125677
-2.66972986275
-7.55580253032
7.51162062867
1.24794993539
1.29652592885
-1.50417729618
6.57875480041
1.99637430261
-2.43233470967
6.42406674574
5.99770777818
6.9545919373
0.26233422915
-4.6716605523
-7.04333952731
-9.73506315408
-4.91603042693
-3.60860456545
1.92889872672
-1.25489954432
8.73570586166
5.18112246961
-9.28465201948
-4.38074992066
8.96305637652
9.50228863921
-0.168071301518
5.12900915066
-1.95400421407
0.394724796556
-4.39122287887
6.75726332748
-5.68540550388
-2.47173618662
-1.6264549807
-8.89558194966
-5.60366784062
1.73369896678
9.72700368977
0.624760784144
3.30192886943
0.533108808082
9.35635512973
6.87520955008
3.80964488389
-4.75767502909
9.45554672414
5.47616938261
-4.09256595509
2.20901580143
7.6641475612
2.94429209368
8.73830373588
-4.33130627051
2.2018903684
1.96644082204
4.00596698618
-0.448552322653
0.00499538019318
-5.85852665171
-1.14230397059
7.72179127702
0.504077604597
9.01212464055
-3.49596414585
3.79965247986
-7.52034169943
-3.83521240417
-4.6425097639
7.69617522295
0.00924792382029
0.917074048893
2.00120522717
-0.773562322656
-8.49430617131
9.37086204793
-3.79667118138
4.23287840449
8.58187476267
4.51856359567
6.94442979725
2.06597313807
0.312282883604
-9.42673763868
5.77889910103
-1.10961984978
5.86815157641
-1.45180674072
2.72029764638
4.53585002741
5.36887944197
4.5144233036
-5.47564065191
6.31080454813
-6.01768098666
8.24185289695
4.49116787886
6.83936225636
-5.89673430882
7.89130211582
-5.82990359002
5.43374453372
-0.947053499006
2.59411290729
2.09008593357
0.266087387667
5.45389058553
4.81206624038
3.56014270698
3.46278403319
7.86962408839
0.955922924024
7.62603103733
-8.80507638103
-4.91448919336
3.93063689022
9.57216564673
-7.13274301803
5.32969691103
6.62386733201
4.44232824858
0.374472093375
6.84935939
-9.80931552477
8.25778306198
-5.19948180303
-5.16867794428
-0.686954369184
-3.61204517593
4.14552465265
1.15340708342
-3.41665575621
-6.66985825203
1.15928729169
0.454998046159
1.09739300081
-6.11929330962
1.16525141676
6.57691708635
1.41355599726
6.0015233376
0.80532062786
-4.77077124383
7.17363077633
2.52624293236
-5.82145599913
