1 0 0 0 0 0 1
0.910880775665 1.97510869695 2.32786354092 0 0 0 1
-9.17791258955 -4.73117101284 -4.66971954405 0 0 0 1
9.85001367633 -9.02010496245 -4.60779303035 0 0 0 1
2.7690698111 4.34085880926 -9.09567742876 0 0 0 1
1.8381936436 -3.16135563849 3.38687473711 0 0 0 1
7.49283313056 -2.52908134633 -9.96236420222 0 0 0 1
-5.71907192173 5.53367070073 9.58829887561 0 0 0 1
-3.65677400512 5.62548081232 4.63742765537 0 0 0 1
5.4655083133 -3.38374936667 9.30740805741 0 0 0 1
-4.99869422782 -7.6566712519 3.14542728763 0 0 0 1
-8.52017188615 7.49575494354 7.00001009627 0 0 0 1
-1.70316748217 -6.3289656834 0.892287901989 0 0 0 1
3.68924220361 4.89620439568 4.01520953306 0 0 0 1
9.50425365499 -7.3317162022 2.45121834658 0 0 0 1
4.81525541933 1.16999563189 7.52283246274 0 0 0 1
5.67646497998 -3.86594171224 7.61221253509 0 0 0 1
3.77885393286 3.99623700277 8.97651436776 0 0 0 1
-4.46369053647 -6.55612020119 -1.79427358573 0 0 0 1
8.96601954456 3.60438665197 4.24148527801 0 0 0 1
-8.33047697788 -6.0814663833 2.73787451968 0 0 0 1
2.8981287475 -8.23931403764 2.70376955647 0 0 0 1
-2.21595313011 0.329153244056 3.70302473169 0 0 0 1
-1.01868156482 0.209130653077 8.0004075774 0 0 0 1
4.65843783528 -5.0423565728 5.40485261382 0 0 0 1
-6.32710919287 2.82938906761 -7.2250076271 0 0 0 1
6.04588153216 -5.75217758753 -5.69931760969 0 0 0 1
9.83445559097 -9.77855185928 5.27515735025 0 0 0 1
-6.68921295028 8.74370777736 6.51233368874 0 0 0 1
8.27884374621 2.70005642476 -0.879780795048 0 0 0 1
9.18594692089 -2.91127944535 7.05638826336 0 0 0 1
-9.09591687879 8.05395388581 -9.04458334786 0 0 0 1
-4.35671829121 6.70628733654 1.64447148655 0 0 0 1
-9.7387747827 -8.92304797415 -4.71690543367 0 0 0 1
5.9996368128 3.82051604063 -7.98030504063 0 0 0 1
4.48230485837 -4.19436397532 8.04435015603 0 0 0 1
-8.90080984397 3.03111070362 -9.37788061872 0 0 0 1
8.39790487084 -1.17399419869 9.46953147786 0 0 0 1
-9.63999118285 -5.84208747564 -8.62375516969 0 0 0 1
6.85081143789 8.2073662852 -3.01742246726 0 0 0 1
2.91585476022 -2.49183010941 6.74525166969 0 0 0 1
6.71940855045 -6.13204999639 -6.6289308493 0 0 0 1
-8.43242775792 -2.78349842888 -3.69920140535 0 0 0 1
-0.4124543742 5.67498737012 -9.55351935793 0 0 0 1
0.313172677041 -9.9124858001 -8.99352954053 0 0 0 1
5.06915762761 5.96477128946 -6.85638877379 0 0 0 1
3.17183168441 7.7779012273 9.74636721424 0 0 0 1
-5.62969338702 -2.41927881966 7.55137585907 0 0 0 1
4.11340301221 -0.296898015983 1.41042595623 0 0 0 1
3.30981439812 1.12599210764 3.31104804656 0 0 0 1
-1.79124266295 8.8605175419 -1.2399975705 0 0 0 1
-7.90799028085 -8.0097815594 -4.93254904616 0 0 0 1
-7.78179312825 -6.28042249127 6.90728171797 0 0 0 1
-7.77994169976 3.35616186968 3.4716324415 0 0 0 1
-6.91897306634 -6.93811027712 7.50592822101 0 0 0 1
8.31358848706 7.03664790093 1.1722418624 0 0 0 1
6.57585169638 9.40961626381 3.78609646578 0 0 0 1
5.67737023586 6.292922372 1.35038156803 0 0 0 1
-8.15838725604 -1.75844708879 -4.05898961686 0 0 0 1
2.85363456427 -7.26885956584 1.41170449539 0 0 0 1
6.81549869731 9.80733085694 -0.315220208297 0 0 0 1
-8.41622219453 0.31398592131 2.20042930654 0 0 0 1
-1.22679502966 6.8920757655 8.00370771477 0 0 0 1
-7.46448986418 5.35182261844 -7.09173108037 0 0 0 1
2.97805024603 -0.158400619422 -3.1916107357 0 0 0 1
-3.15357512902 -4.54037025471 -4.54220572842 0 0 0 1
-7.29212859849 6.81384127856 -9.56248355707 0 0 0 1
2.22259980384 -0.377413638578 6.27851511124 0 0 0 1
-4.91598726473 -3.96802686193 3.42770173524 0 0 0 1
6.56186574034 -4.2648035809 -5.72318433954 0 0 0 1
-8.2734480291 -8.22840039644 1.17630949575 0 0 0 1
3.14394760947 2.47296814849 5.25382375451 0 0 0 1
1.03441614828 0.832476601214 -6.09443924094 0 0 0 1
-8.84633969124 -8.32785910395 -6.24977620357 0 0 0 1
2.79636079026 3.46490298087 -8.58184765162 0 0 0 1
3.94786509398 6.91501936351 6.70506373199 0 0 0 1
-2.80255332531 -3.51563450942 -9.24404239299 0 0 0 1
-7.0918956511 6.4442437747 8.35797575131 0 0 0 1
8.20031382919 4.61092077146 -5.25245932098 0 0 0 1
-4.3200377866 8.36162621973 4.00035381799 0 0 0 1
1.85231745036 2.32353811107 6.00795995111 0 0 0 1
3.56443074113 4.01468257458 3.41647141857 0 0 0 1
9.5534837922 8.06839075295 7.71125985231 0 0 0 1
-2.86031666724 -8.51450235077 3.38364837523 0 0 0 1
-9.75909914384 -5.8340405052 0.915261013773 0 0 0 1
-8.68661041073 9.32176483995 0.0697891543393 0 0 0 1
6.39050521005 0.227431943987 6.19041440736 0 0 0 1
2.96029182294 -1.62600433972 -1.3780480167 0 0 0 1
-6.35593694603 7.5556559586 6.31286483348 0 0 0 1
-6.87468466701 -8.91767227723 6.28189550809 0 0 0 1
8.66431601644 5.56428178534 -2.72039091872 0 0 0 1
-4.89208547757 -5.37416310343 -9.66750399459 0 0 0 1
6.93240721115 5.11371032513 8.48143855047 0 0 0 1
5.37722058844 1.83782580226 -3.1376089041 0 0 0 1
-1.21938038864 4.46965754105 8.37860511939 0 0 0 1
-8.56920154165 4.04302679484 9.63045130733 0 0 0 1
-6.28030719658 -8.11295227025 -4.48999795941 0 0 0 1
8.23834738209 -6.24968085009 3.43100662274 0 0 0 1
-6.58169827653 8.4179956298 4.92975629184 0 0 0 1
-3.30030063161 -9.82825210967 -7.208382401 0 0 0 1
1.63738011374 0.884535986378 -5.6017729517 0 0 0 1
9.02245450081 5.82665425972 6.80119593688 0 0 0 1
4.26742113527 3.35591171225 3.77252573692 0 0 0 1
5.61748705894 -5.22027013019 3.84810883001 0 0 0 1
6.62912599376 -5.00295613539 -8.06728546964 0 0 0 1
-9.30120324291 -3.96470363199 -2.50949729399 0 0 0 1
-2.95855672378 2.60293957914 1.27004589357 0 0 0 1
-3.29738916756 -1.42076609721 -6.21295433506 0 0 0 1
2.04919305401 8.83454377851 9.9884140197 0 0 0 1
-1.34760362307 -1.19712669663 3.35967655885 0 0 0 1
-4.92973907415 2.67004349487 5.05634259345 0 0 0 1
8.39629526756 -3.52955574302 6.54212605561 0 0 0 1
0.345045735493 2.35999331886 5.96771609035 0 0 0 1
4.95808352167 4.69759400197 0.639603715964 0 0 0 1
-1.02703100591 -0.0426414471787 0.35513686821 0 0 0 1
1.48364649896 -3.27229444395 -8.7642238879 0 0 0 1
0.738199648058 -0.0758466107221 0.303354634655 0 0 0 1
4.59887767155 5.9274655936 -5.91781697324 0 0 0 1
-0.0680379489177 3.81103617526 -6.15108016127 0 0 0 1
3.76807089332 8.5625911471 -5.85343590529 0 0 0 1
-0.720537234392 4.66217803259 8.65036899769 0 0 0 1
-5.16081188321 -2.91477342942 -8.58162576086 0 0 0 1
5.00911418454 -3.90738819288 0.762134299536 0 0 0 1
-0.99044679433 6.47620890096 8.47735444917 0 0 0 1
-8.52118132313 2.50730676568 -8.16593093058 0 0 0 1
-0.676268784811 -4.76072703428 -6.55531607018 0 0 0 1
1.08422103223 -0.734751064461 5.28761146192 0 0 0 1
-9.62388421536 4.17687492707 2.70235213467 0 0 0 1
5.20968053456 -7.64370388132 -9.10353275654 0 0 0 1
0.981592787569 0.0167615696729 4.3234704769 0 0 0 1
9.49411548267 -6.1482652726 -6.72741018371 0 0 0 1
-2.28181732587 -9.4993789777 4.54737746491 0 0 0 1
9.67688275362 1.56170586943 1.7979735923 0 0 0 1
5.52583665918 -1.02884573606 1.17794639109 0 0 0 1
5.71850254241 0.333338145411 -4.54197695825 0 0 0 1
-6.39884455654 8.54919861071 6.26540286807 0 0 0 1
-3.80674792908 9.1604542033 1.58701188973 0 0 0 1
5.49467670877 5.12956607106 7.59116965719 0 0 0 1
-1.56620371645 -9.61474769498 6.40694124458 0 0 0 1
-2.57773366753 -2.79917589362 -1.27513820506 0 0 0 1
8.28697685749 -2.00872154655 8.85739128217 0 0 0 1
-2.42776584543 5.33183939405 -9.47047450666 0 0 0 1
1.42954427269 3.83683705442 0.853892694218 0 0 0 1
0.57957620596 -5.96412756738 -9.42550836829 0 0 0 1
-3.59805697362 -8.99543388222 3.4076308218 0 0 0 1
-1.1934381001 1.77357153623 -4.24886868363 0 0 0 1
-9.04993039992 5.72251191626 -0.21171595034 0 0 0 1
8.43297844334 -0.30440624095 -5.70621257412 0 0 0 1
-1.3172938661 2.5851905658 6.77294176113 0 0 0 1
8.61969828021 -7.70956886807 -6.38434557292 0 0 0 1
-7.35538454015 -2.75688715843 -3.21826917813 0 0 0 1
1.79510963086 -9.73129066546 7.06651925777 0 0 0 1
5.85602497979 4.69090229612 -3.09066102044 0 0 0 1
-9.53673798773 4.65401247906 -8.42663100005 0 0 0 1
-1.23919736066 4.58707051858 5.93261928512 0 0 0 1
-1.55161394406 4.55353816242 8.50437770434 0 0 0 1
6.13072454108 -5.44014330031 1.36525390492 0 0 0 1
-3.13953933096 -3.3580187144 1.53048768058 0 0 0 1
-6.68767219697 0.926863039732 -6.21546769911 0 0 0 1
4.76784188058 -2.68469897376 -8.27580192539 0 0 0 1
-1.35532504729 3.25664670406 -7.77990386809 0 0 0 1
-9.36546822404 8.98076239564 -8.12701611944 0 0 0 1
2.20029240341 9.52299117717 3.46558115244 0 0 0 1
7.41457406513 -7.80280978486 -6.59049363621 0 0 0 1
-3.04848571018 -6.3399019738 -9.28851025081 0 0 0 1
3.27703789661 -5.97933453368 -3.32616797368 0 0 0 1
-2.77567642313 7.83542017493 5.37919716415 0 0 0 1
-3.34099511105 -6.40414451012 -3.0821922531 0 0 0 1
-6.16230584722 2.06877241732 0.733216997873 0 0 0 1
8.49087778359 -6.76919322064 4.71603909865 0 0 0 1
3.94740683724 6.03780725684 3.59640578399 0 0 0 1
-8.80684922131 -0.718498856303 -9.76818248131 0 0 0 1
2.87760905588 -0.144288388671 -0.866128023822 0 0 0 1
-9.167473622 -1.38542025407 -9.95148958429 0 0 0 1
-3.25564415135 -4.05812121465 -0.119821674277 0 0 0 1
0.208975442852 6.72928398579 3.03650941163 0 0 0 1
4.80296523749 5.69367476393 -9.55739548941 0 0 0 1
0.381409573331 -1.08707458343 4.38419902981 0 0 0 1
9.13690983085 -6.84222134423 -2.83697653229 0 0 0 1
-0.900635626447 -8.21914270563 9.54970204425 0 0 0 1
-7.73617701609 -1.71126591328 9.61653337435 0 0 0 1
1.48772578665 -5.36263776625 -5.54981846533 0 0 0 1
-0.217362709665 -6.63389536002 -2.19324775245 0 0 0 1
3.168427056 -0.636087413623 -1.49297695314 0 0 0 1
-7.03761696215 -4.37198144758 0.0885599388884 0 0 0 1
-3.37637050525 4.27288178645 -5.27802139036 0 0 0 1
4.02638095859 -1.35094504856 3.66275998102 0 0 0 1
5.54573515964 -5.5021047199 -7.81787235029 0 0 0 1
5.18824404703 -2.49281076308 -8.72029411018 0 0 0 1
-7.68119713079 4.96618586701 -0.481006010721 0 0 0 1
-0.0794753734108 5.86144629641 8.09277572992 0 0 0 1
-7.36912674566 -1.42346069786 -2.96211321524 0 0 0 1
5.54875857835 -8.60887445388 1.75500525442 0 0 0 1
5.73519508223 9.99498766103 -8.64656881637 0 0 0 1
7.22152254123 -4.71162593502 9.97128505557 0 0 0 1
3.17589752782 -6.05626099384 -3.09171847086 0 0 0 1
2.94164412816 5.78440321293 2.9656639357 0 0 0 1
-9.74082763556 0.384902196662 -0.996918138915 0 0 0 1
6.67775757812 -5.78405503962 -4.98050914199 0 0 0 1
-7.55169158389 -4.31831825411 -9.98502555035 0 0 0 1
-3.26088467857 9.03488163951 -0.902113400232 0 0 0 1
5.35173463248 -3.6256332138 -8.41638126327 0 0 0 1
-6.09523933726 -8.18928545983 9.82682104557 0 0 0 1
-5.23862850947 8.85529300626 -8.61282317666 0 0 0 1
-1.85426960309 5.35171270121 1.47359298562 0 0 0 1
-9.26669702951 1.77376830207 7.33152981357 0 0 0 1
2.81256365113 -3.4377981913 2.62925744637 0 0 0 1
2.01782941317 7.7692517502 8.48346937771 0 0 0 1
8.16693204764 5.12846595552 1.82939225771 0 0 0 1
-2.21893282407 6.65076466892 4.62131684793 0 0 0 1
-4.52817099237 1.46469353822 -8.64727636739 0 0 0 1
7.77128794376 -8.13225703084 7.55056529511 0 0 0 1
7.34043345699 5.57219931531 3.14805305054 0 0 0 1
1.01488414895 4.24022595387 2.68952645941 0 0 0 1
0.465488136115 2.36445300433 4.22119078495 0 0 0 1
1.28109666656 5.32554438981 9.32067458969 0 0 0 1
5.81376399114 -0.951738059359 -4.10803330703 0 0 0 1
-5.26997308073 6.54042519372 3.53614821442 0 0 0 1
-8.50940766478 1.48743192695 1.08192996517 0 0 0 1
-8.50470547257 -5.43110217814 -2.10375949577 0 0 0 1
-3.49601917143 -9.60712149253 0.00566281039051 0 0 0 1
1.8369197047 8.18482962232 -3.36001008485 0 0 0 1
7.49254369948 -1.17629205712 -5.84680693626 0 0 0 1
-2.4752623337 -2.1984448787 -9.08657284824 0 0 0 1
-4.92489907936 -2.46567230986 7.58771237653 0 0 0 1
-1.61648414943 -9.91638348981 -8.44298621457 0 0 0 1
-8.38229963343 6.81841965069 3.66130311706 0 0 0 1
-8.93972049949 9.28102088474 7.63329034435 0 0 0 1
0.539170747294 -5.81949031859 -3.94818540479 0 0 0 1
8.81957491197 -0.235695838126 -2.03289731762 0 0 0 1
-2.10918280101 2.81497295375 -4.62070047847 0 0 0 1
4.02639822219 -8.3701682378 -1.24926859124 0 0 0 1
-2.2029428232 0.758363490798 1.15610058869 0 0 0 1
8.44925718362 0.530817821457 7.37120155346 0 0 0 1
1.35934347994 2.99044963311 5.97542643293 0 0 0 1
2.6460692022 8.23213825144 -2.38258165324 0 0 0 1
-2.17364083558 -0.763408530493 -1.03829912884 0 0 0 1
-3.95190393973 -2.51606059203 6.36740058811 0 0 0 1
-6.16984190762 4.61019759094 7.76419071291 0 0 0 1
7.81212865716 -2.56531872842 -1.47052604298 0 0 0 1
-5.68241871692 -7.62867691817 -3.62106016336 0 0 0 1
0.591452641249 1.37003963281 -7.16167762978 0 0 0 1
5.40029455434 5.14986246605 3.4003274909 0 0 0 1
-6.87284887751 -1.30219393966 2.69824374517 0 0 0 1
3.09761610124 4.71731013711 -7.51980256 0 0 0 1
-5.89175357761 6.12261363761 -0.518370659789 0 0 0 1
-8.26782676519 1.62476689698 0.988169331834 0 0 0 1
4.97399222394 -0.802741463014 7.61080103479 0 0 0 1
-6.42675244102 9.75141849764 8.58343114658 0 0 0 1
0.312162082577 9.41047300615 7.8322239923 0 0 0 1
0.879025915966 -9.65094848631 0.499681477122 0 0 0 1
-4.73903519557 -0.129086645073 6.39999170862 0 0 0 1
-3.43591767897 7.22139661883 -5.55532350624 0 0 0 1
6.99597730099 -6.57748310405 1.18236724405 0 0 0 1
-6.71424572347 5.70006021581 1.81416269606 0 0 0 1
8.55084076044 4.18070371404 2.89770540132 0 0 0 1
-6.39146521809 -8.96973111201 1.19633579688 0 0 0 1
3.56561099379 -4.21769624167 -3.91079431251 0 0 0 1
-4.00696921833 -0.723470034181 -7.90166020864 0 0 0 1
7.56906716506 5.51684517879 0.153962985787 0 0 0 1
7.84924977433 -3.29853686999 1.5117764261 0 0 0 1
-2.33711628391 9.21309317827 4.09248750909 0 0 0 1
-6.72566104979 -9.66306968746 8.01235224797 0 0 0 1
2.7012661747 -0.788242868823 3.49079237486 0 0 0 1
-0.291212470575 4.33031113729 -4.12716169862 0 0 0 1
9.08953308227 -5.62520191806 8.44257335792 0 0 0 1
4.21148690713 6.49250401295 -6.93917601232 0 0 0 1
-6.43132747382 -9.02454025694 -6.80713626566 0 0 0 1
2.22023248672 -2.2127982736 -0.961332769544 0 0 0 1
-2.11536887731 8.21054141156 4.36323296245 0 0 0 1
1.73880212067 -5.87720504753 8.48555723088 0 0 0 1
-1.107569703 7.8945910284 -4.10766645897 0 0 0 1
-9.68064642897 -5.54322343042 5.36366510834 0 0 0 1
-0.115221623034 1.16490594258 3.32609376753 0 0 0 1
-7.42687688108 8.77561747793 3.56350669357 0 0 0 1
7.07058244247 5.23694018998 7.96720127522 0 0 0 1
-1.75222194645 -9.50366036058 -3.44459454211 0 0 0 1
-3.18816255787 8.94544244804 -0.441273295636 0 0 0 1
3.72668557336 -2.52550304849 -1.88953765584 0 0 0 1
-7.01063720227 6.30690506191 1.13213695982 0 0 0 1
0.482195611903 -8.4785129489 -2.40988013952 0 0 0 1
-7.74629838512 -6.20354808704 5.39650205231 0 0 0 1
-6.75603153101 -3.16537965844 -7.15656828571 0 0 0 1
-5.42460063297 1.81632475692 -3.42997360422 0 0 0 1
-6.59354327962 6.28757636 9.44932522521 0 0 0 1
-2.97709008326 -7.90189945602 -9.35362228018 0 0 0 1
7.28484643024 0.773017067812 -6.16067716626 0 0 0 1
-5.95673401999 9.18230268405 -9.46062158604 0 0 0 1
1.19522254227 -1.01896714703 -3.93384042274 0 0 0 1
-0.585545508131 -9.62861053318 9.04244972937 0 0 0 1
6.36542118404 9.57117934384 -0.295427139388 0 0 0 1
-6.66890888458 1.89895489533 -0.0259053928132 0 0 0 1
2.53193329169 5.55153693834 -9.02675952642 0 0 0 1
9.99497885728 -3.48783804631 2.84345489685 0 0 0 1
-9.81719272108 -6.93669026376 1.28255851605 0 0 0 1
-9.04921661168 -3.85293728937 6.43859204828 0 0 0 1
-4.19119751961 6.03783704465 -5.38788556565 0 0 0 1
-1.56740765562 -3.19767950175 0.601622558038 0 0 0 1
9.50359183524 -6.06703743766 0.959662809861 0 0 0 1
-3.32711427177 -6.37355307691 0.403898121242 0 0 0 1
5.37899169988 -4.84202235059 -5.01459651287 0 0 0 1
5.54348976267 8.79158954397 -2.02700014666 0 0 0 1
-2.26796492017 8.98460618 2.30768183413 0 0 0 1
-3.36907964176 -3.26250926817 8.48109090675 0 0 0 1
2.81119353088 -4.8346065263 2.12260554963 0 0 0 1
-8.65273986824 -9.38890867062 7.16927017368 0 0 0 1
-0.465726054714 5.63368131397 5.61779620726 0 0 0 1
6.16380550895 8.5095209909 -3.1620688161 0 0 0 1
-1.87748845332 1.69447721672 -0.0320920529635 0 0 0 1
-8.70253083207 -9.89455168216 -4.02832226124 0 0 0 1
6.1467729071 -2.40873002278 -5.93934115027 0 0 0 1
-6.06353363127 1.10432327185 4.14119762045 0 0 0 1
7.64120500919 -0.707070042612 -5.22075859768 0 0 0 1
5.39915632669 8.28044703982 -6.5921512898 0 0 0 1
6.44913404325 -4.92918653299 8.48252944953 0 0 0 1
4.73162693424 8.98113893118 -9.20354368386 0 0 0 1
5.23288633045 -8.26988001032 -7.35455562954 0 0 0 1
8.72814241477 -0.949828028717 2.16419355788 0 0 0 1
-2.76362972003 -7.03672341571 -0.848204759672 0 0 0 1
6.14263073564 -7.60539324421 -2.10840102006 0 0 0 1
-9.07900307336 -3.43147546349 4.63291730643 0 0 0 1
7.06198327782 5.31209752568 -2.20154311619 0 0 0 1
4.52848505307 5.36321828163 -2.41514658009 0 0 0 1
-8.74339659322 -1.96546599343 -3.85766887904 0 0 0 1
-2.2602101919 4.45486209358 -1.6136329041 0 0 0 1
-2.87361239677 -8.05902660414 -6.94274004471 0 0 0 1
-0.736527108449 -8.73957443319 -2.98149194404 0 0 0 1
8.84203314911 -2.27932574893 8.28620793951 0 0 0 1
7.437099931 -7.14349729307 -7.54038600357 0 0 0 1
-9.53873229743 2.58825474172 -7.18183440473 0 0 0 1
-0.267999305476 -9.15105503325 3.49574205569 0 0 0 1
-2.66445828368 2.16292806951 -3.93001223406 0 0 0 1
-3.2757200945 -1.80306490021 -8.43941235119 0 0 0 1
-8.42334557599 -0.458064115477 5.35162815179 0 0 0 1
2.0281279472 3.0423253235 4.22660681086 0 0 0 1
1.91611961595 -4.32898081821 -3.59539361635 0 0 0 1
8.44621313625 -9.58844096967 3.46152993963 0 0 0 1
-7.22454289443 5.8352449105 3.85449314539 0 0 0 1
-0.826800923226 6.2577446152 -0.206121160192 0 0 0 1
-6.65362947709 -9.9063938572 9.69824354576 0 0 0 1
5.25173892371 -1.5975822037 -7.2084991772 0 0 0 1
0.9814737777 -5.63414532798 4.30652319892 0 0 0 1
1.10608779815 -2.25151340192 -4.34444054038 0 0 0 1
-7.85843612255 -2.61523665119 4.44458881523 0 0 0 1
-8.43152602325 1.88302281253 8.84118389414 0 0 0 1
8.69738051801 -6.41995511046 -0.00093869397613 0 0 0 1
3.05028855912 -6.42139977201 -9.49016804342 0 0 0 1
0.899870207298 2.73585873223 0.0105007161887 0 0 0 1
-4.42729389935 -5.25497656804 8.58540262019 0 0 0 1
-6.10063891156 2.37778324885 -6.69763456936 0 0 0 1
3.86128386037 7.89935768987 -2.88910547679 0 0 0 1
9.48635035448 -2.70277216645 8.07236142398 0 0 0 1
-0.230704382024 1.89889236148 1.47852488256 0 0 0 1
2.24978836478 6.43401913265 -0.653497035911 0 0 0 1
9.65575079512 7.53089662784 -8.90087656261 0 0 0 1
3.23814538979 -0.909534352034 7.43336789075 0 0 0 1
6.02707432699 -2.48589918814 4.37452760823 0 0 0 1
-8.20723974891 9.87428418526 -1.95878649305 0 0 0 1
-2.60524914442 -4.49280096751 8.5778186507 0 0 0 1
6.2326133713 9.42486972812 -6.12749856097 0 0 0 1
6.88452880662 -0.630970263491 7.35838259613 0 0 0 1
1.37809225232 3.54895897564 9.68039485249 0 0 0 1
3.48992318816 8.50653957937 1.98407248642 0 0 0 1
8.42046885046 6.6619935206 -5.33834171081 0 0 0 1
-6.94547475398 1.72249832499 -4.03508025337 0 0 0 1
-5.70425270241 2.95342683088 -5.55265163846 0 0 0 1
-1.10834667671 8.48959746438 0.638522172535 0 0 0 1
1.699045503 8.91511803221 -5.72612925589 0 0 0 1
-7.08756338858 -1.66383809245 9.63456016079 0 0 0 1
-5.62337696975 5.75826140408 -2.97500317445 0 0 0 1
-0.579899066967 2.31137523923 -5.45236762127 0 0 0 1
7.7412407364 -3.25867516699 1.07875456799 0 0 0 1
5.0806963603 -9.35341594739 5.18885289398 0 0 0 1
-1.11325718087 -6.87367057272 -7.32984354031 0 0 0 1
4.37675379831 8.17061345384 9.56737682694 0 0 0 1
-0.785781050319 -6.25113170359 3.88863219292 0 0 0 1
6.43329823187 4.7075647953 3.289361522 0 0 0 1
-9.48213998599 3.94580763839 9.12667705839 0 0 0 1
-1.49562962429 -1.09822736814 -0.845735324261 0 0 0 1
-8.50924797766 0.077600246582 -9.51667384827 0 0 0 1
-3.23122432109 -8.8490866465 -8.53397672829 0 0 0 1
-7.14840979816 -7.195051704 7.17575277676 0 0 0 1
-4.9513831773 0.84320221973 7.27781185415 0 0 0 1
-1.52781197374 -3.37936104069 5.00768734059 0 0 0 1
0.778460529831 6.58845896415 -6.01673495236 0 0 0 1
9.91413630953 7.52807643007 8.74289155095 0 0 0 1
0.562424032291 -6.23491373792 -4.28872770977 0 0 0 1
5.00535813664 -3.75023968546 -0.657798235316 0 0 0 1
0.0507138958762 9.55017989313 -4.05469196816 0 0 0 1
-4.05261782919 6.78804116779 4.01241492371 0 0 0 1
-8.93984453491 -4.48008850374 -0.776162599045 0 0 0 1
6.84543558472 3.06541160468 7.22019381794 0 0 0 1
3.72819063035 -3.45641656113 -9.00746581763 0 0 0 1
-4.33712601253 -0.873544898048 6.40842536123 0 0 0 1
-5.87480190302 8.23321721472 -8.36540458196 0 0 0 1
9.69739788061 -5.52708023705 7.84865360097 0 0 0 1
-9.60573436191 4.41374460393 2.83194707504 0 0 0 1
1.52329597281 4.30313425935 4.53902347523 0 0 0 1
-9.57091880802 -5.61868753257 -2.78492365232 0 0 0 1
-2.64350885694 0.124667163005 7.60787458469 0 0 0 1
2.21155961898 1.60138399813 1.09291118027 0 0 0 1
-0.933903231088 -9.04492078222 1.50636156004 0 0 0 1
7.8803067722 -8.56804277357 -8.88457406895 0 0 0 1
6.54682204989 0.663374990929 0.94946131763 0 0 0 1
3.05120095835 0.0100043117225 -3.38520293825 0 0 0 1
4.82576495381 9.70411516377 2.01855660408 0 0 0 1
-6.65534569305 4.64284248961 -0.174991235708 0 0 0 1
1.88834886399 -2.90659448023 -8.32321439395 0 0 0 1
7.16265724527 2.06623050226 -9.65281332559 0 0 0 1
-1.32328170712 -7.38309999053 -3.96143634442 0 0 0 1
-4.33565467881 -5.23465641258 4.36272634679 0 0 0 1
-2.2085753557 -8.71459083769 -0.0950446489135 0 0 0 1
9.99997961047 3.26278443009 7.4077628104 0 0 0 1
5.91532211774 -6.24650493444 7.4713396647 0 0 0 1
-4.1149835738 -4.65764381467 2.7470037073 0 0 0 1
-2.06836557842 -5.88604154873 -3.76841478093 0 0 0 1
-6.77771177871 -0.354944772725 0.0974991471706 0 0 0 1
4.31498390548 -2.69641896145 -8.11135694921 0 0 0 1
-2.81227456333 6.16698568785 -6.52866824986 0 0 0 1
8.5155650507 4.08934177444 5.0158197771 0 0 0 1
-4.47005736616 9.21007283995 -9.54582986448 0 0 0 1
0.134860097331 5.25219380185 6.86357329778 0 0 0 1
9.5103488742 -5.55957417972 -1.82758045538 0 0 0 1
2.63047243576 5.17350393933 3.42523888323 0 0 0 1
-8.33481014958 6.53547473285 8.51091528397 0 0 0 1
2.22703509787 -9.34169321263 -3.02258456196 0 0 0 1
-0.18763410386 -5.1968024804 -6.71111394342 0 0 0 1
0.0986101878838 -9.42162651358 -1.40614462756 0 0 0 1
0.603870604783 0.408879957464 -7.12792205505 0 0 0 1
9.53591042787 -5.02245608272 8.80992426939 0 0 0 1
-9.70562696023 -0.774468288872 -2.51244985079 0 0 0 1
1.76128527855 1.5103732244 2.59089063029 0 0 0 1
-9.7301254104 5.97055703258 -7.08662668914 0 0 0 1
5.14918146737 -2.3696929633 6.84607174502 0 0 0 1
-7.94235190638 0.735348219472 8.45557565567 0 0 0 1
2.49555991775 7.62986278041 4.61196595823 0 0 0 1
-3.97037119489 -7.53419912734 -3.92591372314 0 0 0 1
1.4659003246 -1.88646240473 -3.27203079949 0 0 0 1
1.50473279075 -9.52231136953 -3.56750554974 0 0 0 1
-3.79690117186 -9.20833516237 7.63839835593 0 0 0 1
1.80359091282 -8.90636954254 6.24188483938 0 0 0 1
-7.92870623566 -0.776483489287 0.694205368149 0 0 0 1
0.447184748657 -5.71987110277 -1.27265860481 0 0 0 1
-7.86722456989 -3.50914851481 6.52452274648 0 0 0 1
-9.81947905882 -0.523444613799 -6.11993087931 0 0 0 1
-1.19318709328 5.12437470888 -7.39015681991 0 0 0 1
0.500135131746 4.98378559503 3.23884122279 0 0 0 1
3.40717399068 -3.98523364574 1.95531140332 0 0 0 1
-8.00225293906 -0.0923900309473 0.544306032475 0 0 0 1
4.41981242137 -5.40671754702 -4.59745389149 0 0 0 1
1.99888721123 -9.25219769592 -8.24702001425 0 0 0 1
-3.5043831035 -1.28197905682 -0.832325262561 0 0 0 1
5.78815570811 -6.92314547055 -8.78770916905 0 0 0 1
3.9510657252 2.36482560099 -2.96693207921 0 0 0 1
2.43464800757 -6.52698082492 -7.23059563857 0 0 0 1
1.04317045652 -7.83193595566 8.97477732648 0 0 0 1
9.50543619695 -0.201930832469 -4.62632466591 0 0 0 1
5.25405231587 9.20438841302 2.10293066958 0 0 0 1
-4.88788636304 -8.16642006798 5.51274404749 0 0 0 1
-1.49193753561 3.39464260021 5.86937193243 0 0 0 1
-5.11035751906 -1.60416249473 2.36111965186 0 0 0 1
-8.70215869282 8.79829218074 7.83746077094 0 0 0 1
8.65365029328 -8.99990828238 -9.2637931763 0 0 0 1
-7.43438986598 5.78923681082 -6.98647647434 0 0 0 1
2.37561487938 5.18003513018 2.85359992532 0 0 0 1
-4.35242871048 -8.16822346265 3.22477895506 0 0 0 1
4.6354633093 7.6719116442 3.74567099549 0 0 0 1
-4.24313988376 2.48837668886 7.97392506261 0 0 0 1
-6.08354547121 1.19634864416 5.76700245037 0 0 0 1
-1.21748510438 -2.23168314313 1.99522044452 0 0 0 1
-5.03391086527 3.39106753843 -7.32059889187 0 0 0 1
8.59444601214 4.8660125463 6.91074653315 0 0 0 1
-8.58634964735 -5.70601716432 -8.86192647736 0 0 0 1
-6.64180468342 8.49660826341 -2.77125788538 0 0 0 1
-3.25475623365 -8.41170146025 -2.38996946768 0 0 0 1
4.17040039634 -8.02694265307 -7.61922139457 0 0 0 1
-5.33630866726 0.228167036725 4.7991607949 0 0 0 1
7.76016780749 0.445023025646 2.28683312563 0 0 0 1
-7.58384251815 -0.591995028229 -9.1031148825 0 0 0 1
0.895540711491 -8.20888043449 0.0112152799637 0 0 0 1
-6.31641794875 -4.19782852906 -5.75730752157 0 0 0 1
1.1770510445 7.4285864065 3.05074415732 0 0 0 1
-2.01084643655 9.20965426198 0.1987422298 0 0 0 1
-0.655290585597 -4.59739053681 1.68407679297 0 0 0 1
7.29218648241 -4.52828432265 4.29766085498 0 0 0 1
3.58664690461 -5.71315912385 2.67768285107 0 0 0 1
9.37862730692 -6.77415519151 4.8217186482 0 0 0 1
2.60189858301 -9.26531355149 -1.87536330778 0 0 0 1
-6.06516100165 -7.45830036998 9.9409027142 0 0 0 1
6.47936831895 1.71723787401 9.85348297481 0 0 0 1
-0.141754182185 -3.62803965948 8.2490506513 0 0 0 1
2.06332750631 0.258009886106 -0.605960561369 0 0 0 1
2.04080149525 -5.20814884608 7.13167485355 0 0 0 1
7.30722955806 -6.49515746269 -6.8808121628 0 0 0 1
-1.17762509152 5.16698963654 -1.97440634493 0 0 0 1
7.17008218252 -6.17023298943 -7.06462556519 0 0 0 1
5.55050064513 -2.7718921389 -2.39150465833 0 0 0 1
4.09868861153 9.32045907078 2.21167314765 0 0 0 1
9.86401692317 4.95963436967 -5.92335172412 0 0 0 1
5.7764695726 3.53232546295 0.179451241326 0 0 0 1
-9.67488897503 -2.12279496928 6.8083926566 0 0 0 1
9.32655281751 8.11939512091 -0.714936012465 0 0 0 1
-1.76815109583 4.50719135048 9.17626994914 0 0 0 1
-7.21285326044 -4.93630311082 -9.2668690309 0 0 0 1
4.26289378269 7.31399435729 -2.21964739568 0 0 0 1
-5.32463980003 -2.50025603914 9.85881768492 0 0 0 1
-5.93563225194 -3.14549065296 5.6306357851 0 0 0 1
-4.16098274313 -6.55053613451 -0.772236684544 0 0 0 1
-2.92824797976 -4.65913536545 -6.06060257052 0 0 0 1
-1.42323555115 -6.30239297219 7.40725626157 0 0 0 1
1.77223204447 9.17399666348 2.03221173984 0 0 0 1
-4.05195063182 9.33316403708 -8.84613287026 0 0 0 1
4.91763772989 1.89521577434 4.04874359908 0 0 0 1
3.77224242269 -2.14632455382 -9.87569488644 0 0 0 1
-1.19467113077 -0.0362829581422 4.31710464053 0 0 0 1
6.2473016403 -1.03031044791 3.30044425865 0 0 0 1
-8.4243866877 0.660106483741 -0.276292620404 0 0 0 1
8.98393867357 -7.94120636093 4.62829716082 0 0 0 1
8.58331509753 -9.80180954067 -9.63864640716 0 0 0 1
1.65314782192 -6.1677700386 8.26777778013 0 0 0 1
-8.52116070697 3.17171301238 1.06444577307 0 0 0 1
-0.658141253712 1.07586964645 -9.08211727942 0 0 0 1
6.88142831026 0.783498295963 4.48792543523 0 0 0 1
-9.01422398095 -2.28112348517 -6.44428144752 0 0 0 1
-8.95248739007 -4.76883066823 -0.695288399043 0 0 0 1
4.13291980153 -7.00666459108 -2.01948360852 0 0 0 1
-0.0210777027751 -8.60051922087 2.85472929658 0 0 0 1
3.97352241091 3.76228848155 -6.25350875781 0 0 0 1
4.1626567949 9.30147599306 3.55278563255 0 0 0 1
7.86170294122 5.7911438204 9.3374991235 0 0 0 1
1.58312998962 7.1363780337 -4.75109783591 0 0 0 1
6.43870532451 -1.46414444221 0.97004857602 0 0 0 1
-1.05912368635 0.352800376751 2.7456832765 0 0 0 1
-9.77076966884 -3.37608384527 -0.915238043906 0 0 0 1
2.70443941258 3.20725839221 -4.89584119604 0 0 0 1
5.59469599453 -9.32854402047 3.38985152886 0 0 0 1
-0.937347868668 5.25246394287 5.85663552825 0 0 0 1
-4.79273273526 -6.71313554495 1.52097855361 0 0 0 1
2.44603004901 -6.86608970053 -1.03991169125 0 0 0 1
-8.74772045629 5.87568242165 -5.00402347728 0 0 0 1
-2.95097681812 5.02163550834 -1.30115122673 0 0 0 1
-5.74758757124 5.6579100319 -2.84642715132 0 0 0 1
-9.4201149648 -1.31069675993 3.52679953585 0 0 0 1
-7.82874878658 9.49576372472 -3.93144686517 0 0 0 1
-5.00256068087 -8.74398909236 -4.8782842278 0 0 0 1
-1.27965238737 3.49435950186 -1.98048141021 0 0 0 1
9.52484949359 -3.91421541144 -7.3674393452 0 0 0 1
-0.0445015467929 -5.81597129961 4.89750821016 0 0 0 1
8.24103682229 -4.66533729206 -1.3156627801 0 0 0 1
6.53656804383 -6.3021842808 2.96592402885 0 0 0 1
-4.52108709835 -3.634860729 2.82782535581 0 0 0 1
-4.91360926588 -8.88686072684 8.63687070256 0 0 0 1
-3.50745308638 7.629991835 0.663891865053 0 0 0 1
4.74950553298 -4.56173489946 9.78308902831 0 0 0 1
4.08985845615 2.37106368079 -9.78700549725 0 0 0 1
7.46879970148 -3.58551855563 -2.33248668953 0 0 0 1
-9.7223649344 -2.55922802821 -1.48052657761 0 0 0 1
3.51626760105 0.857802918637 -9.52766005979 0 0 0 1
-1.19375354306 -2.38442131974 -9.09775116879 0 0 0 1
-6.53082138947 -3.52109678467 -4.40576354554 0 0 0 1
0.124066307399 1.89045476173 7.96319628552 0 0 0 1
5.43527534372 -6.53505057603 1.11803029653 0 0 0 1
-3.8169555843 8.12137192775 -2.70419861131 0 0 0 1
-4.84655200313 7.26863283441 -4.23583505382 0 0 0 1
0.816670764004 8.0369764348 -1.39595138632 0 0 0 1
6.66890640682 -1.64729008698 3.02274063177 0 0 0 1
-9.90633938809 -2.20432131495 5.52832397936 0 0 0 1
5.62489485905 -8.1459793208 -6.58938745567 0 0 0 1
3.59291392699 -8.84973251813 -1.84298750815 0 0 0 1
-2.46284741605 0.154073386888 -3.96722220188 0 0 0 1
7.48147838996 -3.45686045727 0.616744318064 0 0 0 1
-6.73040442966 6.18822148617 -6.97705163447 0 0 0 1
6.32697270414 6.4534129067 3.79222726532 0 0 0 1
-8.47728372855 8.78614379288 4.88202560346 0 0 0 1
9.72880102795 2.26254118755 -5.07159351124 0 0 0 1
0.132819727833 9.0787130024 1.89817923651 0 0 0 1
-2.63682804672 -9.13768106923 -9.9620193749 0 0 0 1
7.2373058487 -9.21022805459 -6.06063836032 0 0 0 1
-1.93076417461 -0.73885200305 -7.57206421928 0 0 0 1
8.28515732296 -5.55381205675 -2.0106541546 0 0 0 1
-6.97478486357 -6.60259378796 -3.3824303449 0 0 0 1
2.33491623018 -8.86016074966 1.57282589846 0 0 0 1
-3.95058453766 8.32147173506 8.95341492762 0 0 0 1
5.41913028445 0.379629615108 -3.66038149742 0 0 0 1
1.78953413627 7.23710885125 -0.575749267792 0 0 0 1
-9.93717558577 1.7248546697 0.527238526969 0 0 0 1
-4.81690385654 -3.78673902564 2.27063863184 0 0 0 1
3.98135087159 1.03703297378 -6.15252649236 0 0 0 1
4.75234438251 -4.32316897903 2.40092026938 0 0 0 1
3.06006298175 9.59263919627 0.774860336824 0 0 0 1
-5.78105939954 -2.25931926091 8.34654208288 0 0 0 1
-8.11353642758 6.79605393353 -3.14515120851 0 0 0 1
5.03661557666 -8.87652643781 0.461496983326 0 0 0 1
-4.28999006637 -0.0198893792046 0.477919391427 0 0 0 1
8.4919009017 -0.342401187999 8.45192004867 0 0 0 1
9.04853774891 -1.28027014033 -9.04447644119 0 0 0 1
-8.44636344151 -2.2522939916 -1.687239429 0 0 0 1
2.7538325982 2.21365473037 -6.09346665648 0 0 0 1
-0.381825114748 -8.68397100645 -0.666870580934 0 0 0 1
6.69332679602 -3.86538398704 1.14450892467 0 0 0 1
6.86180077495 -0.456954775334 6.63113395259 0 0 0 1
2.00832436454 -8.29199882064 -1.52727726906 0 0 0 1
-0.472347506531 -7.02090355029 -9.35716136625 0 0 0 1
6.90249536067 7.11954704666 4.66070075884 0 0 0 1
-5.47452068199 6.72975175747 0.945015555292 0 0 0 1
-2.8439962092 -7.78296712824 -5.80771356194 0 0 0 1
-1.53351095154 -8.16588032359 -8.97484717984 0 0 0 1
7.07742906508 -6.64777437441 0.846819543686 0 0 0 1
6.77547612317 4.07713885893 -0.894873131141 0 0 0 1
-5.6079759192 8.79869093284 4.84149178013 0 0 0 1
-1.49521852853 -3.69759042977 -7.68940854282 0 0 0 1
-7.92154257551 -4.48900642529 -1.46488239361 0 0 0 1
2.08612893656 -0.114933961691 2.54696733245 0 0 0 1
-3.20654198837 4.19692303269 -9.58550918526 0 0 0 1
3.48901177239 0.34894936342 3.35496517751 0 0 0 1
7.97035869332 -3.45944163929 -2.50863300856 0 0 0 1
9.08142901228 -2.68408791004 -0.882648688635 0 0 0 1
-4.79066241128 5.0966766741 -2.84633303868 0 0 0 1
-4.47213485853 -2.30434107221 7.70375028018 0 0 0 1
-9.89161987 -1.97798992869 4.95021402888 0 0 0 1
-7.6934682208 0.913253244669 6.19042807427 0 0 0 1
-2.60351779308 2.4417588864 0.960205616138 0 0 0 1
6.4169384532 -4.61623127648 -8.80608692828 0 0 0 1
-1.92236212954 7.32736576802 1.51778303225 0 0 0 1
8.54986230016 1.8307786856 -4.63951428229 0 0 0 1
-7.44870197047 1.65862331019 1.89142045942 0 0 0 1
-5.19151710132 -2.45707655522 2.47896861042 0 0 0 1
-7.66893667082 6.85223876209 -0.697845789661 0 0 0 1
8.8683748187 5.46521283245 -8.16350301733 0 0 0 1
6.11408860257 6.63013950382 -5.91306102301 0 0 0 1
3.0332937759 -7.81451366992 -8.99045235367 0 0 0 1
0.97145454497 -6.61576396075 -8.8070607681 0 0 0 1
8.56774053158 4.97452367735 -3.69134930887 0 0 0 1
-1.41933259406 -1.69099388454 8.66329337292 0 0 0 1
-5.25488791059 3.94238815861 4.66921635886 0 0 0 1
2.15584973169 8.53159234128 5.8879962635 0 0 0 1
1.82282816978 8.65114219187 -5.49792178005 0 0 0 1
4.93864073215 -5.31249817757 8.20591527545 0 0 0 1
-1.14361976855 6.66934583577 8.41401737267 0 0 0 1
8.84748712771 -0.157921909681 -9.5764332862 0 0 0 1
4.57814346497 -3.75482861642 6.52785225181 0 0 0 1
-9.98066679598 -0.295470968534 7.37723492211 0 0 0 1
8.71576116706 4.55624097611 2.28679108707 0 0 0 1
5.09504295544 8.47509426422 -7.30014508193 0 0 0 1
-2.19969652828 5.19568083258 -0.679573215776 0 0 0 1
-9.80469582302 -3.4715377339 -6.20456016696 0 0 0 1
3.03655106008 4.87561513409 -1.75210903316 0 0 0 1
3.78793789259 -7.61919745719 -8.75290384734 0 0 0 1
8.54187122967 9.24362044121 2.13964859785 0 0 0 1
-3.27721390017 2.58186020674 8.70989024218 0 0 0 1
-5.78859016316 -1.08944256474 -0.8711466371 0 0 0 1
-1.24609879953 2.3783745726 -8.48501708482 0 0 0 1
-3.40445950721 -1.65516082763 9.84310734703 0 0 0 1
-7.2182704784 -1.51736380107 -3.31205915842 0 0 0 1
9.13176697888 -2.18759520858 -6.16291946159 0 0 0 1
0.502069683402 8.29137505584 8.73424450198 0 0 0 1
5.0120649468 -2.84741546639 0.814932154268 0 0 0 1
-4.29139054569 7.27964829198 1.86998411173 0 0 0 1
4.49213148713 4.72184031659 1.73582749776 0 0 0 1
9.64242118236 -9.65649411787 -8.77101824056 0 0 0 1
-6.56606103111 -4.22209617575 8.75303148341 0 0 0 1
-5.24882395043 -2.16507246349 -2.59727588181 0 0 0 1
-6.53344366818 -6.91194947371 0.29456052103 0 0 0 1
1.47628188117 -5.55286045097 -1.08183850282 0 0 0 1
-7.42415801487 -3.27190412064 2.050580773 0 0 0 1
-5.59830983692 -1.01687531873 -6.2084149846 0 0 0 1
-6.0918504781 -7.23618510399 -7.4828960718 0 0 0 1
-0.893168455126 5.62657009113 -9.50641843479 0 0 0 1
5.23439227706 4.63492715181 -5.75540051505 0 0 0 1
-7.00952858121 -4.80186601578 4.54709825596 0 0 0 1
-0.199833104327 4.77734094291 -7.31461383552 0 0 0 1
-5.47772178335 -1.26749046312 -9.60699322389 0 0 0 1
-2.82667091264 -9.91192816935 -9.0563974888 0 0 0 1
-7.25156934023 -7.88325916267 -7.0307352189 0 0 0 1
-1.94645081948 4.81067478892 -1.10273443604 0 0 0 1
3.37601448263 9.43494004061 5.17400741474 0 0 0 1
6.04313405075 -5.58701466964 -0.501799539129 0 0 0 1
3.30231820633 -5.2142395549 3.67247231296 0 0 0 1
-9.33178468014 2.03293791913 3.31988480874 0 0 0 1
4.26114709882 0.734537206194 -9.20914796896 0 0 0 1
-7.34704455508 0.301718819833 8.85746242088 0 0 0 1
6.02349563487 0.00149098483569 -7.72551386137 0 0 0 1
3.72934260627 -2.88860933244 2.88760678505 0 0 0 1
-9.59005264217 -6.62029861495 -0.265587214014 0 0 0 1
4.56909990043 1.54547865884 2.82981683541 0 0 0 1
-7.41816743778 3.44306111163 2.07027466873 0 0 0 1
5.13808328728 9.70163571356 4.11216903628 0 0 0 1
-9.16657768573 4.38622970728 -5.21685000389 0 0 0 1
2.96057082488 -3.74564415537 -3.62220168528 0 0 0 1
8.93811292595 -7.25001455139 2.08011892598 0 0 0 1
-5.86899050191 4.10550770549 1.51539862621 0 0 0 1
-0.362886246919 0.440727290682 8.98237609679 0 0 0 1
-3.15440170383 -4.23146549202 0.8763779045 0 0 0 1
2.48949113029 0.717911045394 -5.37127995776 0 0 0 1
8.73205636238 -9.09852318076 -0.748317547943 0 0 0 1
-1.74524478819 -4.67741281991 -5.23137371453 0 0 0 1
0.952335668554 1.27463991265 1.91760047779 0 0 0 1
5.93441575597 -0.469510485724 5.65978399674 0 0 0 1
-8.77629425021 7.24447107782 -9.23967983032 0 0 0 1
-4.23082493642 7.58537633905 8.24912824902 0 0 0 1
-6.74901632355 1.6397105775 8.6775432825 0 0 0 1
-2.97813616783 6.05878595961 3.77458024096 0 0 0 1
3.41043004475 9.34262752616 2.92882824324 0 0 0 1
9.12717575497 -1.01579776711 7.38938375715 0 0 0 1
-0.786775112014 4.07777239986 -3.53594739565 0 0 0 1
7.86063992791 1.21417434415 1.54923771422 0 0 0 1
-7.61026411356 7.06274219609 -5.92896894194 0 0 0 1
8.35596662833 1.32400504905 -3.58654133041 0 0 0 1
6.0559876835 0.533365430857 3.56289582233 0 0 0 1
-7.10943536147 -8.11855689947 -6.6260761365 0 0 0 1
7.67413598541 2.38663613181 3.13443730248 0 0 0 1
-3.75747005642 9.92631891899 -9.92606142167 0 0 0 1
-9.96458179711 2.04756849126 -9.64656228197 0 0 0 1
-4.62619659094 7.66607995743 -2.41807875507 0 0 0 1
-1.89761392761 2.03930580843 0.990875028666 0 0 0 1
-6.89610520014 3.19036277629 -5.10952921843 0 0 0 1
-7.31442270358 1.69941380454 7.64158975753 0 0 0 1
-1.80507675408 9.77564420998 -8.38216769308 0 0 0 1
-7.62624163403 -9.98854791345 8.33785095965 0 0 0 1
-8.1659742563 5.4374014085 -1.56204491673 0 0 0 1
4.20848271052 -0.898382882873 -9.76942451406 0 0 0 1
2.75741226393 -8.69342514947 -3.76421907102 0 0 0 1
4.16085378304 8.83306498502 9.95849553525 0 0 0 1
1.29722517623 -9.56422943888 -7.44854547324 0 0 0 1
-8.59335820969 4.11352919138 -2.2886942459 0 0 0 1
0.79699265763 -7.78450508362 2.95975504432 0 0 0 1
9.74394548585 -3.41091930555 -3.58317584747 0 0 0 1
-4.00745802134 -0.310502248242 -2.54093204788 0 0 0 1
-7.60705180074 -2.04507213219 5.32179683388 0 0 0 1
5.20242005599 -4.61641271358 -0.03772672728 0 0 0 1
-6.58087863075 7.47216505504 0.168570165303 0 0 0 1
5.54320843087 9.29032217025 4.54878569204 0 0 0 1
7.18937177592 -8.01894510465 -0.854140854154 0 0 0 1
-4.54265524207 8.92470050197 -0.573085728731 0 0 0 1
-6.48732328433 -3.3579464659 -1.36182257235 0 0 0 1
-6.85084847833 5.65456589673 9.34306961712 0 0 0 1
8.90345531545 -8.9570078314 -8.38281009531 0 0 0 1
6.67016151495 -6.32914702245 -0.47654375634 0 0 0 1
6.45510672174 -2.79501263827 -3.7662928105 0 0 0 1
-2.61206989097 -4.2298356487 -9.09305295027 0 0 0 1
8.01527495212 -8.23997629341 -1.64912959001 0 0 0 1
9.76824536831 -6.11813343881 7.75510962342 0 0 0 1
6.96230043143 -3.62407576623 -1.35997951442 0 0 0 1
-5.67449317365 6.34782582866 5.71587230701 0 0 0 1
-7.93024955168 -1.01965019698 -7.52630352176 0 0 0 1
-2.83156570704 -7.54254394906 -9.57819525017 0 0 0 1
5.11808754669 -8.56013122301 2.8678485819 0 0 0 1
-5.82124341292 6.40882287024 -4.33973177041 0 0 0 1
2.09824144407 -0.234814128006 -9.87153124213 0 0 0 1
7.89737394658 8.56117407303 7.63108753868 0 0 0 1
6.58416126765 -1.22728368352 -2.14467742994 0 0 0 1
-6.30469911686 -3.11429172238 9.40499243367 0 0 0 1
-6.87181163007 5.96266624391 -1.97126146491 0 0 0 1
-3.37818858541 -4.61628822842 -8.86371927702 0 0 0 1
-2.84451297245 2.67154747193 -0.471735263727 0 0 0 1
-7.91209963136 -5.61266167834 -2.34096147498 0 0 0 1
1.70324374699 4.43417435266 8.95292201526 0 0 0 1
-7.40683980496 -8.59146688925 -3.80219833941 0 0 0 1
3.18383005191 -7.84561295337 -2.29539659133 0 0 0 1
4.93411326864 -8.21608070782 -9.15673369327 0 0 0 1
-5.27876534882 9.14977211104 -7.83028346667 0 0 0 1
0.0106422666529 -3.96437242 -0.820050724984 0 0 0 1
-1.2484565758 6.92833555521 9.00198308178 0 0 0 1
6.86763078027 -8.43549201282 -5.80646996856 0 0 0 1
-2.28157932915 3.25973683893 3.48203623199 0 0 0 1
-1.16364783186 2.22091125079 0.175784500643 0 0 0 1
-3.97718593408 0.329775452041 5.88636545215 0 0 0 1
8.81466851544 1.15473073775 6.48847162289 0 0 0 1
-9.57193778026 6.99153875439 -7.06056343167 0 0 0 1
1.52058623921 1.61612972585 8.16597029571 0 0 0 1
-1.45640776531 2.65678326726 8.26328161281 0 0 0 1
-6.25985021341 -3.79946249874 5.45932578107 0 0 0 1
-4.74351988043 9.34510636909 -1.50491445049 0 0 0 1
-5.7787444802 3.73758694783 -3.84439515745 0 0 0 1
9.64063093376 -0.509468295181 -6.41427991203 0 0 0 1
5.69145154161 1.3330080884 8.18429357032 0 0 0 1
-9.10454436289 9.61461392449 6.49815277953 0 0 0 1
-5.04932676591 -9.20638757754 3.12458836057 0 0 0 1
0.94215836265 9.75544612969 8.28917122336 0 0 0 1
-6.40234713994 8.98428207509 9.47271544355 0 0 0 1
0.926006111741 -1.80635891415 8.46338032854 0 0 0 1
1.88639748591 -3.67619346562 9.23529213519 0 0 0 1
4.46000057318 2.54492490009 -6.10283000468 0 0 0 1
0.520446870337 -2.45472866102 -8.68631982843 0 0 0 1
-3.57579284662 -7.82608052124 -8.32289083603 0 0 0 1
9.69089381858 -8.68704097807 5.38016265941 0 0 0 1
-8.11925791089 1.59069410905 3.69201963913 0 0 0 1
8.17499512121 6.27142115563 -8.97503840557 0 0 0 1
-6.92317101472 -1.98317914465 2.13844333871 0 0 0 1
-4.26415400803 6.30354993882 -7.44761624507 0 0 0 1
-4.65370262137 9.34995126439 5.54016299098 0 0 0 1
3.78038197438 3.12933356847 -2.13286058488 0 0 0 1
-6.16742394266 7.92604436453 -0.269740869109 0 0 0 1
-9.89123586724 6.99756443212 -0.0660392815979 0 0 0 1
-9.84931716731 -9.88605151893 -3.50905079066 0 0 0 1
2.60447474923 -7.35583534075 -9.21661905998 0 0 0 1
0.466825926365 6.81948764492 2.00339260236 0 0 0 1
1.15799586263 6.83064999037 -4.06701664632 0 0 0 1
-1.01277792993 6.53293371521 9.8485030525 0 0 0 1
-5.41864245907 7.50821164681 -2.4542757537 0 0 0 1
-7.24316953652 -5.02512586492 -2.02880574279 0 0 0 1
9.41821875719 0.882235372307 6.7288877929 0 0 0 1
-2.25042004247 1.49168237387 6.35914888265 0 0 0 1
-2.06748785157 -1.60261553331 -8.17816228986 0 0 0 1
6.38624955325 7.78298343831 6.11253804057 0 0 0 1
-3.49992106954 -3.2127312988 6.35525754536 0 0 0 1
6.41117868433 -4.92118764023 5.5244282701 0 0 0 1
-7.89010658083 -2.26266270087 4.32097711294 0 0 0 1
-8.84058367569 -0.787794710639 3.78051167391 0 0 0 1
5.84307541664 6.63851718056 0.688923357729 0 0 0 1
1.87880507744 3.86173226685 9.85849374037 0 0 0 1
-8.61686808574 8.2626261417 9.1355823784 0 0 0 1
-3.6321195823 2.65593711211 1.56799223476 0 0 0 1
-6.85209995667 -6.44052636972 2.98152322976 0 0 0 1
-7.56786330047 2.73559514397 4.9261147126 0 0 0 1
1.06608978335 -8.2341499373 6.73811787247 0 0 0 1
1.66119525703 -8.62091876828 -6.99202196054 0 0 0 1
2.94139165279 -8.40677192138 -7.6160118596 0 0 0 1
1.56529692338 4.05436248574 -2.56122957539 0 0 0 1
3.2957044583 3.55551915911 -5.59014603668 0 0 0 1
-4.99162911741 3.97644420341 6.50291877162 0 0 0 1
-5.62694194545 1.65931057692 -3.64072412577 0 0 0 1
-0.348488208221 6.28816001837 1.88084241388 0 0 0 1
-9.27334266597 -4.97430880138 4.16461260481 0 0 0 1
1.99866067681 0.00558417454586 5.88383167402 0 0 0 1
7.19679796978 -1.02827577628 1.71390146579 0 0 0 1
-9.25985648111 -0.700135387174 0.0578074116626 0 0 0 1
3.70504906879 5.67307218192 2.04911700351 0 0 0 1
-6.62669016276 -9.77948866878 8.92425414005 0 0 0 1
4.16678922165 -1.43779330157 -2.63807757377 0 0 0 1
-1.64902810278 -9.16884971062 -3.96057437434 0 0 0 1
1.8787245506 7.51291798604 -8.76750836026 0 0 0 1
4.25525540753 2.26648220052 -9.06102485196 0 0 0 1
3.30880738325 -3.71333927146 -3.26102561564 0 0 0 1
9.42050167326 8.65410519344 9.0897585641 0 0 0 1
3.4123286012 -4.91890205117 4.50286242243 0 0 0 1
9.66975768301 1.57506533508 2.5487685747 0 0 0 1
3.40043029463 -8.28568815024 -2.17612705408 0 0 0 1
-2.78189270069 -4.94156464822 1.12400397774 0 0 0 1
3.27160068219 -6.48392769623 7.73986749694 0 0 0 1
3.61633529881 3.45389426776 -7.7493684354 0 0 0 1
9.5422666047 -8.21250667823 -1.41163632918 0 0 0 1
9.23463494318 7.6489919458 1.808351413 0 0 0 1
-8.5431674477 4.77114266395 6.94528647077 0 0 0 1
-2.98167445331 7.48255968229 9.57114818252 0 0 0 1
5.82038340008 4.22505543951 0.533475858947 0 0 0 1
-3.84145820922 8.33633664804 2.4099718757 0 0 0 1
-6.57496351536 7.3840358951 -3.22138719139 0 0 0 1
-3.12038412943 1.28775112933 -7.31515014852 0 0 0 1
-8.15463532087 -2.52795929763 -6.7460985156 0 0 0 1
5.47042001798 -8.04185422485 -2.30795045827 0 0 0 1
8.50257938853 -0.530831844977 2.43642858804 0 0 0 1
3.01488806778 3.87880572715 5.1175599682 0 0 0 1
2.92678299175 -6.06652851239 5.33302567394 0 0 0 1
-8.74461766388 2.69662405583 -8.79256103273 0 0 0 1
-8.42176040837 8.03633173476 7.75500105107 0 0 0 1
-2.92472931938 -7.86117634669 4.31311120237 0 0 0 1
0.868169580924 -9.0057193601 2.62883874301 0 0 0 1
2.4441377319 4.94089767259 3.50660269265 0 0 0 1
7.2895179993 7.0513723324 -3.92244140862 0 0 0 1
-0.381384430377 5.62731287841 8.70399809249 0 0 0 1
-3.71420462655 5.4918980014 -9.17796762658 0 0 0 1
1.48820966539 -9.9424015977 -5.71773605314 0 0 0 1
-7.42325422757 -5.54377042073 3.26067672163 0 0 0 1
-0.756067515605 -8.2790865896 3.54638607285 0 0 0 1
-2.61536281335 -7.72597870337 -1.03729400602 0 0 0 1
2.1420404213 0.815834192943 4.11942490668 0 0 0 1
4.35410748751 -2.67145246357 4.87415272077 0 0 0 1
-4.17091098845 -9.05713243272 6.38164149108 0 0 0 1
-6.83268802711 -0.32258010148 -6.26725310932 0 0 0 1
4.59148409465 4.19891053466 7.7328824815 0 0 0 1
0.417406225972 -9.07371839565 -8.45254795239 0 0 0 1
7.91330597038 3.17314469804 -6.83442513264 0 0 0 1
3.1898344661 -4.94418173829 0.587370703005 0 0 0 1
6.92546512547 0.990180333575 8.17722760756 0 0 0 1
-7.85253080325 6.57925590993 7.7920728674 0 0 0 1
1.65615166737 -5.75407258556 -4.17239434209 0 0 0 1
9.65305149507 6.07091838209 -6.58929280573 0 0 0 1
0.821725412848 -6.57064502859 5.46126377235 0 0 0 1
-6.52317713711 8.19445166771 1.49464896709 0 0 0 1
-4.18805628122 6.08738742499 -8.12013573151 0 0 0 1
2.78457723993 -8.26043963191 -9.01344770765 0 0 0 1
1.07183224168 0.0398000430421 -2.82165073216 0 0 0 1
8.74873577652 -1.15091052687 9.85719654558 0 0 0 1
1.83840889717 9.84579294641 9.24226206251 0 0 0 1
9.6602765856 3.00576160356 4.96156727007 0 0 0 1
6.38137386841 3.9602741516 -4.67039913635 0 0 0 1
9.74572891043 3.11143082961 1.47593502106 0 0 0 1
4.39214016795 -1.01073893088 7.22461501654 0 0 0 1
-5.11782429232 -3.71701452396 -4.85604074815 0 0 0 1
-6.65181045863 0.783732299639 -3.35474411953 0 0 0 1
2.46953244833 -4.74895511229 -3.04783876586 0 0 0 1
-8.30707162254 -2.46546984473 6.38356639653 0 0 0 1
7.09678007508 4.21378243333 7.77941614776 0 0 0 1
-8.94284834798 -2.51187368418 -0.547945104629 0 0 0 1
-6.09070337327 -8.24735625971 -4.26720833608 0 0 0 1
-3.86680235995 0.24730313898 -1.32465682945 0 0 0 1
-8.96793501972 2.13770673024 2.32120749093 0 0 0 1
-4.65047107743 9.37704660491 -4.72465341362 0 0 0 1
9.06350247142 1.04872293369 -7.05265032257 0 0 0 1
4.29862888407 -4.33346149063 9.30716318663 0 0 0 1
-0.989142974135 -6.57563156676 1.64647103886 0 0 0 1
5.12565049723 -5.94894530214 -8.85932691012 0 0 0 1
-9.88827984115 -9.50266425518 -2.7607190509 0 0 0 1
7.1790297504 -9.88555397221 9.5938135461 0 0 0 1
3.68068552916 3.83018942108 -8.78090506263 0 0 0 1
-3.72583456548 -3.6406688386 -1.44929974208 0 0 0 1
-8.90044016011 3.06108742663 -2.66429653202 0 0 0 1
6.30107219474 3.30580456862 -1.04536284012 0 0 0 1
-3.05615197947 -3.14407622193 -6.4489158695 0 0 0 1
6.92068568058 5.50745922583 -8.07136519797 0 0 0 1
-6.55075757502 0.584269752608 7.55780744377 0 0 0 1
-1.91362866538 -1.24441932026 -6.32549569397 0 0 0 1
5.95823499798 9.86546610045 5.24808638 0 0 0 1
-2.28541609366 7.64499823454 1.10933040446 0 0 0 1
-7.21577896767 -6.92681216349 6.70088558421 0 0 0 1
0.278752119483 8.95434507066 -6.06814341416 0 0 0 1
6.20311884396 4.59702044673 5.44896907765 0 0 0 1
9.27815893047 -4.80268104354 -3.34141689359 0 0 0 1
4.62233664991 -1.23277973599 5.30558318332 0 0 0 1
4.45749135878 5.45057221394 6.06741235379 0 0 0 1
8.74131073135 -6.03341859058 -7.80909405106 0 0 0 1
-7.779517369 7.99989910945 -4.39693645326 0 0 0 1
-7.83037392114 -3.28833011784 -1.04671778479 0 0 0 1
-1.49497681594 -8.77783788748 9.41575844142 0 0 0 1
-0.392547383554 8.90381219031 -1.54708177953 0 0 0 1
-5.08771262019 -7.18245457151 2.93432338186 0 0 0 1
8.4753115823 8.62791405533 8.69630127289 0 0 0 1
-1.47076880255 -6.87425181918 -4.57320734141 0 0 0 1
-7.42471294935 8.94728245035 -1.9850469961 0 0 0 1
-0.166235016148 7.6054225967 -6.06399575724 0 0 0 1
-6.2431555226 -2.96950096465 -6.44714184875 0 0 0 1
-0.641890487518 -2.61506175714 0.952511764089 0 0 0 1
1.5399976252 -8.60311004716 -7.60005983187 0 0 0 1
-4.69941865871 -5.08441242358 -2.20704995084 0 0 0 1
-8.87972351732 3.94010260847 -1.51959108054 0 0 0 1
0.0628606315633 6.29481302957 1.28004120621 0 0 0 1
7.05658016297 5.48159690731 3.69926792781 0 0 0 1
5.24920282809 -4.29406620184 1.65275006148 0 0 0 1
-1.83099647401 0.800743205629 3.04494140059 0 0 0 1
-8.78150078526 4.97281982846 -6.05971981868 0 0 0 1
-0.797528682698 -6.8967667965 6.20188574559 0 0 0 1
7.79499468956 -3.41954044864 8.4835094066 0 0 0 1
7.88081137451 -8.02272084571 0.311931115733 0 0 0 1
-6.82693461808 5.34103021075 3.68261521353 0 0 0 1
-6.12838519919 -2.16827243741 8.76665572236 0 0 0 1
6.73061564833 0.250995191722 -7.47655822635 0 0 0 1
8.190511824 6.39670855295 1.27094172393 0 0 0 1
-8.53616999325 -8.88270724374 -1.75963892608 0 0 0 1
-4.07026296705 1.48405250863 -2.27059904266 0 0 0 1
-8.99841839258 -6.1138359297 7.6985506122 0 0 0 1
0.592545738974 5.46411249951 -0.873329835383 0 0 0 1
8.47267622975 7.82169703174 -8.62227693476 0 0 0 1
-5.41849626557 -4.15163107229 -0.00419021406153 0 0 0 1
0.739813032579 0.164124826348 1.89460124877 0 0 0 1
-4.32552337019 6.22407373475 9.65696909687 0 0 0 1
2.98414657922 -7.58077361326 4.30147512867 0 0 0 1
-5.79813461932 -3.3160103616 8.28987934016 0 0 0 1
0.178016741241 -8.64634278353 3.95505708687 0 0 0 1
4.1182933043 -2.59338849285 3.75660427378 0 0 0 1
3.20943669224 -2.58050184688 9.13666813012 0 0 0 1
-1.8006310895 3.92367157579 -3.43782449682 0 0 0 1
5.23183599837 -1.32100488519 -9.94227651523 0 0 0 1
-1.46654647272 -2.8121984147 -7.10154018738 0 0 0 1
9.54595288425 -4.54445704285 -6.75636219487 0 0 0 1
-6.66340879333 2.91057310989 8.90917960477 0 0 0 1
-9.84463016602 -6.92276453998 2.43830798395 0 0 0 1
-7.71246154805 -7.39214288751 6.27931133908 0 0 0 1
9.00988838252 4.45919252274 -5.68094444313 0 0 0 1
-8.7010300505 0.19779072855 1.03066976135 0 0 0 1
-6.84878603287 4.49327898124 2.44706343662 0 0 0 1
-7.49709571397 -7.031808368 -0.156456855966 0 0 0 1
-4.80093086223 -3.58384215785 0.375034653917 0 0 0 1
-7.25823701893 -0.269224096344 -3.15084215893 0 0 0 1
-6.51943736365 -4.93550918373 -1.82719081777 0 0 0 1
-4.29918024891 7.79443269347 2.06819290952 0 0 0 1
2.5609010327 4.82455506704 7.8473097332 0 0 0 1
-2.37311274293 -0.948041183203 4.50696361927 0 0 0 1
5.7359037522 1.03591215465 2.81924614677 0 0 0 1
-4.1693633076 -6.30870980077 0.206645976104 0 0 0 1
5.92728212707 3.35438234766 3.57071342334 0 0 0 1
1.36581232971 -1.58401824956 -5.42365250172 0 0 0 1
-0.196134897799 -9.37356503897 -1.91821008936 0 0 0 1
-5.93889420472 6.18665571075 -1.5842842812 0 0 0 1
5.53676729848 6.09437692776 6.03896517378 0 0 0 1
-4.56288630993 5.52378562499 0.353389997906 0 0 0 1
-0.925593450069 6.92053610354 4.10150494722 0 0 0 1
7.94244784104 1.09400005032 -2.16202659881 0 0 0 1
-9.67224082957 5.48723957845 -7.32513354159 0 0 0 1
-3.66030130338 -0.517311931645 8.02213765532 0 0 0 1
-5.68563548444 9.53988873296 2.7305130849 0 0 0 1
-0.818049367967 8.75097528727 -9.24794382118 0 0 0 1
-3.46424477306 1.06871250445 -0.829187278867 0 0 0 1
-8.74091775776 4.89485025264 -5.70887629148 0 0 0 1
1.86315279732 5.29923331403 4.77985753823 0 0 0 1
-4.98749911994 -6.08068191568 5.12601560574 0 0 0 1
-3.96733193336 3.54883524126 4.5828738516 0 0 0 1
6.97609884076 -2.74531967434 0.51921380683 0 0 0 1
-7.10213345873 4.86736811893 6.9362457993 0 0 0 1
-4.10963395978 -6.69791769681 9.82602457919 0 0 0 1
1.1720153848 9.18367005646 -5.45866970477 0 0 0 1
-7.95007794165 -3.76795149393 -7.50649929997 0 0 0 1
-4.9821534684 -2.413329641 -0.319825591843 0 0 0 1
-8.961817708 -0.958588028928 4.53278017293 0 0 0 1
8.85667336975 3.66632383624 -3.60931338196 0 0 0 1
-5.42085928941 -4.24339611194 7.19000955154 0 0 0 1
8.70615767407 -2.15747946805 -5.29336916416 0 0 0 1
0.838354816541 -9.55552282316 9.48810707037 0 0 0 1
2.51956788669 -6.75155442597 -1.39779699818 0 0 0 1
4.34404792255 9.85352494939 -9.02415118737 0 0 0 1
4.25574736948 1.06194318213 5.3161689479 0 0 0 1
0.327345162569 -8.23925426023 8.17078833059 0 0 0 1
8.87983400947 3.66880432105 -6.09878835647 0 0 0 1
1.81771334258 -7.04045114297 7.62268425932 0 0 0 1
4.80502641883 -9.12202187801 -0.808873465428 0 0 0 1
-5.20153973919 3.13905647658 -4.83947221576 0 0 0 1
-0.434497764963 -8.10487895734 -4.58235892756 0 0 0 1
1.19533305086 9.89011059947 1.33948876457 0 0 0 1
6.37763590281 -7.10462171647 -3.56079212874 0 0 0 1
5.08821107666 -3.41079189569 -3.09760209532 0 0 0 1
-2.43389851433 -3.58655423903 4.6496496654 0 0 0 1
-3.1565142145 3.25120215477 -0.953425129845 0 0 0 1
-3.95846247216 -5.68611833642 1.27458197489 0 0 0 1
-8.04535944676 -8.93334039891 -0.306614641439 0 0 0 1
