 8 1
 28
 0.E+0,  0.5D0, -.025
 -1.0E-14, .F.
  7.633001  5.134304 -6.361014  4.801638  2.515377  4.559074  4.733093
 -0.846686  2.528524 -7.770396 -6.081767 -9.163296  9.516309  5.375370
 -4.363881 -9.341981  2.609346 -0.635857  5.252330  4.357904 -7.395695
 -3.808713 -2.849716  9.511129  6.763138 -7.549885  6.423540  3.400295
 -9.867512  8.328370  7.668343  9.042503  8.577093  2.123327  0.911619
 -2.907485 -4.571735 -9.971510 -6.812810  6.318531 -1.774961  8.528663
  9.900854  5.895903 -3.165745  2.819487  8.020218  8.162493 -4.520614
 -8.751545  8.633860 -7.147010 -6.311878 -7.869761  8.343484 -3.859312
