1 0 0 0 0 0 1
-2.44900146795 5.39556212042 6.99964772683 0 0 0 1
9.34498790791 -8.04666729485 3.52938098812 0 0 0 1
-1.09352839024 -2.94679886455 -1.43380646571 0 0 0 1
-6.24940597865 5.01828160015 -7.75028736192 0 0 0 1
0.193830025199 -8.95872227705 -4.01841553819 0 0 0 1
5.44821883099 7.48646305282 -5.97284794169 0 0 0 1
2.15900290377 -8.57882145453 7.50994327576 0 0 0 1
7.48151918133 9.4831772764 -0.604124801265 0 0 0 1
6.35199061824 0.563860139326 -5.0133024555 0 0 0 1
-3.54778405011 -2.42333885533 8.57180381698 0 0 0 1
-0.974387322416 -7.92985925837 0.324779069972 0 0 0 1
5.30324099124 3.58201241795 -2.69707886071 0 0 0 1
7.50141262912 8.96958293617 -5.94800968434 0 0 0 1
4.77958149749 6.10720598403 -1.95272428976 0 0 0 1
3.95857624869 1.15849872465 0.772636159005 0 0 0 1
-5.05058682007 -7.9746670011 -1.97937013469 0 0 0 1
-2.87615713199 -3.69852958444 1.32315599848 0 0 0 1
7.62675614406 9.88236291535 -8.37475762987 0 0 0 1
8.35142550735 0.126982191554 9.46874222709 0 0 0 1
9.69615438 -9.81894599521 -6.76980164328 0 0 0 1
0.228148259032 6.63126744712 -6.43697109756 0 0 0 1
-1.1609505432 9.53428794036 -0.790689223693 0 0 0 1
9.98063651708 4.68038849826 3.54121932933 0 0 0 1
-0.0860516612521 8.01989991652 4.14109932508 0 0 0 1
5.74555745435 2.97799080857 -9.35333229783 0 0 0 1
6.04550111168 -8.62833066771 -5.27882912561 0 0 0 1
8.2449282019 3.43516616082 8.91325014483 0 0 0 1
7.03663514246 -1.4667108995 5.13668993572 0 0 0 1
-3.03466940807 0.827988826076 2.80144778352 0 0 0 1
0.218590523016 0.678278193006 -9.38339498905 0 0 0 1
-6.3170093341 9.82780900394 -0.320779928463 0 0 0 1
-8.94885194251 6.2620801349 9.55013987976 0 0 0 1
2.48658508421 -7.77529356369 -2.91772038174 0 0 0 1
-5.04926300283 -9.5945692768 -1.79149029167 0 0 0 1
-2.72861402128 4.56604826711 1.81224240392 0 0 0 1
0.0788669831927 -5.12162331837 4.27652324161 0 0 0 1
1.85757675781 -5.78667502037 4.33522470942 0 0 0 1
9.09793702752 -0.350913124415 2.6902459726 0 0 0 1
-7.65073046062 4.3670913264 6.19737201781 0 0 0 1
0.95366154876 -9.41615609843 -8.32712198439 0 0 0 1
-1.55811205879 1.87285207122 2.12960210186 0 0 0 1
-4.77270266534 -3.25772633851 -7.48650438404 0 0 0 1
-8.39469371393 -4.87166962748 9.98642262434 0 0 0 1
8.18852272696 8.19030410964 -4.06879437236 0 0 0 1
-4.77284713814 -2.81313433109 -6.39642087676 0 0 0 1
4.26826259869 -0.783237171674 -5.97226406247 0 0 0 1
-4.52832060047 9.40382138053 0.781832802119 0 0 0 1
9.51895857735 2.05315600312 -8.18575787313 0 0 0 1
-1.82369915294 -2.14463280301 -1.27074825708 0 0 0 1
-2.58068255401 -1.51341325899 -8.00748760682 0 0 0 1
0.980215852065 -9.31734918411 -4.95592838555 0 0 0 1
8.70646127815 9.41825706792 -8.87782610224 0 0 0 1
1.74815936071 -9.49289462148 -7.39507850123 0 0 0 1
4.96814130647 -7.92972184248 -1.45367132252 0 0 0 1
-8.86658981394 -7.46014319521 -5.88089609352 0 0 0 1
-2.3227778714 8.20340579267 3.07924700748 0 0 0 1
-8.74548211365 9.88876355366 3.41816802352 0 0 0 1
-7.25307082797 7.1207635589 6.37352036556 0 0 0 1
3.61725949994 -3.91483638888 -8.98410750984 0 0 0 1
-5.68372962192 9.50451720349 7.065633946 0 0 0 1
-7.51570500208 -7.68167822287 0.686176712332 0 0 0 1
-3.09254815993 -1.95572318975 3.51727743437 0 0 0 1
-9.68768584399 4.76307359939 -7.74764830717 0 0 0 1
-1.9835326647 3.45489312463 -9.63737570808 0 0 0 1
8.84204740737 -4.6714554035 -6.44847008203 0 0 0 1
0.515320488347 -3.69419998429 -6.28176914103 0 0 0 1
-2.74860984433 -9.33692152976 3.14284963874 0 0 0 1
5.00823506994 1.22690415864 7.3139813897 0 0 0 1
-9.75902879352 -5.80301337557 7.13481965013 0 0 0 1
1.87640307177 4.43480786653 5.37986675689 0 0 0 1
3.04293721217 6.58578596536 5.95755081275 0 0 0 1
-7.24942623632 6.10875476592 -4.30066718461 0 0 0 1
-4.73420404229 -3.54520117473 5.34369953753 0 0 0 1
2.85168782814 7.99928219904 2.60022690499 0 0 0 1
6.40425278718 6.79121351815 3.72217226568 0 0 0 1
5.56469602722 2.52949646755 -0.105382577369 0 0 0 1
-2.30769138044 -9.68003089444 -8.26716822067 0 0 0 1
2.38287435349 -2.22663896553 -2.8959441264 0 0 0 1
-6.7638589393 -2.93201633577 -7.4308824488 0 0 0 1
6.73264963353 3.53003548423 -0.94910528742 0 0 0 1
-6.78467927444 8.70870436373 9.10301187667 0 0 0 1
-5.22513302727 8.79955700124 5.46070572166 0 0 0 1
7.52935445071 -6.61900755044 -9.72111047117 0 0 0 1
-9.47946699293 6.26499564645 -1.29592169641 0 0 0 1
-0.103068143264 -6.22286843407 -0.34227062652 0 0 0 1
8.75238404755 -4.07049421106 -5.12796145796 0 0 0 1
-0.702001200342 0.444837035104 -7.77255793441 0 0 0 1
-0.712230149769 7.00671236492 -5.06896788422 0 0 0 1
-6.35067870255 5.01419964636 2.95117363818 0 0 0 1
-8.79731262254 -4.2272363256 2.95595350341 0 0 0 1
1.50401693049 9.80272751595 -4.75164130476 0 0 0 1
0.357857748455 7.09688028209 -6.39233877546 0 0 0 1
3.39566277478 4.50018452084 -7.64961364605 0 0 0 1
-3.17024953638 -5.85559884474 3.89847622876 0 0 0 1
6.47704241392 6.70433078179 8.3042020972 0 0 0 1
7.80049043597 0.529976322392 -9.96442275494 0 0 0 1
-9.72008627392 1.21488922178 1.92862936546 0 0 0 1
1.93161953827 -1.61967155188 8.5760879784 0 0 0 1
-4.325057052 -8.26433380056 6.01751445086 0 0 0 1
7.61844266715 -5.32984909665 5.26645715144 0 0 0 1
-8.6019590467 -5.45836414084 1.18184835146 0 0 0 1
-8.39123510056 -5.54925108217 3.06505547368 0 0 0 1
-8.90510330688 -6.86480826659 6.73053149392 0 0 0 1
-8.26804045354 -7.26118817436 -5.21591305618 0 0 0 1
-2.39632611624 5.63904323113 7.00054314967 0 0 0 1
-6.14481429034 1.04618756006 5.68569221958 0 0 0 1
7.30446954513 1.92841185406 0.25443661582 0 0 0 1
5.74226855488 0.153368671895 -1.12716113458 0 0 0 1
3.13289121515 0.0725762064235 -4.4231369408 0 0 0 1
-4.51600819173 8.26424338059 0.213369703023 0 0 0 1
-8.74359752423 -8.97014172562 -1.08366716502 0 0 0 1
-7.04472672005 -9.15282909239 -2.81479389343 0 0 0 1
2.42396115451 -0.0751278548695 8.53526631144 0 0 0 1
9.80881404824 -9.36717279914 9.82594628871 0 0 0 1
-3.70092334925 -8.26296269015 5.97947096095 0 0 0 1
6.05318262827 4.91564537135 5.46934667356 0 0 0 1
4.41802005804 6.01524755195 2.21089506072 0 0 0 1
6.79424662713 2.79291544585 -7.73458867586 0 0 0 1
-3.99432301742 -9.66466827406 -2.51410427511 0 0 0 1
1.76953972838 -6.26481000648 1.43238369814 0 0 0 1
-2.04867471263 6.85945928848 1.99943078359 0 0 0 1
2.64610074848 8.62789789298 0.968103118239 0 0 0 1
3.78464417791 -4.04842129974 -5.94087649908 0 0 0 1
7.52175969232 -2.69070944315 3.86469261898 0 0 0 1
1.75228135512 -5.7026961552 5.74980849251 0 0 0 1
6.7623222631 -3.23057125978 -1.1698011414 0 0 0 1
7.91234159026 -0.182720302481 2.93610591661 0 0 0 1
-1.13604373978 3.67577627466 -9.2335414993 0 0 0 1
0.683847048493 9.53423269515 -2.70998600924 0 0 0 1
6.21929410991 -5.46179463701 2.16847299483 0 0 0 1
-6.13355114072 -8.24780255956 6.74771176101 0 0 0 1
0.899395287477 -7.86179924552 -5.22411412495 0 0 0 1
5.98808519089 -2.85295003773 8.11932513163 0 0 0 1
5.60361808519 3.32981868299 9.01116243538 0 0 0 1
3.25423579185 5.84622536772 -6.10264791259 0 0 0 1
-5.40262537694 8.77354756603 -4.40461476245 0 0 0 1
-5.49504582235 -9.42432372524 5.58626454398 0 0 0 1
5.33243039234 0.678646627476 -2.85342457394 0 0 0 1
5.87474956614 -3.8675946994 6.3554106031 0 0 0 1
-9.95429948615 -2.01522195614 -6.21186431195 0 0 0 1
-9.28543980593 8.30729614551 -2.17684397829 0 0 0 1
-1.37739258652 7.84267559563 -6.78738782976 0 0 0 1
-5.91326893791 7.82806458698 -4.61047235367 0 0 0 1
7.09897322998 -3.65602932514 4.33935547508 0 0 0 1
-5.51919884591 3.46186280912 -2.05700038917 0 0 0 1
-3.67601642883 1.33834750799 5.58478008218 0 0 0 1
0.834466203029 -1.23147845678 -1.79660347911 0 0 0 1
-8.46204681104 -3.07700036198 -2.40781211441 0 0 0 1
-0.471458946029 9.99591744646 1.39512265388 0 0 0 1
8.85283827905 -7.32587223479 -8.28610969527 0 0 0 1
8.70057543376 -5.30660928397 -6.63334610616 0 0 0 1
-5.80277762254 -4.79497177775 -5.63161768792 0 0 0 1
1.39780189917 7.6914274893 6.93013806843 0 0 0 1
1.92924148811 6.94108519822 5.61576354138 0 0 0 1
3.64428728058 9.42761085317 6.70340493883 0 0 0 1
6.50995860485 -2.53774537916 7.93966691262 0 0 0 1
9.26036617476 -7.70351561333 -5.98389117623 0 0 0 1
8.67814448256 8.61356158928 6.75715753249 0 0 0 1
9.31326415447 -6.3444963105 -2.81979966228 0 0 0 1
7.17675259461 -6.58094186154 -2.46660843689 0 0 0 1
-7.05197566833 -4.54363508916 -7.10037557682 0 0 0 1
-8.49974362378 -1.26033171885 -8.7438506909 0 0 0 1
6.89904491893 8.46752352645 2.94101862653 0 0 0 1
3.1845890706 -4.05714815583 -3.53751865644 0 0 0 1
-8.64117561995 -4.95172235975 8.79964098489 0 0 0 1
-7.41291633177 1.32372411881 -8.3947877324 0 0 0 1
-7.22504764019 5.05994481643 -5.35145000781 0 0 0 1
2.79296559813 -4.74996024954 7.40594551814 0 0 0 1
5.66813293602 -2.07963662394 0.481916402417 0 0 0 1
-7.09563149829 8.43561672742 -4.05795030803 0 0 0 1
1.89369007129 4.08288358379 5.56979489109 0 0 0 1
0.00313788035343 -5.75660642486 -5.52980903663 0 0 0 1
2.17916883918 8.92983530593 -8.79492044812 0 0 0 1
-1.8660324595 6.48091295546 9.99755895359 0 0 0 1
9.51088298711 5.11434445103 8.76923942969 0 0 0 1
-6.45233737373 -1.36932300628 0.0971255514165 0 0 0 1
0.463202768081 -8.21797560862 -8.88002871261 0 0 0 1
9.78289335361 -1.17778154303 1.11296742958 0 0 0 1
3.26650211466 -8.46561094939 6.69911355933 0 0 0 1
9.47623395484 -9.16430682889 1.40656395407 0 0 0 1
6.30826827435 6.45922392084 -2.24574141027 0 0 0 1
-4.80072025928 7.02950728616 -8.05729767972 0 0 0 1
-3.59435808519 9.2635840163 7.39974030352 0 0 0 1
8.04857374316 8.91975647655 -5.25813057842 0 0 0 1
1.74361414612 3.00228177512 5.02300055348 0 0 0 1
-0.533595117494 -8.15462511564 -0.0531555154973 0 0 0 1
3.851758071 -1.91604963988 -5.78995790642 0 0 0 1
-1.54174670292 -5.20942556523 4.39416945103 0 0 0 1
3.54331174766 -2.95353484559 -6.81946719116 0 0 0 1
-3.86960438942 -0.543209779085 8.36424500419 0 0 0 1
-3.30027703626 -7.51306902329 4.64834285041 0 0 0 1
-9.82184958662 9.3239173474 1.44615332471 0 0 0 1
4.57608899539 -5.1369860301 -6.76229928133 0 0 0 1
4.30656475032 5.18825909801 -4.05420630481 0 0 0 1
0.535184083285 3.59698055521 -9.52118709887 0 0 0 1
-5.72200305456 -4.25618546541 -9.61621389831 0 0 0 1
-5.1653815868 -2.02960503948 0.185565585348 0 0 0 1
7.59158472113 2.70983719142 3.322612605 0 0 0 1
-3.36987373406 3.10898356265 -9.41313978381 0 0 0 1
0.0376638278629 -3.38772249582 -4.90920830124 0 0 0 1
2.89349407429 -6.74253809024 -6.63998531292 0 0 0 1
1.7337304094 -8.57143778544 2.44233999226 0 0 0 1
-8.03675519414 3.80441349111 8.33187908516 0 0 0 1
-5.79841644513 -9.53779806665 0.925856980452 0 0 0 1
8.68172386864 -3.68925230505 6.67168254886 0 0 0 1
3.63846577754 -9.72601526709 -2.69649413238 0 0 0 1
-8.88558795735 -2.90002782757 -5.32296975813 0 0 0 1
2.47171421809 -3.31191928593 -7.50741595523 0 0 0 1
9.9787430828 -5.58467259823 -2.82649487283 0 0 0 1
-1.28006543887 -7.089334593 6.79877519971 0 0 0 1
8.45340700419 4.45470031035 -0.296265188672 0 0 0 1
7.39887595678 7.21024236815 7.83804053841 0 0 0 1
-6.9912365038 -7.47056917235 9.19080801356 0 0 0 1
-8.3674387248 -6.85675113615 -9.83266524544 0 0 0 1
-8.59352902857 -8.53970782795 -3.20903297114 0 0 0 1
9.57876330271 -0.726596456669 7.39673065291 0 0 0 1
4.90835419482 -4.24059512836 7.60514927122 0 0 0 1
-8.55684225247 9.76826061719 3.87097008353 0 0 0 1
-3.13690120336 -9.58465855665 9.50806182735 0 0 0 1
5.77710853157 -4.64092040859 9.82164038405 0 0 0 1
9.81843240441 -7.52433663974 -0.191667168876 0 0 0 1
-6.88917201208 -8.56343257012 -5.85006054684 0 0 0 1
-6.98705509161 -4.40803605022 -3.269031794 0 0 0 1
-9.12285900225 -8.8773520947 -9.07361264219 0 0 0 1
-6.30360978921 -7.88765256982 4.73661041577 0 0 0 1
-5.22306448278 -3.60318147759 -9.84374899311 0 0 0 1
-4.08288176098 5.25626304329 -3.87183877109 0 0 0 1
3.80023235033 -6.09845004782 -3.66442583927 0 0 0 1
-3.63855394947 -5.04704882505 4.60878551469 0 0 0 1
4.81806387851 -4.53949746205 7.48430941305 0 0 0 1
-8.15617184066 -4.49640230935 6.97140196387 0 0 0 1
-3.63134647462 3.62910082717 1.21464009528 0 0 0 1
-9.13487780645 -9.73606931462 3.75193755445 0 0 0 1
6.02407802831 2.27200196942 3.56823023671 0 0 0 1
-7.33360543394 -6.64044876245 0.702397655859 0 0 0 1
5.35038524003 -0.568976503539 1.41495320087 0 0 0 1
-7.10091673094 -7.79873970364 -1.03901505915 0 0 0 1
6.05282521481 2.70558920633 2.63576606464 0 0 0 1
9.16490466453 1.65464667842 -9.22627133238 0 0 0 1
-0.907596467034 -6.16091428505 -9.80773620976 0 0 0 1
9.25955944326 6.28926957743 -4.94460814643 0 0 0 1
4.35044893774 -2.94681277668 3.20588545459 0 0 0 1
0.528270894949 8.09320678374 7.95712405428 0 0 0 1
3.79866133546 9.88512281512 6.90915919649 0 0 0 1
-3.99637840547 -2.80286632142 7.47164293876 0 0 0 1
-2.45042262599 -3.84216446308 -6.71006608784 0 0 0 1
-5.01989876127 7.89011474232 6.54416862394 0 0 0 1
2.10833816254 9.42953885261 -2.70469922611 0 0 0 1
7.97863134143 -2.19096134599 -7.28386801213 0 0 0 1
0.665889767543 7.7493328144 -8.21249688509 0 0 0 1
-5.62645104924 -8.81217333511 8.94793528012 0 0 0 1
0.524792726903 -7.4945616541 -4.14515731919 0 0 0 1
9.3946854879 -2.45423395304 8.94966361842 0 0 0 1
6.4313130164 3.36716538894 7.78765526574 0 0 0 1
9.04718232149 5.30996188808 9.86879437909 0 0 0 1
0.220306370359 -2.3185968542 5.08771315794 0 0 0 1
-8.21189545947 -2.86775093943 -4.32227077526 0 0 0 1
-7.32236683373 -5.65849167609 1.81149022711 0 0 0 1
7.09288303941 -3.74091873164 9.40042889691 0 0 0 1
-6.87822649454 -6.68737609612 7.37076536697 0 0 0 1
3.33904108216 7.33565560242 -7.17732499512 0 0 0 1
0.640975829293 -0.690372836772 -1.22914212787 0 0 0 1
-7.96673503707 9.89375008516 9.00932120111 0 0 0 1
2.89586625636 -4.33048308971 7.91796306531 0 0 0 1
-5.08478136228 -6.37993243245 9.75052238067 0 0 0 1
5.15579968049 9.94087981542 -2.62193214571 0 0 0 1
8.16089466191 -5.17093681808 6.19070742685 0 0 0 1
2.0151386835 -9.75571585418 8.11477001508 0 0 0 1
5.03830132382 8.95014628098 -2.97911217057 0 0 0 1
5.29448531242 5.82180718833 0.329315162028 0 0 0 1
-0.67786365073 -2.36135531163 9.76091041802 0 0 0 1
-0.611669190898 1.77510483514 8.79983815441 0 0 0 1
-5.57187822137 -7.66717117151 9.4535460863 0 0 0 1
9.54695745714 -8.44369695933 7.44932996715 0 0 0 1
-5.781654476 7.63361887461 -2.52194357281 0 0 0 1
-6.25466659417 -9.12939269988 -2.29475728722 0 0 0 1
5.85674600294 2.95013473858 -7.25934410813 0 0 0 1
2.66580862525 -4.30833374144 3.91453397406 0 0 0 1
-3.36686153825 -2.13055139814 0.502367766998 0 0 0 1
-6.91130998435 6.91560713851 9.45237898636 0 0 0 1
-9.13813258153 8.48154407264 3.19217996214 0 0 0 1
2.87883631116 8.02448951033 5.45275697493 0 0 0 1
5.76599584032 -3.28297955616 -0.883283239178 0 0 0 1
6.29610544247 -1.95208838566 9.56331453959 0 0 0 1
3.42719302905 7.98190586297 -2.27888471664 0 0 0 1
2.88785801798 9.80633670689 9.12322092206 0 0 0 1
1.91621814239 -1.67754911656 7.5128677753 0 0 0 1
2.3255622009 8.71599304043 -6.51468856801 0 0 0 1
-7.74112287503 6.91937243043 -3.9084002232 0 0 0 1
-2.72581859677 -2.32885733135 0.23515565908 0 0 0 1
1.11534598906 7.92011535486 -2.39493544928 0 0 0 1
8.82441414308 -6.27494637523 6.0951815678 0 0 0 1
-8.49978386304 3.61385221194 0.780477265798 0 0 0 1
8.82459719939 1.7371468715 0.512345389673 0 0 0 1
1.37027172369 5.39291908164 4.03034543126 0 0 0 1
-6.63377415258 -4.77055566092 3.128779203 0 0 0 1
1.43043337007 2.97512261593 0.46327276554 0 0 0 1
-7.40041026928 5.89503876924 -8.80567831731 0 0 0 1
5.37392176117 3.55190984218 2.72118941979 0 0 0 1
-9.97521303034 -5.75542765211 1.05695130031 0 0 0 1
-7.79607442483 -9.77515704309 -0.277158744032 0 0 0 1
-2.41040560307 -3.64131614103 -9.03712640755 0 0 0 1
-2.58964201822 9.35847548978 -0.164988057994 0 0 0 1
8.48982367155 -4.9355172619 0.184290642541 0 0 0 1
-3.52333040265 -1.51913990126 0.3515578244 0 0 0 1
4.41483574201 -8.45926610835 0.414841827912 0 0 0 1
-0.612353772318 8.41493937121 -6.51546669579 0 0 0 1
2.42007215536 -9.63672856112 8.06323650396 0 0 0 1
6.56661056565 -3.02847806583 9.85632346425 0 0 0 1
3.1207523617 -0.221673789695 3.9928668204 0 0 0 1
-9.52535490001 3.01179802687 3.39429271543 0 0 0 1
-2.36324435193 -2.9664966368 -2.38558876685 0 0 0 1
-8.2470998022 -7.55969647865 -0.0403800736157 0 0 0 1
-2.28694376021 -4.69472274906 -0.815737222672 0 0 0 1
8.19270951689 0.204144845928 -6.52504381582 0 0 0 1
-4.50164731903 7.11223831858 8.80259276086 0 0 0 1
1.15919023063 2.74823036511 -6.76777580312 0 0 0 1
2.45515881858 -1.15990637443 -9.48728457864 0 0 0 1
7.42575307009 5.12105047641 0.711499562768 0 0 0 1
-4.27745835402 8.91983260687 2.32398039722 0 0 0 1
3.45442442276 -3.06683599891 7.33907442162 0 0 0 1
0.0851769763291 5.83290867541 -3.273477633 0 0 0 1
8.65630433306 9.64304418237 3.22524052126 0 0 0 1
-2.93502375576 -9.05186195882 -8.97697426357 0 0 0 1
-8.87622899532 -1.32492230787 0.772414313558 0 0 0 1
4.80746536884 1.89268698326 6.84402751133 0 0 0 1
7.31857626258 9.14085816773 -7.44365146683 0 0 0 1
-8.52601393306 7.01763899191 -8.01451591308 0 0 0 1
9.01045708968 4.9143474668 -9.51582408277 0 0 0 1
-3.01070243316 -8.40851885991 -8.40169888667 0 0 0 1
-3.69711251525 7.76099999383 5.85626706364 0 0 0 1
-5.85201120644 4.6302401141 -8.32786796775 0 0 0 1
1.01823583948 7.58315201884 5.24929720692 0 0 0 1
-9.52338967255 -8.39343730313 -9.60109256344 0 0 0 1
6.05350019784 8.25242373883 -4.65674680968 0 0 0 1
5.83551528845 5.43219155428 3.5819131991 0 0 0 1
4.42382495522 1.18875903236 -7.45694433852 0 0 0 1
-8.36648969135 9.6257756751 -5.97815366091 0 0 0 1
5.06604144654 -3.70867573299 1.29968697847 0 0 0 1
-9.95191353369 0.954899004174 8.27448074863 0 0 0 1
-4.6988854898 -2.13621032346 6.03476807071 0 0 0 1
-1.86479767815 -1.15541981125 4.64899519962 0 0 0 1
-6.62837520321 9.45532592352 -3.0429610327 0 0 0 1
4.85543321556 1.58078346045 -3.68990922712 0 0 0 1
6.36083208742 -5.06046213017 -3.59937267732 0 0 0 1
-7.86756812269 8.59941260712 2.83663712846 0 0 0 1
-4.74767301622 1.20030261978 5.68411655857 0 0 0 1
1.98872823798 9.37878478472 -2.36575871401 0 0 0 1
-8.57771675001 3.13932434169 8.82760611409 0 0 0 1
7.84829599531 -6.77123949125 -6.26807396946 0 0 0 1
-9.72791269637 -1.58689622417 -5.14708480639 0 0 0 1
-5.50380147871 6.39757939211 1.84801566584 0 0 0 1
-8.6280143427 -9.16630445938 9.95673857592 0 0 0 1
-9.00723303193 -4.11882553815 6.37837268782 0 0 0 1
6.77813107695 7.60598497975 -5.42387090037 0 0 0 1
6.48420610115 2.11346276944 0.866746644001 0 0 0 1
-9.11687776571 5.14259937813 -8.87794703032 0 0 0 1
1.7776591964 -3.60572168002 -4.77806777497 0 0 0 1
-0.743499662854 5.45413953494 4.00367605469 0 0 0 1
7.67190087656 -4.76356718272 5.54108058101 0 0 0 1
-2.04499146624 -9.12424411117 2.42209330134 0 0 0 1
0.840384538151 7.06077750794 -8.76192888802 0 0 0 1
-6.24895015717 1.50583341043 8.32392716911 0 0 0 1
2.41548524781 9.55904947812 0.164199943981 0 0 0 1
9.59504199535 8.90337879258 -0.726084270731 0 0 0 1
4.64939197231 -1.99794275868 3.14676465311 0 0 0 1
-4.30490727361 -1.32024255077 5.64975805098 0 0 0 1
-5.20844026047 -2.77657051908 4.08985023063 0 0 0 1
-3.49559519657 3.81900761261 -0.374947135659 0 0 0 1
-1.28597374535 3.9689584805 -4.42774947086 0 0 0 1
8.68952980477 -5.79512781971 2.19047739489 0 0 0 1
6.01234371832 -5.39147775691 -4.24778041923 0 0 0 1
-5.48402016313 -7.61673633789 3.2684353775 0 0 0 1
6.63653485906 4.31421866502 7.63669231502 0 0 0 1
9.42641598625 -0.649167050062 -0.282937449294 0 0 0 1
7.38608952509 4.64828170456 -7.19292451763 0 0 0 1
-7.48886480643 0.236169514371 -7.16230482414 0 0 0 1
1.55385085803 -1.81000631559 -8.69053975127 0 0 0 1
8.3770710623 1.69829208881 -8.04028179736 0 0 0 1
-4.26417514672 1.16526005841 7.89351013126 0 0 0 1
-3.34615344332 -4.19898591558 -4.46541638378 0 0 0 1
-4.92361586673 -0.0168310040622 4.59944255707 0 0 0 1
8.57393907471 0.488491638144 7.36773939438 0 0 0 1
-4.44690671915 -0.56991332919 1.21204626438 0 0 0 1
-7.96313255569 -9.80612306076 -3.20762633227 0 0 0 1
-0.498919158396 2.20391120546 8.11526433837 0 0 0 1
-6.92348633982 0.802031449321 -0.782218614906 0 0 0 1
5.97525303515 -1.41815525869 -3.43804529767 0 0 0 1
-8.0690988866 2.80407736631 -0.747273751538 0 0 0 1
7.49693903682 -2.67253235288 -4.44385540874 0 0 0 1
4.9180902338 2.71330821928 3.75589865096 0 0 0 1
-0.372211460952 -5.90740817811 2.50323533007 0 0 0 1
-1.80880878018 1.80034718115 -2.59258679389 0 0 0 1
-7.903899185 3.19775294713 -6.75126114877 0 0 0 1
9.92066500332 0.0488260241479 8.44770153869 0 0 0 1
-6.89003488145 -8.94820704551 -9.23960236959 0 0 0 1
-3.51875514454 8.59618132764 -7.92633577753 0 0 0 1
-2.01856215511 -2.29196568282 -1.87376662238 0 0 0 1
-1.29446021689 1.65878522017 3.75369277826 0 0 0 1
