1 0 0 0 0 0 1
-1.7909406852 -4.84607963515 6.58457077317 0 0 0 1
-7.22921136871 -9.662113508 3.03100291105 0 0 0 1
1.48997804121 -3.14934403713 5.69191189013 0 0 0 1
-2.14924161841 -1.33440196139 -1.62762586968 0 0 0 1
-6.21189541304 1.24571474373 -5.23234686695 0 0 0 1
-4.46209997054 3.94427739052 -9.3288368885 0 0 0 1
4.54546825483 -0.801082838907 7.15762070303 0 0 0 1
6.18478186809 8.56131649799 7.76653547681 0 0 0 1
0.213989017127 -5.78765440659 3.96466813509 0 0 0 1
5.68993158387 -8.64378096182 8.66994454547 0 0 0 1
-0.629033981686 -7.58594357246 -3.06988087377 0 0 0 1
-3.71496492684 6.98353490855 -0.839959207926 0 0 0 1
3.46470740425 -2.36118059551 -4.31181497859 0 0 0 1
8.24547166133 -8.63582360182 -5.87446277413 0 0 0 1
-7.87207759614 6.28161026652 -5.88141000887 0 0 0 1
-5.4615558774 -3.98202022664 -6.94406693071 0 0 0 1
5.08066654654 2.5565299378 0.064454600712 0 0 0 1
3.24151183711 -7.51482059123 1.40954826727 0 0 0 1
-3.98571492689 -9.67689108684 -1.88093381636 0 0 0 1
5.41880051656 2.74701150932 -3.63620059411 0 0 0 1
4.37585942877 0.419124541538 -2.23664310947 0 0 0 1
7.89138799879 0.373176663878 9.19591065753 0 0 0 1
6.51200711826 -0.302573836053 0.923948079085 0 0 0 1
-4.57187290819 -9.33306063754 -1.14226965182 0 0 0 1
0.505658373359 5.47477308884 5.72347928156 0 0 0 1
7.38535800338 -2.56758149557 -9.83968678447 0 0 0 1
6.95285280739 -9.61394556846 3.42459881691 0 0 0 1
-1.60754656965 -4.76683552481 -3.76317270706 0 0 0 1
-4.65085370505 -0.413589110339 -6.78296061509 0 0 0 1
-8.07754030162 2.30959831165 -8.2012515967 0 0 0 1
2.31328702616 1.85717607469 -4.09623464553 0 0 0 1
1.59750209561 8.88629052689 7.93891421527 0 0 0 1
-0.305317261661 -7.11967490524 6.95561834244 0 0 0 1
-0.780007666679 9.40883906597 0.0244121406633 0 0 0 1
2.55879291028 -1.09683130822 5.41529829459 0 0 0 1
9.30965452005 6.37118347003 1.5813832295 0 0 0 1
-3.12218671722 -9.77112400905 9.09610247321 0 0 0 1
-4.75072229956 -0.639359196626 -2.23365285234 0 0 0 1
-4.07869838843 -6.16692108678 3.27462243984 0 0 0 1
-0.155357739154 4.38631048014 4.8393936013 0 0 0 1
-3.66467681181 4.54857529618 6.79648178365 0 0 0 1
9.86143268807 -5.10951316603 -5.50313705308 0 0 0 1
-9.79508689826 -8.05082602306 7.43131834821 0 0 0 1
2.56348377139 -7.54642730881 -1.87661680201 0 0 0 1
-9.48962081764 7.51319063914 -0.782673390343 0 0 0 1
-8.66498097447 -9.89676503204 6.35886965718 0 0 0 1
-9.26134093168 6.10532975357 -2.06509204183 0 0 0 1
0.981045015616 -9.18789082625 -7.82484260177 0 0 0 1
8.87376016679 -1.70838431296 1.04279231162 0 0 0 1
-4.50532305995 -4.13934265911 -6.11775609942 0 0 0 1
9.36407198931 9.92645665991 0.34238117264 0 0 0 1
5.56369649771 -8.95530613922 -4.57202126093 0 0 0 1
6.29593533404 -3.37529035754 0.236109835632 0 0 0 1
-4.69016198894 7.70991643442 -2.65551162292 0 0 0 1
-3.44365796602 5.94966896979 6.39129307994 0 0 0 1
-3.25978545186 -4.92237539111 -1.10703341043 0 0 0 1
-1.23478778233 -9.00927129232 -9.4583209166 0 0 0 1
-3.41036113235 0.397730076873 8.29830185931 0 0 0 1
3.41601138996 2.05105368898 5.91039106288 0 0 0 1
-8.87588145194 -6.6525756302 9.63285561909 0 0 0 1
5.98449743434 -0.644363362622 -8.55978342368 0 0 0 1
2.32437095152 -9.73450976701 6.28152725069 0 0 0 1
0.752106856832 -6.26127893886 -5.22831259727 0 0 0 1
6.87813156373 -2.23811087862 4.32245666217 0 0 0 1
5.57012114335 0.783581779766 6.78231159006 0 0 0 1
-7.21901669932 2.2810171811 -3.52930560713 0 0 0 1
-9.32936542971 -1.92712763856 1.58269346971 0 0 0 1
-4.52153802437 -9.47611039615 0.303995619304 0 0 0 1
6.10204165369 4.20570101839 -5.35753635327 0 0 0 1
5.77344435875 -4.11539009065 -5.67991861327 0 0 0 1
6.55690998264 6.36510392585 4.85004212562 0 0 0 1
9.62174746577 -8.26285582346 9.33630625099 0 0 0 1
-6.45729192246 -5.22849607447 -3.19405444768 0 0 0 1
5.46232374385 6.75107742288 -9.51916649841 0 0 0 1
-4.86516245664 2.65266950695 -3.12167650631 0 0 0 1
1.52584728305 3.11642360125 4.57859835638 0 0 0 1
8.94518717535 7.42386834681 -5.95100554845 0 0 0 1
-2.65127108159 7.44517336112 6.15033344522 0 0 0 1
5.74536424289 1.81970494339 0.869207334551 0 0 0 1
-5.92835082941 -6.78068155409 6.35136841164 0 0 0 1
-0.613892660033 -1.53060665056 -1.30716478781 0 0 0 1
4.27706344766 -2.45686738815 -1.94387163945 0 0 0 1
-3.57643984591 3.92501457374 6.42231713155 0 0 0 1
4.26090045947 4.17938440747 3.86359519124 0 0 0 1
7.92043217611 -6.95343163245 -6.38909500623 0 0 0 1
-1.53827953491 9.68605314328 2.71836790734 0 0 0 1
4.15203316062 5.72640287093 5.32158475415 0 0 0 1
0.337064967036 -6.69274583575 4.79381677211 0 0 0 1
-2.09288557965 -6.35705546499 -1.57259471596 0 0 0 1
-8.04007646654 -4.68029901064 3.95416234829 0 0 0 1
-6.84688018771 -0.965590600474 -3.16960181199 0 0 0 1
9.77806788504 5.77804955883 -5.76683901133 0 0 0 1
5.5738485352 -3.78759453167 -5.16433933741 0 0 0 1
0.109297859425 -9.1931028812 -7.18180364994 0 0 0 1
3.62851518731 1.8446038468 -9.81671284744 0 0 0 1
8.74145181592 -9.16228297374 -9.83107207454 0 0 0 1
3.33098364306 9.346622008 3.14254347784 0 0 0 1
-3.95371689714 -0.0890916868649 6.38797765731 0 0 0 1
9.75088618495 5.75894598427 -0.81596647679 0 0 0 1
-5.65294166549 4.31142969938 -1.60955034581 0 0 0 1
3.54560491625 -8.56746595005 1.94783290514 0 0 0 1
-5.93782465533 -2.14499125035 -2.16653472514 0 0 0 1
-5.19764396729 0.0771347105034 -6.39077966766 0 0 0 1
9.59663358602 7.56307000633 -3.25005387986 0 0 0 1
0.593765157508 0.98252257828 -3.92070319433 0 0 0 1
-6.12669720799 -9.56152076922 -9.81316331073 0 0 0 1
0.296074806257 -6.00901720465 2.63555542722 0 0 0 1
6.94263615736 -9.7090340554 -4.61247630405 0 0 0 1
5.5789096411 -0.109152685972 -1.62115738575 0 0 0 1
0.262062951087 4.56202599405 9.56790143905 0 0 0 1
-1.39767081994 -4.53865385365 4.85146199395 0 0 0 1
-7.34921162279 4.2817235048 9.85135188133 0 0 0 1
-2.10293018963 -6.9009200147 -4.24852939294 0 0 0 1
-3.98481210595 -3.20458477627 -5.62260170635 0 0 0 1
8.19889098181 -3.29641394804 -9.44401091664 0 0 0 1
2.30442919483 3.14785146426 -7.94155700915 0 0 0 1
-7.76027339167 5.31686893981 -4.03460139517 0 0 0 1
-1.9012332843 5.9185777782 0.41294649419 0 0 0 1
-6.01177059225 4.5672944834 6.86002053308 0 0 0 1
1.75637673844 1.6112193894 -6.83985721093 0 0 0 1
-3.72416016732 0.950792888942 -6.16189475348 0 0 0 1
-8.21230585324 -8.28053617037 6.85156027187 0 0 0 1
-6.88276749927 9.42139344264 5.93831726074 0 0 0 1
-7.74975652551 1.87587132272 4.37503525798 0 0 0 1
-2.19732746257 -4.23499277256 4.5184359974 0 0 0 1
7.32475472981 6.97890782486 -6.09454190029 0 0 0 1
-8.22665074965 -5.89694514695 1.05031335823 0 0 0 1
-0.771716028425 1.95430094324 -1.62746155227 0 0 0 1
0.0689747532654 -8.29751071563 7.40773763248 0 0 0 1
3.87014595211 5.52485455337 6.27476367553 0 0 0 1
5.12160795888 1.92160920822 -7.14874832356 0 0 0 1
-7.35000630192 4.78007095802 7.41113509077 0 0 0 1
-2.29412442305 -8.73779662624 7.58893503478 0 0 0 1
3.8501104973 -8.18984605542 4.53831488117 0 0 0 1
-2.04473301016 8.02639423554 2.3130194447 0 0 0 1
8.61023975841 3.05840171618 2.04878841328 0 0 0 1
-1.19424943295 -3.53647613712 5.91815200006 0 0 0 1
7.64456448325 -2.96987984387 6.4337059698 0 0 0 1
-7.17422879933 7.8210048545 5.44811797106 0 0 0 1
-8.70040387292 -3.33693552504 2.11283148982 0 0 0 1
3.54715003635 9.94393192691 -2.27903304574 0 0 0 1
7.58159380069 7.67410001277 1.34060483194 0 0 0 1
2.65764376471 1.51737396276 -0.410900746838 0 0 0 1
-9.52554859544 -1.46326447101 9.75451649503 0 0 0 1
9.01299755006 -0.450091826167 -8.21098013439 0 0 0 1
-3.1902226257 -0.760038485944 -3.41312127243 0 0 0 1
2.94500538639 8.69628729964 -0.89565809447 0 0 0 1
-0.170824736661 7.12528942415 9.62406366266 0 0 0 1
8.68908987239 -6.99980748353 -9.24663088478 0 0 0 1
-1.17813561047 -5.41830512851 -3.48022699237 0 0 0 1
4.07424331742 -0.156010745466 2.1782411756 0 0 0 1
6.99808324319 0.74682929932 -1.70254271531 0 0 0 1
5.38768908407 -9.07587222767 0.813962068496 0 0 0 1
4.05457962246 -0.105635263527 -2.22010836161 0 0 0 1
-1.1094906353 7.67016277656 -8.53774347413 0 0 0 1
3.70596810542 9.41311146028 -6.14697406466 0 0 0 1
6.00557089071 -0.681528621593 7.0240906883 0 0 0 1
0.749759371562 -7.79672288272 6.9538766931 0 0 0 1
4.61083197222 -4.07001641151 -7.78827730097 0 0 0 1
-0.175722371256 -8.15342945641 -9.96329235098 0 0 0 1
3.5121201191 -4.2951185107 -7.41600044676 0 0 0 1
9.98313868916 -1.56954401159 7.77122883189 0 0 0 1
2.3866193049 -4.49308737576 1.43481951567 0 0 0 1
1.82855841157 -8.69084052924 -7.21255457408 0 0 0 1
9.2109455905 -5.76318199683 -6.30925122563 0 0 0 1
-5.88996746671 -9.84623563251 -1.93687978119 0 0 0 1
-3.37777969102 -1.68810933631 2.75720216027 0 0 0 1
-9.51838450529 -4.87833739849 9.35984131852 0 0 0 1
-7.87870533518 -8.9591812417 2.1512439721 0 0 0 1
-6.13925061117 0.316924574222 1.31278394852 0 0 0 1
2.55140772132 -5.1339432297 -0.538863761869 0 0 0 1
4.08593583699 -3.66390600813 1.48429434588 0 0 0 1
3.49364748441 -1.70348618763 -7.83179714899 0 0 0 1
9.53086925452 -4.0997053783 5.45165595632 0 0 0 1
7.33058864896 -1.49668299465 -1.8281142058 0 0 0 1
6.51589181509 1.76717444673 3.6769118358 0 0 0 1
1.85399413712 -4.57726560083 6.61264008999 0 0 0 1
-3.59663565005 -1.30106809462 -0.540692298552 0 0 0 1
-3.6036032134 -4.76714711985 7.51969416193 0 0 0 1
0.894568094595 -0.873046828358 6.68799811093 0 0 0 1
2.99254586767 -6.8039392195 -6.3445982494 0 0 0 1
2.1859915567 5.66157015457 4.58421016719 0 0 0 1
-5.36297637842 -9.48087562005 1.71917548309 0 0 0 1
-9.74253641753 -9.3290457481 0.476646546914 0 0 0 1
-7.32606975532 8.8040168409 -2.95401785712 0 0 0 1
9.8316810804 8.29033833441 0.623433175974 0 0 0 1
-8.86793969431 4.56478603192 -8.04628275338 0 0 0 1
9.6529370426 -8.46666462228 6.99875781781 0 0 0 1
9.53859096932 0.0965526127082 -0.278206600445 0 0 0 1
-5.88951508045 0.528898718968 -0.197961653322 0 0 0 1
-6.60970799323 0.805543266574 -2.29011137786 0 0 0 1
-0.214040799154 1.28012065121 2.92606971577 0 0 0 1
6.70416173295 -3.64439105408 5.77379308598 0 0 0 1
8.74985532848 4.3143373489 8.53027871674 0 0 0 1
-2.94501232021 -7.5745258065 0.895319813114 0 0 0 1
-3.96467529338 2.70860534467 -3.03641925504 0 0 0 1
-5.5176793621 6.94222436702 -8.26341441212 0 0 0 1
-9.23172696254 -3.01739556754 -4.01535072351 0 0 0 1
-1.2462390057 -5.29274549041 -3.37651012112 0 0 0 1
5.40198654726 9.96924516463 9.67598694753 0 0 0 1
-7.8822521741 1.96289174675 6.64387495161 0 0 0 1
-2.62443511364 -0.0594167246304 -8.11296737365 0 0 0 1
9.52962219618 -2.57767880048 -5.14172125794 0 0 0 1
6.15959208835 -1.41088824378 6.46373062535 0 0 0 1
5.11981489336 -9.80706078291 2.01860290713 0 0 0 1
-2.33721617873 -5.77355214205 6.29059177575 0 0 0 1
-7.25841672357 -9.70703994509 -1.52600179555 0 0 0 1
6.48192699918 -2.61829925814 9.81081413957 0 0 0 1
1.74214157998 7.39818734091 -0.980212097296 0 0 0 1
-0.716894900506 -7.064550521 -6.31408196073 0 0 0 1
-1.28160972601 1.76669433132 -9.52689393006 0 0 0 1
6.51234059598 4.23826257735 -6.8781133043 0 0 0 1
-3.66540402078 -9.6416764668 3.57856954528 0 0 0 1
0.526369344722 -1.75332456931 7.02621188049 0 0 0 1
7.83984328658 -8.17459162506 9.70987855599 0 0 0 1
5.75007234799 8.95297642319 5.8102557931 0 0 0 1
8.85450290327 8.30864740795 9.43219121438 0 0 0 1
5.29411032428 -8.81813096091 -0.309987210439 0 0 0 1
4.84047151352 4.48982531108 -5.18444702157 0 0 0 1
7.24828688535 -6.06772407356 -5.79832521395 0 0 0 1
-6.16015620617 -8.47474162278 -1.55083081152 0 0 0 1
-0.445270887063 7.68792288386 -9.71281575567 0 0 0 1
0.0403860013227 9.82331768097 -6.79333115247 0 0 0 1
2.17211295235 8.6072431589 -5.68288573897 0 0 0 1
2.07290042972 -1.01109340354 7.50337847398 0 0 0 1
3.32040263298 6.86741834709 -8.2822467375 0 0 0 1
1.56623877692 -4.32965799589 7.22875942475 0 0 0 1
-2.55685848224 2.16590915538 -6.8502076388 0 0 0 1
-8.23728090665 0.940030696774 -1.78759036076 0 0 0 1
-0.948533459362 5.67895066039 -7.48464199448 0 0 0 1
6.79427709492 -9.54847572002 -2.99061326117 0 0 0 1
-1.26427712469 8.07931468181 1.21951820657 0 0 0 1
3.52387798835 -4.57647910905 -9.76893646804 0 0 0 1
6.49255865278 -1.73248773469 1.87708499332 0 0 0 1
-0.20747535512 -5.94629144006 -1.20238107691 0 0 0 1
8.80678964609 8.33111055638 7.00170862034 0 0 0 1
9.32354197038 1.93729604964 4.22111603963 0 0 0 1
8.73278434268 6.32962325558 -5.58615606019 0 0 0 1
-3.40513337838 -0.0261868162931 -1.91508510702 0 0 0 1
-6.24353748218 4.31699658175 -0.739498957038 0 0 0 1
5.99416791319 -7.74026992128 8.407179681 0 0 0 1
-7.74437676426 -6.48978887982 -6.94327218841 0 0 0 1
-6.3656783318 4.59930821555 -9.9350247057 0 0 0 1
-8.23939044672 -7.31942114757 0.454130979499 0 0 0 1
0.075607106672 -4.60978578344 -5.67390833046 0 0 0 1
-1.30401437358 -5.05917320247 -6.12129735682 0 0 0 1
-9.72071997345 1.36519090411 7.37026467122 0 0 0 1
9.84276975176 -1.79148586517 -9.08386128711 0 0 0 1
-1.91524614922 3.70273469473 -7.34941174834 0 0 0 1
-2.47166993191 -9.88227081892 -7.53103809408 0 0 0 1
7.40857270435 1.20942679004 -8.45392245049 0 0 0 1
-3.7710299164 -3.95618279596 -0.480507985475 0 0 0 1
9.29797778649 -7.37465762681 0.756122736463 0 0 0 1
8.65251576803 1.07901283615 -6.82151648248 0 0 0 1
2.47236942852 -5.03988251216 7.74603236361 0 0 0 1
5.85180780591 -9.57767120772 9.04949465282 0 0 0 1
-0.173639288606 -3.0526262766 1.33901234701 0 0 0 1
-7.28067254001 -9.50796279971 -8.64203649995 0 0 0 1
6.71541899681 -7.90439293945 1.80007926021 0 0 0 1
-4.92545810082 9.85166963901 -7.49670773319 0 0 0 1
-0.062513763606 1.64383393354 -9.80977197062 0 0 0 1
2.67822172242 4.16011440863 -3.2489312356 0 0 0 1
-8.61669092957 -0.194985609554 -3.47564761415 0 0 0 1
5.07981005729 -5.67977872915 -2.59511427697 0 0 0 1
-3.09785901526 6.27763484934 0.871227636624 0 0 0 1
-2.63417307165 -7.78091788842 3.28324819811 0 0 0 1
-1.11003918029 5.25110242834 -5.51590374152 0 0 0 1
9.43061640053 9.76049870635 6.89505586544 0 0 0 1
6.33358687078 -5.37844229018 3.75075856018 0 0 0 1
-2.86069642358 2.49536826421 -9.23195074897 0 0 0 1
-2.97437856465 -1.27376104865 -7.75359912725 0 0 0 1
5.90895637149 4.24450759468 -9.67809672866 0 0 0 1
3.97353018672 -6.24036838515 8.7285126458 0 0 0 1
9.89243879412 -4.01554049525 -8.12380670905 0 0 0 1
-3.89469148631 9.74441582887 -4.59463474906 0 0 0 1
5.70701114857 -8.70251443656 1.33969337921 0 0 0 1
-8.0140911445 7.69091096191 0.575368178133 0 0 0 1
-3.16097794539 7.98803860416 9.40145803233 0 0 0 1
3.49974951024 -6.79843607551 6.63472353165 0 0 0 1
-3.52930836381 -7.41577171446 -7.06768864118 0 0 0 1
-1.39510514997 3.14455203778 -8.16557193333 0 0 0 1
0.730966160419 5.8509447244 1.18160871648 0 0 0 1
2.0828808735 -1.43586025217 2.07425223525 0 0 0 1
6.38216964383 -3.27700500319 -1.30017784917 0 0 0 1
-2.08317387259 -8.61072962801 4.12718649403 0 0 0 1
9.31655958826 3.1318303728 2.02417914761 0 0 0 1
-0.174384713801 -2.41505811937 8.0040325706 0 0 0 1
-4.12776062802 -1.36904181123 -8.43985802799 0 0 0 1
1.58710861882 5.51292308734 -9.91438670081 0 0 0 1
-8.4628850182 7.01180349441 -9.44942195552 0 0 0 1
-1.75585601979 4.36622961922 -8.16876518189 0 0 0 1
-8.1261894531 4.79865856332 0.338178615149 0 0 0 1
-8.64387766596 0.443750528389 -3.84287728575 0 0 0 1
9.64172224586 -9.9489443073 8.05155086028 0 0 0 1
-0.735649379084 3.47073729872 4.66353032234 0 0 0 1
-7.31554737547 -3.73920074159 -0.248985012851 0 0 0 1
-7.4209335044 -9.0341860935 -7.82744604402 0 0 0 1
4.24495976619 -1.0983695169 -5.09202230422 0 0 0 1
-1.8544309622 -7.18654396073 -8.5330184211 0 0 0 1
9.3492337213 -7.13726562981 0.258441013957 0 0 0 1
-7.038426598 -1.74111538882 5.3036177771 0 0 0 1
-5.45757227256 7.01845414356 5.92044217805 0 0 0 1
-8.62690422499 2.92740046595 7.89915777181 0 0 0 1
2.3818000928 7.82572578775 9.5190018746 0 0 0 1
5.76450976031 9.02298590972 -0.178424462023 0 0 0 1
-8.11186600389 0.270931585876 8.35314581534 0 0 0 1
7.35385353805 -2.38768881873 -9.2571453705 0 0 0 1
3.51900739067 -9.50178730991 6.75543030276 0 0 0 1
-3.13734073482 -9.4561837825 -1.13192178424 0 0 0 1
5.19302710037 4.8926681102 -8.23035088612 0 0 0 1
-9.04799002502 -0.362610669223 0.538249091308 0 0 0 1
8.00895953083 -2.36404989953 1.5273955564 0 0 0 1
4.07276897502 -8.54943237954 -2.92285930734 0 0 0 1
0.910250729791 -0.305694911985 7.35801005492 0 0 0 1
2.80725235829 2.23940869359 5.01134166105 0 0 0 1
-5.66988563555 0.437073905639 8.97623119265 0 0 0 1
8.186616092 8.33529377753 9.70167408542 0 0 0 1
6.91930065478 -9.89605145983 2.33304176882 0 0 0 1
1.10426419305 2.89629160675 -1.62371853929 0 0 0 1
-6.22176739076 3.19162032967 -7.962913537 0 0 0 1
-7.38940764727 3.89964800612 -7.48431626036 0 0 0 1
-1.35977212473 2.83588564483 4.57320805782 0 0 0 1
-1.43509195093 0.590811139338 9.22002213046 0 0 0 1
-6.7573113254 -9.18866063706 -4.11102480547 0 0 0 1
0.601798241516 -0.122587591147 -9.07900668162 0 0 0 1
-6.16353024463 -3.96858107577 9.03657678174 0 0 0 1
-3.58760884206 -8.66074226611 -2.43423150859 0 0 0 1
-8.07151033286 0.722668023385 -7.45121513297 0 0 0 1
-4.10474580844 -1.23751422728 -8.0243004422 0 0 0 1
7.90606057287 3.13990038449 -3.51003697009 0 0 0 1
-2.49794134284 -2.88112674358 -0.033673755153 0 0 0 1
-1.2399851943 5.3739242143 -4.89559862896 0 0 0 1
3.10681533715 -0.85874624476 -2.84117842017 0 0 0 1
-2.64766857777 -5.1750054954 1.25084206698 0 0 0 1
-1.0023931241 -5.22986018672 -3.78533386455 0 0 0 1
4.4481702463 -4.8574097107 -7.69658000995 0 0 0 1
4.12521895727 -6.5738543779 5.7850003607 0 0 0 1
3.08591881578 1.00656440079 2.71309726208 0 0 0 1
6.98901655428 6.92185876694 3.94895745657 0 0 0 1
5.32674055719 3.26602860967 3.36146294142 0 0 0 1
0.941028196411 8.38040976536 -9.49148063064 0 0 0 1
-4.00984599803 -6.75953503638 -7.24500867627 0 0 0 1
5.00281371822 8.30319827616 0.445217963607 0 0 0 1
-9.74199036869 -6.9197180499 -1.82893270947 0 0 0 1
9.15740693712 -7.88071930029 -8.75725791824 0 0 0 1
-5.60380065962 5.11396003866 6.61996945118 0 0 0 1
-9.52264937204 7.87200958838 -7.63646949245 0 0 0 1
-1.61639113691 -6.37766030407 -9.04739578306 0 0 0 1
4.39313944594 2.34502758485 -5.47712253939 0 0 0 1
0.748311175349 -8.00454937401 7.18421890682 0 0 0 1
8.76603110948 6.85248737305 -3.75129071186 0 0 0 1
6.39118137936 -0.509997933121 -9.64512354239 0 0 0 1
0.788642303334 4.48496767509 -3.39211136278 0 0 0 1
-7.76369753951 -9.59023752575 7.72444013866 0 0 0 1
5.22514262815 9.35352864299 1.20725561649 0 0 0 1
9.56716911577 3.79230589674 3.75376919297 0 0 0 1
3.80328201527 7.2384476231 -9.23756023169 0 0 0 1
-2.03121796285 -3.34341984315 3.46800849552 0 0 0 1
-5.60548073949 2.72788128929 -1.90357843017 0 0 0 1
-3.88872377044 -1.99181351839 -0.418674386227 0 0 0 1
0.862573238455 4.1732408992 5.83641975223 0 0 0 1
-9.44871623551 -4.70785640421 1.89513570546 0 0 0 1
0.201301628855 -3.95946256762 -5.87274442804 0 0 0 1
1.76282665679 9.17969222941 -5.19818554683 0 0 0 1
1.78301194337 8.10646791821 1.22503016964 0 0 0 1
1.39853221631 -6.83853840349 4.53897334712 0 0 0 1
-8.47167316009 -0.0557541236078 -5.2069337313 0 0 0 1
5.11628257359 -0.619211316551 -6.32864700902 0 0 0 1
-4.53071321116 8.83052036432 -2.80330178473 0 0 0 1
-5.12083968725 5.02063516344 6.58730544834 0 0 0 1
6.46825763246 5.58675284657 -1.87873435149 0 0 0 1
6.12881097339 -3.76520821441 -8.86740080488 0 0 0 1
-3.48858432272 3.10901480367 3.15914752707 0 0 0 1
0.64089973509 -0.422007386763 0.156832481835 0 0 0 1
-5.15876057114 3.07504021693 2.97551016934 0 0 0 1
-1.97753895681 -3.76086549147 -5.69286815067 0 0 0 1
-8.33774965881 -3.17594587409 -5.31028858233 0 0 0 1
5.66496506363 -1.97588296826 -3.17413482615 0 0 0 1
-7.90052659492 -6.51383804851 6.32392613535 0 0 0 1
-2.20243313098 9.48073386684 1.31429590112 0 0 0 1
-0.41745832632 -2.34616569173 -2.30234186684 0 0 0 1
6.79790822103 -3.20494270485 -8.35079489093 0 0 0 1
-6.05802729816 6.02875615443 6.02665554762 0 0 0 1
8.07108157771 -0.64306209703 -7.06075877738 0 0 0 1
-4.20743017533 0.968003376392 8.76754324483 0 0 0 1
-0.710173210218 5.60228491107 -3.625140675 0 0 0 1
-4.08462158705 5.56487027169 6.65570394131 0 0 0 1
4.77166411259 -7.28353546892 -0.346658267027 0 0 0 1
-1.6297684654 6.17900523925 -6.39689714767 0 0 0 1
-2.53159711389 2.81439970295 -3.43647005492 0 0 0 1
-1.20340630282 1.23528074621 7.5060902926 0 0 0 1
-9.88735053351 -1.52073350759 3.97568275997 0 0 0 1
2.10191354827 2.96774861358 -6.24774035089 0 0 0 1
8.01945775231 -2.13614369082 0.318635692125 0 0 0 1
5.09397746895 -2.93159565731 -1.69537006814 0 0 0 1
-7.16333539848 2.23882502553 -1.33907597624 0 0 0 1
5.42986028134 9.38850952451 7.02452025445 0 0 0 1
-6.59135223903 -0.312767023084 7.1752839207 0 0 0 1
-5.01582640776 3.52371942337 -2.28720384944 0 0 0 1
-5.99982916632 4.30017010114 -4.99128972339 0 0 0 1
1.83144828168 -8.05611397454 5.35272201267 0 0 0 1
0.904427014209 -2.00693947637 0.961696994899 0 0 0 1
-5.1261333892 3.32910157008 -4.63403228948 0 0 0 1
4.10594031196 -0.825009781537 2.73881753015 0 0 0 1
4.27021425065 -4.9600212097 6.3660402129 0 0 0 1
-5.09140481698 9.22860842407 3.7281077084 0 0 0 1
-1.9507469073 -9.29199435487 -9.84823217105 0 0 0 1
-0.0482664494729 7.00186359799 3.51665847029 0 0 0 1
-5.86722366209 3.35250645098 -3.01973455904 0 0 0 1
4.9351213599 -1.44535139106 0.0687618314173 0 0 0 1
-2.56571108829 -2.34580457604 7.3089876607 0 0 0 1
4.38648555142 9.97467629087 -9.64401496307 0 0 0 1
3.13714135729 1.57732735188 3.59144243675 0 0 0 1
0.689508831908 -2.79421312798 -4.86577380477 0 0 0 1
9.58787647761 -8.57649376848 5.47039332643 0 0 0 1
2.38969813571 -7.27410646188 -8.41099332766 0 0 0 1
6.1631940406 -8.92780702888 -0.204784585952 0 0 0 1
0.886549993048 -8.19838580039 -1.41240402564 0 0 0 1
-6.01268820649 6.80111096907 8.17717249751 0 0 0 1
-3.66289253998 -7.43199192174 8.73045679584 0 0 0 1
-9.46487589197 4.40910288278 -5.69020253727 0 0 0 1
2.3713436931 2.31633574105 -7.17915005647 0 0 0 1
4.46971132016 9.78500282077 -7.96451782596 0 0 0 1
-6.52795391008 1.01982885362 9.87031570243 0 0 0 1
3.09211341277 -4.28884622494 4.17752419239 0 0 0 1
-9.33910610906 -3.94911671692 -6.57763357872 0 0 0 1
3.73188728964 8.25784717661 2.75245765124 0 0 0 1
5.96613491324 3.199702534 0.813641318514 0 0 0 1
-8.64218959132 -8.77088342347 1.18810572249 0 0 0 1
-0.21860796617 -8.52873356327 9.07162217762 0 0 0 1
-3.22424893352 0.429994760699 9.11353549341 0 0 0 1
2.94681286272 -7.10006351578 7.60084733835 0 0 0 1
-1.67984372088 -1.0401520943 -8.08286596805 0 0 0 1
-8.29341606876 -3.42234611455 -7.4246110823 0 0 0 1
-3.36512544417 -8.44001125534 0.504076268081 0 0 0 1
-3.4394114167 6.92725422469 -6.59081416447 0 0 0 1
7.87058924635 -1.78810590302 7.89571865619 0 0 0 1
-5.70992141602 -5.03752031783 -7.87764324577 0 0 0 1
3.68572328101 -1.26902885984 6.51909949943 0 0 0 1
6.54747061274 9.66470354441 6.77140697674 0 0 0 1
0.904801174444 8.84726463434 7.79735362237 0 0 0 1
9.14925284293 7.03164435691 0.157060058088 0 0 0 1
1.68600520044 -1.87746619277 0.864782912774 0 0 0 1
-2.39605350946 2.19476743537 -3.3067251872 0 0 0 1
-8.52424707441 -3.04493028727 0.806736374375 0 0 0 1
-4.17639563181 -6.85372577188 -7.90941127192 0 0 0 1
3.5849245631 3.34677972876 0.704480179844 0 0 0 1
-9.82735356152 4.90442066263 3.45251681011 0 0 0 1
4.09483700107 6.04760556331 -5.4893902142 0 0 0 1
8.96340513906 -4.53842818484 -9.19352577865 0 0 0 1
1.44214426443 -0.849958474111 0.981235079715 0 0 0 1
-7.26925233152 -5.45562007796 -4.04362152606 0 0 0 1
2.53819222279 1.91908650649 -7.02246424024 0 0 0 1
-1.64872427718 -6.44637808749 -5.68493027182 0 0 0 1
0.207516389554 -1.87678699812 -2.51312307669 0 0 0 1
7.67613455362 -6.77357587758 -7.09293932142 0 0 0 1
0.261056544527 9.94361498781 7.63553328254 0 0 0 1
-2.56195481868 -6.87300454073 -0.0687022380223 0 0 0 1
-6.65829658737 -1.37475929002 0.0893473232419 0 0 0 1
-8.53177931828 -8.39241524244 -5.25681966523 0 0 0 1
3.32940225046 2.87972976013 9.02774249393 0 0 0 1
-8.56458716558 8.92589037073 6.49242100712 0 0 0 1
-4.86107048756 2.70012538972 -4.42034172423 0 0 0 1
9.95604139018 -1.13783453599 7.596130988 0 0 0 1
-3.71073274978 7.21853920739 -9.69455939025 0 0 0 1
-5.68273073346 -8.36572196024 1.42852817396 0 0 0 1
5.89675565849 -5.59818815903 -3.36904975213 0 0 0 1
-7.66458987168 9.07519336288 9.40699093562 0 0 0 1
4.10425793754 -5.60096326437 6.88792005512 0 0 0 1
-4.98000867651 7.01893068528 8.58289186192 0 0 0 1
2.65008767942 5.1096658742 -5.42551370356 0 0 0 1
2.97510510822 -9.91073184568 -0.39136981514 0 0 0 1
1.26806617702 -9.01824395519 4.54536087158 0 0 0 1
-4.97228325348 6.67264873172 -5.97583500195 0 0 0 1
-8.97865649834 -3.20709399169 0.424501495417 0 0 0 1
-8.05554497498 -6.71520250774 5.45055132894 0 0 0 1
0.636078044596 -9.83965011747 0.986620845566 0 0 0 1
-2.47900158528 -6.34636272598 0.583139636644 0 0 0 1
-6.16996657075 -3.30960168153 0.357671840756 0 0 0 1
-7.52699445089 -6.55009227113 -1.03477276344 0 0 0 1
1.15603107651 -5.87533962147 -8.66445166775 0 0 0 1
-1.17743727173 5.05700623802 7.77607868622 0 0 0 1
4.23192879121 -0.673330559036 -6.95934659864 0 0 0 1
9.63402593821 5.12045444763 3.31523105475 0 0 0 1
3.1654314615 -8.48349362097 2.29969997853 0 0 0 1
6.36739616453 -4.48853707349 9.50649161689 0 0 0 1
-2.34005284653 -8.60179460629 7.4022874537 0 0 0 1
9.69702788749 -9.55780578316 -1.00926659273 0 0 0 1
-8.94881485268 4.36605799526 -2.07796388867 0 0 0 1
-3.12851197952 -1.84835978539 -7.98403175968 0 0 0 1
-5.81966334761 -0.426452189505 1.70469312927 0 0 0 1
2.58552202726 -3.52760446777 -1.12396906577 0 0 0 1
5.10858371168 -2.35695848642 9.4079791145 0 0 0 1
1.56932596855 -8.70883138978 -5.4995946533 0 0 0 1
-2.27525419424 -5.75616584189 -8.01983877177 0 0 0 1
3.26769688361 9.24424609702 -3.83730195012 0 0 0 1
5.63964000076 9.55667306763 -0.336669566348 0 0 0 1
8.51476096111 -1.77916361503 -9.01560410642 0 0 0 1
-7.24809462277 5.87675339389 7.57308274303 0 0 0 1
8.74914216086 7.13375993 -3.15125039868 0 0 0 1
1.36213133563 9.00345154047 9.55045136485 0 0 0 1
-9.26225971346 -0.657762644404 4.25363198101 0 0 0 1
-4.02203199354 -7.79044212682 5.76324130576 0 0 0 1
-4.02353886813 -9.32222783396 -9.93878384598 0 0 0 1
-0.46864269498 -7.93824502348 5.09524975115 0 0 0 1
-9.88621814309 -2.49212664751 -4.86347027176 0 0 0 1
9.52747349151 3.77983206496 7.13481805157 0 0 0 1
-4.04611927118 -6.05431236658 5.17675137568 0 0 0 1
1.7880985402 -2.85618247122 -9.44426396826 0 0 0 1
5.52109740741 2.3228214439 -7.32832474372 0 0 0 1
7.81645046447 -5.30828724293 -4.85934833107 0 0 0 1
4.02061539549 7.020429057 -4.27835680997 0 0 0 1
5.57066956123 -8.18524238169 8.68065594666 0 0 0 1
7.44981521195 -4.56822137739 9.30619456725 0 0 0 1
-7.24691254227 -0.673654038132 -0.3221472139 0 0 0 1
-9.95710099543 2.16647332213 5.65848248784 0 0 0 1
8.93618843179 2.92073426405 -5.11051076807 0 0 0 1
-4.484263632 9.06935987985 -5.00678593779 0 0 0 1
7.24452389236 -9.47950928789 -8.98394364316 0 0 0 1
8.9739809606 -8.87348892092 -5.75150835653 0 0 0 1
-8.79160595065 -1.090856192 7.88706900501 0 0 0 1
4.71538046788 8.95284036608 2.51154013741 0 0 0 1
-0.0711020313705 -1.80851324863 -2.7987112289 0 0 0 1
-5.20705067765 5.9827898917 1.35795496597 0 0 0 1
-2.9020465884 -1.30227711686 -9.87710836244 0 0 0 1
9.38059532602 2.24731232708 0.825444503643 0 0 0 1
-7.24004933849 6.07789857271 -0.953849452164 0 0 0 1
-4.47489327309 -3.7066574541 -1.77165873632 0 0 0 1
-3.78473597436 4.58567488367 -1.07492190284 0 0 0 1
1.98618091158 -9.13761570075 -2.11112241916 0 0 0 1
-1.65574698575 8.11720129566 0.484920705105 0 0 0 1
-6.2053728776 1.83256799554 -9.59691868282 0 0 0 1
2.47701160935 8.09742461227 -2.23763094532 0 0 0 1
1.30831905444 3.97588943132 -1.89097956901 0 0 0 1
5.04627829079 2.08663884566 -9.12161300378 0 0 0 1
8.31156293827 8.36134589274 -2.20580163424 0 0 0 1
-9.36626571503 8.35052161392 6.36914971202 0 0 0 1
-0.109669035652 -5.77783125012 9.66418836244 0 0 0 1
-0.266821424498 6.27632770685 -2.71740900112 0 0 0 1
4.52096152332 -1.57782334054 -6.16015544508 0 0 0 1
-7.79547917857 -8.10911244454 3.70940309188 0 0 0 1
-4.73243523168 -7.83717447809 9.23614248214 0 0 0 1
-3.18704448907 1.30536390939 4.66692841638 0 0 0 1
-2.33579124795 -1.63067386945 -5.42456163612 0 0 0 1
-1.71288185095 -0.317126294587 -2.32161653291 0 0 0 1
7.41990665563 -7.7333544789 -5.51803503477 0 0 0 1
7.16547966907 -2.10046768755 2.61392535616 0 0 0 1
-3.09358831728 -8.30830618914 -9.16141021181 0 0 0 1
-8.23334908331 -2.80595722742 3.44788761788 0 0 0 1
-5.85748418949 5.8221066826 9.8152763773 0 0 0 1
7.76711427255 3.3038285506 2.0010985946 0 0 0 1
-5.93281500522 6.34672792455 3.12404037338 0 0 0 1
-5.52883726566 5.6994330196 -5.01040104868 0 0 0 1
-0.349244677503 -9.51816481998 4.19716009591 0 0 0 1
4.53923060659 1.59772642993 9.7286573827 0 0 0 1
-4.16077715311 -9.47067803198 8.70195080397 0 0 0 1
-5.97496455341 0.0705738628135 2.30349451858 0 0 0 1
0.328154452505 6.88361428132 -5.55873801593 0 0 0 1
-8.19458904461 -6.90273633904 -3.99963513831 0 0 0 1
3.66978230484 -0.607051154597 -3.94298902122 0 0 0 1
8.56027055343 1.83260346479 -9.31906085724 0 0 0 1
-0.530468076599 9.60622666771 -2.7789163776 0 0 0 1
2.3566072396 -5.93070006343 -8.26518266242 0 0 0 1
6.74005311491 1.28935138212 -4.95466531548 0 0 0 1
6.31188167122 6.28617448015 -9.3165009407 0 0 0 1
9.95688850601 9.18477278995 2.72420475025 0 0 0 1
-9.06672888558 8.33017639138 -6.69904136714 0 0 0 1
0.263420380446 -5.95725526353 8.22587632523 0 0 0 1
-9.08598271207 -7.44625071556 -0.136834200013 0 0 0 1
8.4888816312 9.30338997123 -8.63193127643 0 0 0 1
9.72796134393 4.70878145149 -3.21482121488 0 0 0 1
-6.2684644795 1.80578214994 -3.96648850881 0 0 0 1
-9.3670749741 0.939115361794 1.3782593573 0 0 0 1
-4.1531104486 -9.26076610109 -6.96814036489 0 0 0 1
-4.26628772352 -4.0440068634 -3.03148371244 0 0 0 1
9.83191166413 0.178532066084 -9.12963088879 0 0 0 1
-3.69747093191 -5.19472969127 3.84441054596 0 0 0 1
1.83208983926 -8.55063122334 -4.62599646589 0 0 0 1
-3.74416056883 4.41903062417 -0.60071453947 0 0 0 1
7.6446388559 -5.44273073082 6.9709445034 0 0 0 1
2.16145961742 -3.4133624818 -8.73547998729 0 0 0 1
-8.31921327026 5.67971019736 3.97649297232 0 0 0 1
3.03080000656 -3.3351790774 -8.09634275307 0 0 0 1
1.57086795318 -9.77511519516 6.80906766578 0 0 0 1
5.59126932288 2.74668745232 3.91663111584 0 0 0 1
3.6642844883 -9.09174992717 7.26975870941 0 0 0 1
8.08719040566 7.43912300569 -9.86326568579 0 0 0 1
3.31750377653 8.21694581673 -4.69561518113 0 0 0 1
-0.941085695973 1.81440564336 0.19872404687 0 0 0 1
8.86610451918 -3.3588674663 2.89404964301 0 0 0 1
-0.659103952178 0.427360892612 -4.82390623406 0 0 0 1
8.13064536143 1.66790921414 -2.32269268426 0 0 0 1
2.70496752552 -9.56322979928 0.133298095134 0 0 0 1
-7.86355938052 -3.67412160768 4.71258643659 0 0 0 1
-2.74652502736 -7.58670328342 -6.06302307937 0 0 0 1
-7.77489145266 -6.70929787011 7.0844612142 0 0 0 1
9.35705565448 -9.90653437478 5.40741305677 0 0 0 1
7.50631259019 4.67607568337 2.33996592016 0 0 0 1
-6.33543093024 5.85743044415 -1.88106909358 0 0 0 1
-0.938063494331 6.74325102445 -9.99438098461 0 0 0 1
-3.74490919663 7.04373654176 -4.73424522902 0 0 0 1
0.138874438156 -3.79445864425 0.137590969066 0 0 0 1
-4.26110518003 3.63496390661 3.03025960698 0 0 0 1
1.9982451417 6.90050709963 3.85543366175 0 0 0 1
-5.60139677653 -7.97246488233 -4.42266899893 0 0 0 1
-0.875821806784 -0.186479122427 -8.60702510214 0 0 0 1
-2.54700695008 -6.99397304643 6.63244569034 0 0 0 1
-1.30967577821 6.10585794007 1.27742061179 0 0 0 1
-3.45292080696 6.74796873778 3.92229163487 0 0 0 1
1.46633718895 4.55449542245 0.701109167893 0 0 0 1
-9.3475042361 5.52674344953 0.840922929647 0 0 0 1
-2.09725308575 2.99583926024 5.06025842265 0 0 0 1
6.97091955602 -6.46674095688 1.25267412039 0 0 0 1
1.88866870014 -3.44886257464 5.58456849523 0 0 0 1
-4.62313668162 -8.88393529913 6.5482732628 0 0 0 1
-5.97597946002 -9.08834938751 -2.28257235846 0 0 0 1
3.73029483851 -1.33497053616 -0.198125287226 0 0 0 1
-7.26833505452 0.269494041813 9.91069453704 0 0 0 1
4.18555106594 3.63549541648 1.54806208412 0 0 0 1
-6.42217771079 7.22445327097 -5.18837113363 0 0 0 1
4.48004263699 -8.79621859071 -5.27031841732 0 0 0 1
6.22955217137 6.11774655551 9.65628825347 0 0 0 1
-1.09564232865 9.29376923531 6.00796625588 0 0 0 1
7.3525215792 -6.5932416587 2.14228598356 0 0 0 1
3.61401874759 8.82298943567 -9.72308489783 0 0 0 1
9.15690312908 -9.02517871588 4.62629519003 0 0 0 1
-7.51782383919 -6.39951632978 -7.21780951555 0 0 0 1
-6.49726627153 -4.45729824302 -5.74399000276 0 0 0 1
4.44034484935 7.92662955185 -9.56695245718 0 0 0 1
4.60634520447 -0.705938289244 -2.22640235518 0 0 0 1
-6.19975799997 -9.14085238829 3.24373431284 0 0 0 1
4.86044623112 -5.12050109652 2.27379876932 0 0 0 1
-6.45976977807 -2.1642134711 2.95531249105 0 0 0 1
9.33981689843 3.44503348886 -4.94035713925 0 0 0 1
-3.83086273574 -2.66162495076 3.078026179 0 0 0 1
0.0395671592109 4.89149632972 -5.35603518598 0 0 0 1
-4.68982154189 -2.98041516936 -2.60446598821 0 0 0 1
1.2662942708 2.42755806658 5.35915763927 0 0 0 1
3.07999963443 -7.22645700699 -5.95693646613 0 0 0 1
4.17368076486 6.85328336921 8.73988828892 0 0 0 1
8.84453933552 1.86205779697 0.60470033112 0 0 0 1
-2.63895983085 -4.56488889445 -9.6375491992 0 0 0 1
6.43209512334 4.51702763492 3.62934935951 0 0 0 1
2.03562400108 -2.94708253211 -4.57243381788 0 0 0 1
9.52351607365 6.15962497502 -8.04496247667 0 0 0 1
6.80856280672 -2.39550973451 0.386107352748 0 0 0 1
4.24511332946 -0.652485266819 -8.47873428288 0 0 0 1
7.14965316433 -2.43537044814 8.79670365312 0 0 0 1
-3.44878333707 -1.61618530472 -1.35747604185 0 0 0 1
4.32577809774 0.848711105413 -5.55348539124 0 0 0 1
-2.98737597671 -3.22724298603 2.04275753166 0 0 0 1
-6.51454645095 -4.06074272125 8.7984922187 0 0 0 1
-4.1176940645 -6.54234026142 4.1613843242 0 0 0 1
4.40450582502 5.98506825968 -4.34057800553 0 0 0 1
-8.06134810704 -6.88462494726 -6.47835082352 0 0 0 1
7.57414903314 -8.94392508577 4.37120031333 0 0 0 1
-3.1555336377 -8.51070808069 9.82836710147 0 0 0 1
0.387958529764 -1.01657537563 -6.6170405794 0 0 0 1
2.86443870947 0.380482414462 -6.46578795561 0 0 0 1
-8.88770897428 2.70106695083 -8.01271403775 0 0 0 1
-1.1496542447 6.93938562257 0.947291976361 0 0 0 1
-3.02729483938 1.31875523539 6.99633716603 0 0 0 1
7.64267735955 4.83463718509 -1.43293835881 0 0 0 1
1.03874548352 3.94916678055 2.74308460009 0 0 0 1
-3.98645745276 7.89815429682 -2.13316876239 0 0 0 1
0.205680445749 9.19822808991 3.44803369084 0 0 0 1
-8.87062149798 9.23287351684 -3.21523209315 0 0 0 1
8.44135469588 7.79513542684 -5.34878887483 0 0 0 1
-9.15261600428 2.99337095678 -9.92217408685 0 0 0 1
2.08020552333 2.2825115968 1.491315389 0 0 0 1
7.25451340739 6.23268980465 0.551568974616 0 0 0 1
2.81555491768 3.40018996648 9.81728197923 0 0 0 1
8.0295275323 9.02181031657 -1.82432245114 0 0 0 1
-6.03433254632 3.1850489849 -5.91228510734 0 0 0 1
4.40843482582 -7.54702595696 -2.40019880729 0 0 0 1
-1.94592845751 -7.8560227053 -3.85432600128 0 0 0 1
5.10900987766 2.94363634944 1.23808005139 0 0 0 1
6.94208225628 -3.25915293 9.07734210775 0 0 0 1
-1.12488776787 5.94632008597 7.72711138025 0 0 0 1
2.02640745096 7.88914899652 2.07506628023 0 0 0 1
-4.00915759947 2.48616923938 -7.85158674575 0 0 0 1
-9.51825963985 5.3834810277 -5.1264829251 0 0 0 1
-7.18920833238 -0.234853220113 -3.49263439043 0 0 0 1
-5.32161237897 -4.88822187944 3.7452456912 0 0 0 1
-0.442886905039 -9.7383755301 6.79555112649 0 0 0 1
1.45117045103 -5.7411084336 9.19554674477 0 0 0 1
-6.6848748849 7.92384166058 7.77378589775 0 0 0 1
-9.40282166548 -4.36849419056 -4.33896006566 0 0 0 1
9.82925659444 -2.33927524057 9.7946281334 0 0 0 1
9.91150135268 2.07198480573 -6.67629541496 0 0 0 1
4.60528824993 0.226124401462 -2.41657200353 0 0 0 1
9.20477810035 -7.97405036897 -9.19819566024 0 0 0 1
1.50940323544 6.07831700229 1.29118673338 0 0 0 1
8.60592037301 5.96405361607 6.95558195096 0 0 0 1
1.96066431226 0.222705435542 -9.98347059664 0 0 0 1
-8.28487379466 6.08618355927 6.58209132903 0 0 0 1
9.12057936044 -1.24635642725 9.96361470168 0 0 0 1
1.52025087958 -3.19269799701 5.29882312788 0 0 0 1
-1.45868762427 2.2358065908 3.44889279289 0 0 0 1
5.51879978157 -5.76144928991 -3.56160497093 0 0 0 1
-9.10123372655 -8.65809201426 -2.63645466975 0 0 0 1
0.849791299319 -2.61935671846 -0.755619218335 0 0 0 1
6.3305965983 -5.26211179264 -3.86805083287 0 0 0 1
-0.517180228588 -6.4035370952 9.56719133408 0 0 0 1
-3.50779388434 3.15619636444 5.65892786011 0 0 0 1
5.95072225471 -3.99109363154 -2.06076218128 0 0 0 1
3.06799959612 -6.17683576932 -1.80112978541 0 0 0 1
0.328914068481 8.59620360878 -9.25945524803 0 0 0 1
-5.82295997192 8.23985413081 -6.76759814028 0 0 0 1
7.94985775209 -1.45421799279 -9.70927213974 0 0 0 1
2.94872988831 8.76637502074 -8.46456204777 0 0 0 1
-9.92611692446 -1.83959705466 -2.18255188272 0 0 0 1
9.22637420032 7.45906571638 -6.76333424551 0 0 0 1
3.10218524517 -8.4383266475 -6.11569831301 0 0 0 1
3.20313725862 -6.02178078414 1.98334421011 0 0 0 1
2.44495641542 -9.54096641517 -4.01261290707 0 0 0 1
5.60042317583 4.85327843982 5.57169797562 0 0 0 1
4.16088613901 3.8319617351 4.03940108279 0 0 0 1
9.51733906715 9.90188129098 0.656967275435 0 0 0 1
-8.86500656444 6.88678891683 6.63836986112 0 0 0 1
-5.26176284755 1.99575323205 6.50153049927 0 0 0 1
-4.01935845237 7.79607792898 2.82313845099 0 0 0 1
0.781568426639 4.71405683948 -4.29265984736 0 0 0 1
-9.38789487296 -3.08056622895 4.17872511298 0 0 0 1
4.57353149958 8.16004223788 3.27841997409 0 0 0 1
-2.40399177398 3.30687879873 8.72441811637 0 0 0 1
2.51560106198 5.25367977245 5.59583391833 0 0 0 1
7.94397408223 3.78423432178 9.58046589357 0 0 0 1
6.25804619328 -3.92052303359 6.28783939091 0 0 0 1
-1.88674050432 -5.47257268114 -4.46791411436 0 0 0 1
7.32803277962 -6.76756368513 6.47966038414 0 0 0 1
2.12340616974 -5.17371688232 -2.39323719909 0 0 0 1
6.34935103561 -2.25936133889 -9.99016610991 0 0 0 1
3.21918228213 -7.72857666965 7.65226729717 0 0 0 1
-6.59804654254 6.47686598986 -1.46203335119 0 0 0 1
6.60659011172 -1.89789442538 1.11879107881 0 0 0 1
-1.70412716158 -0.274168593294 3.24761719108 0 0 0 1
9.0708173869 8.58453235334 3.26640204962 0 0 0 1
4.97423417632 4.43430691992 -1.97297345043 0 0 0 1
-8.52547559222 5.73423376423 7.91135534009 0 0 0 1
5.23341542923 -1.43051602737 8.04258652382 0 0 0 1
-3.37443483897 1.9934567627 5.58781124319 0 0 0 1
-1.3997811319 7.66498077329 3.55818812902 0 0 0 1
-7.19395871754 -6.78205237249 -1.77661500114 0 0 0 1
-3.75405650327 0.201703002462 -7.87311708745 0 0 0 1
-7.19753477588 2.20525697758 -4.02829145232 0 0 0 1
1.30320916183 -7.09351730386 7.78153638743 0 0 0 1
-0.052886192533 -0.945017502218 -8.39378069478 0 0 0 1
-1.23633385449 2.65039921475 -8.80663173546 0 0 0 1
0.726328923434 8.19395454505 -4.0139782407 0 0 0 1
4.60689126874 -5.77446370808 -4.71784794641 0 0 0 1
7.92167214045 -2.60277259013 -6.31159091381 0 0 0 1
9.68383017759 -7.87694185186 3.12353354818 0 0 0 1
-0.294452684928 -4.41009497869 -3.83349299175 0 0 0 1
-8.99835779738 -9.9811963329 4.65924390106 0 0 0 1
0.49875441746 -3.44286534547 7.12614002919 0 0 0 1
4.64912901525 2.97821709021 3.61936623691 0 0 0 1
-0.779608722233 8.66216301083 1.82354516203 0 0 0 1
0.0202846496393 -1.75339254835 4.35313044278 0 0 0 1
3.98904913745 0.265338278087 1.85464649271 0 0 0 1
-6.07916685914 2.82359328978 -3.96127490464 0 0 0 1
-9.81679997253 -1.10099942315 0.864862616067 0 0 0 1
5.64431519135 -9.17513254438 -6.26552101876 0 0 0 1
-3.84250712631 9.3574258717 -9.30238682092 0 0 0 1
-6.7118742674 2.57892672987 -2.09947334019 0 0 0 1
2.53265810524 -3.99819393454 -6.37011983371 0 0 0 1
-6.17076915743 -0.851887686372 6.20783463754 0 0 0 1
3.54832351688 2.39747107543 7.12631605147 0 0 0 1
-6.79646829535 7.92996780577 -7.81755023053 0 0 0 1
7.61646200248 -4.61801007674 -8.09334759817 0 0 0 1
5.25671936487 6.23259038017 -2.35142103793 0 0 0 1
8.8324158034 2.78452189772 7.4524010549 0 0 0 1
5.8560271045 8.32683022975 8.35792692532 0 0 0 1
9.01699151479 4.74165787192 -2.34474513244 0 0 0 1
7.31389316792 -6.61486167777 -1.8894714423 0 0 0 1
-7.73789055586 1.060681127 4.63386695031 0 0 0 1
9.84781813573 2.44800999533 -2.49612103718 0 0 0 1
-8.47021931091 -7.02600126924 -0.309022636977 0 0 0 1
-3.04337513293 2.04949314996 -3.34956789526 0 0 0 1
0.648717704247 -4.34823903675 8.56611718761 0 0 0 1
3.85791980038 -9.59311485867 -7.34020697038 0 0 0 1
0.0612082516541 3.15228239695 -4.18205794767 0 0 0 1
-2.41767165348 -2.89559084662 -6.88189596151 0 0 0 1
-8.51564789569 -7.39494818794 -3.52345478215 0 0 0 1
-8.70248538796 -3.55015737827 5.97940764485 0 0 0 1
-3.71477768569 5.67945060011 2.784574562 0 0 0 1
-0.584231649628 -6.17481378398 0.977517970416 0 0 0 1
1.33876774017 -1.43085134008 1.69601054737 0 0 0 1
7.59732352877 -9.46064126459 9.59620202653 0 0 0 1
3.49099348086 2.81794898378 -3.43940215128 0 0 0 1
-5.56451153089 7.08864793818 -1.31130835579 0 0 0 1
-2.712107637 -9.39796834811 1.97692803416 0 0 0 1
-4.24458613809 2.48163027897 -6.52218676054 0 0 0 1
-4.60571658032 -2.19633544564 -2.12039264372 0 0 0 1
5.98389227313 -6.09913606057 3.71941989025 0 0 0 1
-6.84969615529 7.82471563471 2.35693491208 0 0 0 1
1.78680677869 -1.18343376178 5.30454994287 0 0 0 1
-9.31505490437 3.51886265117 0.243782942278 0 0 0 1
-1.70355318718 1.4593132403 2.54159904046 0 0 0 1
9.91274850429 -0.980818044044 -6.841519666 0 0 0 1
-0.849386636478 -0.752417741025 7.78112302067 0 0 0 1
-9.20851559289 0.560705903932 -9.72960936753 0 0 0 1
0.557570837397 9.1372192122 3.16525669115 0 0 0 1
4.48985716997 6.83442037026 -0.244560406347 0 0 0 1
-8.76672380759 0.793711736869 -1.46236657796 0 0 0 1
-0.822395221021 0.668595975917 7.78382995806 0 0 0 1
-5.03553062587 -3.40256314184 -8.6834261689 0 0 0 1
-8.83000849196 2.80311740129 -7.09107811216 0 0 0 1
3.76738805619 -5.96878646478 5.35142727035 0 0 0 1
-7.40951865346 -5.47509141363 -4.19227612135 0 0 0 1
5.55306134349 0.154400220295 2.47439426334 0 0 0 1
9.79579722223 -9.37763035847 -0.579839125445 0 0 0 1
-2.50751331853 9.2267041344 -3.90613700235 0 0 0 1
-9.94590781639 1.44351656036 2.81827219056 0 0 0 1
9.86578666298 -3.44006776946 -7.71468133833 0 0 0 1
2.12902127381 1.01493240194 -6.01299309061 0 0 0 1
3.90341636564 -8.08176394043 0.632523547151 0 0 0 1
0.0251321219694 -9.70101849391 -8.05726192112 0 0 0 1
-7.93857441845 2.47911920487 9.15724551149 0 0 0 1
-0.821862890514 -3.61661939529 -5.78271422766 0 0 0 1
-4.56173163038 5.46890869836 1.77830551312 0 0 0 1
8.52645429374 3.6430207583 5.5056104245 0 0 0 1
-3.19929922166 -6.87219744718 -8.37883445641 0 0 0 1
4.62374482475 2.12071374269 -6.83871051437 0 0 0 1
6.33398884122 5.73932235406 1.0774272087 0 0 0 1
-7.50227329324 9.45000928617 -5.77344423472 0 0 0 1
-8.97749779509 8.71563621389 1.77250680437 0 0 0 1
1.25699596247 9.94164560685 -7.78164713092 0 0 0 1
1.69911977512 -0.813628731984 0.694863945765 0 0 0 1
-4.87769273872 9.3612318588 -8.24021688848 0 0 0 1
3.62205922231 5.69216592179 5.28717943752 0 0 0 1
-0.26432768127 3.67244921181 -3.69495369932 0 0 0 1
1.97085390162 -5.59508636683 6.93883020961 0 0 0 1
7.61210814229 -1.09854070495 9.08289721581 0 0 0 1
-4.85441898358 -7.57514173396 8.48499846676 0 0 0 1
-8.264477757 -5.61408661676 2.12171509911 0 0 0 1
7.67972863415 9.78361022675 5.40165306849 0 0 0 1
-2.96969626044 -8.72825051171 9.42059917516 0 0 0 1
-2.89658897191 6.4347692492 -9.43113839802 0 0 0 1
3.8149679629 -8.95453913833 3.62037882281 0 0 0 1
4.78624339144 -8.19410270691 -6.70981965224 0 0 0 1
3.30660869107 3.91877351698 -0.0305949947215 0 0 0 1
8.29690859488 -3.96793147747 -8.01851325254 0 0 0 1
5.58921681971 5.28378815347 -8.31423298434 0 0 0 1
2.98582068643 -1.86630992245 -0.915048117339 0 0 0 1
0.459291023036 -7.93134661829 0.677701719425 0 0 0 1
-6.41252167096 5.27067720509 9.05850349076 0 0 0 1
2.76079098191 0.483307912697 2.21132707949 0 0 0 1
-9.10072562353 -5.3817959351 -6.78516723778 0 0 0 1
-9.27208698438 -2.82211813119 4.67188422576 0 0 0 1
-9.41716853749 -0.081134925433 1.09561666004 0 0 0 1
-1.61585396784 0.813692063357 1.26128160164 0 0 0 1
9.105818778 -7.08231434865 -7.01915515781 0 0 0 1
-3.81393173402 5.21854095889 9.82748790351 0 0 0 1
-4.58184604235 3.03737327069 -8.41046483341 0 0 0 1
-2.57850889211 0.619618783972 5.75957397115 0 0 0 1
-2.77105792546 8.4657643443 2.11707579531 0 0 0 1
9.10549253734 -7.82083496218 5.1862672465 0 0 0 1
5.55698562089 9.61165629942 7.08525195722 0 0 0 1
-9.41112440488 -2.16035057302 -8.47023555695 0 0 0 1
-6.56522640767 -6.93592638683 -2.48766721077 0 0 0 1
6.87045619657 5.58855253936 5.40240830808 0 0 0 1
-7.46528978781 -2.67740990803 5.68290562561 0 0 0 1
-0.245415232844 -2.84357081298 -5.55134523733 0 0 0 1
-9.82264623765 3.5959887338 -7.47632902585 0 0 0 1
-7.53533417991 -4.96826228831 1.30997259646 0 0 0 1
-4.54346588553 -7.42163617009 3.93484201017 0 0 0 1
-1.63012135904 9.2885412592 0.831815729696 0 0 0 1
-0.320568283033 5.71976640763 -5.99241889106 0 0 0 1
8.57888220712 -9.77013747317 9.69858222176 0 0 0 1
-4.50273529073 -2.07376538604 5.86428176569 0 0 0 1
4.12358397036 1.81461692639 -7.90944343225 0 0 0 1
7.19056741498 -8.53483001548 -5.87479160557 0 0 0 1
-3.09136322774 8.19379375363 9.75703885434 0 0 0 1
-8.15253107648 -1.32637489727 6.73516425817 0 0 0 1
4.6734306044 5.14462204745 -7.72061642616 0 0 0 1
4.44878160819 6.95408624175 1.15239839414 0 0 0 1
-4.01532702086 3.86953733187 -9.51501402347 0 0 0 1
4.77199057774 0.11158840326 -3.60805667118 0 0 0 1
7.90572064734 -4.6287190895 5.24449265494 0 0 0 1
-8.6923259792 3.40267833782 -7.19071310369 0 0 0 1
3.61414804167 7.37746466121 -4.73276347716 0 0 0 1
7.7167743752 -2.3865730259 -3.0162667206 0 0 0 1
9.91204830126 6.69805489699 9.1978907102 0 0 0 1
2.40033575986 0.912340613197 5.90697337243 0 0 0 1
1.6185006297 0.270309783777 4.6467028314 0 0 0 1
-1.83183352218 5.95198127171 1.68677973914 0 0 0 1
-5.19457892686 2.84721850017 8.75278412378 0 0 0 1
-2.30363013199 7.40529700695 -4.95001071591 0 0 0 1
4.89675635007 4.5360738835 -4.61057681994 0 0 0 1
7.28131917058 -5.51503987378 8.43816480565 0 0 0 1
-8.73138421058 4.57701720073 -6.1263839079 0 0 0 1
4.64437058506 -7.31186237459 1.44643979297 0 0 0 1
1.34403941209 -2.50829998289 4.50828457054 0 0 0 1
4.78041388461 -2.97305464696 7.41231749675 0 0 0 1
-4.30374677784 -3.97629403553 -9.91938150643 0 0 0 1
-4.0588611475 8.07826321459 3.16913263654 0 0 0 1
-5.25383329017 -8.26155459152 -2.07256822733 0 0 0 1
-9.05986903389 1.12867974639 9.56248747997 0 0 0 1
