1 0 0 0 0 0 1
9.4096194475 8.58367722259 -5.32824088407 0 0 0 1
1.47628082144 3.14771846032 9.06295845332 0 0 0 1
6.57100126524 7.89767819603 -9.27620021476 0 0 0 1
9.98013126131 -6.09784940461 -4.4065256187 0 0 0 1
8.27688510491 3.12078893467 9.91432982765 0 0 0 1
2.86930707446 0.109564858845 -7.84939183094 0 0 0 1
-0.0446124050137 0.457447788804 0.218390921177 0 0 0 1
2.04551077308 -9.11222536138 3.87148640846 0 0 0 1
7.96239993768 4.63205288068 2.82278883652 0 0 0 1
-7.90210194185 8.00429191136 -9.14915907782 0 0 0 1
-2.48334651167 9.34733197425 0.318943291483 0 0 0 1
6.44530144037 -9.08628655457 -9.89365851161 0 0 0 1
5.31713014198 -3.69799732842 -7.74659545323 0 0 0 1
-9.46927319969 6.77867159525 4.35887969462 0 0 0 1
2.18310265202 7.48120876847 6.44728191361 0 0 0 1
4.00700516939 8.83945973844 -2.71017984153 0 0 0 1
9.08283379137 3.32132859196 4.53904722291 0 0 0 1
-4.41197950398 0.602264867182 5.61604079191 0 0 0 1
7.71122884227 4.24275061926 -5.49516301945 0 0 0 1
2.64302366213 8.39712024745 1.80051912897 0 0 0 1
-0.0900233927763 -2.81172444025 6.60309146959 0 0 0 1
5.30339132736 7.75101144793 9.43577029878 0 0 0 1
4.87052090725 5.53472396774 -9.38934620649 0 0 0 1
-9.5728268221 8.25484540438 -0.585263931228 0 0 0 1
-4.57713170552 5.27449349869 -4.52453956181 0 0 0 1
-3.3251329442 8.51983551666 4.3947944004 0 0 0 1
0.7629327459 6.32618511686 -9.96930608097 0 0 0 1
8.90149740105 -9.75707617861 -5.72295048689 0 0 0 1
-1.92623185665 -6.65778817745 -8.35004590232 0 0 0 1
-5.60481376867 -4.27502034373 5.08573084974 0 0 0 1
8.22988684667 0.000725308203117 2.44624504037 0 0 0 1
5.56821480212 -7.59109862885 -9.4027426158 0 0 0 1
2.13251235111 -9.62087223208 8.5821461429 0 0 0 1
-7.49373622605 -3.54081030317 9.64413501419 0 0 0 1
-0.00792683538721 4.13927189121 4.44921889143 0 0 0 1
-7.42372748417 -3.00566783744 3.76787926573 0 0 0 1
4.11770134695 -5.2855344406 4.64771131039 0 0 0 1
-9.41816297803 0.503910352716 -9.38211510194 0 0 0 1
9.72935910963 3.73630421881 -6.07046368497 0 0 0 1
-2.36980499088 -2.23403123481 7.58623661359 0 0 0 1
-4.55056929603 5.23888790087 -9.94062128199 0 0 0 1
-8.82045494422 -4.06780846316 4.70339212446 0 0 0 1
-2.96891501946 0.520565956458 4.06342478781 0 0 0 1
-7.33912970157 -4.67352057172 3.00021048947 0 0 0 1
-4.43200733523 -7.79171454683 -2.93029090412 0 0 0 1
-5.56209131057 5.06644362647 9.32552224805 0 0 0 1
2.84450472021 2.0985037036 9.82838391745 0 0 0 1
-4.18640434281 0.545635310553 -3.83179382166 0 0 0 1
-8.91109628077 -9.28163200671 9.40463726676 0 0 0 1
-7.65681729248 1.54467524253 7.22860745643 0 0 0 1
6.20591528437 6.95298466879 9.7537391168 0 0 0 1
4.23242923924 -8.80912032472 5.55160907628 0 0 0 1
-4.49941392635 -9.69178738559 5.66739317212 0 0 0 1
7.23315390191 -9.72504311811 8.3207345958 0 0 0 1
-4.3887944246 7.20378969876 2.38840161363 0 0 0 1
0.987922273105 -1.77682949943 -8.72871402847 0 0 0 1
-1.26828402596 -2.30461573036 -5.14883961793 0 0 0 1
-1.12176738513 6.54182788875 -1.2262870641 0 0 0 1
-2.99683563705 -4.16628977802 -7.64327844529 0 0 0 1
6.36764419041 -3.81774370031 3.78175779684 0 0 0 1
3.69481203969 -6.93371251845 -1.63448389868 0 0 0 1
6.94132908035 5.46139318829 3.23628859799 0 0 0 1
-3.86931661068 4.50046817091 5.4481229638 0 0 0 1
-7.80408604822 -9.33335053751 -1.18063625021 0 0 0 1
-4.0285639824 4.34285031049 -3.80066642535 0 0 0 1
-4.91414115755 1.6579460809 -1.29613700801 0 0 0 1
-8.05242600652 8.86819097765 -2.6985721647 0 0 0 1
-4.85058157643 -7.14113655782 -5.043944349 0 0 0 1
-0.608070004661 5.70533487139 -2.81535986469 0 0 0 1
6.94715195504 -1.71446225629 -3.73076135658 0 0 0 1
5.40346388834 7.20186202189 -2.91003045861 0 0 0 1
-2.6271276363 -0.179747510301 -5.50817472333 0 0 0 1
9.32905647474 1.31471738227 -9.43288230621 0 0 0 1
1.73793595409 9.47304490757 5.30359418216 0 0 0 1
1.9549161087 2.60071101254 -2.72935860756 0 0 0 1
-8.28909916501 -9.19280515238 5.63632977159 0 0 0 1
2.30799170786 6.47240300131 -6.9039423366 0 0 0 1
0.323391437169 4.12818306993 4.2638237387 0 0 0 1
-3.08170352492 4.79588482546 6.72953072088 0 0 0 1
7.79055927445 2.61369754554 3.00912612566 0 0 0 1
-6.29693565944 7.06828580937 0.226782307559 0 0 0 1
-5.26735169743 -1.53258661514 -0.125782782246 0 0 0 1
-0.386911710044 9.00191521804 -3.07668487211 0 0 0 1
-3.91931736134 5.65454861963 -0.525396921813 0 0 0 1
2.82964548821 1.07920079265 -0.837729953788 0 0 0 1
0.0369822210897 0.597785000208 -4.79639855749 0 0 0 1
-3.65563261199 -4.72858885332 -7.96965770137 0 0 0 1
-7.4143081064 -0.18143911303 -5.49206889535 0 0 0 1
-9.56651476812 8.67304290748 1.8928314311 0 0 0 1
7.97564413166 -4.36488198031 -6.47717009311 0 0 0 1
-5.35850148205 -7.81263030804 -5.12467342369 0 0 0 1
-7.58520297235 -1.52417270803 6.39940950583 0 0 0 1
8.93865488433 9.37545211919 1.2924929403 0 0 0 1
-5.20903923788 4.63897019839 -4.96010784576 0 0 0 1
-7.01186550072 -0.437547810358 -5.96730634472 0 0 0 1
-1.91197738495 4.06820446144 6.57945733035 0 0 0 1
2.72756130849 -8.42366261212 -9.93503561061 0 0 0 1
7.25052568377 -9.29190624981 6.81564701236 0 0 0 1
-1.07579458328 -1.15277452637 4.44920045965 0 0 0 1
3.24163214353 6.51816999165 7.46441506468 0 0 0 1
-2.12496322255 -4.31282723745 -1.2905933831 0 0 0 1
-5.87938029805 -2.17635261831 6.26610551754 0 0 0 1
-6.33808396296 6.99934564542 -7.29196864521 0 0 0 1
-1.51209498637 -8.04692404584 7.35153928173 0 0 0 1
4.44533706909 -0.0195733639811 7.75990971124 0 0 0 1
-6.34259669496 -7.68175225723 -3.29409604637 0 0 0 1
6.59598986451 2.71832263006 2.90168655351 0 0 0 1
6.01072152474 -0.953663616278 8.79441718447 0 0 0 1
-5.99505579255 1.39796568175 -8.1924827338 0 0 0 1
9.16313620556 7.31238530392 -8.95739186722 0 0 0 1
-3.40900445375 9.55772901674 -6.38665337622 0 0 0 1
-8.67037471989 -0.820771093228 -7.82613340501 0 0 0 1
-0.562560135467 8.50093643449 3.75850692249 0 0 0 1
9.69238034303 4.99637704338 -6.4681463048 0 0 0 1
4.93232047492 -6.548152153 1.88070182869 0 0 0 1
-6.66130899909 0.931262073627 -0.033553863105 0 0 0 1
-4.22354651909 -4.1685387474 -8.99891102093 0 0 0 1
9.12775515843 -1.83436136779 4.05865857777 0 0 0 1
-9.64716700721 5.63957749788 -3.44537471352 0 0 0 1
9.33752914728 0.505573591099 4.37068008476 0 0 0 1
-4.72566346946 -9.70513199676 1.82013635924 0 0 0 1
-3.77594342032 -0.0420770054626 -8.4742231072 0 0 0 1
-3.25948985919 6.43510533335 -4.55337395684 0 0 0 1
-1.60908527969 7.56077977241 0.644079121549 0 0 0 1
-4.68725095277 3.23448772822 -3.19413766322 0 0 0 1
-8.14914419676 -6.09782700915 -4.66116296086 0 0 0 1
9.35246511381 -1.15195664867 -0.0522831429026 0 0 0 1
7.44296586377 -9.60131684719 7.11925431281 0 0 0 1
-3.79650334267 -5.54279819093 -9.37783371278 0 0 0 1
4.09273016221 -3.95822057949 9.34424777013 0 0 0 1
3.94884032891 5.04525422639 -3.41528378707 0 0 0 1
5.77991130492 7.33643547326 -4.43467045385 0 0 0 1
4.48440065774 -5.52378491127 5.87197556872 0 0 0 1
-8.91954658091 0.951148730868 -6.14381896437 0 0 0 1
6.29192085427 0.604903459846 -7.33001151492 0 0 0 1
9.76287066196 -6.36110649772 -4.91280594128 0 0 0 1
-7.64182725105 9.56466646151 4.34788568252 0 0 0 1
9.32754184524 7.91344845011 0.0706108244244 0 0 0 1
1.26383010711 6.4303749285 0.58355923264 0 0 0 1
-8.23511470915 -6.94830773003 3.69000480226 0 0 0 1
-6.00854865998 3.20668628639 -4.34374750931 0 0 0 1
7.16662182608 -7.65216324075 -2.61123926923 0 0 0 1
8.22921821419 1.05147355955 -4.20367429123 0 0 0 1
-0.111474057325 0.998347315685 1.54859320316 0 0 0 1
5.17762677673 1.86716292733 3.58124781173 0 0 0 1
-4.89024501213 8.22632333375 -7.85900316342 0 0 0 1
4.43895192409 2.55128982155 7.56191047461 0 0 0 1
2.77874930398 8.35731608607 9.55438363684 0 0 0 1
-2.21022808815 7.01843497022 1.88459790643 0 0 0 1
5.25801958446 -3.50101388211 -3.04904062927 0 0 0 1
7.79802984813 -2.23335380531 8.69927307715 0 0 0 1
-0.899965413785 -4.78025436259 -5.01850974718 0 0 0 1
3.62635259752 -8.18300535667 0.432731953298 0 0 0 1
6.72340924052 7.64698672722 0.731533834439 0 0 0 1
7.90430009775 -7.12170108195 8.79448147372 0 0 0 1
-3.75974792605 6.00552272972 6.19850362062 0 0 0 1
-9.63916766207 6.20245157093 -5.72995863638 0 0 0 1
-2.32963168594 -2.02930234625 7.34583424456 0 0 0 1
-5.39079586458 -5.91279669529 5.91998544595 0 0 0 1
5.06255640516 6.54504423109 2.22219272714 0 0 0 1
-5.63007573638 5.06313121479 -5.78747250159 0 0 0 1
9.64212055207 7.42430689966 7.2867341475 0 0 0 1
-2.33496823814 1.21634957186 1.19947736411 0 0 0 1
-8.27991462816 8.39248665276 -8.99788936302 0 0 0 1
6.27036218668 2.71149417831 8.83547627182 0 0 0 1
1.17732687012 -1.1488118622 -8.71466065321 0 0 0 1
-3.48267245251 8.44452705708 -9.93630717296 0 0 0 1
3.97182715819 -3.15870042142 7.37054823009 0 0 0 1
-0.969853503742 6.96484980606 4.69702450574 0 0 0 1
-9.76603167497 4.19872856628 -2.5632357588 0 0 0 1
-7.92743414432 1.26993901489 1.93939828579 0 0 0 1
-6.97376195831 4.98808024896 7.80864571027 0 0 0 1
4.70028616268 9.68118116963 9.90641232156 0 0 0 1
6.62415200577 -6.80966940558 0.422642154041 0 0 0 1
-3.67761394103 -2.10026018473 6.04590975652 0 0 0 1
6.75109205959 2.39337499764 -2.81360343851 0 0 0 1
-7.03092681182 2.73705686386 -1.8530538028 0 0 0 1
3.18109334946 -4.31713134201 -5.62179604844 0 0 0 1
9.84856636017 -8.73240176135 9.56106864419 0 0 0 1
-9.74767717626 8.85968288226 -6.21611050898 0 0 0 1
8.59987491587 5.61439393581 -7.40609570521 0 0 0 1
5.46690018964 -7.93630323522 7.08353558603 0 0 0 1
9.60436126772 -9.76639686322 -1.47654694097 0 0 0 1
9.65919286553 6.31162962563 9.99230223536 0 0 0 1
-6.00028691429 5.3044314998 -2.34936636715 0 0 0 1
9.40195477084 -3.59381501456 -2.87488479931 0 0 0 1
8.22705574824 -5.87137465437 9.86880971898 0 0 0 1
6.95111553623 -7.36463532378 -2.27863173825 0 0 0 1
-5.94720500493 6.52042405618 8.67117156889 0 0 0 1
-6.96062176732 -8.87847273273 -0.12134333416 0 0 0 1
-6.8836496603 3.98518457879 -8.86522575947 0 0 0 1
-2.61200028528 5.45216405591 -8.14422795508 0 0 0 1
6.13547739211 -4.35394279553 2.6869088588 0 0 0 1
-7.85498654985 -3.70440847036 1.1809273128 0 0 0 1
8.75159162988 -1.47313658915 -2.40657476509 0 0 0 1
9.49504937979 6.1030073513 2.54825570586 0 0 0 1
3.44853134729 -9.02905229591 4.39426605612 0 0 0 1
9.49014905194 4.90094650653 -4.08204335755 0 0 0 1
-3.38291692 7.49231453923 4.59073643164 0 0 0 1
9.22632102485 8.24547151053 -0.293686561348 0 0 0 1
6.53820314384 6.88670243707 -4.76501556145 0 0 0 1
9.35738337929 -2.72684509247 2.41203700709 0 0 0 1
-9.24383299861 8.7207548279 0.80043490469 0 0 0 1
9.59980867 2.97159249806 7.6529519137 0 0 0 1
7.51260721143 -5.55482890291 6.71438649407 0 0 0 1
4.40976518755 -3.9829733319 -4.54934722583 0 0 0 1
-2.99054170607 2.05493816195 -6.3627834882 0 0 0 1
9.15291541955 5.91641455205 -4.25039428656 0 0 0 1
-6.54392608668 -5.33560579948 6.13224803234 0 0 0 1
-1.40479070903 -3.47105830254 0.935950747598 0 0 0 1
-2.49617615991 -5.45559260776 -7.91854743042 0 0 0 1
-2.48262900063 7.20953237312 -3.19211035754 0 0 0 1
-3.03497632324 -5.05245148386 6.73020271571 0 0 0 1
0.473601391852 -5.54944277795 -1.32448068773 0 0 0 1
9.01186837145 4.74997398226 -0.15438903716 0 0 0 1
7.5947989405 8.44403794335 -7.46598057596 0 0 0 1
1.37279436284 8.99029903256 -3.38594820156 0 0 0 1
-2.64507965843 7.99221380649 -3.85798345793 0 0 0 1
-7.1393157454 5.54230359469 5.51897683545 0 0 0 1
-4.85736243964 -7.67093839415 -6.59535061259 0 0 0 1
3.80760384494 8.5163729903 1.11325469089 0 0 0 1
4.04050739652 1.85251601724 -8.85863648227 0 0 0 1
5.56958860446 6.41572771846 -3.57077315167 0 0 0 1
0.0930505840279 -8.96021695256 -5.11422033834 0 0 0 1
-7.19594336318 6.68111848167 0.01645564356 0 0 0 1
9.7131721391 7.88360862236 6.08491985683 0 0 0 1
-2.23533388473 -7.17566845629 -0.925554207559 0 0 0 1
-5.23645004288 -8.51222311313 -9.41078939113 0 0 0 1
0.28475680685 -0.0794902079097 8.22889825821 0 0 0 1
4.76114507742 0.252903701511 0.0830808054292 0 0 0 1
6.78995010118 -6.86272954799 5.29375604509 0 0 0 1
-5.1469625814 6.00389743938 -4.07842320993 0 0 0 1
4.35723685481 -9.09792974753 -4.53792695868 0 0 0 1
7.56614425843 3.05913107173 -6.31318633357 0 0 0 1
-2.41468660225 -4.05142774043 -7.70730567064 0 0 0 1
4.12791231905 -1.6286071508 -3.60458901413 0 0 0 1
-1.75201202783 -1.12234357235 6.73911379698 0 0 0 1
-7.02603212943 0.72165786733 -3.71389809395 0 0 0 1
9.05285125435 1.00810286312 -1.88737679911 0 0 0 1
1.5223549477 -5.68625670795 -6.30568957358 0 0 0 1
8.93156215529 -8.30969247786 9.84461592391 0 0 0 1
-5.25805322823 -6.63787777918 -3.55102302694 0 0 0 1
5.20160009884 -8.17315541449 -0.78997196326 0 0 0 1
-0.648140513555 -1.72489987621 -5.61543902096 0 0 0 1
3.18813383847 -9.67109152311 -1.58649272016 0 0 0 1
-9.97620219914 -1.33272741262 8.95770697994 0 0 0 1
2.88360376925 -6.57718367488 -6.22439743916 0 0 0 1
-6.30304092152 -4.78605661354 -4.29789003197 0 0 0 1
5.73186217019 7.65660908708 -9.80190611545 0 0 0 1
-6.51230052951 -7.80430764641 -7.25588932809 0 0 0 1
7.87324143317 -8.77875835901 9.0769052434 0 0 0 1
-9.62140539932 -5.4846273077 6.18726205844 0 0 0 1
-7.09880693421 -5.09403322902 3.73432614722 0 0 0 1
-3.27455069105 -9.35253868975 -6.28212170142 0 0 0 1
9.02128509166 9.60404772507 -1.70631886687 0 0 0 1
3.64232821804 -4.47544661087 0.720014908774 0 0 0 1
7.54644126871 -2.4057346606 3.38893633911 0 0 0 1
9.78390100511 7.4809913788 2.69409265651 0 0 0 1
-1.02820684923 6.72266349249 5.96168241219 0 0 0 1
2.73877310192 -2.85125382679 2.23729757613 0 0 0 1
1.01350234321 6.29795600378 9.57391364624 0 0 0 1
-9.67043881353 1.8391470381 -0.708790743223 0 0 0 1
4.09572873649 -3.81353620045 9.41162943833 0 0 0 1
8.38124141833 -4.42823349817 3.78066732161 0 0 0 1
-8.05476795064 5.82156767334 -9.53411807328 0 0 0 1
-6.45013975523 2.28705850213 4.87175187239 0 0 0 1
0.189945861448 1.08995313244 -3.13506455521 0 0 0 1
6.83586118257 1.41964302448 -0.859128961321 0 0 0 1
-5.33757719971 -3.92848753827 -4.31155858784 0 0 0 1
9.75860755158 -1.18374662653 -7.7606899072 0 0 0 1
-7.25173839941 -2.39917011165 9.40180337176 0 0 0 1
-9.72310368144 -4.32918523874 0.328001830664 0 0 0 1
-6.9770934166 4.1723731404 3.6303240967 0 0 0 1
2.19840936932 -3.6756090839 -2.38324696607 0 0 0 1
-1.34518375074 -4.74790971524 -4.41222049247 0 0 0 1
-8.66275698456 -8.90558303303 1.72098643224 0 0 0 1
-4.33254195433 4.69379705577 -8.03623540267 0 0 0 1
-0.8556944389 -6.28963285938 -7.38011170983 0 0 0 1
-3.51397010197 6.46373258257 8.40730487057 0 0 0 1
1.80114818744 5.13220448657 3.22085539109 0 0 0 1
-8.017959121 -6.65121463435 -1.48577972593 0 0 0 1
3.78680830145 -0.485800377229 -6.04314667561 0 0 0 1
1.54448760077 -1.30922431432 2.53534344257 0 0 0 1
4.45425573224 8.13249808559 -9.70492395675 0 0 0 1
-6.14887077123 6.7354697416 9.82011293489 0 0 0 1
1.61516760694 -7.85569328974 -8.66230657137 0 0 0 1
0.2760368679 0.60438518657 6.86747733417 0 0 0 1
9.00013543873 -8.32792163707 3.69910441375 0 0 0 1
-1.52912428935 0.738656958732 -3.54979699596 0 0 0 1
0.170184024074 9.42803427268 -9.94437839082 0 0 0 1
-6.49825930668 4.00987455359 -2.12445378761 0 0 0 1
-6.97865680404 6.55702455623 9.73530488191 0 0 0 1
1.9416096331 -6.42943225331 6.29338366327 0 0 0 1
-2.01347884033 2.39187012319 -8.58240201695 0 0 0 1
-1.10352101621 -2.70043584041 4.33191394752 0 0 0 1
-9.91082602997 -8.73541924644 -9.18656441512 0 0 0 1
3.76292505242 -5.47803964897 8.28502459698 0 0 0 1
-6.26423903748 -2.41640362382 -2.87701815855 0 0 0 1
-6.65510782766 -3.67101662017 0.869417606809 0 0 0 1
7.04720712636 4.55290503468 9.41401216643 0 0 0 1
2.17609088546 -4.49779737248 2.49713404995 0 0 0 1
-1.47100618735 4.40295585577 -6.60911728691 0 0 0 1
-0.838386306218 -7.44357085417 7.8897509647 0 0 0 1
-0.896852648418 4.2397939195 -1.88173404323 0 0 0 1
4.6608171042 7.35660199105 -7.73815826206 0 0 0 1
-4.00720286732 2.21432059037 9.97560920998 0 0 0 1
5.78462784896 5.68714758146 -4.36769305626 0 0 0 1
1.97295912217 7.64878694552 1.09963338038 0 0 0 1
8.29989030808 2.04232565876 6.66664206661 0 0 0 1
3.01806966745 -3.17585727716 -0.468925390269 0 0 0 1
-8.52143149212 -6.81293555215 3.36089479886 0 0 0 1
-5.69312732529 4.42883043277 -8.8272508371 0 0 0 1
2.11171601012 -1.02175375168 -6.16967977535 0 0 0 1
5.09618209525 5.88725717651 -8.26493535037 0 0 0 1
4.68201611634 -9.07913069973 -2.29674534833 0 0 0 1
2.12833261259 3.77798058756 -0.683370643426 0 0 0 1
-9.3681025208 9.83068034815 -3.94919177004 0 0 0 1
-6.70853646985 -7.33189213338 -0.914812081457 0 0 0 1
-7.30801230188 -0.0625934363052 5.68752837958 0 0 0 1
8.81799858848 -2.68971849606 -6.62870608154 0 0 0 1
1.03148787381 8.33581158227 -9.35662576984 0 0 0 1
-7.95541911397 0.567715510947 8.38696699419 0 0 0 1
-2.70176282338 8.14291888702 5.97167979178 0 0 0 1
7.40258952831 1.04790071603 -8.81562722586 0 0 0 1
8.4072381633 -4.08420304454 -7.00400701111 0 0 0 1
9.51334034523 6.37425987926 2.97849864555 0 0 0 1
-7.90303632311 -4.18420803546 7.76451727926 0 0 0 1
4.90281480251 -3.83944417421 9.63161382891 0 0 0 1
-5.34862120198 9.42455837828 2.82527234724 0 0 0 1
4.83109119989 -9.38114092708 2.22795423487 0 0 0 1
-4.25924271912 2.34467472579 -0.359419038174 0 0 0 1
-8.45490414695 5.66133710205 -2.84255248335 0 0 0 1
-3.0871468599 -1.65236831909 -7.72840355157 0 0 0 1
-1.62449475344 5.17722096587 -4.00154521344 0 0 0 1
-3.33668542497 -1.26283227606 4.92912194867 0 0 0 1
-8.01716928404 -2.3675334963 -3.58638100857 0 0 0 1
8.44245810188 4.56815089456 -6.67363728888 0 0 0 1
-9.29503844242 -4.38896803987 7.51227694728 0 0 0 1
-3.53469510044 -3.70198468846 9.01231921571 0 0 0 1
-4.10015133606 -2.41029347582 -0.293284271963 0 0 0 1
6.60497624344 5.69949353555 7.28813428243 0 0 0 1
-2.16553467994 1.49808758028 0.395647250526 0 0 0 1
-0.642846696544 -9.14283766314 3.81562125696 0 0 0 1
0.574580807804 -9.34209040517 2.93710823912 0 0 0 1
9.50711156325 0.0345305039737 7.79489483718 0 0 0 1
1.49128994395 4.90660105128 5.05045355846 0 0 0 1
-4.61242453279 3.06113997163 -6.98704816905 0 0 0 1
0.909735958092 4.51998525244 -3.96289951006 0 0 0 1
5.4828536051 -3.28508772289 6.9830450866 0 0 0 1
9.44980656041 -1.08347459434 6.09020226446 0 0 0 1
2.72572639179 3.08901606458 0.358517321297 0 0 0 1
-5.64232079248 4.87163361908 -9.6501868475 0 0 0 1
-8.15550003553 4.62778972779 4.22515066452 0 0 0 1
2.85087609588 -1.42716990946 -0.971928385982 0 0 0 1
-7.52732521451 -2.26399523135 4.20415002633 0 0 0 1
-1.52152275236 -7.8024529437 3.83420794357 0 0 0 1
-7.44635931211 0.542995714017 -5.01116891209 0 0 0 1
7.9517770041 -1.42224772773 0.294758748758 0 0 0 1
6.36491589007 -7.68683734199 5.30507645532 0 0 0 1
5.11527063409 1.42418720001 -5.24741972046 0 0 0 1
-3.789798986 -1.85695100438 9.1228253068 0 0 0 1
-0.601258440748 -2.13798234967 9.38928588769 0 0 0 1
-3.93932422788 -6.56759826455 -1.50247627753 0 0 0 1
4.15867148147 3.91533546495 -3.26230044266 0 0 0 1
-7.62781321757 4.89239999111 2.90735192933 0 0 0 1
-1.49591930185 6.04680486815 -2.5022241954 0 0 0 1
5.22697599183 -1.62346337392 -1.31124913018 0 0 0 1
3.11283663325 5.14104249541 -3.27158576051 0 0 0 1
9.65423365895 -8.36813224796 -7.71098082148 0 0 0 1
4.69941533451 4.35169554203 -4.7523473595 0 0 0 1
4.62345947313 -8.60888188381 6.11844485828 0 0 0 1
9.84854991276 5.5799564155 9.3409209449 0 0 0 1
-2.65483733585 1.31360051858 -1.34988869951 0 0 0 1
-9.68064726362 -9.71220360221 -2.49654866323 0 0 0 1
2.90433592686 -5.09619631819 -2.11067943158 0 0 0 1
-2.51925606564 -8.01743637687 7.14034620182 0 0 0 1
4.40006879083 7.29061131914 -3.74845111127 0 0 0 1
-0.835850088236 4.95570464756 -3.88166062958 0 0 0 1
-9.16695868715 3.70129684006 1.30200140741 0 0 0 1
1.58020131091 2.13053857279 6.89481428409 0 0 0 1
3.66535710252 0.981136602975 6.11131495008 0 0 0 1
2.69285543139 -5.42138486731 6.17814949545 0 0 0 1
8.74489679064 -7.89715936421 -2.61537868129 0 0 0 1
-7.97334319067 -5.42934036711 1.17970364308 0 0 0 1
0.604642228805 -1.50004212548 -5.95179959416 0 0 0 1
-2.89429836234 -6.37657568094 -9.74067719889 0 0 0 1
-8.52478209173 -6.53616411766 -0.856538221726 0 0 0 1
-7.27044596757 2.11570552436 -1.13397162665 0 0 0 1
-8.63367533705 2.48823191887 6.12327500881 0 0 0 1
0.414901239325 -2.10039109142 8.44572762611 0 0 0 1
-0.817845438464 6.99350869885 9.90567609356 0 0 0 1
-9.31558685696 -4.81939559168 5.7899803627 0 0 0 1
8.49561453353 -1.80892882538 -1.78775002535 0 0 0 1
-5.11504604793 -9.30853787429 -9.32539491753 0 0 0 1
-3.52569712418 3.66398561284 6.38980004697 0 0 0 1
0.938315448427 9.74817953034 3.72313013761 0 0 0 1
-0.892933276917 2.68583212716 6.62447989433 0 0 0 1
1.09213610156 3.567012474 5.22983607426 0 0 0 1
-9.05582757418 6.85304579148 -3.94372885169 0 0 0 1
2.7879335746 7.86566765005 -0.961247500864 0 0 0 1
0.86024323132 -0.934902331789 -4.51426837352 0 0 0 1
-5.61312418834 0.20405801586 4.26131345101 0 0 0 1
9.63180953819 -2.87210297893 -5.83698965466 0 0 0 1
-1.52909174049 9.07789413955 -3.40249018588 0 0 0 1
7.89576635085 8.43325164056 -9.43111022678 0 0 0 1
5.8846091044 0.727137086709 1.97018826789 0 0 0 1
3.62282916222 -0.517711620758 -2.39796199615 0 0 0 1
7.7789805589 -1.16108328752 8.3989459836 0 0 0 1
-3.53506080828 4.79990146559 3.74970963627 0 0 0 1
3.04430648269 -1.49689551888 8.74826510271 0 0 0 1
-0.0568791735492 -2.73198863388 -3.13057584702 0 0 0 1
-8.74676607745 4.7158489164 -4.74747332673 0 0 0 1
-7.22957624089 -8.29432275554 4.22174449782 0 0 0 1
2.19805850725 8.53756806535 -3.28337307928 0 0 0 1
5.57616119837 0.112283880252 8.85607522521 0 0 0 1
-9.43732494232 -5.34683683488 5.8289648859 0 0 0 1
-8.39810989501 7.67003452093 -8.79762215334 0 0 0 1
2.82430333477 8.33569550767 -1.46279081109 0 0 0 1
0.811939663229 6.81538152941 -0.828590066544 0 0 0 1
-0.489387020226 -4.90522608558 8.67136357089 0 0 0 1
7.74661824858 -7.1339984645 -5.79938726127 0 0 0 1
3.2634190548 -2.20762089495 -8.88957586915 0 0 0 1
-1.14433776537 -2.42246257037 6.00604053648 0 0 0 1
-8.39947835644 8.40422247586 5.9967221528 0 0 0 1
-0.0322494129163 -9.77461774209 -5.59604421874 0 0 0 1
-1.19268065312 2.97048576474 2.74602291238 0 0 0 1
-3.56856552382 -1.01690586793 -6.59241469077 0 0 0 1
-5.29544725049 4.4654545872 -4.00688448853 0 0 0 1
-3.04576407724 4.07749134844 0.436122638193 0 0 0 1
1.05656629041 -7.44122220451 -2.32906836225 0 0 0 1
-0.340161597306 -7.86521029457 5.54153748661 0 0 0 1
-7.5462137441 1.21971857942 -7.1865020978 0 0 0 1
-3.42744062072 -0.00837072644265 2.20866681525 0 0 0 1
0.364658292864 1.70676422078 -3.47551988903 0 0 0 1
2.53816093237 5.2160427548 0.126978279246 0 0 0 1
-7.43402458131 5.90889722144 9.67555559513 0 0 0 1
9.20436460608 -4.09855511453 7.43157040787 0 0 0 1
-4.49023084688 9.36830634028 -2.01985310616 0 0 0 1
6.5946720556 4.81988179657 -1.44318617078 0 0 0 1
0.659534655373 -3.56492728354 -8.29014024897 0 0 0 1
3.03600045362 -3.35394326855 -1.58983020105 0 0 0 1
-3.49226538443 -2.44674508243 -0.792660733358 0 0 0 1
-8.89094010968 -4.58258748325 -9.8252384159 0 0 0 1
-9.01489677846 -7.72032486025 2.9648224134 0 0 0 1
0.356200555203 4.55599107048 4.10844319839 0 0 0 1
-5.30952359555 -1.45094111189 7.92090023098 0 0 0 1
5.06553542892 -0.578542057545 -6.01466763846 0 0 0 1
-3.07660490743 -7.65873141823 5.99530299655 0 0 0 1
-1.36057302096 -9.70913716558 -7.08396364324 0 0 0 1
0.0765506886836 0.81382984523 -1.54623328081 0 0 0 1
-7.84091208823 8.90611335694 5.43331628476 0 0 0 1
4.08709163756 -7.72464841787 -9.18372036328 0 0 0 1
-5.03454048759 3.25492102526 8.75594954274 0 0 0 1
6.82053003339 6.29022235624 9.33456900548 0 0 0 1
-7.16015352395 3.85448923645 0.528294251198 0 0 0 1
-2.71278752131 -1.87732126395 -3.48517968164 0 0 0 1
-9.26685466814 5.92422386045 0.194788970695 0 0 0 1
-5.53356385744 7.37412494977 7.19324732301 0 0 0 1
2.96051520428 2.15816587588 -8.6139271864 0 0 0 1
3.77683356122 6.75693874821 4.42799251594 0 0 0 1
-0.0567784349859 3.98610933824 6.90947859131 0 0 0 1
3.34124999649 -2.46542820799 -5.86420156833 0 0 0 1
-4.71016745751 1.53372521133 1.13999476499 0 0 0 1
4.39289514487 4.03950579121 6.9172006284 0 0 0 1
4.55165590964 8.33066868336 8.27231369125 0 0 0 1
6.23869758821 4.64346468702 4.84536001856 0 0 0 1
3.95016131837 5.30689873927 8.62991961584 0 0 0 1
-9.38690272252 -7.51435879958 4.6004823436 0 0 0 1
-2.30289202275 5.69564459732 2.14870179339 0 0 0 1
6.03259791661 6.04977152614 1.71038200101 0 0 0 1
7.56281882522 -1.45347288475 9.42476466394 0 0 0 1
8.67665943459 -4.59939105083 -3.9924639474 0 0 0 1
-1.15279473961 -4.09304936994 5.18512293924 0 0 0 1
4.73552275905 8.77715750002 -4.79680903356 0 0 0 1
4.81400454592 -0.356829323118 -8.59495793402 0 0 0 1
2.29664979014 1.30903907096 5.39971910334 0 0 0 1
-8.75784148781 7.9449593477 3.53691087704 0 0 0 1
-6.75624647727 -8.91210764765 -7.08461488036 0 0 0 1
-6.94842242152 -9.78134670252 5.54927384733 0 0 0 1
-5.16112571062 9.23141343337 7.61507375292 0 0 0 1
0.370173713583 -1.03100323117 6.17511155049 0 0 0 1
8.77476822432 0.667207565703 -5.89906260149 0 0 0 1
-7.02684151037 2.12040429955 -5.03608651993 0 0 0 1
-4.81856276725 -9.23428960134 -0.870183016081 0 0 0 1
-7.59555080932 -6.31939658593 9.14456047874 0 0 0 1
-9.28352071088 4.09713795425 6.07913997016 0 0 0 1
2.10369826779 -9.81296406886 -4.94507933344 0 0 0 1
1.48160631547 -2.26405235139 5.28623303798 0 0 0 1
1.51582710916 8.95223267651 4.4636532837 0 0 0 1
-0.453452921203 -8.26395943098 -5.97557881339 0 0 0 1
5.96405938239 5.7814190903 5.13009102233 0 0 0 1
-3.50122728824 1.94762287433 0.795234508605 0 0 0 1
8.60744999376 9.47347025458 7.12516713488 0 0 0 1
3.8166680214 6.99691637181 3.24635346978 0 0 0 1
-9.15604763472 0.158492609534 8.52059376316 0 0 0 1
-6.88885029298 -2.05703023848 -1.01854978455 0 0 0 1
-7.47214638328 -8.35653643168 -6.32648421239 0 0 0 1
1.47519796631 -8.30870025043 9.80577450199 0 0 0 1
6.84566526014 -5.05517946918 8.71760891863 0 0 0 1
-7.77603701222 1.48346938448 7.56541729011 0 0 0 1
-3.13462585861 6.90205740952 -2.08125118688 0 0 0 1
-9.63454539856 2.78218094965 -0.944676437835 0 0 0 1
-3.21441320087 -1.49198436786 9.0127154337 0 0 0 1
-8.90107113024 -5.57609656548 5.62146209683 0 0 0 1
-3.75322742149 -8.42856050948 -8.19299101423 0 0 0 1
-8.75762419762 -7.68861608765 -1.56844857249 0 0 0 1
3.53560928014 -6.03737105755 -1.52585229275 0 0 0 1
8.53494919586 -8.93870163825 2.46846725576 0 0 0 1
-2.6601079245 1.43328715045 -7.06240226387 0 0 0 1
-6.18274522482 -7.49591267493 3.12173877333 0 0 0 1
-6.51192708191 -7.24037827614 6.42462042011 0 0 0 1
5.44466715866 2.82939482083 7.58495395705 0 0 0 1
0.0344423804488 8.73133177595 -6.99267338128 0 0 0 1
-7.91704534431 -4.07615670313 -9.24894790502 0 0 0 1
-7.88655814446 8.87155372311 3.16481266864 0 0 0 1
8.00657935823 7.59510378352 -1.1603040683 0 0 0 1
0.459238944254 7.16281743628 1.04346846714 0 0 0 1
6.32937197754 -6.32644279509 -9.0431830904 0 0 0 1
2.3137080293 9.78601108759 -6.29274443084 0 0 0 1
-0.00867746529067 -8.92617235999 -9.37282767569 0 0 0 1
1.06698534593 4.85029929261 -5.24377804861 0 0 0 1
7.2397325468 -8.3774591947 4.21026515759 0 0 0 1
0.38079717656 7.3341024078 -5.08729026888 0 0 0 1
-9.87967931182 3.78359290505 -8.57458626591 0 0 0 1
-9.66482839502 -8.13560084551 -2.40926452587 0 0 0 1
-0.557960996456 9.32055106748 2.53322762059 0 0 0 1
9.41711316476 6.79952347897 -3.23244427332 0 0 0 1
-4.40595175776 -4.99074510972 -4.26055230232 0 0 0 1
2.74918446538 -9.59147326939 -5.7147636865 0 0 0 1
-3.90683102038 -0.234186853383 5.28826258457 0 0 0 1
8.05517079515 -2.45356803197 -0.809751668754 0 0 0 1
5.20989156292 -0.245071820463 -0.210611577711 0 0 0 1
3.96675113348 -7.1698395361 8.34362470213 0 0 0 1
-1.20333851114 -2.87477048238 -0.0916431219769 0 0 0 1
-8.26479992233 -1.00776924515 -3.95350878539 0 0 0 1
-2.87146589093 -8.92821624929 -9.04493551696 0 0 0 1
2.86107767054 1.77455318352 -1.94831828034 0 0 0 1
-1.12964587982 9.76655751368 -3.0470486295 0 0 0 1
-2.87132302723 1.16966189824 -5.84016996946 0 0 0 1
5.4180924601 6.65654370634 8.43739071917 0 0 0 1
-4.62357823902 -8.7086944938 8.34611831626 0 0 0 1
7.94968428348 4.98372819917 -5.27533437106 0 0 0 1
-6.40586244064 8.96858695044 -7.81478121439 0 0 0 1
-1.50882260178 -5.33050489924 9.44578340615 0 0 0 1
7.97490123562 -5.05882737486 7.47057252552 0 0 0 1
5.15510260959 -8.30079790906 9.85204966157 0 0 0 1
2.85541644425 -8.80403021171 -9.32462973825 0 0 0 1
5.3573059875 -7.45535824022 2.59549485268 0 0 0 1
-2.9568892482 -0.162237028832 -7.01369388309 0 0 0 1
6.96729078734 -2.86912970822 -2.92361595585 0 0 0 1
2.45182803474 5.69148695254 4.1471127278 0 0 0 1
2.85792749222 -5.37299804949 -3.12848347089 0 0 0 1
8.39188199048 -3.74477267066 -8.39640283514 0 0 0 1
7.68231785299 0.555552835309 -0.91473538464 0 0 0 1
-0.729376133477 7.36494288827 6.22847365244 0 0 0 1
1.47697619834 -4.17570358075 3.06022694908 0 0 0 1
-4.41298987949 7.48118603558 5.23208543138 0 0 0 1
3.43209612701 6.19232814172 2.05859042338 0 0 0 1
6.33695485176 7.36254090778 -2.58052152181 0 0 0 1
5.95208532575 6.59426422821 -2.46684663463 0 0 0 1
-6.72437729931 -2.74178674145 -0.819527248256 0 0 0 1
-1.43800491268 -8.79395306791 -5.23507422283 0 0 0 1
9.5552988 -7.31828228227 -3.55233010688 0 0 0 1
-7.65463453204 2.07386877408 -5.27578390311 0 0 0 1
-6.86668593603 -7.14309980897 -2.36335984379 0 0 0 1
-4.20810695198 2.28375612354 -3.2157589146 0 0 0 1
-1.47418792226 0.766822160275 -1.20547502344 0 0 0 1
8.61348023684 -7.45880031509 0.791334782949 0 0 0 1
6.55751732871 3.53905291589 8.61199972657 0 0 0 1
4.87196261466 5.75254862414 -8.85017473258 0 0 0 1
4.39344806205 -8.79196167701 2.18430174589 0 0 0 1
-2.93876999346 1.7458076459 -0.0323221833415 0 0 0 1
-7.12910734066 2.98314562082 -4.32614858158 0 0 0 1
4.09944141839 -0.633797746432 -9.06154271866 0 0 0 1
7.4236266988 8.59339737493 2.31036209171 0 0 0 1
-2.2081791687 2.81959676955 -0.92632608975 0 0 0 1
3.94933101209 1.27365762319 -8.1905686398 0 0 0 1
-1.65537937859 6.33186116581 -4.35716010085 0 0 0 1
-6.12930811869 4.96604474899 -5.49193910771 0 0 0 1
-0.470396510868 5.05003730247 9.85180632308 0 0 0 1
4.55773881073 -7.01913204439 -3.30066617193 0 0 0 1
-0.21179388862 5.74377831413 7.48356391064 0 0 0 1
4.24610262422 1.63873605757 1.15330160032 0 0 0 1
-9.67721270075 7.2095442761 -5.18634932975 0 0 0 1
1.01550908488 6.80395970189 -5.24085540447 0 0 0 1
-8.02707879638 -7.11049440523 9.38020146269 0 0 0 1
-5.19300580597 0.351938317137 6.73376083928 0 0 0 1
1.28965745472 7.47948091328 -9.82370941087 0 0 0 1
-1.45942799657 -7.10316457892 2.48449991564 0 0 0 1
9.65637810653 2.94522782698 -0.690076950779 0 0 0 1
-8.43195895454 8.53006502219 -0.630066612152 0 0 0 1
-9.48594554563 -7.0306082338 3.29441571397 0 0 0 1
2.89032073513 4.20600757298 4.6034086644 0 0 0 1
8.75364577743 0.484751195241 -0.540784893286 0 0 0 1
-5.48483569494 2.87146890625 -1.30604192848 0 0 0 1
0.897482765333 -6.10200341032 0.598322336098 0 0 0 1
5.98246735919 1.95080713546 -7.93800057663 0 0 0 1
-5.33209998379 -4.04052935077 4.86511802867 0 0 0 1
4.77596503645 -6.00128551379 -5.66993425765 0 0 0 1
4.9353407195 -2.86388062594 2.62313418714 0 0 0 1
-7.0762328213 1.1698575354 7.44227361572 0 0 0 1
-4.16534506529 -4.74202459561 -2.08013619081 0 0 0 1
-2.02657856488 -5.48392358133 9.1603177371 0 0 0 1
-1.20330782385 -8.65851717418 -7.86052430507 0 0 0 1
0.540370102774 2.09651160423 -2.08253168074 0 0 0 1
-7.79375703989 -9.98555245246 -7.94479092269 0 0 0 1
-6.47027607936 3.96130252108 6.70544853102 0 0 0 1
5.27342215533 0.600232514439 5.63832605912 0 0 0 1
9.4743702654 -9.19557129198 -1.57542442268 0 0 0 1
-8.85964237878 -6.96594283014 7.02097587541 0 0 0 1
8.79504451485 3.96239102192 2.91322268807 0 0 0 1
-8.37842827367 8.41715150868 -0.872705936472 0 0 0 1
-0.406382965061 1.81742958216 2.23778960462 0 0 0 1
-8.90561056583 6.04744770036 6.05752702537 0 0 0 1
-7.33360970384 7.31165651877 5.44331201543 0 0 0 1
3.31658446142 5.62437545111 -0.534602362961 0 0 0 1
6.29614084787 -6.8678684294 8.44680543589 0 0 0 1
-8.19998096128 1.67727395457 7.51238009428 0 0 0 1
7.86576659565 -1.44839746166 -0.486118000736 0 0 0 1
-3.36070747301 0.101096811862 4.89026230055 0 0 0 1
-2.44694127284 -3.34890606742 -0.951200735241 0 0 0 1
7.49584504783 7.02205283948 5.39733820775 0 0 0 1
3.3714264244 -7.51101746114 5.09723413371 0 0 0 1
4.71395291543 2.7177231917 6.39478034533 0 0 0 1
-6.94658859922 4.72969969589 -3.62111228846 0 0 0 1
-4.9608496591 -0.927253900776 -9.03928303831 0 0 0 1
-9.95744730897 -5.03371584544 6.75718106394 0 0 0 1
-0.300896325782 -9.7227810611 2.26208913814 0 0 0 1
2.16141202027 6.51864002173 8.52605452933 0 0 0 1
-5.95984820486 -7.5511853946 -5.91513046692 0 0 0 1
4.72917136032 -7.6693009123 8.03124556702 0 0 0 1
-8.02196725521 -2.92837981327 -4.68631922803 0 0 0 1
-2.39838129116 -0.0213614812238 -8.97244291188 0 0 0 1
-3.98430853826 -7.03347657793 2.10312755607 0 0 0 1
3.04791663647 3.78460627591 -5.85382690145 0 0 0 1
-0.990367726781 8.82012014918 -5.18624459097 0 0 0 1
5.63333056869 3.60087564384 -9.13563580757 0 0 0 1
-1.86663057712 5.68000141011 0.659438569017 0 0 0 1
8.92518665576 1.81617452611 6.82238259473 0 0 0 1
3.21157397021 -0.470433141632 8.89488989234 0 0 0 1
1.32811388007 -3.28168123082 -4.78665627626 0 0 0 1
5.73799663015 4.7270898348 -2.36101337174 0 0 0 1
5.11445496863 7.09947410232 0.406487984528 0 0 0 1
0.154086567224 -3.44414372948 2.71217131017 0 0 0 1
3.20818825203 -1.17383637015 -1.66764391521 0 0 0 1
6.50116053682 -6.04007774279 -1.31154637243 0 0 0 1
6.21445741776 -8.68289426522 8.82876097116 0 0 0 1
3.79744013503 -5.79775303079 -2.03541296934 0 0 0 1
-5.14112888451 4.62236231614 4.81981770927 0 0 0 1
-1.44755427839 2.48598518427 -1.13053000501 0 0 0 1
8.25507042222 3.14407083983 0.61092902323 0 0 0 1
3.10907878189 7.11247544825 -2.89960367764 0 0 0 1
-6.25860840904 2.95144103754 -8.30181202346 0 0 0 1
-4.20410096882 -2.15295019427 5.86153682966 0 0 0 1
-8.35512680721 -5.64352521106 7.86504481777 0 0 0 1
-7.83085789153 1.47174224529 5.01277195204 0 0 0 1
8.35479537257 0.152240825994 3.96452298871 0 0 0 1
0.911276249532 5.76701791491 1.57518785901 0 0 0 1
6.47927088498 7.00637137922 2.39431852537 0 0 0 1
9.3980311876 8.7968179741 -4.64145023262 0 0 0 1
0.249585301995 5.40967515579 6.29726550843 0 0 0 1
-3.83432992468 -5.62813717287 -0.802299750941 0 0 0 1
-1.41573811435 2.00579382003 -2.05385438164 0 0 0 1
-5.90067653692 8.60697056756 -2.86630809008 0 0 0 1
2.12723623392 -7.48848883055 -2.06334815608 0 0 0 1
7.11202200833 9.66902207468 7.83803712437 0 0 0 1
-0.0764588631828 -8.74490030812 -6.50168594756 0 0 0 1
1.74080564015 5.916710944 1.15229746013 0 0 0 1
-0.0943846885604 -0.957733069639 8.35089802658 0 0 0 1
6.29546212178 9.44762637865 5.85936377183 0 0 0 1
-0.93662779685 7.61584454398 8.53989809188 0 0 0 1
2.17375907699 1.01853251007 -5.28487397416 0 0 0 1
3.47173041089 8.69665158181 5.43501298375 0 0 0 1
-2.00979992861 -3.55676158513 6.80242947469 0 0 0 1
-7.35765397326 -5.36839571408 -8.55695022534 0 0 0 1
-0.453578620893 -6.40724465964 2.21196947993 0 0 0 1
4.56838072639 -8.44426440496 3.77331809937 0 0 0 1
7.43486049127 -6.172114368 -0.741501371249 0 0 0 1
7.46477513042 8.56465252048 -0.880618719335 0 0 0 1
-3.11027951082 5.11717857191 2.77033953751 0 0 0 1
0.663338853879 0.998724692158 2.44519509129 0 0 0 1
7.48131911522 -2.66378494091 -1.0100992747 0 0 0 1
1.93856673745 -7.63604557948 -4.34650625727 0 0 0 1
-7.97628337042 -5.7629887911 -2.34309060831 0 0 0 1
3.84637128997 -0.454114428372 9.757613654 0 0 0 1
-5.60514785932 7.28977807242 8.48942692097 0 0 0 1
0.215520795436 6.26589342585 -1.2641129183 0 0 0 1
0.216111300184 8.61100317354 -6.89972595708 0 0 0 1
5.78955130318 8.00568097118 9.38944665939 0 0 0 1
4.97905707749 8.87687883613 -8.38067770712 0 0 0 1
6.84523776064 -5.84358193484 5.97214948054 0 0 0 1
1.24357035075 -2.94049055715 0.00655917763048 0 0 0 1
4.11544736772 -6.75738288472 -0.482197742723 0 0 0 1
6.94764776849 4.40756072588 -6.25126185704 0 0 0 1
7.55557596003 8.57418479801 -6.45509776273 0 0 0 1
2.2984177001 2.2398472417 0.590081758241 0 0 0 1
1.20536016273 8.89761667237 4.35732774326 0 0 0 1
8.41123975875 -9.70740990452 4.16926299566 0 0 0 1
1.27404379613 -4.85181881343 -6.634935813 0 0 0 1
