 500 1
 4
 0.E+0,  0.5D0, -.025
 -1.0E-14, .F.
  1.000000  0.000000  0.000000  0.000000  0.000000  0.000000  0.000000
 -4.738699 -4.484528 -9.296229 -8.745923  9.454743  2.922184 -0.118741
  7.032380 -3.626001 -2.648703 -4.275959  2.518988 -6.729240 -8.348355
  4.922723 -8.411828 -2.359980 -5.284526 -0.409731  0.010645  4.677740
  4.197704  5.583322 -0.681380 -9.574087 -6.550996  3.203086  6.993842
 -5.594979  8.297537 -4.218794  8.030531 -5.060470  8.473108 -2.034404
 -6.460283  4.958505  2.929739  6.984043 -3.573114 -0.254607 -0.883922
 -2.345670 -1.447331 -2.901678  0.261520  0.064117 -7.523407  1.616385
  3.082675 -0.729701 -6.452620  5.146339  7.919990 -2.456241  5.043135
  4.906622 -5.538287  8.795329 -5.165540  1.633360 -3.449221 -3.298856
 -5.382320  7.146847 -2.587750  8.498244  8.889164 -9.547671 -5.452974
 -9.974094 -4.684472  0.645381 -3.173780  2.486432  6.279893  9.149764
 -3.006312 -7.973399 -4.371824  5.784395  9.039458  4.470343  9.054903
  7.600345 -5.083050 -8.376401  1.647050 -0.392745 -0.299955 -6.493421
  5.922325 -5.309781  2.982275 -0.901887  2.988783  3.879110  4.688705
 -7.677576  0.493744 -9.979471  6.915818 -0.126041 -7.680020 -7.120666
  6.263524 -9.799462  0.810753  7.504685 -6.519410 -2.804041  4.059737
 -4.751591  6.928163  6.771406 -5.493349  6.961269 -2.061599  1.466873
  3.874553  9.312074  1.581989  6.504593  2.995780 -2.148355  0.313065
  1.073273  9.397010 -4.489766 -9.237706  7.657962 -1.593663  4.613377
  0.586718 -1.776120 -2.493194 -6.063826 -4.644439  5.908606  5.895720
  7.049690  2.608423 -4.927523 -1.329279  2.883937  5.697658  5.574010
 -6.278740  2.487451  8.521791 -5.916032 -2.562507  4.007890  7.210542
  2.574224 -4.089889  1.588605  0.232836 -5.592819 -1.022961 -8.010430
 -0.690591  5.075862  3.968832 -5.700373  8.274173 -3.801366 -5.912713
  8.525400 -7.390619  0.174591 -5.263173  0.185086 -0.901661 -0.886833
  7.280328 -2.237322 -3.497483 -6.335074 -2.986230  6.314661  0.139305
 -7.007535  3.396202  2.590388 -8.816035  8.847921  0.030664 -0.937799
  0.643820 -7.357665  4.553232 -4.930852 -7.501213  4.553225 -9.691335
  4.551889 -3.351024 -1.183486  8.123310  1.597306  6.514799 -6.883492
  0.108586 -8.446432  7.283619 -8.637923 -8.174884 -5.640910 -8.090787
  5.919175 -3.316162 -7.152335 -1.001165  1.675642  5.030297 -2.248450
 -1.565463  0.061098  2.711302 -7.912754  0.202852 -8.652096  9.778298
 -3.216573 -8.542852  1.189135  4.017542 -6.314313 -1.578831 -9.242030
 -2.072528  2.961874 -7.899568  6.375642  8.929659 -3.623764 -6.211572
  3.615173  4.747210  3.633736  2.732602  0.807380  6.605320  0.643432
  5.182273 -1.142060 -6.200585  6.566245  0.596889 -4.750230 -9.942008
 -2.885217  2.385166 -5.998182  1.197097 -8.338460 -7.930720 -8.133640
 -4.291983  4.672739 -1.511041 -5.504673  0.603811 -6.371372  7.532670
 -4.725375  3.696742 -6.163763 -3.154426  1.568459 -8.391556 -1.143969
 -9.148291 -5.903845 -2.872503  6.510492  4.687859 -5.193051  6.171864
 -0.937264 -5.894496 -4.267411  8.860826  0.716735  8.294243 -7.640805
 -8.310598 -8.333917 -9.196238 -4.392065 -5.881438 -6.882967 -1.467534
 -3.209608 -4.977819 -2.629500 -1.822404  8.711134  1.258826  3.077915
  8.470962 -7.842919 -9.455011 -8.772548  6.187330 -8.210598  2.809159
  1.682979 -3.532834  6.369316 -7.061464 -6.479308  1.063241  6.177033
  1.406236 -5.010418  6.879711  3.580065  6.422556  3.788422  5.310018
 -9.093869  8.639131 -4.070241  3.936804 -3.814053 -2.470091  0.326934
  0.452443  6.675397  4.975654  2.680681 -7.242066 -9.666435 -8.798666
 -3.888862 -6.450369 -6.298336 -6.804470 -2.241029  9.847011  8.774317
 -6.326862  2.045398  4.342503 -0.111448 -1.470132  3.245342 -9.505978
  3.935265  4.192923  9.948518 -3.621000 -9.341289 -1.169682  7.414796
  5.777968 -6.952536 -9.258234  1.615234  0.447928 -8.803091 -9.456824
  8.778677 -8.525265  3.908983  4.870695 -0.942557 -5.170333  2.193678
  0.758793  1.280341 -2.611496  5.384956 -8.879440  5.999380  9.151480
 -0.723271  1.178686 -2.381556 -0.812392  1.372675 -7.916080 -9.623382
 -7.884481  8.586648  4.823513  0.388491  6.389437  8.598808  3.593340
 -3.627521 -3.378609  3.086631 -9.324543  5.312989 -3.158174  1.891756
  4.592573 -0.222052 -1.306258  4.412729  3.258858  0.007091 -2.382216
 -3.821205  9.799743  3.681686  0.063788  3.971902 -2.433806  1.374569
  3.398830 -4.846911  7.808589  2.704802 -9.191208  8.975766 -4.455750
  6.893992 -3.597405 -0.315458 -4.055122 -7.154745 -4.444200  2.845207
 -7.235844 -9.081071 -2.787592 -0.129612  2.927674 -7.573065  3.561757
 -9.604477 -0.618222  9.803513  5.109224 -2.540055 -3.880869  6.519055
  3.188080 -0.772389 -1.435486 -9.515717 -9.080702  0.469878  7.944560
  2.400937 -5.971227 -1.355010 -6.680114 -2.316403 -8.216411 -2.657500
 -3.204823 -2.888185 -8.973756  7.993643 -1.444868 -0.053231  9.625663
  4.758532  9.203975  5.592410  1.285287 -8.730672  8.320021  4.395830
 -3.049469  3.468472  4.176781  6.266348  2.781263 -9.117271 -1.724602
  5.353315  6.649026 -9.236270  9.673198 -9.456401  6.847390 -9.125822
 -4.674999 -8.723594  0.858342 -9.146850 -9.858118 -2.730815  3.332689
 -6.441338  2.284339  7.972861  8.310387 -3.360112 -7.930599  5.516342
  8.054961  5.750918 -0.828947  2.045539 -9.605054  7.488453  4.095056
  3.718843  2.068812  4.742934  6.380255  7.379592 -0.694217 -0.228388
 -4.988626 -4.146346 -1.451400  9.113889 -9.622730 -8.662923  0.492325
  1.144110  6.483745 -3.647753 -1.562437 -4.566527  3.905579 -3.029632
  3.567482  5.239735  5.433888 -1.394787  8.704952  7.669719 -3.500134
  5.084728  4.163139  9.682206 -6.645619 -3.564254 -2.574608 -3.808552
  8.969491 -9.406024  3.775637  1.944102  0.867754 -0.803879  6.608198
  6.386752  2.680053 -3.071421  6.681023  1.549884 -9.158750 -3.762630
  5.945967  6.995575 -6.204545 -9.864656  5.672351  7.852206  2.701472
 -6.783814  4.182925  7.103131  5.736826 -9.414325 -0.578968  4.170222
  1.628060  7.605308  5.876493  1.937914 -4.390134 -5.290938 -3.368856
  9.294939  6.420307  0.266358 -7.047507  5.949226 -5.982715  0.362408
 -3.712924  0.363061 -7.059100 -9.644440  0.661274 -9.453576  8.120353
  8.835778 -4.575053  4.444941 -4.957238  3.915666  5.812437 -3.412240
  5.532289 -5.399948 -4.267032 -5.043806  3.599050 -9.387649 -6.098561
 -9.375938  2.742700 -3.192840  5.125542 -9.178173 -2.901892 -6.179582
 -3.334227  7.377256 -6.322442 -4.009330 -2.780967 -9.287694 -7.931214
  9.040547  3.473574  5.319495  6.361343 -3.621288  2.140476  1.723314
 -7.659244 -9.981655 -2.008724 -7.967806  4.271407 -5.278101 -8.486820
 -7.429338  4.873118  5.758571  7.734581 -2.087359 -1.703191  1.984489
 -2.430433 -6.434738  6.660859  3.749383 -9.587861  8.342704  1.216154
 -5.161176  8.754204  4.929596 -3.375884 -7.638024 -0.794787 -0.982525
  2.856510 -7.097270  3.491903 -1.877271 -1.250969 -3.129448  9.582380
 -2.649156 -5.092899  8.236124  2.663185  4.831540 -4.099971 -9.354256
  4.187297  4.472766  9.873283 -9.324527  7.207849 -1.443287 -1.706459
 -7.439326  9.707878  3.162578 -2.370315 -9.451082 -7.186129 -8.288850
 -4.636531 -2.340936  6.306961  0.768729 -2.810221  9.795337 -3.373748
 -4.355867  3.659671 -1.235813  1.769722  7.472035 -0.448591 -7.855487
 -5.762790  4.673834 -6.195653  2.793993 -3.294477 -5.484876  5.207640
 -0.581294 -1.345990  6.928382 -0.974179  2.656566 -5.511080  1.982545
  7.814584  2.528133 -9.028089 -6.604922 -5.053398 -0.312154  8.659404
  1.983497 -5.412966  8.658785  0.995352 -9.486510  8.126641 -5.765926
  8.324112  7.011035 -7.879469  4.453531 -2.928506  5.835963  4.712862
 -7.314005  0.469808  3.760636  6.391901 -8.768107 -4.327802  2.641964
 -5.100889  0.553743 -7.085420 -8.575502  8.428205 -2.107549  8.791586
  7.562573 -7.968782  7.931718  7.751015  1.397030 -9.415016 -4.294735
  3.090659  1.064413 -2.029680 -7.316001  5.479731 -1.213137  9.920095
 -9.935533 -8.033800  4.813439 -5.760335  5.029862  3.281980 -5.356608
  6.893852  9.674969 -4.736869  6.453442 -9.317684 -2.564791  6.567952
 -5.889067  4.294145  6.699720 -4.042903  5.265257 -2.608160 -0.032200
  7.341305 -4.845468  5.382325 -4.491672  1.681063  4.359052  3.603622
  9.216125 -2.000873 -6.919400  3.697556  8.321584  6.909089 -3.730218
 -4.113627 -6.509672  5.617276  1.892906 -2.906741 -3.876523  2.046336
  5.761570  2.037629 -7.343546  1.157281 -8.918744  7.058173  6.827656
 -0.875569  4.097444 -0.269406  2.385620 -4.931720 -0.283434  4.631171
  5.449819 -9.316523 -5.886724  1.610232  4.887014 -8.348998 -0.003641
  9.755681  8.866487  2.109008 -5.619170 -0.572229 -0.220061  7.643745
 -8.937979  7.109858  5.752612  7.818082 -6.451411  1.074598  4.255765
 -8.064114 -3.426215 -5.281020  7.186280 -7.976297 -9.616128 -1.661075
 -2.687371 -7.834596 -5.106611 -6.094537 -5.245704  7.652155  2.858428
 -2.379944  0.346703 -8.267140  7.434603  8.984960 -8.933161 -1.284565
  8.285518 -2.120918 -3.321192 -6.437026 -0.568116 -2.599367  7.625910
  1.645900 -2.317951 -9.290469 -4.965754 -8.962297 -9.568896 -2.600693
 -6.684432  3.423766  5.136692  1.871410  2.619395  7.048954 -5.662770
  3.994488 -1.133319  1.973196 -0.224385  7.418283 -2.893272  1.667966
  9.606155 -1.012627  5.013732  4.089687 -0.593518 -5.914526 -9.400092
 -7.380707  9.063416 -4.547850  2.229177 -7.899393 -2.645690 -1.998479
  4.254931  5.090868  6.366543  2.000763  7.400223  1.718512  8.829876
  2.081569  4.486000  1.991369  9.343302 -2.511950 -8.832279 -9.921447
  7.425732 -0.647745  2.013372  5.662778 -9.101476 -5.474219  4.120575
  5.252825 -4.906273 -6.556674  6.999537 -6.269095  7.958457 -4.515042
  7.421471  0.025798 -0.642871  2.840383  5.696543 -4.474338  1.894808
  7.784923  9.015062 -9.433928  1.460627 -8.948707  2.990713  5.314071
 -3.820502  6.613970 -0.473532 -2.794287  6.092370  5.270068 -4.843336
 -0.458277 -1.858376  2.616622 -1.369162  3.955769 -3.153529 -1.785545
 -3.807765 -5.265618  3.656402 -3.343208 -9.522474 -7.372133  6.087810
  5.055149  7.994538 -6.922703 -9.965244  5.780921  3.785309  4.557577
 -5.414312 -3.446218 -9.572487 -8.486453 -3.122849 -5.583008 -9.600896
  0.298112  3.780178  0.198403  4.430038 -6.664751 -0.009104 -0.161891
 -9.696490 -0.702087  5.858308 -1.294380 -4.847679 -1.111492 -1.246524
  7.152849  9.080473 -1.939211  9.097318  5.784803  7.814001  2.997782
  9.626759 -1.531105  3.695901  0.038163  8.440974  9.044669  3.476534
  6.775515 -5.342006 -0.705799 -6.863033  1.824529  2.951813 -0.858876
  2.512521 -3.295473 -6.062009  0.055921  8.907652  9.874504  2.177908
 -5.026168  2.121227  3.921629  3.029421 -2.012343 -8.975356  8.463167
  4.850590  8.357861  5.919037 -0.438277  3.884525 -3.571476 -0.693842
 -4.811660  6.374016  5.194873  5.256815 -9.448485 -2.949491  3.865091
 -2.016701 -2.989554 -2.904862 -7.452444 -6.865274  0.989743 -7.490369
  5.697497  4.695855  2.103546  5.934749  8.151546  7.736917  8.227519
 -5.129689 -3.447679 -3.805662  6.696290  5.255756  8.950603 -7.360187
 -2.403684 -0.994711 -4.607653  3.331618 -8.394056  5.007274  4.664889
  8.709754  8.174418  0.367230 -8.979292 -2.163215 -3.922848  9.890481
 -3.581346  8.916262 -3.230850 -9.728900  5.517877 -0.244787 -0.200970
 -5.267146  8.430341 -5.920943 -3.689505  5.718624 -1.053170  0.464189
  1.568884 -5.601242 -6.704256  9.445310 -3.085839  4.351601 -9.907776
  0.162409  5.172280  8.980024  4.703978 -7.518115 -7.556564 -6.032655
  2.089160 -8.027718  8.532400 -7.634557  6.844461 -4.445399 -5.107234
  4.084949 -3.735378 -0.417008 -4.848824  1.187900  5.984074  7.543760
  1.389270 -7.058937 -6.284857  5.330149 -2.252163 -6.303686 -0.085113
  4.203109 -0.762794  7.432373  8.450361 -3.040333  8.061951 -2.878485
 -1.638850 -4.740117 -5.202265  9.864457 -6.639554 -5.997863 -3.974875
  5.965101  1.890806 -9.058163 -0.578526  1.551314 -7.976586 -3.002873
 -1.084038 -7.508712 -5.261563 -5.343372  4.561404  7.867213  7.261403
 -6.642674 -8.724251 -0.104392 -3.882682  7.609189  9.166187  8.302225
  7.545106 -5.433270 -0.631674 -0.446204  0.239028  2.770154 -3.063027
 -2.548103  0.177810  2.491144  3.087804 -8.718688 -6.162499 -0.120511
 -9.882732  1.633000  0.629979 -0.908269 -7.686747  7.412756 -9.278506
  8.719843 -9.007181 -7.197011  5.820960 -8.774307 -2.990897 -9.131872
 -9.579254  7.841152  2.472672 -1.431622 -3.285145  4.561079  5.615447
  9.477555  9.212005 -2.999915 -9.814383 -0.176720 -5.462604  5.997022
 -0.945545 -7.081274 -8.565225  2.138428  9.879375 -1.056697 -9.261925
 -4.298873 -2.841640  8.076707  3.965065 -3.002768 -8.080426 -7.930636
 -7.797265  3.792535  2.288226 -3.758989 -9.203826  7.478701  5.154337
  8.123746  2.287260 -1.454271  1.155917  7.175298  1.842757  2.503622
  1.203690  2.838781  7.629858  8.156754 -3.001960 -8.993313  3.119258
  2.278979  4.617545  6.996907  0.659582  0.281024  0.867667 -9.031685
 -0.261401  2.523300 -3.999382 -6.965790 -1.068773 -0.918686 -6.615676
 -4.457414  2.767710  3.715036  8.238489 -2.614262 -0.981490 -7.357760
 -3.965215 -6.363849  5.015325  1.104794 -0.828101  8.106962 -2.920198
  7.867348  8.167656 -4.931684 -6.054812  9.726223 -7.821418  5.891475
  7.524441  1.064162  4.694350  5.604751 -2.117620 -2.767339 -8.940702
 -4.564633  8.882588  0.741796  4.395311 -1.197726  0.576088  6.282155
 -2.244512 -4.597361 -3.711111  5.917526 -7.964505  5.304133 -2.451752
 -8.195892  8.021269  2.955039  1.449070 -3.427914  4.453089  6.075922
 -1.204184  7.084969  3.174709 -1.873898 -4.872584 -8.634903 -2.207924
 -1.062534 -8.204224 -6.993676 -6.158627  5.929286  5.933074  6.733395
 -3.679698 -5.425146 -9.035200  1.571342 -8.537736  7.776345  0.405407
 -2.581533 -3.840195 -2.779708 -3.601512 -8.466853 -7.106138 -9.557564
 -5.238956  7.989910  7.824693  1.785188  6.745590 -5.611170 -7.152162
 -4.199618 -8.041269 -3.538535 -6.451093  9.953410 -4.726486  9.194586
 -3.521409  9.838403  3.134887 -0.314983 -9.939225  6.290194  0.670814
 -5.523223 -0.039095 -0.047857  4.236034  7.780680 -5.067748 -2.812719
  3.253810  2.743571  5.237281  6.045784  2.997002 -1.077798 -5.876940
 -6.238012  9.971159  3.410361 -6.247511  0.792354 -3.416337 -2.993357
  1.524836 -9.788214 -5.638242 -9.773125 -6.659918  5.182794  5.236503
  8.530965 -8.291841  9.022488 -9.649236  0.268818 -3.211709 -0.355174
 -1.534985 -1.957613 -6.302659 -9.843747  1.524221 -9.737050  0.728761
 -6.881815 -5.215536  8.341355 -1.936228 -7.392149 -3.409920  7.842624
  5.613892  0.578621 -8.160282  9.507030  1.310990 -1.419735  8.535059
  9.508239 -0.556110 -8.437489  9.086014 -4.887953 -7.386782  8.446743
  5.018843 -7.820417 -5.853332  8.626030 -8.357060  8.448578  7.700835
 -7.227337  3.483093  8.651992 -1.752688  5.043617  9.850109  9.940973
 -7.950193 -8.689864 -1.190705  9.481226  6.994374 -9.090988 -4.823409
 -2.671664  4.238510 -3.413059  4.151387  0.820401  8.003169  6.747329
 -5.371742  9.412089 -3.539678  3.171495  4.789149 -5.288496  8.618202
 -8.237010  5.261694  7.641764  1.702021 -1.836115 -9.714429 -3.387589
  7.699683  4.620426 -8.227713  2.174548  0.739826 -6.700619  0.681795
 -2.571091  4.425806  8.930938 -6.994267 -3.637791  8.460642 -3.341821
  4.087942 -8.842336 -9.917108 -5.698937 -3.741574  9.329936  5.254173
 -2.439625 -7.472019 -8.161894 -6.364663  9.136148 -3.271730 -7.366803
  1.368960 -3.536212 -4.101546  8.676649 -9.566896  8.875883  4.477564
  4.356330 -8.814718  6.416174  1.212741  8.262364  3.213969  9.472713
 -4.237115 -0.257114 -2.377259 -9.206714 -3.148067 -0.273497 -3.830096
 -3.755220 -4.591379  4.867045  4.703302  1.153411 -5.615758  5.486678
 -1.132856 -3.612382  9.017231 -8.137833  7.977413  4.783514 -2.796768
  7.851755 -0.553169  5.516058  8.656821  6.959873 -2.405293 -9.344034
 -3.560940 -0.010410 -6.617736 -2.808947 -1.050881 -3.605330 -3.366800
  9.443221 -6.761673 -9.574046 -2.694925 -5.495661  5.087408  5.059843
  0.338358 -2.258651 -7.836749  5.538267 -6.842132  7.829471 -1.751009
  9.541231  3.679453 -6.837838  8.859140  2.760701  4.887715  2.953912
 -0.163275  3.958681  1.153082 -5.644995 -4.616346  6.713535 -4.139102
 -3.151255 -2.991667 -0.947725 -5.169242  2.707555 -9.746001  9.157989
 -6.688916  9.862989 -0.257193  5.101801 -0.645821 -5.725733 -6.198251
  1.598749  0.165164 -7.130009 -8.089010  8.538007  8.795772  9.366821
 -2.481867 -0.020306  9.788354 -3.007701 -6.304276 -6.975629  1.057581
  8.606553 -0.029682  5.477206  2.478133  2.358040 -3.472053  3.584852
  5.180344  4.714962 -0.814077  5.663420 -3.285766  8.998906  7.863890
  0.736489  0.589069  6.011559 -4.737204  2.437852 -4.510014 -6.881460
 -1.898310  4.913168 -5.297821  8.304951  1.766957  6.777160 -5.620261
 -1.271158 -1.347700 -4.633158 -8.411267  6.080921 -2.718847  5.217123
  3.450768  1.923565 -0.593653  8.352459 -7.483528 -4.071952  5.465704
 -5.771031 -9.399393 -0.604916 -9.415463  2.798916 -3.184709  9.602489
 -4.493718 -3.984242  7.554723  6.116784 -5.146574 -5.896761  3.875703
  0.332011 -8.853206 -3.385498  8.202108 -9.039573  1.360913 -6.875726
  4.090953  5.911433  8.241573  9.718436  6.982433  9.192140 -5.811791
 -5.614237  0.844139 -4.083065 -4.425553 -3.088141 -0.602685 -3.073984
 -2.539125 -5.357574 -4.816346  0.125113 -6.296274 -7.724570  9.603250
  6.306209  1.809563 -4.056816 -8.702535 -6.670746  6.150540  2.769030
 -9.857730  2.147327 -3.542035  4.595909  3.963814 -3.758099 -0.746110
  5.358810  7.169553 -6.660984  6.786558  2.425442 -3.549536  5.933503
  5.357927 -0.750161 -9.564176  5.683798 -5.791150 -2.010197  5.815202
 -1.084532 -8.148554 -0.024035 -6.553004  1.984231 -5.850531  1.457058
 -6.791421  3.475993  0.934084 -3.860629  4.690736  0.854681 -0.191946
  1.748960 -4.976062 -9.322143  5.831544  3.215808  1.834144  0.113281
 -8.073373 -0.795708  4.900700 -5.854755 -8.384064 -8.796001  4.121739
  0.677170 -8.974922  3.834928 -5.389506  8.194944  5.132478  4.544974
 -2.145039  0.087895 -4.383338  4.418849  1.013934  8.030937  5.138862
  2.426749  8.713854  1.842447  4.889159 -2.498704  6.040893 -3.650327
  8.625986  7.659357 -8.864384  9.807565  8.230149  4.277387 -8.794596
 -0.601177 -8.428068 -0.941022 -0.565102 -2.180863  2.851622  6.842772
 -0.976939 -2.518193 -3.297754  1.311010  6.314673  9.105071 -7.125644
 -7.998698  5.466114  1.935734 -9.892441  5.200312 -1.066345  8.505165
  6.120326 -9.281797 -0.368221 -2.866550  3.204312 -9.076805 -1.370436
 -0.525267 -8.798798 -6.291913  4.090637  4.995513  4.928547  7.300570
  8.257306 -1.595558  8.187640 -9.101860 -1.289736 -6.737493 -3.175842
 -9.602426  5.613411 -1.200601  6.699961 -0.724013  7.082545 -6.020541
 -5.245744  2.101051  2.335522 -3.100821  4.228690 -2.345654 -3.214833
 -5.635438  7.542199 -5.024490 -7.147467  1.849245  6.261241  2.500147
  4.538067 -5.688426  0.726664  6.206938 -6.620883  3.956150  0.363073
  3.377588 -6.334085  7.192650  1.402150  3.139035  9.039045 -3.510355
 -6.171573  9.319010  6.578707 -6.507418 -1.512531 -4.482249  7.052570
  3.634291  0.031486  1.353887 -3.630370 -9.106024  3.291698 -4.583572
 -2.394794 -9.550762 -2.226740 -5.931178 -7.016806 -3.586513  1.361888
 -0.951016 -0.239145 -6.359292 -8.363455 -8.247068 -2.753758 -7.891026
  2.365835  0.663104  3.914710 -4.854307 -7.414513 -8.617652 -3.418052
  6.528427 -1.027757  3.295155  3.141316 -7.118468 -6.336493 -6.144585
  0.889960  1.862250 -7.677762  7.085526  2.111883 -8.963788 -3.241831
 -0.094296  7.712698 -7.346806 -9.387570 -7.787359 -0.220737  3.881964
  1.666977 -6.948560  7.071372  7.800617 -7.489575 -1.393971  2.266441
 -2.303991 -5.298773  0.481640  3.124492 -5.505038  6.180859 -4.388547
  5.750990 -5.745631  0.793679 -5.776493  2.373670  0.643919 -8.202689
  4.509547 -4.343210  3.557910 -1.697628 -1.355465 -7.744177  9.985863
 -0.155743 -8.000433  8.565669 -4.844594  7.881696 -3.049091  9.149172
 -1.318943  7.880971  8.819957 -4.123977 -7.966550 -7.804893  9.474180
  7.757400 -4.333676  3.399013 -8.558008 -3.532763  7.146321 -9.442943
 -7.925048 -8.487524  1.016286 -2.514205  0.768641  4.327007  7.769584
  1.986515 -9.186667 -6.317897 -5.054451  5.900532 -7.713895  9.673061
  9.097527  7.215234  1.708448  7.888110 -6.582790  1.903154  8.443516
 -3.168678 -1.077128 -2.721561  9.574745  2.180791  6.652852 -0.917614
  5.790548  5.204554  8.943893 -4.164993  9.463911 -8.925439  2.037825
  9.623711  6.132934 -0.416026  2.378331 -5.006199  8.958547 -8.046340
 -6.337535  3.981765  5.143373 -6.008155  7.980309  5.199995 -4.684583
  8.503138 -7.818817 -4.646133  2.578950 -2.710130  3.738805 -8.725942
  3.391360 -3.696673  5.141821  2.173142  8.552456 -3.469619 -7.011378
  8.502162 -3.971700  1.065675 -8.707894  0.712656  7.220991  6.341019
  6.893819  0.358532 -7.472811  3.411546  5.752125 -8.803524  8.225697
 -3.197321 -4.404577 -5.308269 -1.608590 -5.814916  4.798240 -9.819261
  6.332269 -5.525433 -1.581216  0.806063  3.723443 -6.205904  2.918267
 -6.942928 -1.971428  1.868532  1.871049 -7.421932  9.184456 -0.720831
  9.833794 -5.046674  6.819151 -8.191236  8.116978 -9.999453 -1.315473
 -2.032175  9.533771 -8.310787  5.909344  5.291510 -2.988913 -8.500476
  9.668186 -0.041989 -7.624958  8.166116  9.236332 -0.943412  2.377378
 -3.758278 -7.262822 -8.324633  8.206505 -5.974752  7.078094 -6.881561
  9.458428 -3.604528 -6.955452 -0.509721  4.505196 -9.145052  9.466381
 -4.752168  2.917272 -4.908917  0.753334  2.138871  1.278506 -9.376668
  1.294469 -3.763008  4.400009  7.367314  4.703817  9.058278 -8.451165
 -1.018491 -5.710628  2.967811  5.528200  1.633743  1.149630  2.003761
  4.249572 -4.874353 -4.166016 -0.070232  6.599184  5.082050 -3.809363
 -3.430323 -3.119385 -8.428199 -1.040342  6.547237 -6.024473 -8.646034
  6.455036  2.422083 -7.466992  4.878268  5.201551 -6.991978  3.638813
  2.474960 -8.547657 -3.711933 -0.506326 -3.663901  7.578895  7.176295
 -2.961847  2.952275 -2.539798 -1.732010 -2.198206  5.647989  1.192389
 -3.787329  5.558474  2.601317  8.003830 -7.918782  4.223523  4.412552
  2.382640  3.690645 -2.661181  7.128609  2.117254  9.595484 -1.793131
  4.997523 -0.366320 -8.955146  1.709652  0.322754  1.061933  5.862663
  8.900105 -3.953849  7.843801  1.260411  1.405748 -7.582216  8.140295
 -6.828126 -6.462794  1.284336 -7.911733  0.731392 -6.558743 -3.016792
 -9.121492  6.966898 -3.335648 -1.204978  7.571494 -5.682393  2.663913
 -1.973746 -7.555491  3.659407 -8.199577 -9.930505 -4.760879  9.290908
  8.061514 -9.791511 -3.728686 -2.979768 -0.770394 -0.658877  8.138188
 -5.395281  9.489135 -1.156732 -8.738025  9.940599  8.003338 -5.108778
  3.189232  8.027274  5.427948  6.340654  0.472862  1.779383 -9.749736
  8.732891 -2.179462  5.005985 -0.794767  8.849003  7.560133  9.189336
  3.357239  5.566276  4.879675 -3.025517  8.700299 -9.830487  8.124636
  8.711048 -1.618544 -8.628780 -0.352741 -1.490119  9.705305  5.891061
  0.331945  9.992507  7.695063 -8.776156  8.926933 -9.527140 -9.008839
 -5.146633  3.529864 -9.430483 -2.254383 -8.014879 -4.749826 -5.145633
  1.938423 -6.857119 -9.425507 -6.327541 -3.983348 -2.356318  7.618596
 -3.415266 -6.992600  6.937931 -9.913264  7.217283  8.685181  1.123602
  5.864418  2.692058 -2.368597 -7.043183  7.600666 -2.791604 -4.919919
  6.816448  6.916216 -8.569699  2.182870 -6.862792 -7.657045  7.842139
  8.673820 -9.762190 -8.410653 -9.637755  6.397043  5.715927 -5.028457
  3.445529  8.940126 -2.474013 -0.208479  6.772936  6.154054 -7.333089
  0.641317  2.598100 -2.411877  4.121701 -3.651146 -3.406705 -8.987296
 -0.532009  3.608949 -3.696007  0.338592 -6.505490 -2.127069  9.619475
  2.514011 -5.485510  7.969295  8.241767 -5.808880  0.155258 -7.199168
  2.199775 -8.210813 -6.746161  4.908536  6.603583  3.375799 -0.767809
 -1.861405 -9.165156  4.032970  5.395438  8.970607  6.050333 -0.756955
 -0.283380 -7.506604 -1.791235  1.223353 -9.422884  8.684086  5.599329
  5.078221 -5.613850  3.054321  7.192795  7.542340  7.182704 -4.422680
 -6.988264 -3.336484  7.412509 -9.725542  2.902265 -8.583445 -5.167747
 -5.367295 -4.866624  9.465234  7.537695 -5.588329 -2.521563 -5.415362
 -7.123363  4.576970 -2.146436 -4.806617  9.735598  3.930685 -4.846723
  3.026214  3.224021 -2.723681 -5.417768 -5.895729 -6.958745  9.523590
 -3.015203  4.091100 -8.494851  8.415137  1.203113 -3.040076  3.841648
 -8.394728 -8.358903 -7.893900  4.670278  2.932206 -3.638019  9.161020
 -2.243557 -7.782922  3.701833 -8.734543 -1.167303 -9.213118  6.797421
  0.182950  2.809752 -5.546052  8.777043  6.889673 -4.897190 -7.096763
  1.621351  9.732086 -1.736246  3.265982  5.273513 -4.470674  3.466787
  2.308358  3.246279  7.553868 -9.297009  7.395341 -0.301670  4.653339
  0.615279  7.019058 -6.462806  6.976795 -6.862896  1.105066 -8.891946
  8.424414 -8.680014  8.901879  1.216597  5.959308 -0.097855 -7.082232
 -8.167666  6.755148  1.800257 -5.466329  6.715535 -7.657858 -1.119755
  1.879082  7.960565  2.700542 -3.562829  6.197123 -0.820138  4.919139
  6.605797  3.465097 -8.930065  4.344162 -0.159264 -0.746344  2.283684
 -6.596835  5.875745 -4.570868  7.620089  8.008104 -7.819309 -6.861924
  0.801094  4.640662  1.099991  7.451051 -0.045487  8.229876  7.383962
  8.171018 -2.295842  7.515491  7.238483 -0.411402 -5.964686  5.784310
  0.601187 -2.867077  4.707736 -2.027066  1.683388  9.931799 -3.289540
 -0.926928  2.114903 -9.551516  1.332108  9.099895  4.425123  5.746369
 -7.388472 -3.223637  2.756919  2.852139  6.738133 -6.083812  0.980072
 -0.838772 -2.219805  3.039792 -6.405022 -3.917857  9.657139  3.372927
 -5.309659  7.439582  4.854639 -2.212086  5.727272  3.201562  2.678504
  0.340007  5.616417  2.878418  5.370352 -5.805425  4.117870 -6.693455
  4.073486  6.337949 -8.258989 -5.683926 -8.418435 -5.450196  4.951920
  7.665263  3.488960  2.921183  4.170457  0.699897 -1.132338  0.491381
  0.064711  4.600716  7.309469  2.077175  5.878845  0.878040  8.678959
  9.402823  1.657753  4.649219  3.535825 -7.370116 -7.393139  2.262245
  8.836385 -7.902982  8.168332  0.652977 -7.710484 -5.564728 -2.079611
 -2.687598  3.176850 -2.349879 -9.035214  8.682978  1.706256 -2.873021
  1.923027  0.877759 -9.681421 -3.025314  0.556995 -7.096774 -9.054290
  2.405329 -3.547701 -3.284312  1.031606 -2.273663  1.134040  7.288667
  2.586202 -1.424356  6.697906  6.807254 -9.479140 -8.675288 -2.011978
 -1.851769 -2.040370 -2.544059 -8.324739 -0.723276 -1.852870 -8.235407
  5.287965  3.211877  4.973716  1.618383  8.996089  9.237928 -8.180332
 -5.247979  7.344083 -2.504656 -8.609305  4.729786 -4.809480  1.420213
 -6.728034  4.055743 -5.677098  9.624945 -1.410177 -1.586737  8.168667
  9.463242 -6.547976  8.869691  0.554875  4.800563 -6.828738  2.725175
 -7.524133 -5.443812 -3.244096  1.909689  4.634176 -5.601862  2.337704
  5.832870  3.751007  7.964921 -7.605633  5.352657 -7.128841  9.069254
 -3.303552 -6.034953 -2.261966  6.531249  2.633400 -7.063175  3.477258
  7.382863 -6.911350 -7.746278 -7.489369  1.896257 -5.099291 -9.624948
  1.291168 -3.778442  0.326196  9.232806 -6.777104 -9.331857  0.373386
  5.659252 -8.876719 -7.277741  4.960773 -7.036861 -4.128987  9.891367
  8.517915 -1.818730 -3.088231 -0.796549  7.072442  0.608660  8.707426
  3.866926  6.780415 -6.383004  4.508369 -0.658222 -6.217001  5.579204
 -3.601415 -2.182062 -2.760509 -1.206678 -9.059556  3.528459  4.074207
  1.937714  0.858798  8.561575  4.157954  6.165040 -5.956725  9.718062
 -5.969830 -3.959276 -0.269931  0.873865 -9.614634 -8.202748  6.871516
  2.283919  1.384503 -6.660087 -8.069916 -5.755853  4.096882  2.576576
  2.564696  8.243054 -7.337711  3.728065  4.879442 -6.032698 -7.361944
  0.877353  5.807452 -6.991274  0.096900  0.735070 -8.283890 -5.725695
 -9.016531 -1.638903 -0.293567 -6.259753 -0.472495 -4.556594 -6.936553
  0.222718  6.328102 -7.605259 -0.410868 -9.638816 -9.230136  3.403114
 -0.071326 -3.876977 -8.770685  6.772592  4.638921  8.671019 -9.804332
  9.238638 -5.065975  5.223029  2.465534  4.868988  9.495897 -9.384831
 -8.131519 -4.454811  0.186591 -6.404112 -2.942863 -4.232853 -2.122750
 -3.724666 -5.580716  1.787018  4.996751 -4.168165  7.444127 -5.352382
  6.079342 -0.633644  3.647063 -1.866790  7.554750 -6.188849  3.466911
 -4.869889 -7.522122 -6.131454  3.256686  6.518587  1.120214 -1.782829
  3.485262 -9.181140 -9.957598 -8.987035  4.306138  5.038066  2.378374
  4.216313  3.519925  2.004573  8.943109  6.645537  5.429654  5.328316
  1.142637  4.653511  1.514429  8.249461  2.273342  5.021385  9.751528
  4.011254 -4.158557  3.746390  3.282353  8.378980 -6.885448  3.899836
 -8.311355 -4.079011 -5.083000 -3.516145 -2.947040  2.947247 -5.595581
 -4.838357 -1.301507 -3.452047 -3.794045  7.202855  9.833301  6.943476
 -6.343428 -1.607326  5.694870  6.803948  0.487505 -9.498958  6.544954
  4.788417  1.852959 -3.634811  8.762566  0.073665  3.416641  2.916712
 -1.758484 -8.568711 -7.805674  6.724854  8.014281  8.670437 -1.113542
 -2.149252  9.387987 -1.622059  8.536286  7.469100  4.321895 -8.916478
 -3.303351  7.080324 -9.635325  6.150297  1.840615 -5.677942 -1.553613
 -0.928843  0.107489 -0.706360  9.820177  9.934165 -6.253433  1.417771
  7.750886 -8.700404  7.011517  2.064124  4.836382 -3.730198  5.570209
 -5.410578 -6.455796  6.395062  1.513734 -7.518932 -6.000097  2.591814
  4.817464 -4.916258 -3.264340  1.396600  9.478620 -7.845135  9.771462
 -5.159019 -4.213271  1.778218  5.717560  3.837213  9.691860 -2.790454
  4.882160 -8.481807 -6.702445  1.741638  7.437293  7.453286 -3.004460
 -4.227942  6.078824 -4.852812  0.268856 -8.688943  2.167581 -3.405976
 -7.035343  5.437038 -0.879374  3.083006  5.737765 -7.928442  7.166079
  4.727496  2.025481  7.273397  0.349469 -1.528814 -5.845902  2.748435
  9.830121 -8.076537  0.103313  7.909524 -6.131181 -4.205141  8.642002
  4.315076  9.325803  2.254891 -8.013034  2.887824 -2.947765 -4.388512
  6.686175  5.864629 -1.989900  9.231816 -3.487460 -4.552543  2.460197
  5.676296  6.223080 -5.392042  0.450209 -3.817965 -7.681766 -9.859171
  2.360781 -9.134216 -9.248755  3.778304 -9.547665 -3.938548  7.498265
  2.726616 -4.510942 -2.050156 -6.151070 -0.553000 -2.164388  5.814210
 -6.312958 -5.364835  3.706925  8.240215 -2.280165 -8.032190 -3.745155
 -7.680460  3.486155  6.362479 -4.645339  8.486915  8.650619  8.604048
  6.230447 -9.920362  3.847710 -1.769283  4.141667  0.718348 -0.931952
 -7.592795  8.230104  3.674783  8.470347 -1.048276  8.321615 -6.679640
 -5.644436  7.935097  0.436787 -4.448132  6.007496 -8.892812  9.533078
  7.521430 -3.034402 -6.750255 -7.085758 -1.306327 -7.211159 -7.614627
  2.322943  7.635692 -5.593336 -6.532005 -5.656870 -3.488590 -6.795996
  6.255703  3.561272 -1.797455 -9.045612  4.227780  1.677430 -9.677065
  0.668373  4.448022 -7.191491  6.229554 -9.456304 -4.300495  9.729066
 -3.103495  3.407874 -4.149055  0.592420 -6.073758 -3.752118  8.322269
 -6.306822  5.501864  6.213325  7.910875  7.385648 -0.061068 -4.238331
 -7.966361 -2.590436  9.548715 -0.062608 -8.473392  1.324447  0.024258
  1.693733  7.577974  5.722084 -7.926200 -3.147570 -6.264406  2.108588
 -7.548205  0.215299  2.558571 -1.423647 -1.100359  2.229004 -8.898239
  4.930014  5.050122  0.789585 -9.950288 -0.417384 -7.219901 -4.634857
 -9.935601  7.086578  1.965800 -2.578664  3.786320  6.912570 -6.062707
 -8.357920  7.921412  3.695383  5.426712  4.541462  5.668101  6.521230
  1.690643  7.322379  5.296865  8.349399 -8.842973  5.718028 -7.048971
 -6.788647  7.736157 -7.498406 -7.853686 -5.278475  1.089701  4.017125
  7.964489 -4.029586  6.999955  7.709122 -5.270979 -6.644866 -7.280673
 -3.745776 -3.029020  2.239452 -0.957678 -7.688520 -0.127150  9.598758
 -2.774734  2.206949  7.383558 -8.674979 -9.277422  3.634771 -7.899821
  2.496859 -4.907022 -1.548582 -8.809899 -4.175445  8.953117  6.594638
  7.355424 -0.772126 -3.842445 -9.615859  8.883480  4.406536 -2.996790
 -8.486824 -2.691338 -5.970649 -8.622494 -6.994065 -0.491457 -8.239870
  0.271486 -5.852042 -3.062031 -0.237889  7.624970 -4.012685  2.709674
  0.027633  3.404579 -8.205452  3.735401  9.109747 -5.718168  8.579203
 -3.233710  8.372854 -1.310346  0.205265 -8.422789  5.713250 -0.002614
  6.893288  4.410043 -0.995354 -7.021092  1.508773 -6.885585 -8.667451
 -8.817030 -8.858011 -4.018295  9.962620  9.263957  2.706450 -2.044442
  1.272953  6.774253  3.963135 -0.075411 -9.146578 -5.752048  2.955258
 -8.194464  8.170817  6.163915  3.239895  6.083826 -3.875626  2.750847
  1.265415 -9.486979  4.328195  9.694301 -9.463245  0.471219  3.810552
 -5.823433  2.862222 -8.620186 -1.913116  0.130585 -5.689567  8.699762
 -5.134848 -2.649683  1.135197  5.216036  2.354250  6.899703 -7.020235
  3.003077 -0.658205  4.990692  9.874604  2.844550  4.322807 -7.332729
  5.488704 -9.801440  4.476129 -9.862787  2.252676 -4.616619  3.217605
 -3.843887 -1.767655 -6.207445  0.160204 -7.148346 -9.534103  0.305233
 -3.699895  7.022579  6.813319  9.093497  0.031281  6.793505  9.808468
 -1.650858  7.163869 -7.775144 -8.367450  8.585384  8.033538 -4.070874
  9.956080  0.878336 -3.950965  4.855602 -3.918555 -7.429117  0.230995
  5.280645  7.470855 -9.944170 -1.627398  9.827395  7.552487 -6.649855
 -0.209704 -6.943726  7.930289  5.240648  1.929227 -7.284424 -8.135639
  9.533141 -1.017735 -2.257795 -5.775259  7.142492 -4.609894  0.408294
 -6.554741 -5.886236 -8.276929  1.608109 -7.801576 -9.186381 -0.833018
 -1.088810  1.186831 -6.565418 -6.749538 -6.996332  9.845874  5.601094
  3.218655  5.351088  6.542005 -5.438273 -3.933188 -8.830357  5.813461
 -4.199375 -7.854199 -7.776473 -0.050232 -2.398734 -3.372279 -2.605457
 -1.816792 -3.968288  9.156878 -6.074590 -6.588254 -2.610886  5.724116
 -0.136600 -5.953083 -1.541251  9.467430  8.735694  2.325441 -4.022076
 -2.463624  7.099247 -6.233291 -6.982623 -5.041622  9.476107 -9.331416
 -3.928007 -5.632457  7.671824  5.328599  4.077863  3.463784  6.643264
 -0.415501  5.247443  6.944431  0.786759  1.649534  4.839479 -8.821913
  6.628506  1.017541  6.405131  7.083553 -8.083516  4.530410 -6.909394
 -5.431806 -2.431881 -6.122132 -5.907834 -0.299825  3.507208  9.512414
  9.436851 -7.194100 -4.562390  0.266575 -6.914029 -6.564738 -7.275997
 -9.756425 -1.134180 -1.068782  0.952222 -0.034658  6.019362 -0.851586
 -4.979599 -6.206449  2.679115  2.297298  7.638475 -5.333526 -9.839099
 -0.140630  0.169599  6.235423  1.532749 -5.949514  0.051418  3.890847
  5.212368  6.584947  5.828277 -6.370986 -8.913746 -0.828252 -5.645312
  6.559911 -4.192116  9.784823 -1.365802  3.266967 -5.640557 -2.672245
 -0.490301  9.985516 -9.838527  1.010833 -6.984327  6.766720  1.190200
  9.620572 -8.949593  8.444129 -8.015317  8.213608 -4.077561  1.475552
  2.706497  4.108519  1.315225  1.363027  5.106730  0.193510 -4.258714
  5.438458  9.469722 -7.974631 -6.252659 -9.332120 -3.792224  8.248818
  3.836105  7.752894 -7.602382  4.380985 -6.537219  0.469863  3.873252
  8.624555 -2.437533  4.863869 -3.002750  6.878811 -3.277050 -7.034403
  0.593086  3.248401 -1.906933 -4.828719 -6.667588 -5.384939  4.440700
  8.329079 -3.268793  4.199356 -3.868292 -1.988831  9.054034  3.709909
  3.361952 -4.157455  7.977918 -4.294322 -1.987782 -1.941035 -1.670720
  3.439666  5.755124  6.546154  8.864594 -4.485100 -9.183373  7.422042
 -5.744070  4.140223 -1.424396  2.372370 -6.814138  7.453547 -4.386805
  2.019148  3.238956  5.964598 -1.482227 -8.503724  7.255678 -8.421346
 -3.917587 -5.068436 -2.771930 -0.980169  1.172997  1.880993  6.260657
 -1.141713  0.631554 -8.573876  3.992105  4.499959  9.788682  8.954357
  2.325809 -5.287002 -7.617116 -9.374330 -1.859907  2.230298 -0.735937
  4.889292 -9.153325  9.524065 -4.290558  8.770562  7.178249 -7.358970
  0.540404  1.983538 -7.230429 -7.343832 -8.292584 -7.271220  7.142916
 -4.869805 -0.674605  2.664429  3.212481 -0.596874 -3.959209 -5.366790
 -4.272426 -1.557217 -9.890308 -4.268486  5.315794  5.698271 -9.252594
 -3.443457  7.494513  8.797380  3.133527 -3.376095  9.736862  2.898701
 -0.827122 -8.621064 -2.203480 -1.465086  2.903877  2.484898  5.073755
