1 0 0 0 0 0 1
-4.73869885576 -4.48452839166 -9.29622944324 0 0 0 1
7.03237986191 -3.62600113473 -2.64870276689 0 0 0 1
4.9227231293 -8.41182841936 -2.35998006664 0 0 0 1
4.19770428281 5.58332221231 -0.681379719714 0 0 0 1
-5.59497875078 8.29753739646 -4.21879380103 0 0 0 1
-6.4602832176 4.95850544424 2.9297387487 0 0 0 1
-2.3456697299 -1.44733086379 -2.90167827126 0 0 0 1
3.0826749427 -0.729700961654 -6.45261976809 0 0 0 1
4.9066219345 -5.53828724236 8.79532906703 0 0 0 1
-5.38232043701 7.14684658063 -2.58775040673 0 0 0 1
-9.97409381869 -4.68447175831 0.645381033475 0 0 0 1
-3.00631180864 -7.97339852734 -4.37182432896 0 0 0 1
7.60034509056 -5.08304958096 -8.37640130531 0 0 0 1
5.92232490298 -5.30978114534 2.98227488539 0 0 0 1
-7.67757606511 0.493743787429 -9.97947082625 0 0 0 1
6.26352375788 -9.79946161854 0.810752985084 0 0 0 1
-4.75159063255 6.92816324714 6.77140624246 0 0 0 1
3.87455253587 9.31207449119 1.58198889493 0 0 0 1
1.07327333353 9.39700984199 -4.48976645299 0 0 0 1
0.586717881542 -1.77611953779 -2.49319395007 0 0 0 1
7.04969014167 2.60842337346 -4.92752268834 0 0 0 1
-6.27874040576 2.48745073794 8.52179144471 0 0 0 1
2.57422394644 -4.08988919544 1.58860503591 0 0 0 1
-0.690591380781 5.07586225772 3.96883207457 0 0 0 1
8.52539995856 -7.39061904932 0.174591123203 0 0 0 1
7.28032753598 -2.2373217274 -3.49748267375 0 0 0 1
-7.00753549506 3.39620164037 2.59038839611 0 0 0 1
0.643820403492 -7.35766453883 4.55323209749 0 0 0 1
4.55188904264 -3.3510237723 -1.18348649665 0 0 0 1
0.108585558822 -8.44643160684 7.28361920947 0 0 0 1
5.91917518372 -3.31616232423 -7.15233518106 0 0 0 1
-1.565462759 0.0610984791691 2.71130155061 0 0 0 1
-3.21657323577 -8.54285157854 1.18913481138 0 0 0 1
-2.07252806279 2.96187393932 -7.89956785292 0 0 0 1
3.61517330517 4.74720962409 3.63373584939 0 0 0 1
5.18227325532 -1.14206037763 -6.20058539904 0 0 0 1
-2.88521727701 2.38516581159 -5.99818153491 0 0 0 1
-4.29198256433 4.67273850964 -1.51104058824 0 0 0 1
-4.72537511036 3.69674171979 -6.16376285823 0 0 0 1
-9.14829136918 -5.90384492833 -2.87250336505 0 0 0 1
-0.937263958563 -5.89449585978 -4.26741126005 0 0 0 1
-8.31059806104 -8.33391729889 -9.19623801277 0 0 0 1
-3.2096077819 -4.97781891974 -2.62949996454 0 0 0 1
8.47096172568 -7.8429193345 -9.45501114959 0 0 0 1
1.68297901455 -3.53283395116 6.36931555852 0 0 0 1
1.4062357947 -5.0104176607 6.87971130392 0 0 0 1
-9.09386856422 8.63913107957 -4.07024120904 0 0 0 1
0.452443346245 6.67539656232 4.97565384821 0 0 0 1
-3.88886153232 -6.45036937651 -6.29833581739 0 0 0 1
-6.32686189785 2.04539770738 4.34250308538 0 0 0 1
3.93526500866 4.19292259388 9.94851774081 0 0 0 1
5.77796764182 -6.95253629759 -9.25823366845 0 0 0 1
8.77867693377 -8.52526515024 3.90898342042 0 0 0 1
0.758793204598 1.28034124909 -2.61149579515 0 0 0 1
-0.723270761501 1.17868638566 -2.38155565205 0 0 0 1
-7.88448101893 8.58664753381 4.82351335211 0 0 0 1
-3.62752130657 -3.37860937236 3.08663083695 0 0 0 1
4.59257258268 -0.222052154917 -1.30625824411 0 0 0 1
-3.82120531753 9.79974256233 3.68168563176 0 0 0 1
3.39883014922 -4.84691131793 7.80858903219 0 0 0 1
6.89399225267 -3.59740549118 -0.315457976158 0 0 0 1
-7.23584355133 -9.08107079946 -2.78759155514 0 0 0 1
-9.60447742532 -0.618222068535 9.80351326972 0 0 0 1
3.18807999322 -0.77238913594 -1.4354858587 0 0 0 1
2.40093663654 -5.97122660773 -1.35501020242 0 0 0 1
-3.20482262368 -2.88818488311 -8.9737564316 0 0 0 1
4.75853223171 9.20397516299 5.59240973597 0 0 0 1
-3.04946912071 3.46847234547 4.17678148909 0 0 0 1
5.35331537352 6.6490259978 -9.23626991827 0 0 0 1
-4.67499948665 -8.72359360077 0.858341641371 0 0 0 1
-6.44133832047 2.28433905932 7.97286127877 0 0 0 1
8.05496071456 5.75091804871 -0.828947383428 0 0 0 1
3.71884348903 2.06881162096 4.74293353526 0 0 0 1
-4.98862562708 -4.14634559949 -1.45140008126 0 0 0 1
1.14410982526 6.48374467091 -3.64775294579 0 0 0 1
3.56748153014 5.23973522423 5.43388793465 0 0 0 1
5.08472801694 4.16313855707 9.68220612404 0 0 0 1
8.96949092107 -9.40602402428 3.7756366092 0 0 0 1
6.3867522102 2.68005276273 -3.07142071193 0 0 0 1
5.94596688262 6.99557527019 -6.20454546947 0 0 0 1
-6.78381448533 4.18292504174 7.10313082806 0 0 0 1
1.62805971606 7.60530804758 5.87649348635 0 0 0 1
9.29493947889 6.42030721092 0.266358302719 0 0 0 1
-3.7129235383 0.363060815222 -7.05909995232 0 0 0 1
8.83577773626 -4.57505337415 4.44494062941 0 0 0 1
5.53228889598 -5.39994755744 -4.26703209446 0 0 0 1
-9.37593770533 2.74269985628 -3.1928402787 0 0 0 1
-3.33422659641 7.37725563832 -6.32244231542 0 0 0 1
9.04054722239 3.47357421153 5.31949532769 0 0 0 1
-7.65924367589 -9.98165517178 -2.00872385928 0 0 0 1
-7.42933798359 4.87311793296 5.75857107976 0 0 0 1
-2.43043304154 -6.43473791951 6.66085899577 0 0 0 1
-5.16117566944 8.75420408514 4.92959600989 0 0 0 1
2.85650965245 -7.09727027286 3.49190334929 0 0 0 1
-2.64915645027 -5.09289906714 8.23612392931 0 0 0 1
4.18729735876 4.4727662526 9.87328339226 0 0 0 1
-7.43932571803 9.7078778521 3.16257799115 0 0 0 1
-4.63653086171 -2.34093635418 6.30696139969 0 0 0 1
-4.35586749016 3.65967066964 -1.23581279353 0 0 0 1
-5.76278988721 4.67383426842 -6.19565267586 0 0 0 1
-0.581294400457 -1.34599009885 6.92838204499 0 0 0 1
7.81458412613 2.52813321959 -9.02808858441 0 0 0 1
1.98349656722 -5.41296554175 8.65878511785 0 0 0 1
8.32411241121 7.01103463467 -7.87946881763 0 0 0 1
-7.31400535066 0.469808217042 3.7606362648 0 0 0 1
-5.10088916751 0.553743454457 -7.08542046219 0 0 0 1
7.56257305882 -7.96878232663 7.93171836631 0 0 0 1
3.09065919449 1.06441290992 -2.02967979106 0 0 0 1
-9.93553321204 -8.03379975744 4.81343944977 0 0 0 1
6.89385200615 9.67496871089 -4.7368692978 0 0 0 1
-5.8890665839 4.29414502707 6.69971954807 0 0 0 1
7.341304557 -4.8454682123 5.38232489365 0 0 0 1
9.21612452634 -2.00087264072 -6.91939978632 0 0 0 1
-4.11362682473 -6.50967166187 5.61727620477 0 0 0 1
5.76156970953 2.03762877067 -7.34354644365 0 0 0 1
-0.875568981503 4.09744442976 -0.269406039073 0 0 0 1
5.44981859206 -9.31652270872 -5.88672365182 0 0 0 1
9.75568147412 8.86648710386 2.10900790499 0 0 0 1
-8.93797878761 7.10985839621 5.75261242408 0 0 0 1
-8.06411386284 -3.42621544546 -5.28101964938 0 0 0 1
-2.68737108893 -7.83459595265 -5.10661103979 0 0 0 1
-2.37994388681 0.346702773654 -8.2671403759 0 0 0 1
8.28551841106 -2.12091815978 -3.32119168466 0 0 0 1
1.64590028173 -2.31795111758 -9.29046891086 0 0 0 1
-6.68443218019 3.42376618827 5.13669226561 0 0 0 1
3.99448780511 -1.13331891168 1.97319577881 0 0 0 1
9.60615486549 -1.01262705869 5.01373241398 0 0 0 1
-7.38070655461 9.0634162817 -4.54784976982 0 0 0 1
4.25493109899 5.09086805023 6.36654255955 0 0 0 1
2.0815688488 4.48599978996 1.99136857783 0 0 0 1
7.42573184218 -0.647745027633 2.01337196158 0 0 0 1
5.25282498425 -4.90627275831 -6.55667378233 0 0 0 1
7.42147098374 0.0257979652895 -0.642870802143 0 0 0 1
7.78492345486 9.01506249705 -9.4339276615 0 0 0 1
-3.82050201701 6.61396956196 -0.47353174806 0 0 0 1
-0.458276648671 -1.85837621189 2.61662171722 0 0 0 1
-3.80776483934 -5.26561750997 3.6564024053 0 0 0 1
5.05514896729 7.99453842268 -6.92270262953 0 0 0 1
-5.41431206836 -3.44621795868 -9.57248723284 0 0 0 1
0.298111980497 3.78017835338 0.198403366387 0 0 0 1
-9.69649042653 -0.702087225263 5.85830793515 0 0 0 1
7.15284935842 9.08047272107 -1.93921135527 0 0 0 1
9.62675925835 -1.53110487218 3.69590116544 0 0 0 1
6.77551503183 -5.34200642669 -0.705798599265 0 0 0 1
2.51252104363 -3.29547300423 -6.06200881053 0 0 0 1
-5.02616793853 2.12122676971 3.92162920067 0 0 0 1
4.85059033025 8.35786065477 5.91903702273 0 0 0 1
-4.81165976034 6.37401578772 5.19487316419 0 0 0 1
-2.01670113488 -2.9895536349 -2.90486162003 0 0 0 1
5.69749681963 4.69585529577 2.10354625684 0 0 0 1
-5.12968858075 -3.4476790141 -3.80566184423 0 0 0 1
-2.40368389181 -0.994711331785 -4.60765258906 0 0 0 1
8.70975442798 8.17441752871 0.367229583205 0 0 0 1
-3.58134580317 8.91626163427 -3.23085015977 0 0 0 1
-5.26714558086 8.43034085465 -5.92094277161 0 0 0 1
1.56888372795 -5.60124158949 -6.70425593216 0 0 0 1
0.162408624831 5.17227963083 8.98002384256 0 0 0 1
2.08916026504 -8.02771801761 8.53239955691 0 0 0 1
4.08494851227 -3.73537832087 -0.417007764861 0 0 0 1
1.38927031155 -7.05893719737 -6.28485720338 0 0 0 1
4.20310943082 -0.762793729318 7.43237331195 0 0 0 1
-1.63885029706 -4.74011682806 -5.20226546396 0 0 0 1
5.96510132308 1.89080604885 -9.05816328554 0 0 0 1
-1.08403826546 -7.50871195747 -5.26156269505 0 0 0 1
-6.64267393294 -8.7242510695 -0.104391611325 0 0 0 1
7.54510627684 -5.43327022643 -0.631673779563 0 0 0 1
-2.54810255577 0.177809878489 2.49114439669 0 0 0 1
-9.88273170125 1.63299985535 0.629978715362 0 0 0 1
8.71984253565 -9.007180637 -7.19701094616 0 0 0 1
-9.57925388896 7.84115222675 2.47267190942 0 0 0 1
9.47755479282 9.21200542073 -2.99991474403 0 0 0 1
-0.945544766807 -7.08127377205 -8.56522501357 0 0 0 1
-4.29887325308 -2.84164036183 8.07670740767 0 0 0 1
-7.79726509228 3.7925352876 2.28822550742 0 0 0 1
8.12374558112 2.28725995516 -1.45427125146 0 0 0 1
1.20368990117 2.83878141839 7.62985800525 0 0 0 1
2.27897910636 4.61754456438 6.99690734201 0 0 0 1
-0.261400949726 2.52330034227 -3.99938199162 0 0 0 1
-4.45741370865 2.76770995685 3.71503589362 0 0 0 1
-3.96521472134 -6.36384940763 5.01532530073 0 0 0 1
7.86734812755 8.16765595257 -4.9316841228 0 0 0 1
7.52444087671 1.06416240078 4.69434977314 0 0 0 1
-4.56463283866 8.88258811114 0.741795584081 0 0 0 1
-2.24451189196 -4.5973611705 -3.71111100204 0 0 0 1
-8.19589208366 8.02126934436 2.95503883659 0 0 0 1
-1.204184253 7.08496948487 3.17470944529 0 0 0 1
-1.06253427154 -8.20422375114 -6.9936757205 0 0 0 1
-3.67969838936 -5.42514558965 -9.03519998043 0 0 0 1
-2.58153317162 -3.84019538224 -2.77970773867 0 0 0 1
-5.2389556845 7.98990978152 7.82469257161 0 0 0 1
-4.19961824327 -8.04126868996 -3.53853478274 0 0 0 1
-3.52140926814 9.83840298712 3.13488690134 0 0 0 1
-5.52322309791 -0.0390954981976 -0.0478573347913 0 0 0 1
3.25381035603 2.7435707294 5.23728131305 0 0 0 1
-6.23801185766 9.97115914468 3.41036107546 0 0 0 1
1.52483579307 -9.78821379069 -5.638241674 0 0 0 1
8.53096468051 -8.29184131035 9.02248771988 0 0 0 1
-1.53498472812 -1.95761303391 -6.30265871718 0 0 0 1
-6.88181479877 -5.21553596023 8.34135533766 0 0 0 1
5.61389193249 0.578620510407 -8.16028206845 0 0 0 1
9.50823898137 -0.556110091699 -8.43748889166 0 0 0 1
5.01884340029 -7.82041716811 -5.85333212723 0 0 0 1
-7.22733741824 3.48309272193 8.65199236849 0 0 0 1
-7.95019272919 -8.68986446958 -1.19070521148 0 0 0 1
-2.67166398092 4.23851002873 -3.41305864737 0 0 0 1
-5.37174172508 9.41208912948 -3.53967830022 0 0 0 1
-8.23701044054 5.26169381991 7.6417643592 0 0 0 1
7.69968343994 4.620426004 -8.2277126454 0 0 0 1
-2.57109055861 4.4258063262 8.93093758745 0 0 0 1
4.08794219149 -8.84233569285 -9.91710774482 0 0 0 1
-2.43962510956 -7.47201870107 -8.16189421145 0 0 0 1
1.3689597062 -3.53621182749 -4.10154602333 0 0 0 1
4.35632952012 -8.81471835862 6.41617365749 0 0 0 1
-4.23711492358 -0.25711422587 -2.3772591089 0 0 0 1
-3.75522017405 -4.59137876656 4.86704543938 0 0 0 1
-1.13285569196 -3.61238215903 9.01723123573 0 0 0 1
7.85175534794 -0.553168926599 5.51605816278 0 0 0 1
-3.56093977355 -0.0104097044462 -6.61773644004 0 0 0 1
9.44322100156 -6.76167317714 -9.57404624 0 0 0 1
0.338357513492 -2.2586512485 -7.83674912273 0 0 0 1
9.54123086971 3.67945308406 -6.83783827319 0 0 0 1
-0.163274574455 3.95868097906 1.15308155071 0 0 0 1
-3.15125518365 -2.99166742088 -0.947724613547 0 0 0 1
-6.68891585509 9.86298894368 -0.257193372443 0 0 0 1
1.59874911911 0.165164412251 -7.13000857166 0 0 0 1
-2.48186660538 -0.020306038856 9.78835397345 0 0 0 1
8.6065534794 -0.0296819547494 5.47720557897 0 0 0 1
5.18034407832 4.71496249973 -0.814076682674 0 0 0 1
0.736488724131 0.589068919967 6.01155866609 0 0 0 1
-1.89830955508 4.91316842216 -5.29782123832 0 0 0 1
-1.27115758404 -1.34770042354 -4.63315755772 0 0 0 1
3.4507681609 1.92356520359 -0.593652619232 0 0 0 1
-5.77103078169 -9.39939296522 -0.604916441003 0 0 0 1
-4.49371828294 -3.9842423076 7.55472257311 0 0 0 1
0.332010709829 -8.85320577658 -3.38549821979 0 0 0 1
4.09095277777 5.91143329811 8.24157337035 0 0 0 1
-5.61423721247 0.844139314749 -4.08306538433 0 0 0 1
-2.53912457803 -5.3575744468 -4.81634631524 0 0 0 1
6.30620941434 1.80956276073 -4.05681577996 0 0 0 1
-9.85772976451 2.14732687292 -3.5420348811 0 0 0 1
5.35880983675 7.16955318155 -6.66098423007 0 0 0 1
5.3579268249 -0.750160819472 -9.56417572867 0 0 0 1
-1.0845324771 -8.14855396823 -0.0240346813119 0 0 0 1
-6.79142072223 3.47599256822 0.934084428248 0 0 0 1
1.74895985036 -4.97606227963 -9.32214263022 0 0 0 1
-8.07337278055 -0.795708480798 4.900699787 0 0 0 1
0.677170177381 -8.9749218534 3.834928063 0 0 0 1
-2.14503910121 0.0878953905486 -4.38333791596 0 0 0 1
2.42674892995 8.71385383155 1.84244729393 0 0 0 1
8.6259863968 7.65935686694 -8.86438384545 0 0 0 1
-0.60117650503 -8.42806772905 -0.941022393009 0 0 0 1
-0.976938753425 -2.51819285704 -3.2977544795 0 0 0 1
-7.99869833263 5.46611449414 1.93573379446 0 0 0 1
6.12032570511 -9.2817965296 -0.368221204943 0 0 0 1
-0.52526729293 -8.79879838054 -6.29191292423 0 0 0 1
8.25730604641 -1.59555843553 8.1876401668 0 0 0 1
-9.60242601333 5.61341117438 -1.20060134094 0 0 0 1
-5.24574357577 2.10105052228 2.33552239957 0 0 0 1
-5.63543770676 7.54219898665 -5.02448994557 0 0 0 1
4.53806669288 -5.68842578283 0.726664421508 0 0 0 1
3.37758831108 -6.33408477845 7.19265026304 0 0 0 1
-6.17157320853 9.31900997323 6.57870739391 0 0 0 1
3.63429128189 0.0314860082635 1.35388683094 0 0 0 1
-2.39479386738 -9.55076165495 -2.226740263 0 0 0 1
-0.951016387485 -0.239144598198 -6.35929183125 0 0 0 1
2.36583528232 0.663103891414 3.9147100278 0 0 0 1
6.52842667374 -1.02775698134 3.29515504837 0 0 0 1
0.889960365326 1.86224954996 -7.67776181051 0 0 0 1
-0.0942955447103 7.71269760603 -7.3468059151 0 0 0 1
1.66697669296 -6.94856001608 7.07137246355 0 0 0 1
-2.30399104442 -5.29877287033 0.481639714441 0 0 0 1
5.75098973282 -5.74563149017 0.793679494522 0 0 0 1
4.50954657361 -4.34320977282 3.55790971185 0 0 0 1
-0.155743182565 -8.00043281654 8.56566862212 0 0 0 1
-1.31894322686 7.88097109993 8.81995747314 0 0 0 1
7.75740049525 -4.33367570826 3.39901261493 0 0 0 1
-7.92504757836 -8.48752377716 1.01628614954 0 0 0 1
1.98651481089 -9.18666708955 -6.3178974217 0 0 0 1
9.09752732223 7.21523379831 1.70844812565 0 0 0 1
-3.16867778295 -1.07712764189 -2.72156125777 0 0 0 1
5.79054784298 5.20455389622 8.94389347261 0 0 0 1
9.62371100137 6.13293435401 -0.416026076427 0 0 0 1
-6.3375354617 3.98176514837 5.14337295837 0 0 0 1
8.50313751575 -7.81881722799 -4.64613311693 0 0 0 1
3.39136040188 -3.69667337292 5.14182123924 0 0 0 1
8.50216154809 -3.97169972303 1.06567535722 0 0 0 1
6.89381887729 0.358531854607 -7.47281069565 0 0 0 1
-3.19732057995 -4.40457687479 -5.30826905413 0 0 0 1
6.33226908133 -5.52543307944 -1.5812163546 0 0 0 1
-6.94292846302 -1.97142820059 1.86853216545 0 0 0 1
9.8337940811 -5.04667430999 6.81915054119 0 0 0 1
-2.03217490578 9.5337714188 -8.31078665576 0 0 0 1
9.66818628349 -0.0419892127878 -7.62495833155 0 0 0 1
-3.75827796215 -7.26282232849 -8.32463281789 0 0 0 1
9.45842758215 -3.6045279886 -6.95545163495 0 0 0 1
-4.75216796273 2.91727235185 -4.90891742176 0 0 0 1
1.29446921477 -3.76300791555 4.40000920109 0 0 0 1
-1.01849053067 -5.71062765637 2.96781145281 0 0 0 1
4.24957160178 -4.87435283839 -4.16601562457 0 0 0 1
-3.43032283805 -3.11938460441 -8.42819911382 0 0 0 1
6.45503565593 2.42208305399 -7.4669924627 0 0 0 1
2.47496010902 -8.54765719673 -3.7119328667 0 0 0 1
-2.96184749277 2.95227460075 -2.53979844986 0 0 0 1
-3.78732933871 5.55847390372 2.60131666752 0 0 0 1
2.38263988445 3.69064480547 -2.66118052489 0 0 0 1
4.99752348862 -0.366320021856 -8.95514582364 0 0 0 1
8.90010540292 -3.9538489968 7.84380059667 0 0 0 1
-6.82812618326 -6.46279352956 1.28433641127 0 0 0 1
-9.12149155611 6.96689774604 -3.33564780546 0 0 0 1
-1.9737461126 -7.55549125602 3.65940729337 0 0 0 1
8.06151393803 -9.7915113318 -3.72868565239 0 0 0 1
-5.39528130307 9.489134518 -1.15673207446 0 0 0 1
3.18923210797 8.02727395491 5.4279479739 0 0 0 1
8.73289134532 -2.17946181972 5.00598513995 0 0 0 1
3.35723879599 5.56627631645 4.8796751439 0 0 0 1
8.71104787797 -1.61854395375 -8.62877992921 0 0 0 1
0.331945025346 9.99250675088 7.69506327899 0 0 0 1
-5.14663283888 3.52986397667 -9.43048293141 0 0 0 1
1.93842304832 -6.85711856798 -9.42550684189 0 0 0 1
-3.41526599949 -6.99259991543 6.93793107319 0 0 0 1
5.8644178575 2.69205838253 -2.36859654614 0 0 0 1
6.81644849132 6.91621642782 -8.56969866678 0 0 0 1
8.67381982696 -9.76218986978 -8.41065297437 0 0 0 1
3.44552913656 8.94012649121 -2.47401288916 0 0 0 1
0.641317193164 2.59810023972 -2.41187686016 0 0 0 1
-0.532009108638 3.6089490476 -3.69600670174 0 0 0 1
2.51401071286 -5.48551010585 7.96929534217 0 0 0 1
2.19977473015 -8.21081293857 -6.74616100179 0 0 0 1
-1.86140523076 -9.16515638636 4.03297014851 0 0 0 1
-0.283379710659 -7.5066036387 -1.79123489824 0 0 0 1
5.07822053377 -5.61384957522 3.05432106686 0 0 0 1
-6.98826405609 -3.33648359089 7.41250939882 0 0 0 1
-5.36729504839 -4.86662434011 9.46523351917 0 0 0 1
-7.12336336317 4.57697023612 -2.14643649109 0 0 0 1
3.02621426766 3.22402083022 -2.72368121902 0 0 0 1
-3.01520253497 4.09109996911 -8.49485072219 0 0 0 1
-8.39472811942 -8.35890308624 -7.89389971088 0 0 0 1
-2.24355744083 -7.78292175259 3.70183305713 0 0 0 1
0.182949947978 2.80975230126 -5.54605230122 0 0 0 1
1.62135121471 9.73208626673 -1.73624629823 0 0 0 1
2.30835813755 3.24627865473 7.55386767099 0 0 0 1
0.615279470242 7.01905834531 -6.46280615833 0 0 0 1
8.4244138454 -8.68001375534 8.90187923956 0 0 0 1
-8.16766560893 6.75514797595 1.80025739701 0 0 0 1
1.87908233957 7.96056479381 2.70054232541 0 0 0 1
6.60579655042 3.46509733353 -8.93006541736 0 0 0 1
-6.59683463022 5.87574504133 -4.57086813361 0 0 0 1
0.801094102888 4.6406621208 1.09999135938 0 0 0 1
8.17101784516 -2.2958423776 7.51549104181 0 0 0 1
0.601187036922 -2.86707718989 4.70773586908 0 0 0 1
-0.926927642141 2.11490299912 -9.55151560167 0 0 0 1
-7.38847227802 -3.22363656445 2.7569192077 0 0 0 1
-0.838772411375 -2.21980512305 3.03979209329 0 0 0 1
-5.30965892923 7.4395822883 4.85463884909 0 0 0 1
0.340007414036 5.61641701041 2.87841777817 0 0 0 1
4.073486458 6.33794932834 -8.25898883161 0 0 0 1
7.66526271828 3.48895982818 2.92118340063 0 0 0 1
0.0647110558734 4.60071568321 7.30946949838 0 0 0 1
9.4028227446 1.65775281504 4.64921861299 0 0 0 1
8.83638471772 -7.90298210262 8.16833162623 0 0 0 1
-2.68759782106 3.17684994456 -2.34987859746 0 0 0 1
1.92302701372 0.877758682389 -9.68142090695 0 0 0 1
2.40532877476 -3.54770058269 -3.28431234013 0 0 0 1
2.58620204499 -1.42435579554 6.69790616304 0 0 0 1
-1.85176867328 -2.04036990726 -2.54405926378 0 0 0 1
5.28796481357 3.21187739955 4.97371641556 0 0 0 1
-5.24797896299 7.34408316034 -2.50465556725 0 0 0 1
-6.72803362228 4.0557432962 -5.67709780644 0 0 0 1
9.46324194505 -6.54797631285 8.86969132253 0 0 0 1
-7.5241331875 -5.44381235479 -3.24409589565 0 0 0 1
5.83287011631 3.75100663845 7.9649208448 0 0 0 1
-3.30355178745 -6.03495307982 -2.26196600497 0 0 0 1
7.38286315345 -6.91135031575 -7.74627755945 0 0 0 1
1.29116826593 -3.77844213697 0.326196265277 0 0 0 1
5.65925155343 -8.87671926455 -7.27774145671 0 0 0 1
8.51791542014 -1.81872950294 -3.08823077101 0 0 0 1
3.86692556641 6.7804147874 -6.38300426313 0 0 0 1
-3.60141532592 -2.1820615783 -2.76050944003 0 0 0 1
1.93771393496 0.85879783256 8.56157522417 0 0 0 1
-5.96982974403 -3.95927604337 -0.269931398996 0 0 0 1
2.28391881791 1.38450310912 -6.66008667293 0 0 0 1
2.5646962722 8.24305366193 -7.33771100303 0 0 0 1
0.877353271206 5.80745151515 -6.99127404882 0 0 0 1
-9.01653077544 -1.63890300964 -0.29356739317 0 0 0 1
0.22271781488 6.32810228467 -7.60525901687 0 0 0 1
-0.0713258203851 -3.87697704334 -8.77068538665 0 0 0 1
9.23863756949 -5.06597457792 5.22302888862 0 0 0 1
-8.13151887643 -4.45481145634 0.186590825672 0 0 0 1
-3.72466570824 -5.58071594841 1.78701792568 0 0 0 1
6.07934228065 -0.633643609046 3.64706316563 0 0 0 1
-4.8698893613 -7.52212193856 -6.13145425072 0 0 0 1
3.48526171917 -9.18113977253 -9.95759823174 0 0 0 1
4.21631273236 3.5199247808 2.00457294723 0 0 0 1
1.14263723053 4.65351106411 1.5144290734 0 0 0 1
4.01125436857 -4.1585572902 3.74638982666 0 0 0 1
-8.311354714 -4.07901090968 -5.08299968513 0 0 0 1
-4.83835678953 -1.30150694322 -3.4520467213 0 0 0 1
-6.34342800945 -1.60732574855 5.69487007321 0 0 0 1
4.78841674922 1.85295902451 -3.63481118666 0 0 0 1
-1.75848420057 -8.5687108159 -7.80567403185 0 0 0 1
-2.14925180284 9.38798690393 -1.62205949042 0 0 0 1
-3.30335145005 7.0803237381 -9.63532541007 0 0 0 1
-0.928843360556 0.107488935277 -0.706360491836 0 0 0 1
7.75088645257 -8.70040415309 7.0115168741 0 0 0 1
-5.41057792514 -6.4557964785 6.39506184287 0 0 0 1
4.81746440524 -4.91625770964 -3.26433955187 0 0 0 1
-5.15901942051 -4.21327111754 1.77821800537 0 0 0 1
4.88216022344 -8.48180653681 -6.70244519224 0 0 0 1
-4.227942328 6.07882434388 -4.85281237312 0 0 0 1
-7.03534302653 5.43703781123 -0.879374340497 0 0 0 1
4.72749566675 2.02548058812 7.27339716747 0 0 0 1
9.83012107089 -8.07653700089 0.103312517554 0 0 0 1
4.3150764953 9.32580331739 2.25489098851 0 0 0 1
6.68617537862 5.86462910226 -1.98989981372 0 0 0 1
5.67629581819 6.22308009696 -5.39204186155 0 0 0 1
2.3607807724 -9.13421554826 -9.24875546951 0 0 0 1
2.72661564695 -4.51094163498 -2.05015595744 0 0 0 1
-6.3129583172 -5.36483505679 3.7069250868 0 0 0 1
-7.68046009284 3.48615494366 6.36247879804 0 0 0 1
6.23044696377 -9.92036247421 3.84771046899 0 0 0 1
-7.59279501813 8.2301036084 3.67478252105 0 0 0 1
-5.64443623808 7.93509746733 0.436786548711 0 0 0 1
7.52142976923 -3.03440165567 -6.75025480036 0 0 0 1
2.32294340761 7.63569170723 -5.59333584281 0 0 0 1
6.25570270835 3.56127182108 -1.7974551142 0 0 0 1
0.668372555122 4.44802246338 -7.19149051742 0 0 0 1
-3.10349476946 3.40787360783 -4.14905495593 0 0 0 1
-6.30682159906 5.50186357794 6.21332490257 0 0 0 1
-7.9663609295 -2.59043550739 9.54871506546 0 0 0 1
1.69373341034 7.57797407707 5.72208388743 0 0 0 1
-7.54820502749 0.215299218975 2.55857135096 0 0 0 1
4.93001351024 5.05012208277 0.789584827467 0 0 0 1
-9.93560102815 7.08657764342 1.96579978544 0 0 0 1
-8.35792001154 7.92141207809 3.69538343494 0 0 0 1
1.69064297426 7.32237858903 5.29686527154 0 0 0 1
-6.78864745853 7.73615660957 -7.49840649506 0 0 0 1
7.96448863966 -4.02958613853 6.99995492281 0 0 0 1
-3.74577562735 -3.02902043771 2.2394518127 0 0 0 1
-2.77473446642 2.20694850297 7.38355817611 0 0 0 1
2.49685908652 -4.9070218535 -1.5485819119 0 0 0 1
7.3554241834 -0.772125735725 -3.84244523812 0 0 0 1
-8.48682375193 -2.69133813005 -5.97064907554 0 0 0 1
0.271486197119 -5.85204161378 -3.06203105034 0 0 0 1
0.0276332157618 3.40457918451 -8.20545214349 0 0 0 1
-3.23370978017 8.3728537955 -1.31034615292 0 0 0 1
6.89328782646 4.41004299256 -0.99535431339 0 0 0 1
-8.81703026859 -8.85801129835 -4.01829510523 0 0 0 1
1.27295257684 6.77425344882 3.96313482956 0 0 0 1
-8.19446435469 8.17081659494 6.16391531888 0 0 0 1
1.26541522501 -9.48697917987 4.32819500254 0 0 0 1
-5.82343333217 2.86222187021 -8.6201863764 0 0 0 1
-5.13484811075 -2.6496834401 1.13519696905 0 0 0 1
3.00307667092 -0.658205181845 4.99069184738 0 0 0 1
5.48870387953 -9.80143965175 4.47612902912 0 0 0 1
-3.8438866252 -1.76765532249 -6.20744519 0 0 0 1
-3.69989466205 7.02257869262 6.81331914737 0 0 0 1
-1.65085803827 7.16386946509 -7.77514449467 0 0 0 1
9.95607985834 0.878335741333 -3.9509648369 0 0 0 1
5.28064492289 7.47085507609 -9.94417015925 0 0 0 1
-0.209703823859 -6.94372635236 7.93028938259 0 0 0 1
9.5331412415 -1.01773522277 -2.25779501251 0 0 0 1
-6.55474123203 -5.88623555781 -8.27692885674 0 0 0 1
-1.0888096426 1.18683134602 -6.56541794208 0 0 0 1
3.21865474178 5.35108778206 6.54200548912 0 0 0 1
-4.19937531768 -7.85419855917 -7.77647283295 0 0 0 1
-1.81679249054 -3.96828830085 9.15687785191 0 0 0 1
-0.136600000088 -5.95308286089 -1.54125139179 0 0 0 1
-2.46362425992 7.0992471106 -6.23329144698 0 0 0 1
-3.92800719741 -5.63245651637 7.67182392226 0 0 0 1
-0.415501497808 5.24744250178 6.94443115295 0 0 0 1
6.62850620534 1.01754084493 6.40513126239 0 0 0 1
-5.43180634383 -2.43188139313 -6.12213165981 0 0 0 1
9.43685133833 -7.19409981064 -4.56238960698 0 0 0 1
-9.75642517437 -1.13418021485 -1.06878162689 0 0 0 1
-4.97959900316 -6.20644909818 2.67911459927 0 0 0 1
-0.140629874871 0.169598932042 6.23542277407 0 0 0 1
5.21236755203 6.58494683376 5.82827724083 0 0 0 1
6.55991074763 -4.19211595128 9.7848229454 0 0 0 1
-0.49030115121 9.9855160607 -9.83852710557 0 0 0 1
9.62057204365 -8.94959256032 8.44412864425 0 0 0 1
2.70649657196 4.10851945702 1.31522525921 0 0 0 1
5.43845842397 9.46972182784 -7.97463081547 0 0 0 1
3.83610501673 7.75289361587 -7.60238229752 0 0 0 1
8.62455516424 -2.4375329873 4.86386921279 0 0 0 1
0.593086478238 3.24840097827 -1.906933361 0 0 0 1
8.3290786462 -3.26879292325 4.19935605077 0 0 0 1
3.36195222629 -4.15745506667 7.97791816811 0 0 0 1
3.43966625213 5.75512353439 6.54615356931 0 0 0 1
-5.74406978237 4.14022320489 -1.42439591634 0 0 0 1
2.01914770669 3.23895583304 5.96459849615 0 0 0 1
-3.91758706315 -5.06843640631 -2.77193049949 0 0 0 1
-1.14171298187 0.631553865662 -8.57387630285 0 0 0 1
2.32580915016 -5.28700222363 -7.61711614356 0 0 0 1
4.88929220048 -9.15332486898 9.52406519935 0 0 0 1
0.54040350357 1.98353798441 -7.23042943321 0 0 0 1
-4.86980524731 -0.67460490447 2.66442936819 0 0 0 1
-4.27242632615 -1.55721734516 -9.89030784398 0 0 0 1
-3.44345670614 7.49451344316 8.7973802275 0 0 0 1
-0.82712235603 -8.62106384656 -2.20348000976 0 0 0 1
