 700 1
 4
 0.E+0,  0.5D0, -.025
 -1.0E-14, .F.
  1.000000  0.000000  0.000000  0.000000  0.000000  0.000000  0.000000
  9.409619  8.583677 -5.328241 -3.024987 -4.005404 -7.462352  8.491815
  1.476281  3.147718  9.062958 -0.697005  3.667860 -4.172674 -6.375290
  6.571001  7.897678 -9.276200  0.206832 -4.018863  4.928627  0.830098
  9.980131 -6.097849 -4.406526  7.701306 -6.204215  7.385149  9.437095
  8.276885  3.120789  9.914330 -6.620233  4.884502  9.422749 -4.040085
  2.869307  0.109565 -7.849392  9.915852 -9.609096 -1.602517  7.623758
 -0.044612  0.457448  0.218391 -1.004546  2.800321  6.694509  8.961761
  2.045511 -9.112225  3.871486 -1.949977  3.040490  2.068409 -2.380105
  7.962400  4.632053  2.822789 -6.247578  2.856231  6.972385  4.902253
 -7.902102  8.004292 -9.149159  8.549440  1.826822 -0.896892 -9.987166
 -2.483347  9.347332  0.318943  2.015643  8.957748  2.686475  9.119306
  6.445301 -9.086287 -9.893659 -1.060051 -2.153719  8.915033 -7.923024
  5.317130 -3.697997 -7.746595 -4.678256  0.400020 -8.653607  1.523002
 -9.469273  6.778672  4.358880 -5.794873  1.632780  3.192264 -7.353932
  2.183103  7.481209  6.447282  8.248942  4.706360  3.533608  0.429931
  4.007005  8.839460 -2.710180 -3.289721  4.381626  2.137780 -4.334883
  9.082834  3.321329  4.539047 -3.567270 -5.769323 -4.912840  7.128880
 -4.411980  0.602265  5.616041  5.008925  3.308402 -2.960503 -0.892613
  7.711229  4.242751 -5.495163  5.429107 -8.672095  5.859391  1.952864
  2.643024  8.397120  1.800519 -8.113247  4.365621 -1.209800 -2.212725
 -0.090023 -2.811724  6.603091  0.294814 -0.971977  2.881712  1.747690
  5.303391  7.751011  9.435770  7.786952 -1.772119 -2.377054 -8.101151
  4.870521  5.534724 -9.389346  0.109399 -5.528143 -0.270218  9.249483
 -9.572827  8.254845 -0.585264  3.886396 -6.989617 -8.319064 -8.047637
 -4.577132  5.274493 -4.524540  8.209743 -8.188193 -5.096157 -5.659695
 -3.325133  8.519836  4.394794 -6.281331 -8.582472  7.101445 -0.315823
  0.762933  6.326185 -9.969306  4.230748 -2.594674  4.018884 -9.385076
  8.901497 -9.757076 -5.722950  7.277482 -5.817597 -0.852153  5.045036
 -1.926232 -6.657788 -8.350046  2.908619 -1.353086 -1.437155  0.635613
 -5.604814 -4.275020  5.085731 -5.073251  0.881936  0.020470 -6.333374
  8.229887  0.000725  2.446245 -2.454233 -9.195060 -3.299671 -9.959659
  5.568215 -7.591099 -9.402743 -5.855190 -1.275538  9.838534 -6.709917
  2.132512 -9.620872  8.582146  8.557346  4.283758 -5.469114 -7.549650
 -7.493736 -3.540810  9.644135 -5.341339 -0.388195  6.287461 -9.698352
 -0.007927  4.139272  4.449219  6.230018 -6.374080 -9.838458 -1.908358
 -7.423727 -3.005668  3.767879 -3.762870  5.220082 -3.213877  9.420374
  4.117701 -5.285534  4.647711  6.284443  8.275338  5.185568  7.166658
 -9.418163  0.503910 -9.382115  3.131180  4.471402 -5.168601  9.597926
  9.729359  3.736304 -6.070464  2.634918 -0.858642  0.472249  2.188082
 -2.369805 -2.234031  7.586237 -9.174678 -9.743465  1.599727 -1.024173
 -4.550569  5.238888 -9.940621  7.581276  8.088680 -3.117400  7.447302
 -8.820455 -4.067808  4.703392 -6.879914  4.393735  1.498885 -9.464097
 -2.968915  0.520566  4.063425 -3.661763 -3.351958 -7.588825  9.357036
 -7.339130 -4.673521  3.000210 -1.009921  3.908238  7.076260 -0.498776
 -4.432007 -7.791715 -2.930291 -0.001087  2.482141  1.963617  3.026557
 -5.562091  5.066444  9.325522 -3.334847  4.870516 -3.404642  2.851343
  2.844505  2.098504  9.828384 -0.824138 -3.522070 -9.966614  0.421613
 -4.186404  0.545635 -3.831794 -6.574059 -7.670706 -8.040113 -7.633347
 -8.911096 -9.281632  9.404637 -8.419823 -5.353107  1.560431  0.035155
 -7.656817  1.544675  7.228607  7.957869  0.606603  8.995772 -8.060811
  6.205915  6.952985  9.753739  9.614091 -1.795548 -4.534711 -3.731112
  4.232429 -8.809120  5.551609  1.020177 -2.340670 -4.460048 -9.984151
 -4.499414 -9.691787  5.667393  8.845829  0.873889 -1.234005  4.185263
  7.233154 -9.725043  8.320735 -8.412501 -4.136374 -8.176766 -3.007917
 -4.388794  7.203790  2.388402  0.643907  2.306901  3.476143 -5.888697
  0.987922 -1.776829 -8.728714  3.250943  9.851432  0.034055 -2.031368
 -1.268284 -2.304616 -5.148840 -6.894796 -7.851722 -6.525176 -6.297652
 -1.121767  6.541828 -1.226287 -0.555477 -6.308583  0.076591 -1.229082
 -2.996836 -4.166290 -7.643278 -7.921148  9.434679  6.590270 -7.844599
  6.367644 -3.817744  3.781758 -5.982731  9.961628 -8.427607  5.392862
  3.694812 -6.933713 -1.634484  7.364748 -0.677373  3.463202 -8.147662
  6.941329  5.461393  3.236289  7.678518  4.529258  3.807012  7.102555
 -3.869317  4.500468  5.448123  0.636205  8.016915 -9.945756  6.415763
 -7.804086 -9.333351 -1.180636  1.844663  4.209840  9.858469  9.743902
 -4.028564  4.342850 -3.800666  1.426446 -2.312957  9.915828  6.468884
 -4.914141  1.657946 -1.296137 -8.329565  2.229654  8.511562 -9.645383
 -8.052426  8.868191 -2.698572  0.209761 -7.354818 -5.232149  9.707253
 -4.850582 -7.141137 -5.043944  7.042714  5.815945  9.216639 -5.306415
 -0.608070  5.705335 -2.815360  0.694785 -3.617424  5.898025  2.939042
  6.947152 -1.714462 -3.730761  6.480931 -0.650989  1.110132  7.527183
  5.403464  7.201862 -2.910030 -3.662753  8.004734  0.186811  8.513430
 -2.627128 -0.179748 -5.508175  0.609182 -9.046310 -2.190623 -1.522568
  9.329056  1.314717 -9.432882 -9.983271 -1.629492  6.149301 -1.418884
  1.737936  9.473045  5.303594  8.035039  0.964767  4.490596  2.078886
  1.954916  2.600711 -2.729359  9.005199 -9.340424 -1.638891 -2.096588
 -8.289099 -9.192805  5.636330 -6.094737 -8.006872 -6.049393 -5.649986
  2.307992  6.472403 -6.903942 -5.358706 -5.427557 -8.099017  3.877729
  0.323391  4.128183  4.263824 -0.582705  7.425747 -9.543363  3.310201
 -3.081704  4.795885  6.729531  9.292821  3.265756 -6.687567 -9.076186
  7.790559  2.613698  3.009126 -5.330517  7.377426 -2.192623 -0.933209
 -6.296936  7.068286  0.226782  1.349826  5.273146 -4.132675 -5.159572
 -5.267352 -1.532587 -0.125783 -3.493189 -8.876777  6.015569  2.208489
 -0.386912  9.001915 -3.076685 -3.208149  4.567564 -2.307732 -4.890000
 -3.919317  5.654549 -0.525397 -9.038113  4.649116 -4.195217 -4.543275
  2.829645  1.079201 -0.837730 -0.940467 -9.393788 -7.969881 -1.870305
  0.036982  0.597785 -4.796399 -7.138936 -9.059851  5.773450  8.416747
 -3.655633 -4.728589 -7.969658  6.207432  0.223783 -6.916252 -7.133604
 -7.414308 -0.181439 -5.492069  7.295369 -5.169348  3.860127 -7.715892
 -9.566515  8.673043  1.892831  8.437588 -1.795024  2.611208 -1.254923
  7.975644 -4.364882 -6.477170  3.791548  8.950828 -1.095533  7.144276
 -5.358501 -7.812630 -5.124673 -9.595065 -3.346534 -2.897899  5.959266
 -7.585203 -1.524173  6.399410  1.437796  5.543615 -0.377295  1.751140
  8.938655  9.375452  1.292493  7.568474  8.444204  0.042147  1.378506
 -5.209039  4.638970 -4.960108  4.563206 -8.310633 -1.229605  7.378597
 -7.011866 -0.437548 -5.967306  5.705865  5.227835  1.991910 -3.611000
 -1.911977  4.068204  6.579457 -6.606640  9.771460  4.410438  2.166498
  2.727561 -8.423663 -9.935036 -1.839006 -9.538400 -7.280395  2.119147
  7.250526 -9.291906  6.815647 -2.088959 -6.595420 -7.847433 -4.385659
 -1.075795 -1.152775  4.449200  8.417615  7.659636  9.680393  4.723894
  3.241632  6.518170  7.464415  6.866846 -0.137606 -4.905668  7.186208
 -2.124963 -4.312827 -1.290593 -1.716933  5.069825 -4.266201 -7.791221
 -5.879380 -2.176353  6.266106 -4.925897  7.403513  1.649203 -6.762879
 -6.338084  6.999346 -7.291969 -2.425619  9.562781  4.664186 -2.548956
 -1.512095 -8.046924  7.351539 -8.461843 -4.591240  8.569288  8.446920
  4.445337 -0.019573  7.759910 -5.904201  1.484748 -3.000562 -8.635679
 -6.342597 -7.681752 -3.294096  0.505594  6.967939 -3.630811 -6.173057
  6.595990  2.718323  2.901687  5.116432  8.330740 -5.440937  6.306360
  6.010722 -0.953664  8.794417 -6.041758  2.079234 -5.811073 -5.388549
 -5.995056  1.397966 -8.192483  2.847495  0.390939 -8.566638  8.612647
  9.163136  7.312385 -8.957392  1.760239  4.755477  4.328093 -3.139505
 -3.409004  9.557729 -6.386653 -1.197194  7.009428  2.605436 -2.034377
 -8.670375 -0.820771 -7.826133  6.898666  1.583287  0.132514 -6.052524
 -0.562560  8.500936  3.758507  3.288243  0.105850  1.768804 -8.298003
  9.692380  4.996377 -6.468146 -3.262403  2.484009  0.216147  5.307754
  4.932320 -6.548152  1.880702 -0.101398 -6.174198  0.224822  7.080588
 -6.661309  0.931262 -0.033554  3.892228 -6.844777 -0.759671  0.504215
 -4.223547 -4.168539 -8.998911  3.578342  1.657244 -1.567958 -3.766798
  9.127755 -1.834361  4.058659 -8.747278 -7.003560 -5.478654  4.571987
 -9.647167  5.639577 -3.445375 -4.966557  4.009742 -7.581294 -9.964340
  9.337529  0.505574  4.370680 -4.458262 -1.335521  0.324733 -8.507580
 -4.725663 -9.705132  1.820136  4.662551 -2.077445  5.026782  9.956407
 -3.775943 -0.042077 -8.474223  5.042876  3.425166  2.654355 -7.881992
 -3.259490  6.435105 -4.553374  0.471727  4.088518  9.808559  7.834500
 -1.609085  7.560780  0.644079 -3.567148 -5.714872  4.086026 -9.395517
 -4.687251  3.234488 -3.194138  8.591715  0.594017 -1.498068  0.516803
 -8.149144 -6.097827 -4.661163  4.881063  5.063249 -8.327501  6.335223
  9.352465 -1.151957 -0.052283 -9.092846 -7.539722 -0.947192 -2.231506
  7.442966 -9.601317  7.119254  6.479563  6.612688 -8.692112  2.443482
 -3.796503 -5.542798 -9.377834 -7.875972  5.937129  9.020665  4.914992
  4.092730 -3.958221  9.344248 -4.085259  8.915199  4.717381  8.602011
  3.948840  5.045254 -3.415284  1.397124 -0.394344  7.794819  8.946341
  5.779911  7.336435 -4.434670  1.711946  2.049386 -3.023625  1.907690
  4.484401 -5.523785  5.871976  8.275362 -2.438121  0.630655 -7.863528
 -8.919547  0.951149 -6.143819 -5.669864  0.643916 -0.622280  5.019967
  6.291921  0.604903 -7.330012  5.817100 -9.827984  4.760946 -3.697620
  9.762871 -6.361106 -4.912806 -7.428307 -4.839496  8.749783 -9.574046
 -7.641827  9.564666  4.347886 -1.602749 -2.924351 -2.220299  8.029232
  9.327542  7.913448  0.070611  7.437933 -5.965483 -2.790312  0.378416
  1.263830  6.430375  0.583559 -5.485894 -0.522116  4.139778  2.394584
 -8.235115 -6.948308  3.690005  9.469346  4.629973  9.945878 -4.441316
 -6.008549  3.206686 -4.343748 -5.501007 -9.766708 -8.688170 -5.105459
  7.166622 -7.652163 -2.611239 -2.528716  5.662719  4.837817  6.016588
  8.229218  1.051474 -4.203674 -1.087437 -8.745774 -1.805827 -6.709475
 -0.111474  0.998347  1.548593 -9.908491  0.348920  2.131361 -8.472588
  5.177627  1.867163  3.581248  7.736612  3.709526  6.917599 -9.702086
 -4.890245  8.226323 -7.859003 -8.105926 -1.890924  7.375208  6.583419
  4.438952  2.551290  7.561910  0.460365  4.462331  2.225826  1.136137
  2.778749  8.357316  9.554384  5.728503  8.709239 -9.704219 -9.882950
 -2.210228  7.018435  1.884598 -5.456329 -1.761620 -9.200416 -0.979649
  5.258020 -3.501014 -3.049041 -8.647049  2.487805 -5.258099 -4.578518
  7.798030 -2.233354  8.699273 -5.814194  1.180286  0.830446 -0.131027
 -0.899965 -4.780254 -5.018510  0.829624  0.214879  9.717377  0.013309
  3.626353 -8.183005  0.432732 -9.999056 -6.705539  4.525981 -6.635013
  6.723409  7.646987  0.731534 -3.215797  9.972687 -0.782637 -4.102774
  7.904300 -7.121701  8.794481  8.925949  5.388654 -5.609546  9.132256
 -3.759748  6.005523  6.198504 -3.253151 -6.863820 -4.445373 -5.069775
 -9.639168  6.202452 -5.729959  5.187409 -5.104811 -8.638779  4.641697
 -2.329632 -2.029302  7.345834  2.614494 -3.487505  4.652025 -8.932101
 -5.390796 -5.912797  5.919985 -4.099451  1.679027 -3.554681 -5.220173
  5.062556  6.545044  2.222193 -7.211444  0.517945 -5.765259 -4.947448
 -5.630076  5.063131 -5.787473 -6.927991  5.483918 -4.791555 -5.426046
  9.642121  7.424307  7.286734  1.710097 -1.045945  2.818889 -3.224847
 -2.334968  1.216350  1.199477 -0.485383  0.791258 -6.871058 -0.711097
 -8.279915  8.392487 -8.997889  9.070675  6.336319  6.810452 -2.606681
  6.270362  2.711494  8.835476 -6.909953 -4.376094 -9.949505 -5.652734
  1.177327 -1.148812 -8.714661 -3.895461 -4.497549  5.386889  0.693881
 -3.482672  8.444527 -9.936307  1.006590 -7.462108 -7.570775 -3.836596
  3.971827 -3.158700  7.370548  7.190482 -8.693772 -8.325301 -5.522318
 -0.969854  6.964850  4.697025 -1.190978 -5.009306  2.383115  7.927224
 -9.766032  4.198729 -2.563236  7.018878  5.796459  3.789429  1.667795
 -7.927434  1.269939  1.939398 -9.170829 -5.633052  4.964858 -5.360135
 -6.973762  4.988080  7.808646 -7.702249  0.454256  3.675808 -8.240953
  4.700286  9.681181  9.906412  3.237207 -1.227322 -3.568291  6.457460
  6.624152 -6.809669  0.422642 -0.054583 -5.565498  1.196899 -6.811172
 -3.677614 -2.100260  6.045910  6.915448 -1.779724 -3.564151 -0.944027
  6.751092  2.393375 -2.813603  9.927202 -3.126806  0.459146 -3.643267
 -7.030927  2.737057 -1.853054 -4.519449 -1.030066 -9.344217 -3.829618
  3.181093 -4.317131 -5.621796 -6.365238 -2.883251  5.509942 -6.433733
  9.848566 -8.732402  9.561069 -8.882003 -4.776341  9.719087  4.898106
 -9.747677  8.859683 -6.216111  5.516546 -6.740830 -5.172528 -6.311470
  8.599875  5.614394 -7.406096  0.602638 -7.531534 -0.505007 -1.306946
  5.466900 -7.936303  7.083536  9.951617  6.753286 -7.804451 -0.113037
  9.604361 -9.766397 -1.476547 -8.811716 -1.005857 -0.810691 -4.855170
  9.659193  6.311630  9.992302  6.548003  6.413123  7.004662  2.098623
 -6.000287  5.304431 -2.349366  9.359589 -3.255857 -8.382926  3.828729
  9.401955 -3.593815 -2.874885  1.805255  0.559100 -7.985746 -4.639456
  8.227056 -5.871375  9.868810 -1.183219  8.436568 -2.285380 -3.182705
  6.951116 -7.364635 -2.278632  3.319872  2.005381 -3.578021 -0.962065
 -5.947205  6.520424  8.671172 -0.980858 -6.485359  8.395978  3.639602
 -6.960622 -8.878473 -0.121343  2.074149  8.801260  9.582801  9.167434
 -6.883650  3.985185 -8.865226 -7.852546  5.184847  7.034613 -9.310690
 -2.612000  5.452164 -8.144228 -8.379910  6.510729  1.183568 -2.397320
  6.135477 -4.353943  2.686909 -6.692399 -9.123331 -5.242404 -2.407490
 -7.854987 -3.704408  1.180927  8.996755 -2.860223  6.542837 -4.862781
  8.751592 -1.473137 -2.406575  0.815073  2.489254  5.728159  0.608237
  9.495049  6.103007  2.548256 -6.911603  5.597795 -3.862388 -5.194678
  3.448531 -9.029052  4.394266  4.434499 -2.033036  6.407715 -0.468102
  9.490149  4.900947 -4.082043  9.178916  6.357862  1.754991  4.510077
 -3.382917  7.492315  4.590736 -6.508631  1.482366  1.779974 -6.767193
  9.226321  8.245472 -0.293687 -3.238718 -0.328118  2.519489  5.679514
  6.538203  6.886702 -4.765016  2.693775  9.217431  7.398057  1.617081
  9.357383 -2.726845  2.412037 -6.476556 -2.741100  2.087387 -1.644198
 -9.243833  8.720755  0.800435  5.123101 -4.784291 -8.076785  7.578724
  9.599809  2.971592  7.652952 -3.709180  9.485743 -1.357265 -5.398426
  7.512607 -5.554829  6.714386  7.144688 -6.302209  7.291254  2.819822
  4.409765 -3.982973 -4.549347 -1.666791  8.630653 -9.019387 -1.373876
 -2.990542  2.054938 -6.362783 -6.157903  6.673136 -9.113703  4.469922
  9.152915  5.916415 -4.250394  2.204778  7.351242  8.131148  2.698015
 -6.543926 -5.335606  6.132248  4.667786  2.297796 -8.980334 -2.601949
 -1.404791 -3.471058  0.935951  3.408595  1.215387  9.325460 -1.790931
 -2.496176 -5.455593 -7.918547  8.438438 -6.742763  7.854857  5.369188
 -2.482629  7.209532 -3.192110  7.596743 -1.057955 -1.601182  5.671082
 -3.034976 -5.052451  6.730203 -6.409010 -5.617453  5.479536  5.950626
  0.473601 -5.549443 -1.324481  5.616041 -4.594026 -4.298658 -1.640222
  9.011868  4.749974 -0.154389  3.109015  2.877990  3.270428  3.069581
  7.594799  8.444038 -7.465981  0.870897  3.670606 -8.000036  3.888636
  1.372794  8.990299 -3.385948 -6.853450 -9.967200  2.380628 -1.800531
 -2.645080  7.992214 -3.857983  9.261127  3.496718  6.231707 -2.686677
 -7.139316  5.542304  5.518977  6.855153  3.327342 -5.532602 -1.406678
 -4.857362 -7.670938 -6.595351 -3.473261  4.441336 -8.832720  0.562475
  3.807604  8.516373  1.113255 -9.154481 -9.109414  5.138386 -0.184486
  4.040507  1.852516 -8.858636 -3.035801  8.904880  0.642844 -8.042117
  5.569589  6.415728 -3.570773  4.552053  5.307405 -0.576682  5.680144
  0.093051 -8.960217 -5.114220  0.609514 -8.298514  5.873245 -1.914203
 -7.195943  6.681118  0.016456  4.741834 -6.812065 -4.376274  2.329593
  9.713172  7.883609  6.084920  3.833046  1.982679 -1.184184 -8.340686
 -2.235334 -7.175668 -0.925554 -9.996725  9.529418 -5.693858  0.849969
 -5.236450 -8.512223 -9.410789  5.711154 -1.717010 -2.961303  5.197313
  0.284757 -0.079490  8.228898  2.320544 -3.571164 -1.443101  0.399028
  4.761145  0.252904  0.083081 -4.277136  1.998715  0.796424 -4.369122
  6.789950 -6.862730  5.293756  8.074592 -2.858043 -2.980530 -1.436608
 -5.146963  6.003897 -4.078423 -1.544642  8.529029  3.867098  7.888839
  4.357237 -9.097930 -4.537927 -0.696824  3.950840  9.192536  2.817530
  7.566144  3.059131 -6.313186  1.145401  5.483859  2.549893 -7.095789
 -2.414687 -4.051428 -7.707306  2.986779  5.126960  4.617335  4.807447
  4.127912 -1.628607 -3.604589 -7.259330  9.760603  4.125987  2.134200
 -1.752012 -1.122344  6.739114 -6.379110  2.489280 -6.656314 -5.887854
 -7.026032  0.721658 -3.713898 -1.825946  3.930360 -5.254388  1.788271
  9.052851  1.008103 -1.887377  4.530388 -8.113056  3.512892  6.328478
  1.522355 -5.686257 -6.305690  0.742822  2.610271  0.352077  3.233764
  8.931562 -8.309692  9.844616  9.222516  4.345823 -4.804795 -5.304032
 -5.258053 -6.637878 -3.551023  1.502964  6.170398 -8.450324  6.467607
  5.201600 -8.173155 -0.789972  3.268044 -6.282508 -9.977227  2.683280
 -0.648141 -1.724900 -5.615439 -6.517166 -4.961570 -8.963778 -4.384750
  3.188134 -9.671092 -1.586493 -1.548389  7.915111 -8.109004 -6.268330
 -9.976202 -1.332727  8.957707 -1.227151  6.695132  3.154997  7.110634
  2.883604 -6.577184 -6.224397  4.812733  1.656264  2.057142 -2.088882
 -6.303041 -4.786057 -4.297890 -3.408968  5.332210 -3.900706  5.307357
  5.731862  7.656609 -9.801906  8.476237  6.382421  7.761950  4.282912
 -6.512301 -7.804308 -7.255889  2.174733  0.100559 -0.139655  1.374510
  7.873241 -8.778758  9.076905  9.545511 -3.838924  5.595523 -6.327449
 -9.621405 -5.484627  6.187262 -9.016226 -6.774782 -7.308295  7.158679
 -7.098807 -5.094033  3.734326 -9.331020 -5.764164  3.521347 -5.432935
 -3.274551 -9.352539 -6.282122 -3.088648 -3.539684  7.134074 -1.868026
  9.021285  9.604048 -1.706319  4.892413 -1.509428 -2.050025  1.431438
  3.642328 -4.475447  0.720015 -2.858176 -6.149069  9.662576  1.797258
  7.546441 -2.405735  3.388936  3.495125 -1.838189 -5.222714 -4.769672
  9.783901  7.480991  2.694093 -6.812615  3.647213  9.108120  4.975841
 -1.028207  6.722663  5.961682 -1.553717  9.349374  8.334208 -9.072293
  2.738773 -2.851254  2.237298  1.207525  4.361089  8.022672 -2.722971
  1.013502  6.297956  9.573914  1.827560 -4.390959  9.983675 -5.091386
 -9.670439  1.839147 -0.708791  3.895995  8.335537  1.785809 -0.646807
  4.095729 -3.813536  9.411629  3.032859  8.978881  0.749207 -0.653642
  8.381241 -4.428233  3.780667 -2.047789 -7.426029  0.126217 -4.814688
 -8.054768  5.821568 -9.534118  9.590163  8.427755 -2.086873 -7.094037
 -6.450140  2.287059  4.871752 -6.552663  2.239400  1.270276 -6.277033
  0.189946  1.089953 -3.135065  7.569542 -8.683765  6.516463  7.590328
  6.835861  1.419643 -0.859129  2.770794 -9.032660  0.671520  3.378244
 -5.337577 -3.928488 -4.311559 -4.528997 -4.877651 -6.453184 -7.691028
  9.758608 -1.183747 -7.760690  1.502160 -2.844940 -6.910904 -0.579939
 -7.251738 -2.399170  9.401803  2.112957  7.849364  0.941808  6.146185
 -9.723104 -4.329185  0.328002  8.302800  2.637540  1.752273  9.915899
 -6.977093  4.172373  3.630324  7.062651  8.659169  5.366645 -3.562384
  2.198409 -3.675609 -2.383247  0.241162  1.636323 -2.678767  9.491668
 -1.345184 -4.747910 -4.412220  5.095919 -2.400459 -5.257906 -5.634613
 -8.662757 -8.905583  1.720986 -4.999904 -0.797676  4.619819 -9.277531
 -4.332542  4.693797 -8.036235 -9.391950 -5.811815 -9.291956 -3.492505
 -0.855694 -6.289633 -7.380112  7.799420  7.414845 -6.079018 -1.841241
 -3.513970  6.463733  8.407305 -0.188310  3.417798  5.176683 -4.963209
  1.801148  5.132204  3.220855  8.486295  9.373491 -2.764385  0.638044
 -8.017959 -6.651215 -1.485780  3.078956  6.847894  1.341215  4.808416
  3.786808 -0.485800 -6.043147  5.788430  9.212582 -9.587094  8.320965
  1.544488 -1.309224  2.535343  9.197738  9.387243  3.151199  4.018821
  4.454256  8.132498 -9.704924 -7.860730 -3.014726 -0.649860  1.547249
 -6.148871  6.735470  9.820113  3.293323 -7.338341 -2.673351  2.888688
  1.615168 -7.855693 -8.662307  4.937191  2.468170  1.604454 -2.407190
  0.276037  0.604385  6.867477 -0.549239  1.008553 -6.937250  2.122445
  9.000135 -8.327922  3.699104 -7.527399  1.098470 -7.339000 -1.525334
 -1.529124  0.738657 -3.549797 -7.788129  5.719517  4.764023  2.523018
  0.170184  9.428034 -9.944378 -0.525597 -3.169252 -8.922472 -0.503756
 -6.498259  4.009875 -2.124454  9.328949 -6.704021 -8.331484  9.267417
 -6.978657  6.557025  9.735305  4.633998 -1.242153  1.549385 -8.787608
  1.941610 -6.429432  6.293384 -0.285842  1.846573  2.148102  3.164175
 -2.013479  2.391870 -8.582402 -4.574417 -5.307766 -4.655421 -0.608988
 -1.103521 -2.700436  4.331914 -2.945386 -0.942634 -0.589636 -8.080142
 -9.910826 -8.735419 -9.186564 -5.346151  2.625514 -8.426481  9.146615
  3.762925 -5.478040  8.285025 -7.870865 -7.684084  4.911544  1.271889
 -6.264239 -2.416404 -2.877018 -6.344466 -8.808119  1.662403  9.140532
 -6.655108 -3.671017  0.869418 -2.045125 -1.718887  2.804883  5.396399
  7.047207  4.552905  9.414012 -1.576819 -3.293673 -9.306282  3.625485
  2.176091 -4.497797  2.497134 -4.477667  2.602571  7.861430  5.501276
 -1.471006  4.402956 -6.609117 -5.215961  7.971913 -6.794565  7.443941
 -0.838386 -7.443571  7.889751  8.793827 -6.439604 -5.933704  4.232772
 -0.896853  4.239794 -1.881734  1.422077  5.854395 -0.245125  7.834096
  4.660817  7.356602 -7.738158 -9.313624  9.140367 -9.531043  8.590056
 -4.007203  2.214321  9.975609 -2.841901  4.692201  1.599603 -0.692712
  5.784628  5.687148 -4.367693 -3.869570 -2.981719 -5.275191 -8.555030
  1.972959  7.648787  1.099633  8.304966 -1.100638  9.916058  3.255867
  8.299890  2.042326  6.666642  1.852465  2.800206 -9.409046  0.208920
  3.018070 -3.175857 -0.468925 -5.609062  1.680640  1.545163  7.372560
 -8.521431 -6.812936  3.360895  0.558809  5.688910  5.197163  7.430496
 -5.693127  4.428830 -8.827251  4.136832  4.700221  7.044860 -9.841476
  2.111716 -1.021754 -6.169680 -1.408350 -2.572543  9.569866 -2.792400
  5.096182  5.887257 -8.264935 -1.582651  8.260274 -7.826491 -7.369530
  4.682016 -9.079131 -2.296745  2.024348  8.512775 -1.826244  2.461456
  2.128333  3.777981 -0.683371 -1.124286  3.225911  6.037371 -3.402787
 -9.368103  9.830680 -3.949192  3.979282  2.558641 -6.596232  0.685955
 -6.708536 -7.331892 -0.914812  8.629505  5.470542 -7.407818  3.525349
 -7.308012 -0.062593  5.687528  5.029566 -5.978299 -0.489168 -0.469257
  8.817999 -2.689718 -6.628706  0.314716  1.673595 -5.098264 -3.860307
  1.031488  8.335812 -9.356626 -1.584712 -3.556846 -3.364725 -1.799518
 -7.955419  0.567716  8.386967  2.528330  7.787123 -7.570465 -7.618507
 -2.701763  8.142919  5.971680 -7.794034 -8.989310  3.940853 -9.374445
  7.402590  1.047901 -8.815627  5.990134  9.114642 -1.491530 -2.720072
  8.407238 -4.084203 -7.004007 -1.599329  7.493242 -0.017459  8.433979
  9.513340  6.374260  2.978499  8.038551  8.442921 -6.336276  0.365388
 -7.903036 -4.184208  7.764517 -3.142210 -0.491431  7.716252 -4.445672
  4.902815 -3.839444  9.631614  5.194648  5.550728 -0.982550  8.637794
 -5.348621  9.424558  2.825272 -2.679708  2.805476 -6.174920 -9.469677
  4.831091 -9.381141  2.227954  0.054448 -2.489806 -6.038981 -6.818762
 -4.259243  2.344675 -0.359419 -5.401629 -3.378496 -5.406356  9.580973
 -8.454904  5.661337 -2.842552 -5.468266  5.414727  6.274099  9.707143
 -3.087147 -1.652368 -7.728404  3.156173  3.289671  4.538576  0.179635
 -1.624495  5.177221 -4.001545  0.981889  7.423661  3.711124 -2.110389
 -3.336685 -1.262832  4.929122  7.317282 -7.565817  1.484571  4.355733
 -8.017169 -2.367533 -3.586381 -1.753021  1.170858 -0.248715 -9.921576
  8.442458  4.568151 -6.673637  9.437260 -7.090799 -8.020986  6.571185
 -9.295038 -4.388968  7.512277  0.960671 -2.281747  3.112116  2.879653
 -3.534695 -3.701985  9.012319  7.624845 -0.329066 -5.591306  2.095107
 -4.100151 -2.410293 -0.293284  1.742744  4.318679 -2.059953  9.220325
  6.604976  5.699494  7.288134  2.301776 -3.309668 -0.314794  4.089752
 -2.165535  1.498088  0.395647  4.516778 -8.008675 -6.028034 -1.636679
 -0.642847 -9.142838  3.815621 -8.737880 -7.171622  5.223337 -3.991291
  0.574581 -9.342090  2.937108 -1.134163  8.535262 -8.237607 -3.777766
  9.507112  0.034531  7.794895  2.505635 -3.846643 -6.767282 -2.639839
  1.491290  4.906601  5.050454  2.590740  4.611809 -6.330983  4.199651
 -4.612425  3.061140 -6.987048  4.036582 -1.455224  1.536836 -3.345198
  0.909736  4.519985 -3.962900  1.078304  8.349524 -5.092979 -7.829556
  5.482854 -3.285088  6.983045  0.498747  7.070376  6.995241 -2.224203
  9.449807 -1.083475  6.090202  0.881487  6.280900 -4.512796  1.917729
  2.725726  3.089016  0.358517  1.733305  7.616264 -8.381735 -3.567691
 -5.642321  4.871634 -9.650187  1.809501 -9.197619 -8.256204 -7.915577
 -8.155500  4.627790  4.225151  3.627724 -8.205576  0.492366 -9.096469
  2.850876 -1.427170 -0.971928  9.004763 -8.412200  7.946641 -2.559211
 -7.527325 -2.263995  4.204150  0.131208 -4.420679  5.326108 -6.285077
 -1.521523 -7.802453  3.834208  8.879924  1.104158 -7.278167 -3.553626
 -7.446359  0.542996 -5.011169  2.052644  3.608750 -3.893788 -7.098568
  7.951777 -1.422248  0.294759 -9.342518  4.807134 -6.942203  5.169445
  6.364916 -7.686837  5.305076  5.150368 -8.638574  1.520109  9.129954
  5.115271  1.424187 -5.247420  4.031792 -9.914772  8.953208  3.300856
 -3.789799 -1.856951  9.122825 -4.998532 -0.815463  0.770635 -0.910510
 -0.601258 -2.137982  9.389286 -3.622246 -9.108694 -8.786119 -6.976629
 -3.939324 -6.567598 -1.502476  2.108679 -3.381844 -6.853931 -6.049509
  4.158671  3.915335 -3.262300 -6.731213  1.244920 -3.795429  2.329801
 -7.627813  4.892400  2.907352  7.901903 -8.786764  3.786136  7.403628
 -1.495919  6.046805 -2.502224 -9.969692 -2.724412 -6.501956  0.029609
  5.226976 -1.623463 -1.311249  7.178540 -5.670364  3.035581 -1.020875
  3.112837  5.141042 -3.271586 -1.612093 -9.843729  1.059176  3.065109
  9.654234 -8.368132 -7.710981  1.007562  4.660697  3.172925  8.674510
  4.699415  4.351696 -4.752347  1.420663  5.290917 -7.388876  9.309070
  4.623459 -8.608882  6.118445 -8.890951 -1.142537 -9.487097  1.468981
  9.848550  5.579956  9.340921  6.779607 -5.396673 -7.131799 -3.613643
 -2.654837  1.313601 -1.349889  2.070114 -0.030167  3.019548 -9.008481
 -9.680647 -9.712204 -2.496549 -6.203973  6.638891  2.993504  9.573785
  2.904336 -5.096196 -2.110679 -3.036386  5.461090  3.912134 -2.779176
 -2.519256 -8.017436  7.140346 -0.878243 -5.821714 -2.600808 -9.264301
  4.400069  7.290611 -3.748451  5.688906 -6.183232 -4.971067 -2.107493
 -0.835850  4.955705 -3.881661 -7.354381 -6.479730 -6.411870 -0.695297
 -9.166959  3.701297  1.302001  8.267609 -0.362033 -2.142285 -1.405872
  1.580201  2.130539  6.894814  6.005412 -4.621161  8.529931  0.137937
  3.665357  0.981137  6.111315 -3.674699 -0.004247  0.919665 -0.453250
  2.692855 -5.421385  6.178149  2.304899 -4.566406  6.593604 -8.415501
  8.744897 -7.897159 -2.615379  3.580423  9.926134 -9.276071 -0.637721
 -7.973343 -5.429340  1.179704  5.287602 -4.621438 -8.407212  8.792713
  0.604642 -1.500042 -5.951800 -9.831957  6.552079  3.578393  9.673295
 -2.894298 -6.376576 -9.740677 -1.735900 -0.849599  8.301261 -1.001491
 -8.524782 -6.536164 -0.856538  1.013365  0.345256  2.276992 -9.678193
 -7.270446  2.115706 -1.133972  7.628199  0.490564  5.441936 -4.005525
 -8.633675  2.488232  6.123275 -4.371865  8.933198 -9.042974  0.101377
  0.414901 -2.100391  8.445728  2.522292  0.365358  2.334623 -8.843748
 -0.817845  6.993509  9.905676  5.983770  8.158942  5.458167 -3.070053
 -9.315587 -4.819396  5.789980  3.752469  4.462793  7.527528 -9.635936
  8.495615 -1.808929 -1.787750 -4.470067  4.301279 -5.668259  0.746387
 -5.115046 -9.308538 -9.325395  3.081323 -2.673255  5.980132 -9.874449
 -3.525697  3.663986  6.389800  8.754002 -2.362888  7.445057 -3.207987
  0.938315  9.748180  3.723130  1.831805  2.847959 -1.005551  3.161316
 -0.892933  2.685832  6.624480 -0.929928  0.084360 -5.825330 -5.624719
  1.092136  3.567012  5.229836 -5.229291 -6.041212  1.141685  2.294693
 -9.055828  6.853046 -3.943729  9.313082  2.215456  1.042478 -2.325098
  2.787934  7.865668 -0.961248  6.854606 -2.284591 -3.457373  4.585897
  0.860243 -0.934902 -4.514268 -2.850582  5.970703  2.968255  7.002899
 -5.613124  0.204058  4.261313 -5.002777  8.951156  9.040177  0.219454
  9.631810 -2.872103 -5.836990 -5.673477  0.268667  6.645339  9.767210
 -1.529092  9.077894 -3.402490  4.914083  4.012257  7.438175  4.735134
  7.895766  8.433252 -9.431110  8.590980  6.941530 -4.976537 -5.883862
  5.884609  0.727137  1.970188  9.714838 -6.628029 -7.615888 -5.713968
  3.622829 -0.517712 -2.397962  4.185771  6.205624  6.761893 -9.706808
  7.778981 -1.161083  8.398946  3.778505  1.102067  1.820974  2.692678
 -3.535061  4.799901  3.749710 -2.058465 -4.111375 -6.705704 -2.282512
  3.044306 -1.496896  8.748265 -2.121121  1.006378 -4.240259  3.200459
 -0.056879 -2.731989 -3.130576  1.139877 -4.555693  5.179940  5.806469
 -8.746766  4.715849 -4.747473  3.401789 -9.564340 -8.087690 -8.057139
 -7.229576 -8.294323  4.221744 -6.124181 -5.031588  6.520301 -2.535756
  2.198059  8.537568 -3.283373 -2.030558  3.348967  2.113943 -6.632459
  5.576161  0.112284  8.856075 -9.272298  8.280442  1.889818  8.287672
 -9.437325 -5.346837  5.828965 -1.458102 -0.451089 -4.147295 -4.170425
 -8.398110  7.670035 -8.797622 -1.481847 -1.107766  4.869236 -4.907079
  2.824303  8.335696 -1.462791  9.085931 -4.997292 -6.446629  8.155370
  0.811940  6.815382 -0.828590 -6.758508  0.038186  4.042402 -8.805789
 -0.489387 -4.905226  8.671364  2.522498 -2.950202  8.887512  2.110748
  7.746618 -7.133998 -5.799387  0.421136 -3.706669  9.688889  5.088103
  3.263419 -2.207621 -8.889576 -1.815116  6.406753 -9.426639  7.657220
 -1.144338 -2.422463  6.006041  9.017085  8.103555 -4.036741 -2.876101
 -8.399478  8.404222  5.996722 -9.257128 -5.877953 -9.336234 -1.256475
 -0.032249 -9.774618 -5.596044  9.511899 -3.453025  5.932501 -3.994422
 -1.192681  2.970486  2.746023 -5.738567  4.136511  0.337178 -2.326100
 -3.568566 -1.016906 -6.592415 -8.125219 -0.412668  5.879514  6.276878
 -5.295447  4.465455 -4.006884  7.488682 -8.550152 -4.625154 -6.580422
 -3.045764  4.077491  0.436123 -6.541457 -0.125946  3.101476 -7.107308
  1.056566 -7.441222 -2.329068 -3.231430 -6.257113 -5.140679 -0.507442
 -0.340162 -7.865210  5.541537  1.676197 -9.265825  2.361767  2.215393
 -7.546214  1.219719 -7.186502 -3.018915  9.081317 -6.462831  1.461755
 -3.427441 -0.008371  2.208667  2.497077 -7.444504 -4.464065  0.377003
  0.364658  1.706764 -3.475520 -9.588703 -3.559414  9.001574 -8.689550
  2.538161  5.216043  0.126978  2.116963 -1.637416 -3.206896  6.027077
 -7.434025  5.908897  9.675556 -0.403320  9.761752 -7.141470  0.367335
  9.204365 -4.098555  7.431570 -7.276342 -3.193433 -1.717155  2.182674
 -4.490231  9.368306 -2.019853  0.599133 -9.243617  9.201188 -1.202232
  6.594672  4.819882 -1.443186 -2.450725 -2.522638  5.906659  4.273297
  0.659535 -3.564927 -8.290140 -8.175151  3.613387  5.668283  2.355320
  3.036000 -3.353943 -1.589830  9.278867  7.163885  9.384113  3.403845
 -3.492265 -2.446745 -0.792661 -4.317577  7.883057 -9.007438 -7.103379
 -8.890940 -4.582587 -9.825238  2.127918  9.484730 -9.925458  0.797690
 -9.014897 -7.720325  2.964822  2.068208 -6.517769 -4.814898 -5.517697
  0.356201  4.555991  4.108443  5.012380 -6.937054  6.804270  7.799743
 -5.309524 -1.450941  7.920900  0.940359 -1.161163 -1.490896 -2.978050
  5.065535 -0.578542 -6.014668  5.979665  7.014156  8.618455 -9.598979
 -3.076605 -7.658731  5.995303  2.246185  2.850506  0.828347 -4.914820
 -1.360573 -9.709137 -7.083964  5.546090 -6.867513 -5.867376 -3.387207
  0.076551  0.813830 -1.546233 -0.168705 -5.007283  4.039952  2.179192
 -7.840912  8.906113  5.433316 -7.191663 -6.889604 -9.598080  6.364199
  4.087092 -7.724648 -9.183720  0.500620 -7.781746 -3.655168  5.006651
 -5.034540  3.254921  8.755950 -8.022542 -0.578520  0.276463  8.070277
  6.820530  6.290222  9.334569 -5.208093 -9.797517  0.386984 -0.506532
 -7.160154  3.854489  0.528294  7.319267 -6.944820 -9.278660  8.668942
 -2.712788 -1.877321 -3.485180 -3.061918 -4.041638  1.693565 -3.286557
 -9.266855  5.924224  0.194789 -6.153853  2.571154  0.423583  3.018155
 -5.533564  7.374125  7.193247  1.078734 -3.460765  9.941993  8.933799
  2.960515  2.158166 -8.613927  1.816163 -5.753835  2.482156 -7.040949
  3.776834  6.756939  4.427993  6.282368  2.817294  6.238088 -2.549167
 -0.056778  3.986109  6.909479 -2.565876 -5.586710 -5.886978 -3.449087
  3.341250 -2.465428 -5.864202  9.454473  8.273085 -1.331008 -4.850073
 -4.710167  1.533725  1.139995 -8.131976  8.831099  9.926402 -0.118750
  4.392895  4.039506  6.917201  2.336573 -9.616311  5.016378 -0.810076
  4.551656  8.330669  8.272314  3.962198 -6.003018 -3.817650  1.247880
  6.238698  4.643465  4.845360 -8.191513  2.679985  0.888212 -7.042499
  3.950161  5.306899  8.629920 -4.125325 -9.799720  2.240641  6.794869
 -9.386903 -7.514359  4.600482 -9.044420  3.286962 -6.394367  3.225711
 -2.302892  5.695645  2.148702  8.091088 -6.834833  1.645855  3.614640
  6.032598  6.049772  1.710382  0.916337  7.595702  5.808350 -0.475957
  7.562819 -1.453473  9.424765  0.020462  6.553167  0.648004  9.635039
  8.676659 -4.599391 -3.992464 -8.934223 -5.342847  7.309630 -2.360488
 -1.152795 -4.093049  5.185123 -9.010718 -3.043819 -6.906988 -1.182411
  4.735523  8.777158 -4.796809  9.498249  6.349487  8.443691  5.094558
  4.814005 -0.356829 -8.594958 -8.587861 -2.077930 -6.515568 -6.268038
  2.296650  1.309039  5.399719  5.768883 -6.298728  6.276378 -8.841345
 -8.757841  7.944959  3.536911 -1.996291 -7.638341 -5.715873 -7.007878
 -6.756246 -8.912108 -7.084615  2.615934  8.803705 -4.182228  1.717338
 -6.948422 -9.781347  5.549274  2.232171 -3.879931 -1.092774  6.853417
 -5.161126  9.231413  7.615074 -1.904177 -8.072262  3.514681 -3.164150
  0.370174 -1.031003  6.175112 -4.935717 -5.462661  8.687960 -7.033695
  8.774768  0.667208 -5.899063  1.344309  4.003942 -8.901745 -9.637215
 -7.026842  2.120404 -5.036087  2.754874  5.106967 -5.568486  4.265424
 -4.818563 -9.234290 -0.870183 -9.084857 -7.597650  6.962152 -7.363197
 -7.595551 -6.319397  9.144560 -4.758134 -9.162722  5.709207 -8.384694
 -9.283521  4.097138  6.079140  6.404625  7.531776 -1.930539  5.408342
  2.103698 -9.812964 -4.945079 -2.542123  9.585398 -9.773728  9.651749
  1.481606 -2.264052  5.286233  1.369946 -9.680702  7.001420 -3.358774
  1.515827  8.952233  4.463653  2.090145 -9.362124  2.890010  9.145339
 -0.453453 -8.263959 -5.975579 -6.026059 -1.433635  7.557915  2.869677
  5.964059  5.781419  5.130091  1.945400 -2.966202 -7.718328  1.454923
 -3.501227  1.947623  0.795235 -3.239125  6.531042 -4.525903 -4.474663
  8.607450  9.473470  7.125167  1.858846  0.695772 -2.182692  3.579520
  3.816668  6.996916  3.246353  8.726166  3.834813  2.022546 -3.241045
 -9.156048  0.158493  8.520594 -4.287987 -0.959612 -2.440985  2.879735
 -6.888850 -2.057030 -1.018550 -1.521711  1.755155 -5.683979  6.404608
 -7.472146 -8.356536 -6.326484 -7.369552  7.535290 -6.589846  9.725498
  1.475198 -8.308700  9.805775  7.683428 -6.008028 -1.001651  0.791356
  6.845665 -5.055179  8.717609 -7.673808 -1.848541 -6.197172  1.307832
 -7.776037  1.483469  7.565417 -6.231718 -4.490479  8.467751  5.607146
 -3.134626  6.902057 -2.081251 -8.759151 -5.475634  6.462027 -1.964698
 -9.634545  2.782181 -0.944676 -4.671973 -8.325781 -5.082617 -9.576121
 -3.214413 -1.491984  9.012715  2.080544  3.433778  8.043862  4.798559
 -8.901071 -5.576097  5.621462  4.630998  2.256092  6.124155 -7.488685
 -3.753227 -8.428561 -8.192991  1.013175 -4.688618 -6.764631 -1.995333
 -8.757624 -7.688616 -1.568449 -7.403495  2.115402 -7.533659  7.920938
  3.535609 -6.037371 -1.525852 -2.740373  1.373560  8.590860  0.857259
  8.534949 -8.938702  2.468467  9.861472  6.712240 -7.419134 -6.080606
 -2.660108  1.433287 -7.062402 -1.504367  7.005131  0.692173  9.130401
 -6.182745 -7.495913  3.121739 -8.450146  3.756411  3.299242  0.095077
 -6.511927 -7.240378  6.424620  2.955886 -1.438270 -4.627200  0.686560
  5.444667  2.829395  7.584954  9.008911 -0.902056  5.959863 -1.279895
  0.034442  8.731332 -6.992673 -8.476930 -2.249675 -7.454692  6.703988
 -7.917045 -4.076157 -9.248948  8.541282  2.348350 -7.743598  5.940054
 -7.886558  8.871554  3.164813 -4.736445  9.595369  7.829458 -2.288780
  8.006579  7.595104 -1.160304 -9.648655  6.101462  1.384298  5.548491
  0.459239  7.162817  1.043468  5.230147  8.425378 -9.421815  2.619704
  6.329372 -6.326443 -9.043183 -4.037589 -8.492845  0.754871 -6.948407
  2.313708  9.786011 -6.292744  3.120161  3.814460  5.848876  7.238638
 -0.008677 -8.926172 -9.372828  4.867480 -6.611987  9.792099  4.007576
  1.066985  4.850299 -5.243778 -1.011937 -4.675065  5.091260  2.555011
  7.239733 -8.377459  4.210265  2.754903  0.313102  1.799483  6.182244
  0.380797  7.334102 -5.087290 -1.208690 -9.717305  3.744300 -6.115384
 -9.879679  3.783593 -8.574586  5.109247 -2.479043 -9.456241  9.220689
 -9.664828 -8.135601 -2.409265  4.839746 -5.413948  1.057901 -6.411021
 -0.557961  9.320551  2.533228  1.961769  5.624798  7.551627 -7.001699
  9.417113  6.799523 -3.232444  2.071942 -5.267992 -0.367754  6.480900
 -4.405952 -4.990745 -4.260552  4.734410 -4.064511 -6.973543 -1.130896
  2.749184 -9.591473 -5.714764  2.713726  2.594817 -4.728985  5.002342
 -3.906831 -0.234187  5.288263  8.863002  8.150437 -1.100363 -7.601826
  8.055171 -2.453568 -0.809752  4.267480  2.836762  6.054259 -4.192255
  5.209892 -0.245072 -0.210612  6.701873 -9.242553  2.918266 -2.404530
  3.966751 -7.169840  8.343625  0.702061 -6.871585 -9.158906  3.985683
 -1.203339 -2.874770 -0.091643 -4.151714 -1.110009 -6.486532  5.537904
 -8.264800 -1.007769 -3.953509 -4.342956  8.541464 -1.420729  6.482893
 -2.871466 -8.928216 -9.044936 -2.333018 -4.155873  7.487220  4.138651
  2.861078  1.774553 -1.948318  0.441521 -3.939904 -6.005133 -5.062621
 -1.129646  9.766558 -3.047049 -9.658498 -4.574548  0.597012 -5.103190
 -2.871323  1.169662 -5.840170  9.548007  4.154459  7.975502 -6.007851
  5.418092  6.656544  8.437391 -9.117994  1.577999 -5.609501 -3.927387
 -4.623578 -8.708694  8.346118 -0.673660 -2.308576 -6.587110 -0.449439
  7.949684  4.983728 -5.275334  6.698266  8.539381 -4.206434 -4.685922
 -6.405862  8.968587 -7.814781 -5.855955 -6.191870 -9.534737  1.574717
 -1.508823 -5.330505  9.445783 -2.889456 -7.942077 -4.166506 -9.330974
  7.974901 -5.058827  7.470573  3.816667  6.874495  6.510196 -7.425623
  5.155103 -8.300798  9.852050  1.819077  5.102701 -1.621871  0.262742
  2.855416 -8.804030 -9.324630  5.073250 -8.975132 -8.947481 -7.495344
  5.357306 -7.455358  2.595495 -2.109972  2.417091 -6.498384  9.647654
 -2.956889 -0.162237 -7.013694 -0.510976  8.745631 -4.713163  2.025865
  6.967291 -2.869130 -2.923616  1.092179 -8.600001 -2.907268 -1.014203
  2.451828  5.691487  4.147113  6.589774  0.091284 -2.354108 -3.625027
  2.857927 -5.372998 -3.128483  2.700490  4.107097  2.793291 -5.411902
  8.391882 -3.744773 -8.396403  6.786897  1.573374 -2.643863  1.103696
  7.682318  0.555553 -0.914735  6.910148  2.159730  1.361843  4.673629
 -0.729376  7.364943  6.228474 -8.656715  5.019643 -7.473780  9.711270
  1.476976 -4.175704  3.060227  8.690947  0.107910  3.266036  2.320151
 -4.412990  7.481186  5.232085 -3.671398 -5.118966  7.984645  0.717301
  3.432096  6.192328  2.058590  3.569073 -9.727476  6.970352 -5.505787
  6.336955  7.362541 -2.580522 -2.770939 -0.220281  8.071944  2.280745
  5.952085  6.594264 -2.466847  2.103028 -3.126280  5.402644  8.558093
 -6.724377 -2.741787 -0.819527 -7.393216 -3.988113  3.071967  8.850937
 -1.438005 -8.793953 -5.235074  0.490829 -4.642457 -0.040439  9.271416
  9.555299 -7.318282 -3.552330 -4.366023 -6.964821 -9.226958 -7.808717
 -7.654635  2.073869 -5.275784 -1.770555  9.855958 -9.074664  7.753486
 -6.866686 -7.143100 -2.363360 -7.785809  0.463310 -7.566110  3.116902
 -4.208107  2.283756 -3.215759  1.426537 -7.058094 -9.225495  6.905898
 -1.474188  0.766822 -1.205475  2.379298  7.796375  2.109503  7.965508
  8.613480 -7.458800  0.791335 -8.132012  1.632664  8.662320  9.015740
  6.557517  3.539053  8.612000  8.415963  9.118023  6.610207  4.873039
  4.871963  5.752549 -8.850175 -6.197878  6.030728  5.122732 -7.369412
  4.393448 -8.791962  2.184302  7.718675  4.476530  4.157230  4.182747
 -2.938770  1.745808 -0.032322 -3.492001 -7.928262  0.624903 -0.653961
 -7.129107  2.983146 -4.326149 -8.594106  9.390856 -9.813732 -6.588572
  4.099441 -0.633798 -9.061543 -8.364921  0.573078 -7.573175 -2.159091
  7.423627  8.593397  2.310362 -0.622350 -9.895707  2.162164 -4.096175
 -2.208179  2.819597 -0.926326 -8.673472  7.479541  5.203236  5.729620
  3.949331  1.273658 -8.190569 -6.286988  4.219622  1.312344 -7.555483
 -1.655379  6.331861 -4.357160 -2.704504 -9.904119  5.648443 -2.944832
 -6.129308  4.966045 -5.491939  9.593543  9.251261  0.392647 -9.299089
 -0.470397  5.050037  9.851806  8.805901  8.293812  3.806852 -5.376425
  4.557739 -7.019132 -3.300666  3.732679 -3.950484  5.133517 -3.736654
 -0.211794  5.743778  7.483564 -3.934172  3.178293 -5.645818  2.158219
  4.246103  1.638736  1.153302 -4.239527 -0.026013  0.270997 -5.181639
 -9.677213  7.209544 -5.186349 -5.998550 -0.514547 -8.107120  6.455225
  1.015509  6.803960 -5.240855  0.993701  8.372818 -2.278185 -5.744235
 -8.027079 -7.110494  9.380201 -3.348753 -3.747179 -0.873167  2.256491
 -5.193006  0.351938  6.733761 -3.253199 -9.794721 -8.539439  7.246971
  1.289657  7.479481 -9.823709 -2.823873  9.891686 -9.424384 -4.936936
 -1.459428 -7.103165  2.484500  5.113297 -4.786525 -2.095087  0.639788
  9.656378  2.945228 -0.690077  4.130797 -6.330743  4.153895  8.986260
 -8.431959  8.530065 -0.630067 -1.472106 -4.823928  0.507588  7.869234
 -9.485946 -7.030608  3.294416 -3.607850  1.551642 -6.038146 -6.217369
  2.890321  4.206008  4.603409 -2.900557  3.477676 -2.358478  7.332403
  8.753646  0.484751 -0.540785  0.576984  4.276744  6.136362  2.830191
 -5.484836  2.871469 -1.306042 -5.209519 -4.834808  3.414433 -9.021106
  0.897483 -6.102003  0.598322 -9.253507  5.358965 -8.255543  3.887946
  5.982467  1.950807 -7.938001  7.820774  2.227459 -3.551073 -3.082663
 -5.332100 -4.040529  4.865118  0.245841 -1.120204 -7.704139 -1.222217
  4.775965 -6.001286 -5.669934 -8.243906  2.655170  5.750729 -7.875674
  4.935341 -2.863881  2.623134 -8.385344 -8.515775  5.036677  3.367695
 -7.076233  1.169858  7.442274  5.035472  4.125138  8.413120 -0.988669
 -4.165345 -4.742025 -2.080136 -4.311221  1.958510  9.435765 -4.074358
 -2.026579 -5.483924  9.160318 -5.496290 -2.194901 -8.502624  4.056805
 -1.203308 -8.658517 -7.860524 -4.795364  6.069603 -8.785802 -3.121644
  0.540370  2.096512 -2.082532  1.392665 -2.853830  0.204684 -7.050900
 -7.793757 -9.985552 -7.944791 -3.685916  1.146557 -2.721928  2.820048
 -6.470276  3.961303  6.705449 -3.741639 -9.653909 -1.210471 -8.649918
  5.273422  0.600233  5.638326  9.687137 -0.365083 -1.418406  0.270548
  9.474370 -9.195571 -1.575424 -2.802370 -3.893956  4.854335 -7.774656
 -8.859642 -6.965943  7.020976 -4.411329 -8.657457 -3.298874  4.173294
  8.795045  3.962391  2.913223 -0.300081 -5.662868 -1.050350 -4.954757
 -8.378428  8.417152 -0.872706  2.093320 -6.880005  6.896795 -3.706345
 -0.406383  1.817430  2.237790 -2.319936 -0.262037  4.491805  9.704637
 -8.905611  6.047448  6.057527 -4.831516  4.469010  9.417760  8.258819
 -7.333610  7.311657  5.443312 -6.944957  7.276012  7.861683  4.223699
  3.316584  5.624375 -0.534602 -3.986530  5.589096 -4.069985 -4.313042
  6.296141 -6.867868  8.446805 -4.710533 -2.090672 -9.470348  8.808251
 -8.199981  1.677274  7.512380  3.501046  9.618263  7.895209 -1.948793
  7.865767 -1.448397 -0.486118 -2.767375  3.402604 -8.132619 -4.670728
 -3.360707  0.101097  4.890262 -4.611310 -9.847783  4.901940 -8.029920
 -2.446941 -3.348906 -0.951201 -5.151026 -9.505350  6.436545 -9.113588
  7.495845  7.022053  5.397338 -2.716512 -4.966263  9.259779  9.870160
  3.371426 -7.511017  5.097234  9.972443 -1.050318  8.895248 -7.536761
  4.713953  2.717723  6.394780  3.604603  9.511982 -1.380182  4.600429
 -6.946589  4.729700 -3.621112 -5.265299 -9.581115 -3.055088  6.069327
 -4.960850 -0.927254 -9.039283 -6.034188 -6.314097  1.412311 -3.931125
 -9.957447 -5.033716  6.757181  0.551954 -4.985487 -7.695069  8.731816
 -0.300896 -9.722781  2.262089  6.105414  7.385288 -2.082470 -7.145580
  2.161412  6.518640  8.526055 -0.660205  0.925066 -2.568930 -8.744944
 -5.959848 -7.551185 -5.915130  1.532691 -1.449747 -7.973028  6.917454
  4.729171 -7.669301  8.031246  9.323308 -4.669464  1.170485  3.432359
 -8.021967 -2.928380 -4.686319 -5.798724  8.527320  5.864135  5.642855
 -2.398381 -0.021361 -8.972443  6.615709 -5.199937 -0.644950 -9.038612
 -3.984309 -7.033477  2.103128 -5.531331 -3.404976  7.090169 -8.450967
  3.047917  3.784606 -5.853827 -1.702662  0.939507 -7.870508 -9.120290
 -0.990368  8.820120 -5.186245 -0.367177 -9.773552  3.094385  5.867814
  5.633331  3.600876 -9.135636 -4.894224  8.219477  5.750152 -2.592367
 -1.866631  5.680001  0.659439 -6.707375 -9.767489 -1.996999  7.045546
  8.925187  1.816175  6.822383  1.659433  2.109935 -4.378333 -9.382075
  3.211574 -0.470433  8.894890 -9.534956  6.670532 -9.882255  7.438725
  1.328114 -3.281681 -4.786656  8.454581  8.149656  0.970414  2.309580
  5.737997  4.727090 -2.361013 -4.655096  0.063926  1.309180  7.457554
  5.114455  7.099474  0.406488  9.565367  1.481059 -2.805100 -5.740195
  0.154087 -3.444144  2.712171 -6.655144 -0.897607  6.352175  3.406166
  3.208188 -1.173836 -1.667644 -4.666352  0.453841  1.818717  0.640754
  6.501161 -6.040078 -1.311546 -8.595684  8.334973 -9.307133 -3.729469
  6.214457 -8.682894  8.828761  1.215324 -1.298911 -2.892423 -9.723600
  3.797440 -5.797753 -2.035413  2.597890 -5.490563  3.066441  7.310067
 -5.141129  4.622362  4.819818  5.603688  9.189467 -4.035946 -0.483152
 -1.447554  2.485985 -1.130530 -6.144642 -5.862099 -9.256902 -3.242732
  8.255070  3.144071  0.610929  9.998940  8.299711 -4.579006 -0.396527
  3.109079  7.112475 -2.899604  5.434907 -9.167609 -6.489160  5.910058
 -6.258608  2.951441 -8.301812 -0.124780  0.623156 -4.436228 -7.900111
 -4.204101 -2.152950  5.861537  4.599351 -9.513401 -9.087800  9.836097
 -8.355127 -5.643525  7.865045 -1.873839 -8.786704 -6.441180  1.136287
 -7.830858  1.471742  5.012772  8.710672  2.152175 -3.901665  7.321889
  8.354795  0.152241  3.964523  4.473499  0.175082 -4.335710  2.119954
  0.911276  5.767018  1.575188  5.564704 -2.247121 -6.373519 -3.389570
  6.479271  7.006371  2.394319  7.257672  8.090281 -7.006606 -7.640237
  9.398031  8.796818 -4.641450  5.286809  7.641719 -8.167463  9.203091
  0.249585  5.409675  6.297266 -2.158684  5.590892  0.774796 -4.931872
 -3.834330 -5.628137 -0.802300 -6.823897 -4.492347 -0.295542  7.040844
 -1.415738  2.005794 -2.053854  6.402964 -6.044292  9.969740 -5.019613
 -5.900677  8.606971 -2.866308  2.228047  5.171220 -1.680027  5.268241
  2.127236 -7.488489 -2.063348 -0.826918 -6.119331 -1.833575  8.201052
  7.112022  9.669022  7.838037 -9.732562  1.997448  4.445603 -6.546036
 -0.076459 -8.744900 -6.501686  8.149756  2.060743  6.175291  2.017533
  1.740806  5.916711  1.152297 -8.251232  1.530349  7.115698  2.643510
 -0.094385 -0.957733  8.350898 -8.178439  1.018780  9.964495 -1.772263
  6.295462  9.447626  5.859364  2.673826  1.958434 -7.099294  9.681350
 -0.936628  7.615845  8.539898  2.364393 -0.747317  2.824318  7.433844
  2.173759  1.018533 -5.284874  6.427613 -6.384927  9.808123  2.914903
  3.471730  8.696652  5.435013  1.041796 -9.382860  5.152978  6.622997
 -2.009800 -3.556762  6.802429 -9.459618 -2.775189 -7.074324  2.120906
 -7.357654 -5.368396 -8.556950  1.382279 -1.603495  4.829882  3.135769
 -0.453579 -6.407245  2.211969 -5.180980  3.276561 -5.281453  6.960052
  4.568381 -8.444264  3.773318 -3.591054 -3.781554 -2.544588  9.440640
  7.434860 -6.172114 -0.741501  9.032595  4.326722 -7.801464  0.272843
  7.464775  8.564653 -0.880619 -4.731592 -7.698137  8.403026 -8.481630
 -3.110280  5.117179  2.770340 -3.098883  1.543638  3.833351  4.341494
  0.663339  0.998725  2.445195 -2.991571 -9.097675  8.991644  7.136781
  7.481319 -2.663785 -1.010099 -5.992922 -5.493848  9.826099  7.348542
  1.938567 -7.636046 -4.346506 -8.005693 -5.350017  1.966892 -3.004683
 -7.976283 -5.762989 -2.343091 -5.152077 -4.294124 -1.301485 -6.933803
  3.846371 -0.454114  9.757614 -5.193546 -8.396847 -2.714666 -9.034646
 -5.605148  7.289778  8.489427 -6.502826 -6.304218  1.783737 -2.846609
  0.215521  6.265893 -1.264113 -1.416472 -3.478516 -2.796850 -9.998437
  0.216111  8.611003 -6.899726  7.831480  7.982516 -9.509251 -3.966709
  5.789551  8.005681  9.389447 -5.914566  5.327648  7.393029 -1.748680
  4.979057  8.876879 -8.380678  8.596045  8.146466  6.638664 -2.806161
  6.845238 -5.843582  5.972149  4.301679 -0.210214  3.522936  6.163612
  1.243570 -2.940491  0.006559 -8.670671  1.181126  7.091114  9.020314
  4.115447 -6.757383 -0.482198  8.595119  2.396578 -0.664172  6.076263
  6.947648  4.407561 -6.251262 -8.313921 -1.685995 -7.328352  8.465490
  7.555576  8.574185 -6.455098 -9.397867  1.144900 -1.224651 -7.225351
  2.298418  2.239847  0.590082 -0.601137 -3.635810  2.853996 -3.528101
  1.205360  8.897617  4.357328  8.256821 -9.079486 -1.612841 -1.891883
  8.411240 -9.707410  4.169263  4.961303 -4.933764 -1.839481 -9.988066
  1.274044 -4.851819 -6.634936  9.964503  8.400740  9.323795 -1.914224
