1 0 0 0 0 0 1
-7.72110928956 -0.424056541124 7.07664887795 0 0 0 1
-3.18509286659 4.99569939574 -7.43313490323 0 0 0 1
-2.06022140729 3.7589065918 -9.60089277729 0 0 0 1
7.22386804131 0.624154665749 -7.60482457132 0 0 0 1
3.50805517749 -7.45778667832 -0.16310138841 0 0 0 1
7.272222686 -4.20866872773 6.91013947032 0 0 0 1
-4.7897902718 -9.72055476931 6.21886261034 0 0 0 1
2.17083361264 1.57954670838 -2.95248136344 0 0 0 1
-7.90430418403 -4.27747838804 1.53128905495 0 0 0 1
-2.7853822099 2.22372353922 -2.61101336056 0 0 0 1
3.52130352029 -3.43758548269 5.01669238012 0 0 0 1
-5.46677693357 -9.04607958203 1.80273916197 0 0 0 1
0.0745587352247 -6.7377017748 -3.21837240593 0 0 0 1
6.92515675282 -0.861283473619 -0.4706910812 0 0 0 1
1.67933309653 -2.14660243516 1.4477691295 0 0 0 1
-9.30712997108 -3.61638837222 7.5876690685 0 0 0 1
5.9490947912 2.87490678717 4.54207633486 0 0 0 1
6.76209205799 -7.33326514891 -1.23608094727 0 0 0 1
6.35105161178 3.19637033098 -8.30987264483 0 0 0 1
6.64408904762 -6.926386901 -7.73760374685 0 0 0 1
1.6283814365 8.50077836923 -0.886477918424 0 0 0 1
4.88623585219 6.43885656051 1.4386546815 0 0 0 1
-0.0389701926297 3.50491923318 -2.38377539883 0 0 0 1
-1.57038656751 8.34884343318 6.01131651453 0 0 0 1
-7.06984737664 -1.83320873227 -9.33756182228 0 0 0 1
-2.82074074501 -2.24784750511 -4.3906559085 0 0 0 1
-5.04635084184 -1.23381294142 4.91915346089 0 0 0 1
-9.43031125625 4.69601694454 -9.68285772522 0 0 0 1
-9.01961849756 -1.46184217129 -8.67714860304 0 0 0 1
-5.21348395793 7.37844197401 -2.3150555169 0 0 0 1
3.12191511907 2.4399653566 -2.68558886759 0 0 0 1
-2.87978982776 3.73851391767 7.56503271032 0 0 0 1
0.433101471446 6.51704534389 2.6457964478 0 0 0 1
-6.68949606175 9.24098092947 0.723376233604 0 0 0 1
6.87958155585 -9.53722779619 6.16792899642 0 0 0 1
-5.23531759046 -8.33507020456 2.02669333705 0 0 0 1
2.32864917563 -9.16473987209 -0.817756382967 0 0 0 1
-6.46564573138 -9.88156200957 3.32860299293 0 0 0 1
5.93995168203 3.1791888703 7.90120902488 0 0 0 1
8.29917774335 -9.75216785089 -8.21301326618 0 0 0 1
4.09860173462 -2.42790752411 8.97315876437 0 0 0 1
2.59616724822 1.77104765643 -4.28660393178 0 0 0 1
9.06827576896 -6.25767970563 4.97675022531 0 0 0 1
-0.605038543009 1.52910208949 -8.76977306275 0 0 0 1
-8.67864494819 3.42597074116 2.99090391642 0 0 0 1
9.13659589342 6.83172403861 -8.8924558082 0 0 0 1
5.16869713796 2.48829620698 -4.37372544377 0 0 0 1
8.39817699925 5.51777029657 -4.37883254814 0 0 0 1
-4.40330298595 4.66410242792 5.22350883502 0 0 0 1
1.33470730844 0.355393729193 -5.43667408637 0 0 0 1
-0.227136603464 -0.817562800321 -7.29112762955 0 0 0 1
-8.70771310849 -2.97821964254 -2.93697450342 0 0 0 1
-5.87239274664 0.270780656623 -4.99950004545 0 0 0 1
5.66826334939 -2.23377527343 -6.692046243 0 0 0 1
8.1484515256 -8.79291672772 -6.19894734834 0 0 0 1
4.72670587982 4.27473743009 5.51202999614 0 0 0 1
-3.27900165351 6.31792511188 -4.36667725754 0 0 0 1
-7.80051032793 -6.6845764353 -5.25980158563 0 0 0 1
6.55316363828 -4.32524650173 4.02741080095 0 0 0 1
-7.63213872377 -9.60972020127 -0.976241544655 0 0 0 1
-2.64883867922 8.12812729804 -9.06521330885 0 0 0 1
-7.01130216302 7.51237421616 -0.387616666738 0 0 0 1
-1.13831032932 4.88335600059 -0.35214180475 0 0 0 1
-5.27990362135 8.49722952034 2.22154408659 0 0 0 1
-5.3951942617 -4.00301301011 -5.26720108036 0 0 0 1
1.20240735009 9.97551569608 8.13487571188 0 0 0 1
-2.71540664971 -4.87023440119 -8.87320901487 0 0 0 1
3.01254280293 0.899225793251 8.20006269766 0 0 0 1
7.35640936275 -6.35352527881 -3.38246988933 0 0 0 1
9.75597037303 1.1128595379 6.90403207908 0 0 0 1
7.10097411362 9.8200255389 -8.68812013508 0 0 0 1
8.48226402627 5.22906584079 3.36867097396 0 0 0 1
5.43065537046 4.56598060373 0.824043666355 0 0 0 1
8.95918342947 1.63339700466 -2.94341402853 0 0 0 1
4.65378945186 -3.60615440983 -9.62222588364 0 0 0 1
6.25656786584 -2.00879278662 -1.25196798936 0 0 0 1
-5.92890928558 -5.03508728881 -3.02628187176 0 0 0 1
-9.24717659964 -1.37483381485 3.146483016 0 0 0 1
6.24778014539 -2.05261266315 6.75054700099 0 0 0 1
-3.0090232926 7.54268172181 -4.638889861 0 0 0 1
-5.29280814618 -7.66747340951 3.41335046751 0 0 0 1
-3.62258724602 9.46678630264 7.69491729103 0 0 0 1
3.76650610547 3.34018151253 6.24084058682 0 0 0 1
-8.24614404918 -3.50344752255 7.78525226502 0 0 0 1
-6.28653523036 -3.50183457481 -5.39335648832 0 0 0 1
9.72141893099 9.44010464573 4.42363274677 0 0 0 1
-3.19688400175 -0.735292474064 -2.78360415732 0 0 0 1
1.86663607582 8.22993758646 8.63801921715 0 0 0 1
2.4541607497 -5.21089057346 -7.00721549567 0 0 0 1
-2.90138288261 -0.36714447766 -6.40012770111 0 0 0 1
9.11394459886 5.82967619165 1.51844615362 0 0 0 1
-0.600459350938 -7.77412339215 1.74197895908 0 0 0 1
4.39278772818 -1.91764580847 6.48212243426 0 0 0 1
1.18854639941 -9.29252825532 2.10582965652 0 0 0 1
-3.16035219073 1.51456518262 5.52344564909 0 0 0 1
-9.89295961677 6.18231498271 8.85150436909 0 0 0 1
-6.31175204188 -7.34637406843 3.91941889531 0 0 0 1
-0.604191731275 -4.72980446537 7.26823204175 0 0 0 1
6.83524401239 3.72659160727 -1.32338471976 0 0 0 1
-8.07504055172 5.96085153118 -0.0782772036902 0 0 0 1
0.71410635943 0.00331849804938 3.54568594382 0 0 0 1
-8.22954238399 9.34344030888 -4.26820884618 0 0 0 1
2.46348187022 0.599939240993 -0.188820707303 0 0 0 1
-8.97906719879 -8.5400941016 -7.94097861047 0 0 0 1
-1.21368767469 -4.07209667256 5.36987022646 0 0 0 1
-8.23763861313 -2.5712470145 -6.1082392055 0 0 0 1
-5.29210442751 3.44318273053 -6.04990920269 0 0 0 1
-0.691230284253 3.69082335396 0.698073477034 0 0 0 1
-3.26101608842 1.93515618304 -6.86559458487 0 0 0 1
-8.59097394582 9.5982268098 7.3272878918 0 0 0 1
8.11978550867 3.34676222072 -9.39509135492 0 0 0 1
4.61829747222 -6.05415209374 5.50458126005 0 0 0 1
3.90950133233 -9.29407184401 6.8807264341 0 0 0 1
4.42814068434 -2.30546834036 8.84949414451 0 0 0 1
5.94041289645 3.07356328127 -0.13268190435 0 0 0 1
6.12992323486 4.49478464916 -5.78328569482 0 0 0 1
3.62325182619 3.91653112179 -8.06409627295 0 0 0 1
8.88518629924 4.78199710683 2.23235701835 0 0 0 1
-6.44148964882 0.729715624872 -9.93916322427 0 0 0 1
-1.9066748228 1.96583859195 0.532194040887 0 0 0 1
-5.75640532994 4.46595220922 6.25235160293 0 0 0 1
1.54818795473 -8.461659434 2.28317809285 0 0 0 1
1.84382414727 -2.76046134187 -5.67168376654 0 0 0 1
-6.39467836637 -2.64870864205 3.5798310078 0 0 0 1
8.4156589625 -9.75730368688 -4.13610392976 0 0 0 1
1.53051236258 -5.42619536852 4.73571306747 0 0 0 1
2.5560962309 -9.14544254814 6.43388047018 0 0 0 1
-8.12333854571 -7.48578775311 7.0636317533 0 0 0 1
6.65236051834 -9.28059489757 -3.57873920486 0 0 0 1
3.77524050162 2.67715438787 -8.73666700756 0 0 0 1
8.30882298283 -3.12732424784 5.05734414654 0 0 0 1
0.646235919037 1.4457907698 9.38503566611 0 0 0 1
1.89913849806 -1.91216776308 -9.39986167971 0 0 0 1
7.3462330567 9.1637936975 0.137597063741 0 0 0 1
4.52109302225 1.90216529142 -8.71246807306 0 0 0 1
4.37218694619 9.03821770501 0.428805729228 0 0 0 1
-5.75853139699 5.70233528792 -2.80058902313 0 0 0 1
5.37446269353 4.92888813638 -8.83143560984 0 0 0 1
1.55081336298 0.610029660698 -3.66276025615 0 0 0 1
1.83408337476 5.13391847813 -9.03673467875 0 0 0 1
8.95569438479 9.82281272095 8.17136781634 0 0 0 1
0.742704930703 8.27817326131 -0.749947043691 0 0 0 1
-1.7209495126 -6.17141687638 4.81947916936 0 0 0 1
5.04919791033 4.32173031342 0.0636935925468 0 0 0 1
-3.759090195 3.01367992075 -1.96131408898 0 0 0 1
8.12758219404 -6.87975680142 -7.43848974884 0 0 0 1
7.79484351498 4.22348682064 1.2370395527 0 0 0 1
6.75428174596 6.8818087608 9.54136587491 0 0 0 1
-6.30565259588 5.72415696773 3.86176484342 0 0 0 1
-6.95066864337 -4.71631944468 1.51979936843 0 0 0 1
5.70716211857 -8.32641383405 9.40775394301 0 0 0 1
-3.11762945745 6.40331466926 1.07355238121 0 0 0 1
5.7750144015 1.56400567821 -0.33186369994 0 0 0 1
-6.69839038993 -7.01249845183 8.27920245519 0 0 0 1
-0.877210398214 4.93549191741 5.949123277 0 0 0 1
-8.85880607486 2.14297165101 7.01029485619 0 0 0 1
-8.75716495269 -6.95778422122 -2.2465155204 0 0 0 1
3.92162103729 1.98224122475 -1.01113947883 0 0 0 1
-4.67855991463 -0.11537922892 -5.28503996729 0 0 0 1
4.82041182801 2.95182215177 3.24961368706 0 0 0 1
-6.38229593756 3.94836049644 -8.63426089924 0 0 0 1
-6.39373843278 4.70964568576 -6.27385122008 0 0 0 1
-8.13523133088 -5.81023125391 -9.09238745653 0 0 0 1
9.55956001666 3.92386070041 -3.44847429082 0 0 0 1
3.33813408301 -2.52229774689 1.73466094713 0 0 0 1
-2.43367333863 4.18623366012 -9.48896132268 0 0 0 1
-2.36441476669 4.8386594638 6.68751392869 0 0 0 1
-8.9180917137 0.805172945588 -1.98606177188 0 0 0 1
2.53319466508 1.27952374741 0.798810562075 0 0 0 1
-7.46939485322 2.32442924958 -7.9300488233 0 0 0 1
-1.03598647235 9.86324552646 -3.09780487637 0 0 0 1
3.68171864921 1.17222994918 8.78613470662 0 0 0 1
0.759726391552 -8.87846924178 1.1144919683 0 0 0 1
-9.37191905759 -3.03690743857 -5.68429388533 0 0 0 1
-2.18344982676 1.29287459523 -1.66332746799 0 0 0 1
2.17820144931 4.38899043008 -2.43738016081 0 0 0 1
3.00376341265 1.9510095322 6.01609287952 0 0 0 1
-1.69457740238 2.59451742087 -0.131760803957 0 0 0 1
-4.46436305591 -3.3916464719 0.919495707959 0 0 0 1
-1.01554681934 7.0496251036 0.921209884478 0 0 0 1
-1.17320934994 -5.5081469171 -5.94740259598 0 0 0 1
-5.62924719052 -5.79261161471 6.34217532096 0 0 0 1
1.24287706127 -1.04431235882 -4.0562540486 0 0 0 1
-4.75948021741 -7.00024112268 8.49528974273 0 0 0 1
-2.06278336013 3.32608349334 -6.01979893244 0 0 0 1
1.06478603073 -4.06724891023 6.34984403117 0 0 0 1
-7.06000296513 -1.03677387102 8.32909790051 0 0 0 1
5.18354351527 4.88143143765 8.92065651928 0 0 0 1
-9.87459486996 9.49729091584 -1.99593235961 0 0 0 1
0.87382495667 -3.82778096974 -0.727363250675 0 0 0 1
7.24780608794 -6.69886237774 0.450305809942 0 0 0 1
-9.18190808094 2.67937273932 -3.67161505986 0 0 0 1
-8.0973218001 -6.03874916001 6.90131727542 0 0 0 1
-7.23594161131 -3.0017066165 -0.728163643362 0 0 0 1
0.829987965397 -5.82298643285 -9.5307290129 0 0 0 1
-9.55398729969 -5.56865006608 7.2864421079 0 0 0 1
6.06062369746 7.72988150447 2.86545508378 0 0 0 1
8.18439444887 -3.60241581944 -9.3301679045 0 0 0 1
3.05116579083 -0.853987980071 -9.7863641955 0 0 0 1
1.51032528064 6.42606161356 -2.49243139333 0 0 0 1
-3.33440468288 -0.574258335408 -6.27043946386 0 0 0 1
-7.52557876026 8.05619446096 -2.95963230887 0 0 0 1
9.45980177946 -0.617169840307 -6.64729984328 0 0 0 1
-6.55622704151 -7.68664923519 4.6798013343 0 0 0 1
8.86705744777 -7.16034637647 -5.23831899425 0 0 0 1
-5.15112211707 9.95600356689 -7.86510125929 0 0 0 1
8.00446066915 2.41033621196 -4.75778646843 0 0 0 1
1.60482028506 -6.22813340331 -6.83674544186 0 0 0 1
-1.90732033272 7.27697305324 9.69248982861 0 0 0 1
5.56696097981 4.35859362033 -0.998308860596 0 0 0 1
8.1525278308 4.91158425694 6.72065804116 0 0 0 1
-3.32817602868 5.64761789641 -3.19662336625 0 0 0 1
-8.90596607904 -7.29609354519 8.80092974961 0 0 0 1
1.9569287149 -1.46732225467 9.20202878615 0 0 0 1
8.7783651004 -8.07061172717 7.63945029497 0 0 0 1
-9.3670423519 -9.03939043802 -5.54552747226 0 0 0 1
9.29868742665 -5.49862331803 -5.18951017699 0 0 0 1
3.95491759745 6.9577522327 -5.59467728157 0 0 0 1
-8.83452542059 -6.47636205066 -1.65113714941 0 0 0 1
-0.476454469303 4.65835494756 2.87571873965 0 0 0 1
-4.06881070355 -5.1622972262 -6.07478193603 0 0 0 1
-4.35982448791 -1.43665177647 -5.65927876957 0 0 0 1
1.58686466992 8.80379529063 6.08814587527 0 0 0 1
-1.20794735463 3.11318805111 -5.25901168001 0 0 0 1
-2.77376024673 -0.280167054902 4.47551110501 0 0 0 1
2.56193474787 5.49727416886 0.374657553172 0 0 0 1
4.02658808902 -1.68471146399 -7.38119571399 0 0 0 1
-3.64979767824 9.54614768952 1.34654693296 0 0 0 1
1.62988166189 7.16487620165 -0.261841741367 0 0 0 1
2.66801600494 -5.72378339074 -8.78987324505 0 0 0 1
4.46088092186 -2.27395555535 6.61192524167 0 0 0 1
-8.89953952466 -2.6783928993 3.24834293798 0 0 0 1
-0.880328404747 -7.03279689961 1.01027157643 0 0 0 1
-9.11686841722 -4.78252385057 5.43907115719 0 0 0 1
9.26806392406 4.5842053437 5.64723881862 0 0 0 1
4.60139532817 -8.84887131099 2.51703046611 0 0 0 1
-7.86270037134 4.26290645958 3.71118616148 0 0 0 1
2.22364367547 6.60319017935 -0.550394403652 0 0 0 1
-7.91706108098 6.08705298269 -0.195510350444 0 0 0 1
4.0816040472 6.53190150809 -7.42987762645 0 0 0 1
-0.96968355761 2.83785233224 -8.02415495379 0 0 0 1
-3.43379814896 4.62716900715 2.21579105079 0 0 0 1
9.83561645408 -5.82777487486 -9.99275100422 0 0 0 1
-5.65152385273 4.33344431119 4.25993598189 0 0 0 1
5.71557611319 9.00496409079 -7.9630061164 0 0 0 1
-4.21449819539 1.72813436302 4.68089427612 0 0 0 1
1.2393847125 -7.64621975955 -1.18859366945 0 0 0 1
6.80508154861 6.82425994632 -2.89581567462 0 0 0 1
1.41102083882 8.28537371809 -4.44742550013 0 0 0 1
-0.313333930748 6.3345321471 -2.01696110202 0 0 0 1
-5.31801760053 -6.41152757876 -5.88518684554 0 0 0 1
-3.7829487665 1.32352725834 8.15758173907 0 0 0 1
7.96762798535 -3.88663422262 -6.42248721886 0 0 0 1
6.15588774776 0.939428533884 -6.68028540111 0 0 0 1
3.88378234177 8.60446080072 4.58897869276 0 0 0 1
-5.74889724813 6.35543268245 7.36692531007 0 0 0 1
-8.79850997638 4.72709718236 5.59911590609 0 0 0 1
7.36318185818 0.892232723814 4.28990418406 0 0 0 1
4.29025831583 -9.05147190089 7.28805721197 0 0 0 1
-2.63080881703 1.53697240112 7.49037053513 0 0 0 1
4.22191741451 0.396574869346 -5.92652682494 0 0 0 1
-8.93053512424 -1.94547353323 2.75958880108 0 0 0 1
6.09490015989 0.131829334261 -8.18425401918 0 0 0 1
-6.17883712678 0.913054581834 4.2983518187 0 0 0 1
-7.84506321341 0.339102191543 -7.92260402487 0 0 0 1
-8.1818659381 0.317495264216 7.15695034752 0 0 0 1
-8.48753498353 -0.949185560832 1.09746250951 0 0 0 1
-1.37135478371 -0.910014837303 8.43716345048 0 0 0 1
7.96230499135 8.28851660113 -2.91946029307 0 0 0 1
-6.43214780868 -9.62530842867 8.68115476052 0 0 0 1
6.14336444535 7.29800495207 6.00055605132 0 0 0 1
-9.4381796841 3.53668758138 2.06576000987 0 0 0 1
5.47434175821 2.41027619364 8.19864828072 0 0 0 1
0.899989595298 -8.37584235799 -6.94184096145 0 0 0 1
-6.9110777162 9.23330347456 -7.71572722726 0 0 0 1
-9.70954015185 5.87200368597 -6.9146537935 0 0 0 1
-3.86849915874 5.63482896793 4.51686899348 0 0 0 1
8.9281817016 6.28034424176 -2.37350709562 0 0 0 1
0.818407067076 1.46789173038 0.677707470896 0 0 0 1
-2.41987676302 8.76416385324 0.0672219682392 0 0 0 1
-5.68060525924 -3.4982533551 -6.63445990058 0 0 0 1
-0.844762692218 8.54158151649 4.84894021794 0 0 0 1
-0.451988187392 5.31122221399 -6.78999330956 0 0 0 1
4.90092575409 -1.02495688018 8.10399096035 0 0 0 1
8.61650281717 6.29979455217 -3.69064142004 0 0 0 1
-6.27326368137 2.87657926067 -6.56735776119 0 0 0 1
5.72480290201 -8.64134566476 -1.95743352656 0 0 0 1
6.78040840837 4.64186332899 5.48137434568 0 0 0 1
-1.63696581811 -2.21422604857 -1.00954881953 0 0 0 1
6.54704545604 -3.53603021838 -6.85826943363 0 0 0 1
7.91600480838 -2.1937608663 9.8207576161 0 0 0 1
-6.80897548641 8.48166365959 8.33547474252 0 0 0 1
8.44714911374 5.20385046174 8.73963571215 0 0 0 1
0.0807209728346 7.32790972159 -6.71879199268 0 0 0 1
0.764114957444 -4.59577159071 -4.82078371358 0 0 0 1
0.434852024375 -3.67859641473 -9.47816241515 0 0 0 1
6.94448966405 -9.64036148331 9.45006834687 0 0 0 1
-0.412686176604 -4.9222786358 7.68214236524 0 0 0 1
4.63952317141 4.84941361739 9.00007794448 0 0 0 1
4.17611491646 8.48852503333 -8.59694208923 0 0 0 1
2.11291250454 8.58944466197 -1.90215574523 0 0 0 1
4.33370583504 1.36628366421 6.6502260385 0 0 0 1
7.68650746885 -1.18839012685 3.87496274205 0 0 0 1
9.48065758578 9.7178626984 -6.19853382591 0 0 0 1
-7.95784855809 -5.4578396182 -0.770539660632 0 0 0 1
4.94124671542 -3.94135043033 -4.85903227119 0 0 0 1
6.72963858617 8.8763154542 -3.23370286975 0 0 0 1
6.71804749993 7.9805304303 -5.14852490295 0 0 0 1
-2.98981084428 -7.88463319127 -1.49823457691 0 0 0 1
-1.50520651717 9.10035793578 7.88267149199 0 0 0 1
-2.03097694442 -3.26343184359 -8.93295640712 0 0 0 1
7.87785299978 -3.86474146934 1.76426506635 0 0 0 1
-3.58305216599 1.30121165104 8.1124695245 0 0 0 1
-5.78169038761 4.86709415749 7.0594430242 0 0 0 1
4.65480824791 -6.57813861738 -3.21415111892 0 0 0 1
-7.3821672112 -9.69631708422 4.74289771411 0 0 0 1
-6.70431850672 0.730216733109 8.14481031256 0 0 0 1
-9.78471482995 -0.191422143991 -1.08967491446 0 0 0 1
-5.6376998021 -0.0431535371575 2.10650127595 0 0 0 1
-7.76520079755 9.03639745501 -1.49906672511 0 0 0 1
-8.28065425624 -4.32837777257 -9.80451446115 0 0 0 1
-8.17341579537 -9.15763610249 -3.49016464904 0 0 0 1
0.152407885336 4.28378132952 -3.21423905608 0 0 0 1
-7.95946274601 2.00384068595 -0.624879129689 0 0 0 1
7.47019073945 -3.0597955483 -7.65085760084 0 0 0 1
-9.93047597653 5.40807681409 9.29962927615 0 0 0 1
3.69821585953 -8.44399619044 3.56611932769 0 0 0 1
-6.8657638374 -3.4317569633 -0.00644819806531 0 0 0 1
8.1591994568 -0.128001070774 8.69853726958 0 0 0 1
-9.6966644705 -5.01979247461 -1.39534074928 0 0 0 1
-2.94278542576 -0.611778739556 -3.50184198274 0 0 0 1
-1.26723811452 -6.04116126021 2.12511969496 0 0 0 1
-2.13180326883 -2.10050533737 -7.30160682364 0 0 0 1
4.33485364465 2.79170440333 -4.01206846406 0 0 0 1
7.97574764564 -0.327164756593 4.57348537447 0 0 0 1
6.62044242283 -7.40489116295 -9.7300742858 0 0 0 1
4.71168871969 6.26453956033 -0.307369808116 0 0 0 1
-9.1620237548 4.52999751993 7.8566047141 0 0 0 1
2.66767610179 1.18323626168 4.70515173861 0 0 0 1
1.79127682488 -3.63703689753 4.74791115875 0 0 0 1
-5.97346878926 4.26748895112 -4.52078098134 0 0 0 1
-9.41347986298 9.84778113436 1.84160215974 0 0 0 1
-0.58596793275 -8.13087754136 -5.43948801371 0 0 0 1
0.876539663207 -4.52141090818 8.36934106132 0 0 0 1
-9.0230956645 -1.00399393951 0.341586617409 0 0 0 1
-6.15620053346 -3.8120450412 -5.30535549836 0 0 0 1
1.49700842166 6.80966202493 2.40845478884 0 0 0 1
7.80967077083 4.22341634396 2.63630356377 0 0 0 1
6.38502518604 -4.56051379849 -4.69119962498 0 0 0 1
-7.03935974347 -1.85255103378 0.690584723581 0 0 0 1
3.01026061266 -7.28363743277 6.29448167746 0 0 0 1
-5.27372080617 2.18065503546 -8.09540418743 0 0 0 1
-8.70082274982 4.41608256234 -1.31346470542 0 0 0 1
-9.17814268209 8.02352018731 -4.27532649669 0 0 0 1
-1.3558215621 4.25416878486 -1.01932116544 0 0 0 1
3.9460810244 -5.40496393904 8.65089424086 0 0 0 1
4.7828068679 -9.97367947346 -5.05175759127 0 0 0 1
-8.49568363942 -7.66797880474 3.15688895512 0 0 0 1
-9.9524101334 -7.05871147866 -4.73054804925 0 0 0 1
1.09918411029 6.37034610358 -0.697154722159 0 0 0 1
-2.58168122928 -9.33137050928 -4.36336360348 0 0 0 1
-2.4698914169 -6.87660907593 3.5771150586 0 0 0 1
1.12457505882 -3.45083128305 7.75594004429 0 0 0 1
-6.09545467902 -9.0651971932 8.00992625449 0 0 0 1
-4.39081197761 5.62963978891 5.42646608783 0 0 0 1
-7.8267467043 -6.34217353156 8.81013205253 0 0 0 1
6.3138616555 5.6111060474 3.0788110421 0 0 0 1
-0.207493167809 -2.62365403848 3.96209998248 0 0 0 1
9.77795639641 -6.54970014935 3.22069054858 0 0 0 1
2.07739124824 -9.22532184789 -7.16165770192 0 0 0 1
4.55309835035 6.66959363159 3.77684127099 0 0 0 1
8.61436589006 -8.78998979664 4.15512984754 0 0 0 1
-6.13494633921 1.95958780223 9.78403120301 0 0 0 1
-5.66336717147 -6.07059957003 -2.7287987118 0 0 0 1
7.29481167006 7.4181272578 0.162587190594 0 0 0 1
-3.05735446604 -3.43688396318 4.68192348708 0 0 0 1
6.13951353259 -6.94314731223 1.18047712081 0 0 0 1
1.98932737409 1.37769939306 -9.13753093313 0 0 0 1
2.65292906407 -1.89464332917 -3.52938012267 0 0 0 1
6.49868006287 -4.55775677112 -5.38850209951 0 0 0 1
-3.88363205822 -5.4000832382 8.0797307868 0 0 0 1
6.02385948893 4.4337026635 3.68122639235 0 0 0 1
3.91051483354 0.870035321163 -5.77331701012 0 0 0 1
8.99592410396 4.6630335852 -9.1256102873 0 0 0 1
-2.36498733717 5.47183106284 -7.1602649024 0 0 0 1
5.70979201313 -1.97836026904 -7.65752650882 0 0 0 1
-6.04866300106 -7.80635644585 6.54592958814 0 0 0 1
8.09316695176 -4.2384153581 8.34444220167 0 0 0 1
7.02515176653 9.56093231967 -7.73288462195 0 0 0 1
0.765587112059 -2.43778962975 7.87105895767 0 0 0 1
0.50327026197 -8.71505088027 6.1576412223 0 0 0 1
-8.95605638332 -7.54357373688 3.5462890332 0 0 0 1
7.8161251015 6.31740070178 4.94722666715 0 0 0 1
-3.32984193889 -0.455164231169 -3.35502722682 0 0 0 1
8.10766351764 -0.122521085923 -3.58256679854 0 0 0 1
6.07876790584 9.04847079598 6.02611086018 0 0 0 1
5.68034790532 0.870179794439 -4.14488656658 0 0 0 1
-1.80889330372 6.88784888771 4.57226321329 0 0 0 1
7.28722697446 -9.03622358828 -2.98600377056 0 0 0 1
-4.59669624353 5.29135148769 4.15860455379 0 0 0 1
-1.87488735165 9.14230963253 -9.86701476322 0 0 0 1
8.17853627285 7.63113399214 2.04033398437 0 0 0 1
-3.92064958746 7.74159933114 -5.12268798641 0 0 0 1
-8.11166748007 7.21038947438 -5.82827503662 0 0 0 1
-6.19640056461 9.71727932633 6.79450908156 0 0 0 1
-6.76587585575 9.28952369923 7.16481443489 0 0 0 1
-4.73618619475 -5.32252844447 4.717614982 0 0 0 1
-0.105702675396 1.12361256243 -1.98756650111 0 0 0 1
4.26804947944 -7.48512324854 9.92957933883 0 0 0 1
-3.2638836542 -1.93362148545 5.68468271378 0 0 0 1
0.285401162941 -3.32428957087 8.54082549195 0 0 0 1
-9.96672774816 -8.70828154645 4.10566562696 0 0 0 1
1.66084972977 2.02311351363 -5.9548103869 0 0 0 1
-7.78305165156 -2.3436920132 -3.9175244673 0 0 0 1
-4.65050745567 -8.34785449646 -9.00921905369 0 0 0 1
-9.1664692504 -0.284130309954 -8.64893280256 0 0 0 1
7.77945568611 5.79845058335 -6.94926066891 0 0 0 1
-1.43622114406 9.10623910154 2.55830744721 0 0 0 1
-2.67283485148 -7.14466638046 -2.54205163186 0 0 0 1
-4.17412528276 -4.0008116791 8.03005270052 0 0 0 1
-8.99198589973 0.905962211933 5.61129031765 0 0 0 1
7.8902058717 -8.44789605324 -0.440212051015 0 0 0 1
-0.295199960988 -3.54379240392 0.0228795593452 0 0 0 1
-1.19558792302 9.58413810788 1.30573162266 0 0 0 1
-6.68505377125 -2.06484399541 5.50689823937 0 0 0 1
-3.49276260952 1.42029242286 1.50443053121 0 0 0 1
-0.919833652609 6.14936271785 0.643232679832 0 0 0 1
0.273697822848 8.73814667875 2.44150435147 0 0 0 1
-7.98473098328 -0.836127651107 3.19519134612 0 0 0 1
-8.2198237849 6.5254281946 -2.65256368542 0 0 0 1
-8.61895133683 2.08406398819 -7.17914949362 0 0 0 1
0.796651084671 -5.89712625292 -3.84803878174 0 0 0 1
6.57641760121 5.15997128498 -7.09817030164 0 0 0 1
6.91306141017 0.444641558245 4.88439699238 0 0 0 1
-7.50816485155 3.74658520122 0.334886939164 0 0 0 1
-2.96973200255 -2.00277759972 7.21648247989 0 0 0 1
-9.17299887615 5.67272054932 6.96539733891 0 0 0 1
-1.56364101155 -2.59043388474 5.17177751699 0 0 0 1
1.04767666048 -9.78146441207 -6.36116530347 0 0 0 1
9.50209730066 2.33385473568 -0.928837350062 0 0 0 1
-7.63573539368 -1.2942403384 -7.64956490237 0 0 0 1
-1.20146706266 -8.27413903468 -6.47696182277 0 0 0 1
-7.96017926492 -1.55268057061 5.94554749978 0 0 0 1
-6.5911774304 5.14506773893 -4.06038912021 0 0 0 1
1.55192249032 0.151978414122 -0.17123746444 0 0 0 1
9.21907032356 -0.730651347403 4.26350858772 0 0 0 1
-7.7350293185 -0.431851425588 8.02500303046 0 0 0 1
2.12979111804 1.42819034827 -3.08543964524 0 0 0 1
-3.93744295483 -8.21792575556 7.19009582336 0 0 0 1
0.690879051945 6.5918396567 -1.34120090507 0 0 0 1
0.23898537931 -0.116214850502 -3.65549564616 0 0 0 1
8.22016668693 7.62524373313 8.09608354156 0 0 0 1
3.92772457288 -2.55631717576 3.98837673801 0 0 0 1
-5.020684374 4.86551988447 2.44744491394 0 0 0 1
7.73810589631 -1.09074857793 3.94492645601 0 0 0 1
-3.38042974369 1.33939537433 -0.917961240997 0 0 0 1
-8.91894229862 2.77856701345 -1.56486274039 0 0 0 1
-5.23034855338 2.19243236861 0.265572308547 0 0 0 1
-8.75993836094 -9.50555966574 7.80824436349 0 0 0 1
-1.14047920383 7.3669520926 5.70078611716 0 0 0 1
-9.54642796708 0.0951276816403 -7.67253795288 0 0 0 1
6.37229036267 7.676160757 6.044778951 0 0 0 1
8.13715865741 -1.15768390579 -2.88957673746 0 0 0 1
-6.47655863118 4.38481055703 3.13699144278 0 0 0 1
-1.05912780828 4.94648920709 -5.18295135554 0 0 0 1
7.51187644201 -8.54123971599 -8.4273336634 0 0 0 1
5.66181046556 -2.09951169562 -5.84129373377 0 0 0 1
1.60821136925 1.49050104393 -5.0244961568 0 0 0 1
-7.93115099226 -4.42379548003 8.22798726919 0 0 0 1
1.24128995586 -2.13354881089 3.50002856453 0 0 0 1
0.306211765298 -1.51300454594 -6.94788171545 0 0 0 1
-5.34623537574 7.75488928284 -3.93881336569 0 0 0 1
-9.30138965594 -3.48430740864 -3.16149031167 0 0 0 1
-3.54471475426 -9.46311442354 -0.669311992862 0 0 0 1
5.80565179334 2.13628754006 -3.02397895076 0 0 0 1
-7.27619800598 2.8050812655 8.11096167566 0 0 0 1
-4.45060855892 3.86362423901 -3.39588561878 0 0 0 1
8.39884584111 2.05385445482 4.01600576763 0 0 0 1
-1.00851688085 -5.25411038404 9.85920213514 0 0 0 1
-3.83893799211 1.16129272968 -3.55769761912 0 0 0 1
1.46074815825 3.47417028763 -0.212794327083 0 0 0 1
-9.03767163612 1.88041005495 -7.62883974498 0 0 0 1
9.74804232293 5.11264908121 -0.680290464945 0 0 0 1
4.0248562512 9.74705554022 1.06691904136 0 0 0 1
4.58566285309 9.23772282165 -8.66473591804 0 0 0 1
3.01144267885 6.71963196595 9.33943368317 0 0 0 1
-3.44556388331 -8.45194360566 9.76801838549 0 0 0 1
-4.55687858326 6.98363874272 0.843442190212 0 0 0 1
-5.03942217883 8.02161397886 -7.76355564054 0 0 0 1
-4.55227758392 -6.24424591189 -9.70446417038 0 0 0 1
-1.81449870878 -4.8021820849 6.66668575375 0 0 0 1
4.44386612616 -9.38615195351 -8.95579113797 0 0 0 1
-6.66340026727 -4.77714230929 -2.45228676949 0 0 0 1
-6.93230715853 9.36871745414 -7.54285489021 0 0 0 1
-5.74858696319 6.94998245458 -6.4421116387 0 0 0 1
4.68133821718 -1.35665386247 -3.61720700374 0 0 0 1
5.39780623396 -8.15320790811 7.7697950941 0 0 0 1
-4.9010231911 -9.44978612265 4.02342781046 0 0 0 1
-1.22911083394 8.18551529606 -7.10508887744 0 0 0 1
-3.77178734007 7.19724047714 -7.01956336008 0 0 0 1
7.05828213266 -8.0744083502 -9.22116900901 0 0 0 1
1.03690422525 6.29795591971 -7.31785010702 0 0 0 1
-2.25956520065 3.62776254271 2.01333356114 0 0 0 1
5.78754117814 -8.94666150095 7.67498772832 0 0 0 1
-9.58403902287 -3.385313956 -3.89193414967 0 0 0 1
-3.06887237943 3.55486975665 1.77092246375 0 0 0 1
2.77619051915 -5.56904349363 -9.30607184778 0 0 0 1
-3.78578088243 -6.31578941849 -0.713247774066 0 0 0 1
-7.72517069395 -6.76856230533 6.56227502688 0 0 0 1
-5.39435541838 -2.00728410753 -6.79481781715 0 0 0 1
1.56704819287 -5.17797506069 -9.54071547105 0 0 0 1
4.1676720641 -6.8659469288 0.36146953365 0 0 0 1
-7.53929493807 6.10739133779 -7.88524374237 0 0 0 1
-3.45048018326 -3.93828546131 5.23042702429 0 0 0 1
1.71514678738 6.83052717138 -8.03598080279 0 0 0 1
-0.870539032989 9.13074595902 -2.86198811262 0 0 0 1
-0.220131287501 9.94184338686 -5.43014798917 0 0 0 1
-0.975229520646 6.038556052 -7.91142733492 0 0 0 1
1.73075288957 -4.15197984223 3.49201542595 0 0 0 1
-7.64599187847 8.70745767537 4.27567090514 0 0 0 1
4.47057690792 -6.2028131048 3.81012833285 0 0 0 1
4.11162108181 3.14855484937 5.04202956672 0 0 0 1
-7.32761388368 4.00174794453 9.94918651076 0 0 0 1
6.98814094649 0.401969461883 -8.78739799223 0 0 0 1
5.28980626513 7.91907817995 -1.17658825787 0 0 0 1
8.04190108031 1.93161659476 1.8702160309 0 0 0 1
0.320663011122 -5.51791255989 2.35649263139 0 0 0 1
-9.03087669559 -2.37223366599 9.84219668849 0 0 0 1
2.04999354453 9.30358719338 -0.814220216018 0 0 0 1
-0.0831895781137 5.12655769529 -5.72283814273 0 0 0 1
-9.94071213654 -9.38583097645 9.18098023246 0 0 0 1
0.0410945487316 -4.24090536322 -7.06327800201 0 0 0 1
4.04633251058 1.78092393146 2.55060648398 0 0 0 1
-5.44676822458 4.74981997312 0.201991236689 0 0 0 1
-8.97162298908 -8.56083893609 -3.9662645304 0 0 0 1
7.6812105 5.83759651656 1.95504982249 0 0 0 1
-4.97096168326 -2.1917841909 7.52272083478 0 0 0 1
5.27565047001 -6.84710748385 -1.0381135234 0 0 0 1
-1.81273050756 5.77046409487 5.40612529413 0 0 0 1
5.32716561506 1.77308595046 -8.53842482146 0 0 0 1
8.21038081485 5.6332395692 3.86718207832 0 0 0 1
2.44083044853 1.5906147822 6.33820504892 0 0 0 1
8.05384846354 1.71542209645 9.5481391506 0 0 0 1
3.85854290976 -7.75554753787 9.41048292345 0 0 0 1
-6.57657724595 -1.00484785063 4.92217189349 0 0 0 1
-0.153510582175 -3.00076405049 5.83485469205 0 0 0 1
2.81147221035 9.36191277636 -7.88218533908 0 0 0 1
-6.20506966155 -6.41508485402 2.07708335962 0 0 0 1
4.44365327696 -6.73045637132 4.79123009662 0 0 0 1
5.026576024 1.76124890084 1.40670584949 0 0 0 1
4.84217784168 2.56030004697 -8.01760165253 0 0 0 1
9.34456590603 1.26406396845 5.27281283694 0 0 0 1
-5.96796964801 -9.03554163039 4.08275995128 0 0 0 1
-8.63221591448 -0.75262876782 4.71804033238 0 0 0 1
6.9985445371 -6.22230874422 -8.11227107492 0 0 0 1
-2.92236393744 -6.93191737199 -1.3410663982 0 0 0 1
-0.891281871419 3.54276107054 6.19412174804 0 0 0 1
-4.9222076841 -3.94249015136 7.12770470643 0 0 0 1
-2.64991526298 -9.16405973715 -2.4821211105 0 0 0 1
-9.35466129513 4.96297030296 -0.531364044293 0 0 0 1
8.03144514186 3.54406793156 7.43105905216 0 0 0 1
6.91095416759 9.94154015312 8.34636764004 0 0 0 1
7.65787162969 8.29603637541 -9.19445426258 0 0 0 1
-7.80519793273 -7.02315425616 8.71700099339 0 0 0 1
-0.863723631694 9.80061079122 -2.99222512245 0 0 0 1
9.53543710197 5.767636948 8.44028430313 0 0 0 1
7.78405285113 -5.41648511365 3.12415644295 0 0 0 1
-7.75323454029 -8.35980682324 9.76483645816 0 0 0 1
-1.41898613178 3.0749808063 1.02202787309 0 0 0 1
9.51287788208 0.71851429005 -2.86413502036 0 0 0 1
-2.14602588637 -9.44339466888 9.0782165502 0 0 0 1
-7.05200394698 -8.29021182523 7.81061100883 0 0 0 1
-3.90612902208 5.91534373012 -7.87766811177 0 0 0 1
3.78241657094 7.16148986023 -4.10072469401 0 0 0 1
5.75506302051 0.0181612901594 9.4110815767 0 0 0 1
-1.74573126129 5.47372742029 -4.08738947985 0 0 0 1
-5.82401710209 3.49002314795 -5.66177237941 0 0 0 1
9.78576919794 -2.34469793816 -3.14110938947 0 0 0 1
0.0292267737399 4.39608438566 4.45647422736 0 0 0 1
9.15108266561 -6.10058866292 7.88025520451 0 0 0 1
7.12804760593 5.42497112106 -8.13479780851 0 0 0 1
7.92052930732 -5.46609304296 6.47330499423 0 0 0 1
-6.20608568689 3.35339991741 -5.21195251493 0 0 0 1
-3.86727956227 -3.34116295519 -4.95771273532 0 0 0 1
-8.48260044432 4.09595891616 6.42419648557 0 0 0 1
-7.80284628431 2.81120029707 -3.30670789812 0 0 0 1
-8.2889965666 5.42622692303 9.34725145116 0 0 0 1
-6.74470560053 -9.68138636338 -7.91949467267 0 0 0 1
-0.379311872707 3.88090180636 7.15543388376 0 0 0 1
-4.62211986911 -4.24156734783 -4.97472840199 0 0 0 1
1.04750098212 -1.63226132761 7.51718747966 0 0 0 1
-3.68914035812 2.51851053491 -3.65067729481 0 0 0 1
7.93009749371 2.79450910551 6.9722439738 0 0 0 1
-9.87910985091 -3.64753802524 -1.1552944678 0 0 0 1
1.07258885242 -7.58967563166 -1.10435016403 0 0 0 1
6.20435562974 0.408204582896 2.42533811532 0 0 0 1
7.3739387492 -6.15903898127 0.368612451917 0 0 0 1
-4.02609051725 0.563548511349 -0.0737610605419 0 0 0 1
3.77372740371 1.54989109458 1.03138894082 0 0 0 1
4.74363544431 4.8554562458 6.60979061898 0 0 0 1
7.86535445793 -9.74796536295 -0.102118442396 0 0 0 1
4.95524857052 -0.367904482171 -9.59731477427 0 0 0 1
2.75253333168 -1.73415733825 0.902467826654 0 0 0 1
7.95289756439 2.52389214397 9.35689365457 0 0 0 1
-5.39392539881 -1.44593021965 8.33040395514 0 0 0 1
8.56719765923 -0.282017441513 -3.41376013442 0 0 0 1
-2.70398800068 1.9408271708 -6.6298142675 0 0 0 1
-6.73862595831 -1.61577692699 -9.53049255327 0 0 0 1
8.84493513741 8.61310562329 -5.03777731388 0 0 0 1
-1.47241930885 -4.95260937431 -0.134935296183 0 0 0 1
6.98292253971 6.7789030954 9.58953085394 0 0 0 1
5.69451433622 4.24718772031 -8.24085986268 0 0 0 1
-2.61255763698 -2.44432488954 1.64373784337 0 0 0 1
0.679269866604 -6.10766665814 -6.48732533458 0 0 0 1
2.53457953175 3.85784113293 -1.05020607722 0 0 0 1
-9.89745597314 9.16374630593 6.92170263233 0 0 0 1
-6.68216257013 -4.0001597197 -9.50299635608 0 0 0 1
7.18586601474 3.6128981719 3.66732461507 0 0 0 1
-2.71164157547 9.12906350563 -2.85827951748 0 0 0 1
5.95838795797 -2.9220793967 2.03701909555 0 0 0 1
9.30761372623 4.81356107137 -9.81428062153 0 0 0 1
8.56762263884 -3.58572857397 4.69190932466 0 0 0 1
6.5280329755 5.06864018197 4.72103812027 0 0 0 1
1.36162480007 9.05908653964 -1.5381234055 0 0 0 1
0.505859434513 7.32887564736 -5.18950614864 0 0 0 1
-2.81007873777 -8.47818737494 2.95917267073 0 0 0 1
9.73538413323 0.736639261932 9.35066839078 0 0 0 1
8.68021072694 6.10703384954 -9.78023507012 0 0 0 1
0.815661752983 -0.062520501126 5.45741352007 0 0 0 1
-0.664655443963 3.0474854654 -4.67393709569 0 0 0 1
8.39689127448 9.90422711353 8.71143301753 0 0 0 1
6.07745518397 -8.81213753024 -5.21118642405 0 0 0 1
-8.73387323184 -0.0714181335357 3.94133233154 0 0 0 1
0.554851192458 2.01806605254 -9.36192572221 0 0 0 1
1.97858772135 0.954737835825 2.01717522816 0 0 0 1
-8.27644890839 -0.842042859449 -6.41063784579 0 0 0 1
7.12342491448 -0.322257225392 6.29994143798 0 0 0 1
5.06130385163 -2.916698036 1.8281045262 0 0 0 1
-3.52621999627 -8.57619256077 4.49388544133 0 0 0 1
1.40356770965 -3.63522029311 7.94430291514 0 0 0 1
5.71159560507 7.45808635918 -6.22541359696 0 0 0 1
-8.24918439267 4.48104375961 3.42416002825 0 0 0 1
-1.60970712406 0.536814791405 5.93368801597 0 0 0 1
-8.5943105389 9.57971594199 -4.65139788813 0 0 0 1
9.20630490989 7.36115702872 5.4775125857 0 0 0 1
2.07824692756 3.19128649622 4.28539415031 0 0 0 1
-6.7524138675 -5.27106499307 6.6499252258 0 0 0 1
2.54487961611 -2.87115318692 -7.91288221172 0 0 0 1
8.59775751934 -3.28188269705 -1.69696339835 0 0 0 1
-4.57520495629 1.05637591759 0.435217130783 0 0 0 1
-0.637811466554 -6.06986409511 -2.61948892035 0 0 0 1
6.04597809802 0.737830563254 3.50988166274 0 0 0 1
0.0686956398072 -5.86278672639 5.04888854594 0 0 0 1
2.71548664511 0.290938083002 2.79346107293 0 0 0 1
6.09772516281 2.60099262685 -8.2641610374 0 0 0 1
2.9487004521 0.249870557662 6.46939139141 0 0 0 1
8.94127354587 -4.5917304416 5.33372364615 0 0 0 1
5.49523329356 -3.66788214394 5.29856661308 0 0 0 1
4.83169879094 7.70129543251 -5.4144686962 0 0 0 1
5.34561435921 -6.34892600928 9.59112686487 0 0 0 1
-0.347868161959 8.85173485316 -7.65882933656 0 0 0 1
0.364948849657 -7.11018356982 0.700224658661 0 0 0 1
-6.02397066043 7.46680793203 -4.53629012509 0 0 0 1
4.34458327165 -2.7526251108 7.60456173621 0 0 0 1
2.06280454581 0.386902582037 2.4923739658 0 0 0 1
4.44940769734 -8.65038829624 -9.05269715044 0 0 0 1
1.09572733507 -9.82295003369 -4.73267624041 0 0 0 1
-1.22814793037 1.38587501655 6.68144715266 0 0 0 1
0.762915653189 -2.77860290485 6.65669336063 0 0 0 1
3.62114481276 7.08185095981 0.708970917666 0 0 0 1
7.35612574168 7.08695494007 6.05325457801 0 0 0 1
-9.94810866639 5.60881909398 -6.37594335848 0 0 0 1
1.28003721705 -1.50779531387 -9.27622506846 0 0 0 1
9.07692127293 9.72951695591 4.36235094557 0 0 0 1
-8.36235492852 -1.23789552493 7.2358517796 0 0 0 1
-3.35260417173 -6.40789465381 9.36805042624 0 0 0 1
-1.50571680418 -8.42518074609 -6.24815579251 0 0 0 1
-5.73463723186 -3.79559276514 -6.84402000579 0 0 0 1
6.6147347627 -0.53237733077 -3.08962359185 0 0 0 1
4.63784179624 1.33484211463 6.08844310975 0 0 0 1
-5.05986561563 9.42062992525 5.60289585561 0 0 0 1
0.0550877911484 -0.265885418945 0.373086516758 0 0 0 1
2.00484276716 4.33029714463 3.71883756444 0 0 0 1
3.79773879932 3.08928047759 -4.20938993268 0 0 0 1
4.91540677995 -0.119411212086 -1.99899951503 0 0 0 1
1.34109321974 -4.93590586496 -7.40405305764 0 0 0 1
8.13150485227 4.89310650276 -1.3017373783 0 0 0 1
8.92025429409 3.05909946178 4.42925440462 0 0 0 1
7.67359503812 -2.64573472559 6.69478609037 0 0 0 1
4.6246635209 7.2937459507 -1.4020094249 0 0 0 1
4.35276987234 4.29618118472 9.95516989047 0 0 0 1
7.20889192124 -8.10921375224 8.93803922507 0 0 0 1
7.01503616118 -8.68699806531 -8.44525327451 0 0 0 1
8.80426513612 5.69736063715 -7.83744604795 0 0 0 1
-9.88591763551 -9.85780087178 -1.75238788127 0 0 0 1
-7.94988467611 6.79275937111 0.754285976926 0 0 0 1
8.18812432315 2.6749839527 2.38420639483 0 0 0 1
9.19365064777 -6.5058165556 5.46985098207 0 0 0 1
-3.60071353569 8.17205186398 -1.73675678724 0 0 0 1
6.21177658584 3.08727004886 9.22596270871 0 0 0 1
-8.72781316231 -2.09891849701 4.94323450597 0 0 0 1
8.16401750586 4.64571150708 -5.98392051879 0 0 0 1
9.77989727268 8.94709067493 8.14389286666 0 0 0 1
6.00752445998 3.00089846948 -0.0103451759267 0 0 0 1
-0.282707584831 -4.59829544197 -8.37446804801 0 0 0 1
-6.46171950087 6.65065199308 0.975048145938 0 0 0 1
3.23097780628 9.76896363929 -1.76902114797 0 0 0 1
8.21604852213 -9.19736014019 6.70180289415 0 0 0 1
-4.65156192204 6.3044889595 1.2191032336 0 0 0 1
2.6123990958 -9.53195544406 9.38260261214 0 0 0 1
-6.10372702554 -2.70785321592 3.15954360988 0 0 0 1
1.73679522388 -1.30771265991 -0.373870007579 0 0 0 1
-9.96456510536 2.91960296005 1.02146296408 0 0 0 1
-1.51387643865 -9.90292082727 -2.62003361752 0 0 0 1
0.321273003363 -8.7378180426 6.01013799635 0 0 0 1
-9.52397658437 -2.3531991851 -9.67589602527 0 0 0 1
6.54189916273 8.30110980829 -3.799328966 0 0 0 1
-9.6292128277 -2.63160271513 -3.64749904535 0 0 0 1
-9.84843762669 6.87976793847 9.59080528892 0 0 0 1
-3.31031389314 3.29841732986 7.40176839251 0 0 0 1
7.29715944315 -5.65918298285 -8.97634470681 0 0 0 1
6.54639901863 3.17203926053 -9.47728083409 0 0 0 1
7.98893386128 -4.15779968894 -3.16008065437 0 0 0 1
-9.48704783375 7.30299802956 3.49543634449 0 0 0 1
-5.80494242545 8.57997547044 -0.731476038301 0 0 0 1
-2.90859332749 -4.83794833104 -4.69222303551 0 0 0 1
-6.51462994292 -8.58715354235 -3.48187170138 0 0 0 1
-1.65775302955 -9.35079171433 -1.70356213965 0 0 0 1
3.38534888745 -2.00286151965 6.7211441711 0 0 0 1
-6.07742774096 8.65711531751 -1.99388889349 0 0 0 1
4.85908490439 -1.10321597642 3.60777401971 0 0 0 1
2.66965775076 -7.98135557395 -9.24649645648 0 0 0 1
-6.26752505042 8.51792382002 -2.3392373496 0 0 0 1
3.63995272597 -5.10994059796 -5.2773775938 0 0 0 1
4.93051572004 1.80088675962 -1.79345702954 0 0 0 1
8.9289824325 -1.82135420234 6.87689789903 0 0 0 1
9.70106963958 5.08473044301 -6.68249950273 0 0 0 1
-6.88406705423 8.58070879376 5.64378908972 0 0 0 1
-0.485970263027 -6.59014502717 1.9419866691 0 0 0 1
0.625202578992 -1.40404609976 3.99265186791 0 0 0 1
-5.39156507421 -3.16736617233 1.40344570462 0 0 0 1
-0.677020061962 8.07076384925 -2.29824785356 0 0 0 1
-4.52648432263 5.67998514992 -4.69762284885 0 0 0 1
-9.64945531703 -4.13340552811 3.29589362834 0 0 0 1
4.2036178353 -0.678863246773 8.92830609333 0 0 0 1
-8.94770413844 5.81426704258 3.83499003715 0 0 0 1
-8.44060061623 -5.27742000854 9.26068731727 0 0 0 1
1.41247843299 0.999164516004 -9.19792451173 0 0 0 1
-7.59953782125 -0.699737459808 -4.78584100703 0 0 0 1
-3.12192688735 -1.32672294674 3.60789848213 0 0 0 1
1.65900456975 8.38432155735 -4.15855952794 0 0 0 1
-3.95704132776 7.10276885899 -2.30040464473 0 0 0 1
5.77023458254 8.48772088956 9.61889843342 0 0 0 1
-6.55985284535 -6.91523103784 -7.92098432762 0 0 0 1
-4.92387251797 9.79727708785 -0.453291393039 0 0 0 1
4.18230015463 -4.97778835412 1.53724162948 0 0 0 1
-1.44252286933 3.52881283809 6.30372358007 0 0 0 1
-6.1057815533 -4.89474509467 -5.70063786909 0 0 0 1
8.37047022775 -4.07496624098 -8.76259694364 0 0 0 1
-2.84885886068 4.20978427217 -3.20240777732 0 0 0 1
-0.734102638823 3.76003969656 -4.42620935252 0 0 0 1
0.308570796564 -2.00362833463 1.41440237203 0 0 0 1
7.72327501857 2.54024809286 -0.351832582606 0 0 0 1
-7.5583300019 1.82669932326 8.1605684373 0 0 0 1
-6.52349031488 2.77672790019 0.522571728678 0 0 0 1
-6.09264566268 -6.02380322497 -2.08368458372 0 0 0 1
3.77711125691 6.63459522532 0.921412954777 0 0 0 1
4.96746233229 -8.17198002993 3.94746670367 0 0 0 1
-0.0654563009709 1.67600997425 6.86640779462 0 0 0 1
-8.7729979051 3.20736308261 2.94613272011 0 0 0 1
0.880812208227 5.48530044286 -2.88239564942 0 0 0 1
8.30582314054 1.62536421213 -5.41790897929 0 0 0 1
-3.15955815455 4.39405720969 6.57882993615 0 0 0 1
-1.15478716584 3.4698859389 -0.316920807375 0 0 0 1
-2.8698555744 -0.639861265326 4.57162319175 0 0 0 1
1.31951695314 -2.98360353167 -6.1098034672 0 0 0 1
0.0628168737299 -5.13734082739 0.277949373815 0 0 0 1
-4.81708572031 4.39213025422 -3.15631600753 0 0 0 1
4.86684068392 -4.78456763961 -3.84055456464 0 0 0 1
-2.16948859337 -1.82741747244 -2.55928304591 0 0 0 1
5.48101262242 6.79597559479 -1.82016250148 0 0 0 1
6.37347645057 8.57107218633 -0.556647775982 0 0 0 1
-5.17159954204 2.59880024949 0.804989368523 0 0 0 1
-7.18683146927 -1.55473833468 -2.10540930711 0 0 0 1
6.86448231602 -1.58713948889 8.51892740265 0 0 0 1
7.73397579957 -3.06945344891 6.75793205256 0 0 0 1
6.73258781458 -5.50828477675 3.32512648642 0 0 0 1
-6.72170373084 -5.90969928059 6.26536851095 0 0 0 1
0.851262685372 -5.73379949136 9.10402930268 0 0 0 1
2.8193583472 -2.76024362346 -3.78624411955 0 0 0 1
-4.71317684867 3.1785430964 -1.00755320328 0 0 0 1
-0.618957397233 9.61480400031 -6.9728801308 0 0 0 1
-1.49410856733 6.46989941658 6.72597454937 0 0 0 1
7.56571374673 -5.9359768148 -0.275628703407 0 0 0 1
-9.2814518936 2.48883330557 -2.7396996455 0 0 0 1
6.62792457766 -8.44309069952 -5.7301884908 0 0 0 1
-6.62350198045 9.90437584659 -7.22710819237 0 0 0 1
-3.37987575589 -3.07999237106 0.508574773427 0 0 0 1
1.18935405037 7.86749689066 -8.38284644738 0 0 0 1
