 1000 1
 4
 0.E+0,  0.5D0, -.025
 -1.0E-14, .F.
  1.000000  0.000000  0.000000  0.000000  0.000000  0.000000  0.000000
  7.252074  2.622638  3.080092 -8.465573 -7.172564  0.057322 -1.252898
  9.442563  0.638189 -8.515684 -9.287471  7.179844 -2.393480 -9.661005
 -7.156561  0.323759 -6.182885 -7.480958 -6.178489 -7.819720  3.964146
  3.340012 -5.104615 -1.917341  1.076839 -1.353777 -3.925328  2.294939
 -5.634981 -7.957728  9.215831 -8.581581 -9.027019 -3.416492  9.612591
  1.299287 -1.762693  8.490609 -0.022921 -3.968589  8.149720  6.736816
 -3.396828 -7.712656  1.743764  6.653498  0.392536 -9.861664  1.715686
  9.059178 -2.176375 -8.954079 -2.225231 -5.090388  7.303065  6.589774
  2.160455 -6.605438  2.816147  1.256025 -1.497723 -3.942822  0.419129
  1.490620 -6.122585  9.278550  8.646834  5.116498 -5.773565 -0.069163
 -9.519807 -9.324348  4.296745  9.717276 -7.022988  5.575558 -4.747955
 -0.482144  0.127182  2.371520 -3.480654 -3.853543 -6.906785 -2.283462
 -6.449466 -1.105761  9.214084 -3.863836  6.048189  0.388555  0.771673
 -9.573754 -0.808027 -8.538581 -0.931699 -0.645510 -7.897525 -5.462734
 -2.402564 -8.219730 -1.020734  4.975307  7.195320  1.612752 -4.255535
 -7.122916  8.280479  9.659817  5.659134 -9.471719 -3.956214  6.643158
 -4.958350  8.933107 -0.353485 -2.689778  9.445209  9.148631  3.778185
  0.239291  2.546246 -6.566813  9.561503  3.288226  1.960411 -6.601066
  1.409471  5.917842  6.572993 -2.288899  1.584561 -2.291050  0.335415
 -8.309053 -7.973602  1.911014  1.389758 -2.186619  5.306210  0.012173
 -3.560946 -8.044898 -0.612968  9.764739  4.330458 -9.143417  0.431274
  8.616210  4.559663 -9.322187 -9.482880 -0.208658  3.185872  2.896138
  7.648583  2.022000  9.943921  4.919320  8.186862 -9.879384  9.605535
 -6.016920 -1.083038 -0.208469  2.209538  1.232439  6.251019  7.259410
 -6.859075  3.373468  4.848262 -5.561484  1.295200 -4.026191 -8.421783
 -2.691853  1.123651  6.481044 -8.346599 -6.956080  1.407240 -4.891042
  4.607803 -7.081886 -1.417317 -1.952740  8.541345  0.865267  5.987961
  1.956808  1.396836 -5.615636 -1.324944 -5.122157 -2.721445 -6.984936
  0.412883 -6.094054 -0.951582 -0.982140 -3.675156  9.350234 -9.242479
 -7.271864 -8.054804 -4.304771  5.919668 -7.500454  3.482834  6.863661
 -5.925317  4.429714 -2.201442 -7.310688 -2.548616  7.884455 -4.784397
  0.832513 -1.754752 -5.911028 -7.158866  7.408925 -4.187935  9.461148
  1.924295 -5.235322 -6.451169  8.535813 -6.174240 -8.726139 -7.873837
  1.138029 -5.062007  3.231637  4.631888 -3.619306 -4.155800  5.116652
 -6.080408  6.090266 -1.272637 -8.576417 -4.961879  6.412779  8.312686
 -8.956945 -7.772734 -5.434189  1.302367 -8.425096  4.332936  3.267190
 -4.323092  5.209272 -6.227482  7.431125  0.673876  4.051803 -7.672122
 -6.332686  1.384572 -3.963245  3.210695 -5.758837 -3.347455  6.039817
 -3.906153 -1.553629 -8.496036  2.128300  4.559727 -3.094799 -9.317618
  8.283213 -5.524649 -0.593745 -5.578133  9.653135  7.400715  4.390116
 -7.226523  2.448538  7.913784 -0.580714  8.671595  8.695125  6.666831
 -2.289576 -7.723420 -1.839047  6.770967  9.535404  5.178956  0.866379
 -4.386351  4.813815 -5.737175 -4.253886 -4.038579 -9.011800 -9.592357
 -5.495510 -3.460718  2.722345 -7.443342 -3.238873  2.393429  3.428850
 -8.185111  3.463218 -6.929851 -5.031489  6.542191  4.350629  6.522233
  9.985436  5.678547  2.818178  8.036860  5.737837 -1.265665 -4.199207
  4.664295 -2.507985 -7.170620 -2.773548  9.070514 -7.175344  4.901718
 -0.202053 -2.879296 -5.278973 -2.094764 -5.510950 -7.550180 -0.015719
 -1.293755  0.414597 -5.914280 -9.500603  0.071256  5.585663 -5.537902
 -4.720572 -6.520928 -2.652718 -0.587125  6.992695  2.870434 -7.223436
  7.287216 -7.999333  0.843643  6.403465 -6.301317 -4.743392  7.943631
  0.675256 -3.568722  2.866865  4.994337 -2.496094 -4.520844 -3.939295
  7.885778  8.651938  5.197065  0.874312 -3.691682  6.890026 -4.793116
 -2.333069  9.456709 -6.033640  1.655797 -8.774452  3.883579  0.797220
  5.199407  4.226177 -6.924361 -3.564264 -9.693570 -2.956430 -0.973314
  6.624316  4.423684  2.838773 -5.252091  6.210338  6.583391  7.524743
 -2.998075 -6.106433  0.678440  9.792846 -0.181227 -2.266180  8.475525
 -5.075681 -5.331268  2.987602 -3.574731 -7.499147  1.822408 -0.323068
  3.039713 -6.992930 -3.381895  4.617124  1.898277 -7.530953 -1.230878
  1.626394 -5.292241 -5.332164 -7.645661 -9.880751 -1.385022  6.252013
  5.339117 -5.417604 -5.736525 -0.111249 -3.420840 -4.878175  9.797997
 -0.394339 -7.017932 -7.690959  5.794545  3.851817 -7.185266  0.455684
  4.208470  8.865927 -9.492011  0.060760  4.095264  8.810948  1.334034
  5.805113 -4.220567  2.491700  0.707036 -9.738621 -0.002049  1.688115
 -6.542950 -7.871958  6.137265  1.624564 -0.304427  7.494766 -2.834703
  5.958555  5.934881 -8.297565 -0.563215  9.842968  1.252659 -9.202968
  2.123077 -8.763912  0.865925  6.988202 -4.282326 -3.310138 -9.102678
 -2.920056 -6.477750 -6.036693  3.151316  7.812191 -5.808055 -8.890952
 -4.378273 -2.934697 -9.474642 -3.424740 -5.637396 -6.164260 -8.181524
 -3.075797  7.538010  2.383800  9.414435 -2.287147  4.079486  8.785682
 -8.846231 -9.675423  2.540089  5.353291 -1.537921  4.821815 -6.836151
 -8.694040 -5.468015  5.627446  6.599847  5.790998  8.732215 -5.284681
  5.270914 -3.822082 -5.996683  3.962438 -1.860655  3.702778  3.633478
  4.797320  4.320964  1.767397  5.589508  6.774871 -6.287483  4.816096
  6.313141  6.383078 -2.751736  0.546850  6.032678 -9.092026 -5.367111
 -0.103811 -6.169342  9.268008 -4.324678 -6.477164  3.214689 -4.037816
  3.237475  3.661384 -5.846391 -6.523588  0.053824 -2.209612  0.475374
  5.874225 -2.192824  5.604727  3.479744  0.917220 -0.924031  6.615478
 -3.239663 -9.720501  8.450877  4.507493  3.775838  7.303858  8.589438
  5.564479 -9.019003 -2.722751  0.044914  3.902483 -1.992110 -7.372752
 -5.266601  0.523982 -5.188308 -3.383600  8.060179  5.645669  7.164056
  6.435416  1.461434  8.054683 -7.031229 -8.480249 -4.105085  9.451204
 -5.410900  8.640501 -2.731682  9.134882 -9.533095  6.372983  6.917818
 -2.665559  5.912650  4.517490 -5.447547 -3.864246 -8.211412  6.647550
 -6.809629 -9.388754 -9.585658  2.394660 -2.670484 -7.649795  6.177061
 -5.027320  1.072738  0.912743  6.092140 -0.093883 -9.410308  8.181491
  6.765248 -6.048466 -9.621125 -5.922681 -4.655108 -0.023366  8.122373
  4.262222  3.368673  3.020259 -0.452052  0.360693 -2.522877 -7.220226
 -1.684335  8.900825 -1.723769  9.557979 -9.857399  5.019984  6.886035
 -8.084310 -5.333686 -6.767563  1.395232 -2.685619  3.499263 -6.740571
 -6.905800  9.022593 -6.566557  4.862284 -3.981048  1.073933  5.693300
 -0.848723 -7.057043 -6.770390 -7.639470 -5.295434  1.302621  6.283387
  9.651976 -1.781920 -0.297867 -0.620130 -8.935633 -6.855227  0.470303
  3.364984 -5.826601 -0.606706 -2.835568 -2.223518 -4.352800 -3.687254
  4.706826 -8.496689 -0.866231 -0.209085  2.547522  2.365766  3.080150
  1.911623 -0.344916 -2.780058 -9.088128 -3.927898  3.012938  0.795055
 -8.041865 -3.529862 -6.267814 -2.166581 -1.542954 -5.175445  1.819844
 -5.916478 -2.930238 -5.113516  4.388286 -1.764370  6.148581  1.173813
 -3.001145  7.395195 -0.096965  9.734056 -5.473443  6.569949  7.051684
  7.357209 -6.612331  8.081516  5.911965 -5.366452  8.129322  8.870430
 -8.116355 -5.680922  1.870023  1.908505  8.536320  7.529432  7.472002
 -2.611044 -0.284034  1.627279  1.202674  4.305031  7.153317 -4.583218
  9.944656  8.473791  4.108200  6.054235  3.194659 -3.719733  2.996465
 -3.605416 -0.098410 -6.532560  3.320080  5.695851 -0.553034  5.093283
 -1.728083 -0.519532  0.813552  5.912121 -6.699656 -5.593927 -0.495866
  3.548261 -5.010762 -8.987768  1.471197  5.649336 -0.010519 -2.305354
 -7.625098  2.989321 -1.069429  6.087694  2.775465 -3.584630 -7.834718
 -6.015203 -3.822977  2.505934  5.710309  6.799814  4.770362  2.701451
 -8.182953  6.323747  7.580340 -2.254557  7.839734 -3.229208 -0.019549
 -8.795347  2.113846  9.027446 -5.077630  3.093547  5.152191  7.423773
  0.475209  2.338808 -4.180225  7.629841  3.208836  8.571192  6.851712
  0.004437  2.391405  1.765394  0.770809  8.748485  3.741732  4.888577
  8.690821  5.715023  4.234610  3.413781 -4.352562  2.145261 -7.140368
 -4.748926  4.182190  0.844447  9.338097 -4.964769 -0.005481 -9.878777
  0.106541  5.022727 -4.105669  9.345716  2.751351  6.385411  9.557646
 -4.745076 -9.589813  4.784546 -1.398648  8.956989  0.846157  9.311838
 -1.996096  2.294222 -3.017766 -6.135794  7.718951  4.431495 -5.021662
 -4.685917 -0.504562 -7.965784  9.452198  9.665957  4.940509 -3.404452
 -1.001389  3.376679  0.488828  3.705976 -4.070352  0.886193  3.538932
 -6.211820  9.314666  2.553555 -6.775488 -7.480090  7.616789 -9.023822
 -2.296479 -5.656097 -8.917390 -8.586154 -7.708996 -3.585443  9.609929
  0.035050 -4.603355 -8.327028  6.781762  6.354825 -2.517451  5.756734
  1.760990 -0.217141  0.516676 -4.233032  8.353247 -5.692240  3.260344
 -2.313891 -5.933964 -1.756955  8.298628  3.288112 -2.469987  7.434479
  0.945199  1.101832 -5.348093  7.965377 -2.998507  2.340783  2.551942
  8.950133  3.713645  8.816051  0.071021 -8.119436  5.135465 -7.785531
 -0.714035  4.912547  1.829902 -9.631799  5.068716  3.267585 -1.260341
  9.846188 -6.159638  1.640785 -4.978409  9.619742 -1.834879 -3.785611
  5.648246  2.234330  8.780136  9.746999 -7.777245 -0.087411 -7.197498
 -0.973559 -9.882942 -4.002904 -7.566835 -6.854883 -2.468489 -1.154913
 -1.507583 -5.511257 -9.345976 -5.994027  6.280252 -0.126240 -6.574017
 -0.098655  1.416434 -6.583066 -5.258922 -3.936641 -7.443473  0.823708
  9.920431  3.695714  5.648176 -1.461116 -6.071563 -8.918545 -3.857769
  2.355600  9.256890 -5.362413  7.178486  8.841442  2.458455 -8.188085
 -6.999250  8.401553  7.649609 -3.803068 -0.691794 -3.789422  1.321824
 -3.327159 -6.674700  2.038498 -9.826077  5.553402 -1.911874 -4.049609
 -4.086784  9.012807 -8.077653 -6.303089 -4.097234 -9.110683 -3.309886
  1.175844  7.366882 -0.995953 -0.545316  5.099592 -0.816276  8.384808
  2.246641  7.129647  0.842674 -3.831099  6.479273  7.625182  2.233032
 -9.869855  3.104076  5.598078  9.045916 -9.562773 -4.256905  1.755729
  5.894033 -8.075822  1.790500  7.644942  4.831794 -2.777796 -5.441243
 -9.317015  4.206774  9.693448  1.812281  5.755520  1.623676 -3.312550
 -0.644449  8.019029  5.661039  6.587298  5.269845  2.483330  7.351889
 -4.311415  2.703324 -5.365887 -1.857136 -6.238366  5.522474 -3.314885
  5.642513 -6.455927  1.591536  4.283200 -1.967061 -0.685880 -4.992622
 -5.483963 -3.931077 -9.798453 -4.460768 -6.412796 -5.669286  5.714715
  6.477296 -5.167886 -5.367481  3.242210 -1.472586  7.390518  4.039472
 -9.927458  3.355817  3.550866 -0.221065 -6.201092  6.495541 -5.123942
 -2.551733 -4.758122 -6.525114 -4.707258 -9.862325 -8.217071  0.601627
  4.290139  9.981672 -3.852858  4.324146  8.449764  2.886158  6.888544
  8.825397 -9.385212 -1.699429  8.680800  2.493216  9.807298  4.818947
 -5.391824  5.153899  9.070336  2.298399 -3.611690  5.458914 -1.906660
 -8.308670  1.183238  3.638589 -2.032591  8.626021 -5.415978 -6.314222
  3.362075  3.246768  7.856721  5.503312  9.222415 -7.282399 -7.411268
  1.116639  1.874214 -0.831303  2.811099  3.164558  8.943761  7.215997
 -3.682426 -8.896639 -4.277789  1.971147 -9.638404 -3.656899 -6.960272
 -6.681600  6.696475  4.252776  5.873634 -0.151935 -4.279092 -3.184585
 -3.018832 -4.471957 -1.292870  2.787466  3.801073  1.396797 -1.923326
 -0.022522  9.337393 -4.320341 -4.075652  7.489920  1.521481  5.518648
 -9.821412  5.501580  7.858949  0.133688  5.328476  1.424747  1.834428
  3.033655 -8.771308 -7.023679 -3.921649 -2.488892  9.029426 -4.289147
  1.941390 -6.825715 -9.858719 -3.046320 -1.158488  2.205182 -1.290983
 -8.261029  8.894287  5.398709 -6.835983 -0.228617 -2.664772 -0.338963
 -9.056737 -2.906462  0.606886  7.319911  4.348063 -6.328191  2.468103
  9.994103  5.099574  3.277712  5.586081  6.565168  0.034109 -6.114541
  0.695688 -9.887539  7.655138  5.451561  5.075363 -5.506806  3.034210
  6.469149  2.473365  4.049843  9.593339 -5.593675 -7.377166  9.471526
  0.653112  6.645129  4.545194 -4.455641 -3.111422  0.651566  4.086127
  3.530156  8.641356 -4.434845  0.935452 -6.712671 -3.014866  7.133037
  9.133939 -6.550910 -5.842334 -7.070672 -5.766718 -3.355173 -6.432934
  9.491247  4.391166  2.916781  5.472045 -8.313860  0.723279 -2.179521
  4.187976 -4.957245  2.440371 -7.191402  5.872277  8.534391 -5.800211
 -6.863117 -6.851493  3.068711 -6.036151  9.168472  1.680421 -2.421984
  5.288257  4.102852  5.234805 -9.035890  5.565186 -3.276434 -4.277133
 -4.144348 -1.167271 -3.458977  4.082064  1.618822 -6.911951 -9.832401
 -4.236145  5.442176  8.182645 -9.150342  9.415460 -9.944591  1.452143
 -7.200849 -9.892308 -1.157842  1.095826  3.413923  7.973911 -5.995039
  7.154722  7.232252  5.730587  3.307695 -7.393985 -3.013262  9.413335
  6.716666 -1.364199 -5.609262  2.089351  7.479969 -6.279423 -7.774923
  2.068133 -3.606757 -8.218213  2.207314 -1.289875 -9.917565 -7.012487
 -9.434084 -1.638642 -8.229446 -3.218346  1.562820  2.934317 -5.792840
 -6.333083  9.840516  4.114798 -8.129452 -9.341529  1.420135  8.324134
 -1.882458  2.274495 -1.630974  9.333887 -8.984989 -6.495994 -0.905404
  4.956218 -2.614393  3.708371  3.866287 -8.622952 -5.270595 -9.359425
  5.392078  2.862751 -4.333718 -6.586094 -5.017066  7.064398  6.667906
  3.705585  1.433571  2.280907 -2.973385 -4.150421  2.832381  5.951096
  2.955668 -4.037916 -5.180871  7.687272 -0.129043 -4.573502  7.414089
 -8.402448  3.499401 -2.463436  2.115631 -1.955488  5.303389 -5.470167
  8.791811  7.124035  0.902135 -9.887864 -5.598153 -2.199218  1.159623
  7.161261 -6.986350 -5.713610 -1.949147 -2.247098 -9.809317 -4.625985
 -2.980979  2.247632  0.111244 -2.261255 -5.125086  2.826317  4.083310
 -2.327428  1.110988  9.408702 -4.290007  1.152437 -0.447378  2.068378
 -9.709617  8.407209 -4.105329 -2.399583 -3.077042 -7.912475  0.085233
  5.998468  2.388075  4.095799  6.959893 -2.059916 -5.908472 -7.667844
 -0.271715 -5.008429  4.199578 -1.555595  5.103588 -3.396913  5.676736
  6.339766  7.125306 -3.870338  6.760656  2.608739 -4.299114 -9.491102
 -3.817102  2.351329 -1.589731 -2.635069  9.044322 -5.242783 -3.256446
 -9.765365 -8.764418  0.709361 -7.264686  5.411422  3.195857 -1.225211
 -5.006000  0.863878  7.029980  9.022946  9.075406 -4.522919  8.596185
 -9.701251  9.582610  4.384559 -0.687335 -0.628661 -8.947417  9.876558
  3.324583  7.019730 -6.623559  1.185268 -7.554981  8.107969 -6.718500
  2.915066  8.767230 -0.528546 -3.293153  6.965081 -0.564284 -8.271149
  7.550692 -8.765485  8.342343 -9.070268 -0.011201  8.939052 -7.543660
 -0.794173  4.700258 -5.814880 -8.989236 -6.039460  0.139051 -2.902486
  9.158722 -7.563378  4.649055 -3.130331  5.499477 -5.158658 -8.270276
  8.852456  7.302870 -2.289366 -3.486190  7.837800  3.391722 -3.943947
  4.972319  4.963325 -8.692469 -3.082286  9.785807 -6.014998 -8.898261
  1.494958  0.162201  0.478869 -0.372186 -3.589087 -8.800816  0.691393
 -4.440645  7.303302  5.099541 -3.927607  2.256941 -1.472842  4.535195
 -0.005835 -0.216279  9.203278 -4.801857 -0.209770  0.642071 -8.245652
  2.783096  6.470010 -4.712724 -4.553567  7.896796  5.661405  8.178893
 -9.520454 -3.311274  5.168724 -2.331861 -2.648986  7.994463  1.547828
  6.010317 -3.990800 -4.233303  5.453857 -7.206506 -1.666888 -3.808734
  3.203086  9.879807 -2.803080 -2.953958 -9.431125  6.218364 -4.299108
  1.838648  6.620417 -6.699392  6.201054  1.468223  2.699795  9.523273
  5.918433  6.746675 -8.720415  3.668329  0.389512  9.090522  8.384719
 -3.128447 -9.941096 -3.830900  6.594294 -0.831764 -2.610470  8.959508
 -4.737699 -2.288467  8.493815 -9.487844  9.444632 -3.476914 -0.977991
 -0.474301 -6.358830 -4.961635  4.766109  2.789105 -4.793227 -9.335099
 -2.800796 -6.122819  2.307174  1.787373 -8.438583  9.162423  4.185615
 -9.634249 -0.187987 -4.816830 -3.715714  1.808735  6.303211  0.727725
  5.426512  2.628171  4.160966 -6.554057 -4.790850  3.765106 -4.440794
 -9.048220 -2.931475 -3.351571  8.493128 -5.049645 -4.782452 -1.245490
  8.434562 -7.403122 -0.456296  1.755676  9.443656 -2.367744 -5.227124
  1.038583 -4.192799  4.438492 -6.470042  6.272581 -2.720577 -1.751381
 -2.079412 -2.395783 -9.916540  6.311067 -2.458936  9.429480  7.105921
  1.302615 -9.169020  0.331770 -4.812724  6.986415  1.569650  2.752265
 -5.705213 -3.897344 -7.664521 -8.047607  2.246083  0.135430  2.827110
  4.558188 -9.352217  9.366331 -6.818709 -9.685635 -4.099767  3.744664
  5.549406 -4.682178 -9.351253 -9.237466  4.311690  5.952787  2.296519
  1.508146  7.717825  4.968287  1.992249 -8.094826  9.430325  2.978483
  9.776238 -4.038011 -9.156167  9.099599 -2.474229 -7.078036 -7.102279
 -6.441934 -5.435458 -8.889470  2.164255  5.086320 -5.034039 -0.379973
  2.880397 -1.296502  2.129422 -2.225424 -8.925909  8.924192  0.349143
  9.492153 -9.463699  6.768798 -8.541707  6.370647  5.042598  3.574848
  6.496819 -0.844225  9.351022 -0.247530  8.541099 -3.953537 -0.213792
  8.922036 -5.782290 -9.159584  9.565876 -1.684713  8.459984 -2.577925
 -3.649974 -5.935995  6.588946 -9.065455 -4.589543 -1.105152 -6.034789
  6.059682  2.970890  8.362250 -1.730813 -0.963312  6.052745  5.980237
  3.049891 -9.820577 -3.083503  4.447451 -7.353688 -3.272248  2.228000
  3.283737 -5.245994  4.495138 -9.330627  4.627355  4.460299 -6.934944
  0.301754 -1.707128  6.025178  3.630974 -8.254718  9.167673 -8.615739
 -9.602831  5.693435  4.367816 -3.244160  6.799386  6.463089  6.959937
 -5.645104  8.690272  5.037076  6.094988  8.657615 -6.821650 -7.214069
  7.891205 -6.862446  3.580191  8.438902  1.265639  6.799680 -2.260082
  0.171327  6.276723 -3.072407  3.590910  2.177930  8.661318 -1.869961
  3.689652 -7.628871 -1.267456  3.874382 -1.979307 -0.974452 -0.572496
 -9.292008  1.103552 -4.022158  1.707681 -9.020593  1.634733  0.651487
  4.848113 -4.078035  6.364243 -3.373600 -4.686852 -1.208689 -7.620682
  6.593245 -2.724833  2.858194 -0.427736 -1.938969 -4.720754  0.043344
 -6.413214 -2.914560  6.655446 -3.313150  2.396821 -6.762818 -8.928821
  4.563553  6.133278 -4.953031 -7.261431 -9.178222  2.607009  0.376908
 -1.725279  4.624858  0.755576  8.219501 -1.225157 -6.082581 -3.934239
  5.627573  2.176704 -0.262162 -9.749932  0.954540 -4.995965  4.059137
 -7.793740 -6.737997  8.354126  4.535167 -8.803235  8.687579  3.449378
 -6.624521 -8.667088  4.583167  4.515487 -2.273307 -4.399742 -8.281177
 -6.324600  1.241123 -9.955677  9.023223 -4.858997 -7.884683  7.822739
  6.172121 -8.259781 -4.026513  8.792431 -7.598543 -7.062984  7.456346
 -5.399927  9.552730 -9.532940 -4.903823 -6.398389  0.920370  7.456018
  0.914272 -2.359650 -3.218602  1.658385  2.069860  7.527121 -7.704161
 -1.956240  7.315011  5.855481 -4.042675  3.012858  7.606675 -5.546410
  8.194377  4.704826  0.079183 -5.612790  2.115972 -3.085158  6.771289
  3.026722 -0.171204  1.027586 -6.167347 -2.824809 -5.610182  2.993486
 -7.565691  2.827310  4.892833 -1.387792 -0.422789 -3.878593  2.326895
  3.380057 -7.096093 -7.361232  8.971546 -0.040317  7.953558  7.489549
  4.803881  3.009313  6.187501  6.087597 -1.576162  7.215753  9.848099
  3.543335  7.138717  0.408776  5.565418  1.961408  7.128877  3.876656
  8.592779 -8.516144  9.369484 -8.738355 -2.158543 -1.239885 -5.302993
  6.787909 -6.085112 -2.681397 -4.021075 -7.283462 -3.263872 -3.665312
  2.208596  0.926655  0.378317 -2.294352  1.061568 -9.037136 -8.343411
 -1.000595  6.652077  9.032518  1.504235 -7.845210 -5.756672 -7.870461
  9.926653 -1.111114  3.996102 -8.741672 -1.321092 -5.837982 -3.041224
  7.817210  3.843482  7.291423 -6.810887 -5.836947  0.741472  5.176701
  4.665019  2.335028 -7.759530  4.439286  7.412092 -6.303522 -6.119744
 -3.134572  6.258486 -9.396462  9.944054  9.214495  2.955290 -6.385051
  8.135049 -3.797408 -0.094237 -3.985776  3.991111 -8.974002  9.494650
 -3.320123 -1.748292  9.818633  4.204022  1.201131 -9.811496  1.011835
 -4.567480 -8.862064  4.059101  3.768457 -1.467285 -9.880610 -0.579996
  2.285282 -9.903381 -8.982700  5.319228  6.851034  6.628976  1.304240
  8.118956 -4.121866  0.648812  4.606736  6.150443 -4.841310 -7.825601
 -5.423166 -6.856896  8.676488 -0.989578  8.964044 -7.310066 -7.665701
 -5.228740  6.895167 -1.504074  9.964342 -4.939626 -0.861712 -8.091080
  6.263869 -4.407629 -8.506809  6.027308  4.952300 -9.145467 -8.035679
 -0.244995 -6.662669  6.383285 -7.007500 -8.184308 -1.265921  0.402825
  1.346045  1.986832 -4.534278 -2.431763 -3.854058 -1.755123  9.459167
  1.521183  1.960835  0.993347  3.862652 -2.113376 -6.169077 -1.304182
 -6.169103 -4.744075  5.076565 -1.726645  1.963689 -1.552900 -5.375317
 -5.911237 -7.300356  9.779060  9.854632 -2.025411 -2.685489 -8.089050
 -5.670484  4.945862  0.813175  7.391917 -5.040114 -8.722079  0.248860
  7.268463  2.134129 -9.371616 -8.195843  3.328424 -2.603031  6.048095
  3.478611  5.935033 -2.455434  7.732200 -4.807043  8.689564 -5.055112
 -5.093670  6.850984  6.958431  1.181579  4.583217 -0.554037  3.586126
 -0.331461  3.763119  1.131530  3.647231  7.862301 -2.659245 -0.970265
  2.502239 -1.323788 -0.915735 -0.811968  3.433438  0.175598  5.725025
 -7.160530  7.606485 -9.524684  4.178815 -7.097606 -4.685552 -4.016153
 -2.044907  9.746807 -8.479971  2.200009  2.391993 -9.528050 -0.284354
 -9.812012 -9.693781 -8.586520  6.177856  9.979310  5.196005  1.057306
 -3.406800 -4.035107  4.281321  4.042992 -4.241443 -1.116434 -6.247998
 -0.911910 -3.128139 -0.490674 -0.770377 -3.571551 -7.201172  5.328048
  2.973807  2.253527 -3.875765  7.826362  1.380984  2.075636 -7.426200
  5.194509 -6.770089 -1.069637 -5.018457 -0.341747  7.698040  2.505938
  4.498091  1.353800 -5.338821  9.374217 -8.383270  2.147462 -5.759365
 -0.484903 -5.407761 -4.438248  1.650294  6.751193 -5.763729  7.755271
  9.898406  0.785702  7.610741 -4.670114  5.955776  5.775862  6.709536
 -6.040298  0.678725  3.822404 -3.014276  4.600162 -5.270729 -8.353253
  0.699526 -3.474573  0.314066  2.144930 -7.522877 -8.125686  4.018590
 -5.081594  9.246656  9.127834 -0.935459 -4.113713  6.925186 -9.820377
  0.069933 -1.494879 -4.208972 -4.744278  6.051103  6.078168  0.451882
 -6.394441  1.043607 -4.216341 -8.621002  1.884238 -5.049665  4.720653
 -4.134768 -6.620410 -7.148214 -1.712335  4.431628 -9.600298 -9.000127
  9.300794 -0.626885  9.364220  4.409811 -4.407561 -5.042118  8.516397
  0.533154 -4.243654 -6.626446  9.477461  9.541247 -1.668976  1.964772
  0.058473  0.514760  0.959887 -6.527851 -8.447592 -8.511228  5.029616
 -4.854714  2.429059 -7.578793 -2.661859  6.258464  5.170235 -7.529414
 -8.255458 -7.173291  6.597328  5.501234 -6.208807  1.971811  6.676007
 -7.237694 -0.401051  2.554345  3.337475 -0.799982  2.151716  8.154314
 -4.430882  1.871537  0.865559 -0.174107  2.406792 -3.656089  5.913957
 -0.955940  6.287079  3.138173  6.387948  8.443986 -1.081996  1.032344
  9.492420  2.532685  3.901508 -4.773797  4.116993 -2.297729 -9.463275
 -0.036086 -7.722381  8.695775 -5.339562  3.521803 -1.577089 -3.160584
 -9.074159 -0.279337 -3.789179 -3.353495  3.772841  7.738315 -0.968637
  3.945308 -2.193760  8.789523 -4.797667 -3.761284 -6.034908  7.815252
 -3.353606 -6.605888  8.925502 -8.270602 -9.340224 -3.589363 -6.182053
 -8.748569  6.808587 -3.804621  0.525468  6.454940 -8.957520  8.457291
  5.211701 -8.357393  0.039309 -2.389478  2.139333 -4.123698  9.106045
 -5.180996 -7.818371  0.859509  7.713853  0.166520 -6.064685  5.416110
  2.273060 -5.541109 -1.451002  0.595069 -9.835395 -2.599498  4.278838
  7.846569  0.193887  6.333535 -4.034739 -3.443843  4.168958  3.373106
 -7.583507 -5.246245 -3.591666  1.638731 -8.527793  8.489866  8.105965
  7.309075 -8.853735 -5.770540 -5.711350  5.795325 -6.772961  7.426722
 -6.476501 -8.162632  0.972592 -9.300552  7.041317 -8.185168 -6.313213
  0.248111 -9.118673  4.462350  9.640798  0.874568  4.824983  3.425799
  4.798800  9.552742  7.328557 -4.944485  6.145238 -8.885603 -2.097023
  0.539896 -0.552057 -9.540582 -2.741053 -7.443738 -0.523901 -2.087442
  3.341090 -7.970394 -3.628800 -0.721011 -2.246255 -5.450768 -8.356732
 -2.665641  0.180945 -7.424348 -2.045494  0.727778  3.776868  9.358000
 -8.955620 -5.407587 -7.089408 -0.061914 -8.761986  7.030075  6.254969
 -5.691918  7.827958 -4.081723  2.755579 -9.074913 -2.896411  1.088993
 -8.463312  1.088453  0.098638  5.774386  9.624153 -5.667807  8.799057
  8.526094 -9.457044  4.714979 -5.413430 -7.746831 -8.629537  4.704899
 -9.434339  0.212801 -4.251133 -5.994687 -6.816516 -5.081694 -3.832570
 -3.033443  8.596900  0.909665  5.891788  2.185216  9.343915  1.042236
 -9.201140  4.759490  3.840096  6.605033 -6.542523  3.363467  0.144496
 -4.884609  5.301189 -4.664042  1.210243 -0.074076  9.911827 -1.177558
 -7.213662  5.231736  4.987477  7.660913 -5.480406 -8.496533 -9.879735
  4.394222 -1.160735  7.156325  4.528882  8.150976  7.590981  6.109805
 -1.424493  1.239336  4.998486  2.579028  6.280581  5.297425 -0.756857
  1.694993 -6.610563 -9.601032  4.767368  4.582843 -2.721551 -6.816727
 -5.874179 -4.183143  0.978651 -1.120634 -8.081394  4.679406 -8.478120
 -4.937568 -6.704982  0.031668 -5.688882  3.900571 -9.026878 -6.084559
 -4.532120 -2.587843 -2.688234 -1.758221  0.579285  2.329043 -4.239452
  1.400111 -2.030951 -8.185377  9.527391 -8.510688  1.496267  7.410334
  4.510197  8.765531  4.455713 -3.449165 -2.137654  7.475907  2.462945
  3.970760  1.746692  2.439630  8.929542  7.749091  0.390176  9.354107
  5.922510 -6.650090  6.170607 -1.431952  8.213624  6.305537  1.403889
  9.505299  2.311569  8.351248 -2.244100  3.473722 -4.322893 -8.335897
  7.699396  5.001469  1.513868 -7.014541 -6.231502  3.989977 -1.059365
  9.033052 -5.902746  4.423397  0.571660  5.568110 -5.664319 -3.400105
 -0.276991  2.994868 -1.259590 -5.724248  1.699828 -0.211102  8.204467
 -0.935762  5.237243  5.782481 -2.204054  9.660108  0.578027 -2.214085
  2.554759  1.708992  0.127537  7.625708 -7.857052 -2.219159 -9.416239
  5.671184 -0.569237 -1.273891  3.180304  5.431661 -8.249377  9.949085
  5.817567  7.151623  2.574876 -9.453150  7.677990 -5.104222  7.841567
  5.359756  9.788002 -7.767493 -6.412564 -6.245750 -1.927065 -6.225706
  2.556446  7.462987 -1.629404 -9.353706  8.028090  7.779346  9.262111
 -7.492989 -9.792797 -4.120460  3.740482 -5.377837  1.282188  9.633652
  1.548740  7.817864 -5.902136  9.267915 -5.831277  8.290720  9.652666
 -9.228151 -0.865629  1.796890 -8.003718 -5.487957  4.196154 -7.635135
  6.056671  0.658530 -1.138159 -8.873698 -4.727153 -7.065564 -4.008072
  2.937262  1.201373  7.343701 -0.898747 -2.420340 -2.226387 -3.995404
  9.728056  6.146672 -0.429683  5.233018  7.575557 -6.716664 -7.752558
  8.774235 -4.828126  2.489816  9.187396 -0.945731 -4.960740  4.311256
 -5.581762  0.704030  0.362085  0.293277 -6.976240 -6.373738 -5.963831
 -4.301739 -5.708822  1.855561 -5.362554  5.988241 -3.413528 -4.839352
 -0.559589  9.717390  9.034866  5.309241  2.272271  0.437210  2.363603
 -1.652461 -1.824592  3.597565 -3.192112  6.871891  7.607017  9.360788
 -5.109300  5.358971  0.230046  4.726981  0.432012  2.558738 -6.003032
 -7.031501  4.770520  2.815406 -7.953420 -7.396031  8.172236  4.793598
  8.754521 -1.846905  9.940220 -3.325101  5.175458 -8.218400  1.468484
  5.300005 -5.738657 -6.317241 -3.559974 -0.458509 -2.757365  8.277339
 -4.280259  4.769350 -6.002895  9.521166  0.958820  5.266866 -1.047550
  8.090038  9.044528  6.812264  5.766107  3.143521 -7.127570 -1.774953
 -5.496368  0.996969 -9.298995  9.497324  6.771379  4.989548  9.300512
 -3.186564 -5.138006 -9.596684  7.221268 -0.252966  8.430338 -4.005884
 -9.498009 -2.436512  7.342788  3.347446  0.882180  8.122327 -0.953793
  4.043065 -7.036164 -3.164788  9.574358  2.591044  7.060435 -6.447580
  8.234966  1.501992  4.761510  8.618590 -0.292186  0.347748  4.851385
  5.985588  0.083870  8.809457 -9.565814  1.913295  8.021782  8.394256
  4.185731 -9.159652 -3.339438 -1.717809  5.375001 -6.710428 -5.149769
 -2.446281  7.920743 -1.455873  3.088342 -5.597877 -5.704171 -9.917419
  4.583909  4.650841  3.269589  4.021222 -4.926496  9.398454 -9.297563
 -6.463690 -4.938984  6.269016 -0.355974  8.220824 -0.079218  3.853350
 -5.845098 -4.421811 -2.800736  1.854250  4.135250 -8.417357 -0.319169
  2.135440 -3.555672 -7.631574 -8.088193  4.809312  1.774656 -6.248757
  6.348476 -6.932723  3.965801 -1.709823  9.464784 -1.424850 -8.396947
  5.194812  2.261509  6.750912  5.549085 -2.704557 -8.259294  7.683896
  5.776380  2.807146 -3.339439  6.094240  0.123200  3.757099 -9.138044
 -2.053225 -7.113689  6.819293 -1.334138 -2.815128 -3.822218  9.626378
  1.006876  8.083786 -1.004333 -0.089160  2.541175  0.047128  3.886884
 -0.827062  6.460004  0.147060  6.630956 -1.518443  9.314177  3.541260
 -5.134853 -0.585760 -2.476606 -8.737640 -0.915733  0.162893  2.443393
  4.226700  0.383781  9.200818 -1.703772  3.477966 -1.111986  4.216545
  7.272384 -5.568273  7.530471  0.007276 -0.666150 -8.872147  6.899302
  2.423842 -8.462943 -5.912860  4.357906 -2.128512  3.832160  4.795208
 -1.500969 -5.163782 -8.807846 -1.982286 -5.966275  1.464846 -6.007634
 -5.483487  3.652809  1.370109 -9.554585  0.876573 -6.283716 -9.772857
  7.475716 -0.052279 -1.500861 -5.061486 -5.168296 -3.643980 -8.402690
  8.353852  2.418511 -1.469605 -7.470174  1.438522 -1.751777 -2.657814
  6.289643  2.219531  6.053431  5.015079  2.205990  1.062955  4.795869
  0.206903  9.375712  9.799962 -4.067420  3.516983 -9.364316 -1.874458
  7.814603  1.480488 -0.517283  8.618865  6.923367  6.078857  1.250506
 -2.870970 -9.964966 -0.899802 -7.248062 -3.188878 -3.991402 -3.144586
 -1.669418  7.677925 -5.219486 -9.326314 -6.973143  9.702748 -6.610113
  2.779670 -9.043322  2.364420 -7.413932  9.528739 -5.337049 -0.421683
  6.928363  3.998775  2.731677  7.251759  5.104044 -2.517301  7.845204
 -1.261896  5.821197  7.367016 -1.822927  5.816842  2.901801 -0.847427
 -5.430625  1.737297  6.138391 -7.726786 -9.110015  8.894314  3.794206
  2.150495 -4.105824 -4.725884  0.402418 -4.569433  2.963119 -0.651925
 -9.588042  6.987838  0.272036 -2.408849  7.006753  5.742496 -1.790340
 -7.117476  9.709423 -9.152262 -4.199720  5.171790 -3.349527 -3.901731
 -5.819591  4.431289  9.511796 -3.671328 -0.533430  3.204593  9.453007
  8.245378  9.982351 -2.784958  4.127914  4.861793 -8.220506  3.449925
 -4.988054 -0.130897  8.680323 -4.424851 -9.917378 -2.702735 -8.374431
 -2.785608 -3.062653 -9.124303  8.452893 -0.732533 -4.290453  0.781197
 -2.136884 -4.123122 -8.760409  3.574355  4.339144 -1.761820 -2.865469
 -2.206395  7.685391 -9.947834 -6.324654 -2.432954  6.555232 -9.191324
  1.456086  2.107042  1.772126 -6.558066 -9.481272  5.819080 -9.589685
 -8.914392 -1.029382  7.400160 -0.103203  0.638069  8.438114  4.867101
  6.129546  5.835832  2.659318 -2.711138  4.929165 -9.539813  4.790193
  3.023683 -4.710009 -3.711004  2.924483  9.358232  9.895313 -9.797795
 -3.316529 -5.939932 -8.089925 -7.694504 -7.455324  5.096943 -5.974548
  9.429266 -7.319654  9.759862  3.599477 -4.744857 -3.315103  1.594242
 -9.783517 -6.897691 -3.320264 -5.553536  7.953931  1.747220 -4.698022
 -1.936786 -7.305637 -9.173334 -0.982674 -0.024707  6.778123 -1.939830
 -9.724941 -9.324945  5.389446  3.292908 -1.047232 -7.023273 -2.965664
  9.023991 -6.298709 -6.070320  2.619103 -2.950771  0.203303  1.373785
 -2.381050 -3.175817  9.788482  7.952243  5.482148 -6.114155 -5.297978
 -1.944001  7.852600  5.123652  5.021808 -0.601869 -3.788088  9.727431
 -9.792449  3.431985  5.768300 -4.572854  4.198414 -0.026926 -7.334584
 -3.017925  9.765963 -7.317168 -2.939712  0.401664  4.823452  1.899799
 -4.960186 -8.844934 -5.273439  6.985062  2.729923  0.945366  5.261043
 -8.833554 -1.906629 -0.558422  0.236055 -7.766573  6.616059 -5.920769
 -5.607659 -5.015671  0.656021 -7.674480 -2.608341  8.178318  4.721041
 -1.810703 -2.969743 -1.238430  7.381359 -6.263938  0.426950 -3.167995
  4.492948  8.303743  4.488053  8.690836  1.009738  2.777257 -5.995350
 -5.728934  6.930474  6.422394  9.853063  3.705216  6.001944  6.030737
  6.422037 -9.762204 -7.828723  9.807620 -4.257824 -0.925877 -0.693277
  6.168347 -9.920142 -7.547094 -9.746359  4.472688 -9.056361 -4.232119
 -4.234878  5.139326  9.751899 -8.216152  5.964522  7.175397 -2.071915
 -7.893192  8.042264  1.481768 -9.694146  1.999355 -4.314509  2.883090
 -0.539875 -9.293497 -5.639118  3.285178 -7.764398 -2.003149 -9.688649
  5.445453  0.474733 -7.544268  7.253645 -1.458843  1.212441 -2.122026
  3.696173 -4.389009 -9.788587 -2.280167 -5.961409 -5.608833 -0.194811
  8.661659 -4.640548 -6.030195  5.418781 -2.154069 -0.087061  7.562033
 -1.284942 -4.663487  1.156311  2.314882  3.653042 -1.015360  5.029349
  1.331986 -2.390128  6.105470 -0.378709 -6.298963 -2.876744 -3.625736
 -8.206335  8.683026 -1.271535  2.436673 -4.867400  2.623820  3.175108
 -0.789864 -7.205835  2.822194 -5.440706 -6.985826  8.246210 -9.526331
 -4.638583  4.967299 -3.427687  2.712000  5.330696  0.706725  7.002202
 -4.847599  9.183178  4.601430 -6.896993 -2.262103 -8.137260  5.523434
 -1.742252 -1.825334 -7.485249 -6.232234 -6.435038  4.141525  3.831188
  7.636602 -2.629993  6.682833 -4.621662 -7.903072  6.272056  2.024930
  0.887171 -0.118375  8.207388  2.023071  1.529372  1.791730 -3.636423
  9.575364  5.257674  9.515138  5.962001  8.639141 -3.343352 -7.175626
  0.408443 -6.283463  3.934750  8.699567  9.894912  2.383954 -8.019365
  8.866961  1.558411  6.451657  7.242119  8.536581  6.765952 -1.357138
  4.996611  3.766874 -2.407087 -1.436300 -3.679820  0.197177  7.816266
 -9.015850  0.934694  8.356671  8.998365  1.010512  8.076419 -5.258693
 -3.041615 -6.575657 -4.307759  2.756297  2.668521  4.446262 -8.654537
  1.830645  1.171594  3.474054  7.638085 -6.692913  7.052525  3.255966
 -9.184098  0.267967  2.151508 -2.333370 -5.020315  7.158740  1.787768
  7.951020  9.874133 -2.693908 -2.622165  0.105543 -7.078183 -4.962689
 -2.222438 -6.346315  7.105752 -5.463154  1.641264  6.908235  1.630117
 -8.072450 -3.461095  2.354450 -1.349556  7.002119 -7.604242  2.151335
  1.385759 -7.997655 -9.227158  1.201623 -2.943076  2.518636 -4.547746
  9.352877  0.655828 -1.063185  3.835154 -0.243807  8.247468 -0.902773
  5.333505 -0.553500 -8.307120  3.808235 -1.376491 -4.106447  9.266550
  3.354576  4.115576 -5.353172 -1.636135 -9.365598  0.177681  5.268592
 -3.267070 -3.419365 -1.945906  9.223054  6.511453 -2.568751  6.114654
  9.561674 -0.910340 -1.522382 -2.918704 -4.702436 -0.479176 -0.870937
 -3.859162  1.857618 -1.102002 -8.513841  7.664533  3.273112 -7.621918
  2.948877  3.395665  8.565662  5.033630 -7.075410  4.535109 -3.675878
  8.812312 -1.113887  6.378064  4.879750  6.515959  5.008018  3.680604
 -4.617712  0.904621 -3.446528 -1.397930  1.400384 -2.300673  7.549843
 -2.095723 -9.808533  6.098323 -5.484029 -3.225440  0.385919  7.420294
  9.630616 -4.361217  0.704368 -7.500604 -4.362589  9.164259 -7.025408
  8.360236  2.718042 -1.982151 -4.259530 -1.654066  4.267188 -4.366479
 -8.490076  1.597535 -5.870187  6.038286  3.666634 -7.555752 -5.975130
  2.830847 -6.454194 -9.167678 -7.364156 -8.211856 -5.535732  7.308750
 -9.132751  7.963520 -1.778510  9.940437 -2.465060  0.122141  1.621778
  2.310760 -1.982518  8.763175 -1.395322  5.803496  8.283487 -8.598641
  8.105324 -7.920145  0.680845 -0.211910 -0.958679 -2.356893 -6.460255
  2.969249 -0.912795 -5.868565 -9.779654  6.377828 -4.568240 -3.356224
  8.890577 -5.657542 -6.119876 -1.022969 -0.035041  6.565024  0.452513
 -5.125650  0.920222 -2.801412 -1.504717 -9.774929 -1.546819  9.389336
  9.560621 -4.826926  6.739639  7.248366 -2.771967  6.925951 -0.254079
 -9.610843  7.848314  1.107039  1.053024 -2.971746  0.616993 -4.412945
  7.415470 -9.991783  0.158991 -8.588039 -2.557214  4.444068 -7.802177
  3.479099  9.937807 -5.432492  1.012676  7.460717  6.638516  9.118060
 -5.388012  7.853092 -8.196475 -2.812320 -9.665087  2.197034  5.817301
  7.998038  4.478134 -8.245041  8.594640  2.777077  0.434363  8.619350
  6.996802 -6.751657  7.813727 -2.530097  4.731073  5.046823 -3.393025
 -8.695155  0.504932  7.557258  3.293507 -8.004267 -3.726464 -3.293970
  6.593299 -9.528144  7.821557 -3.131890 -2.773274  2.790357 -7.469104
 -9.133458  7.284292 -1.191936  2.484291  0.454910  4.466706  7.544929
  4.394835 -8.882235 -3.654407  0.214058 -8.213126  8.107272 -5.464945
  8.203417  5.104233  0.613768  8.293734 -7.491155 -9.902111 -7.077501
  8.679025  9.397045 -5.196865 -3.444359 -0.379913 -4.889225  3.337207
 -5.160810 -0.379017 -8.944663  4.597192 -6.334170 -9.531175  5.484889
 -5.985306 -2.620631  4.609185  5.128705 -0.175683  4.197077  1.811438
  9.789255 -8.982535 -6.530844 -3.265490 -6.881350  4.018645  1.500141
  1.393484  3.892747  8.939151 -8.412707  8.584343 -1.382368  7.585580
 -5.297539  3.926058 -9.525581  3.082472  0.240230 -8.811196 -0.478684
  6.486236 -2.693716 -6.260517  6.951671 -4.884972 -4.911367  4.262054
  2.230981 -1.177636 -4.286462 -8.981161  3.108450  9.618118 -8.660310
 -2.931790 -1.878236 -4.898522  6.462453  3.505620 -4.272297  1.360332
 -7.539623  6.036972 -9.046610 -1.452682  1.885372  8.747846 -4.951001
  8.252265  3.635547  9.817465 -1.887894 -2.301933  7.984659 -8.721884
  8.200310 -2.836511 -4.234444 -8.631717  4.493987 -4.544599 -9.320912
 -2.659625 -1.820280  2.609379  7.180370 -7.312657  8.794578  3.651642
  5.468811  3.898801 -4.932408 -9.754456  0.948353  0.614528 -4.275232
  8.159716  3.133393 -2.848979 -0.299117 -5.200993 -9.482359  4.744030
  2.864301  3.821214 -9.657225  9.691578 -1.573746 -5.432970  2.135479
 -9.354071  3.156924  0.255664 -9.211676  9.885469 -4.204781 -1.394957
 -7.921300 -2.146538  3.433179  9.570377 -5.367938  7.018143 -3.274563
  5.408686 -1.780457  7.643012 -0.054965 -7.240623  0.358376 -5.319492
  5.924361 -1.519653 -8.357165  7.899529  0.797150 -0.331329 -2.318431
  0.946334 -1.462549 -1.795219  4.903353  7.892023  7.334221  8.950190
 -7.406236 -0.809065 -4.672039  9.472658 -5.792030 -3.339083  8.523575
 -9.410337  2.531330 -8.284055  7.704360 -1.653368  1.903861 -1.204458
 -2.949212  6.800567  7.630275 -4.002038 -2.030623  6.005260  1.030107
  8.816516 -1.845926  2.324641  7.948735 -9.956584 -6.060879  4.219244
 -4.386056 -3.638459 -5.957449 -4.817027 -6.501436  3.695017 -2.899386
  2.703846 -8.903185 -0.424871 -7.115938 -6.883679 -2.616485 -0.635008
 -2.487579 -7.654520 -4.650725  9.976863  4.171554 -9.922977 -0.977724
  4.395985 -2.402079  8.123648 -8.113899 -5.595829 -6.801033 -1.925986
  9.932095 -0.920342  7.806291  1.289235 -5.656581  6.597269  5.561676
 -3.053951 -8.216531  3.484620 -4.885787 -8.094152 -5.122402  5.952935
  7.954699 -1.116494  2.090855 -3.734636 -0.310069  9.177016 -0.362840
 -5.888591  2.552835  1.365709  6.717768 -4.867642 -4.972190  5.392356
  1.007389 -7.028175  5.245494  6.167836 -6.427233  7.239211  3.275514
  4.251457  3.753838 -3.428137 -0.136465 -5.347496 -5.263548 -6.925762
 -1.911873  5.861450  8.104367 -7.867259  5.413678 -4.858971  9.421775
 -1.835931  0.971298  2.712745  2.769143  6.988855  2.071529  5.843430
  1.733966 -7.300933 -7.948981 -4.296474 -3.194292  4.711303  7.915999
  8.724256 -7.974840  9.964753 -5.031215 -5.300808 -1.966873 -6.963189
 -2.243770  4.146703 -2.277835 -4.329093  7.201565 -2.826501  1.065438
  9.008643 -6.258022 -8.552811 -9.167361  6.815010 -3.228460 -7.634367
  9.271084 -1.444140 -4.689461  3.121772  9.900300 -0.538266 -1.872313
 -3.231589 -7.997365  3.441913 -9.605745 -7.104647  2.950636  0.679659
 -7.909931 -2.595039  8.197207 -5.692412 -9.154106  1.306272 -1.662587
 -3.853604  3.791729 -7.278435  0.767695  3.969256 -7.871692 -1.156122
  9.098642 -6.802552  1.470474 -2.370366  5.493287  2.595125  9.787533
  5.947838  8.375849 -9.300414  7.516748  8.796157 -1.695240  2.191605
  3.348650  4.420448  3.060646 -8.700262 -3.236051 -5.443993 -0.040634
 -8.045725  9.457575  6.718522 -4.852787  7.958589 -5.530798 -1.756978
 -4.893608  8.873756  7.362808 -2.713164 -2.195130 -6.362663 -3.278721
  5.815318 -5.542805 -2.691214 -7.040051 -2.742198  3.141768  3.262374
 -6.581089 -5.165127  9.449941  9.175639 -5.107853 -6.828350  2.942566
 -5.081922 -6.256535  0.940713 -4.322579  2.486782 -3.418492  5.123605
  1.854144 -1.299250  6.595015  4.041272  8.928104 -0.955992 -9.097318
 -5.255266  3.665801 -4.280890 -9.835396 -0.730810  2.974269  5.997926
 -5.529512  3.182752 -6.441752  8.018654  5.750324  1.770931  3.980388
  8.760622 -8.268293 -0.164946  5.162560 -8.735487  0.470859  4.136970
  4.524488  5.215863 -8.558892 -0.032253 -9.806152 -2.312028 -9.644720
 -3.883449  0.147870 -3.575023 -2.686171  3.241126 -1.242246 -5.037348
 -5.686634 -7.862343 -8.985576  5.859804 -9.885320  6.295207  7.756262
 -1.141610 -0.785612 -8.079752 -8.782451  0.238199 -4.443805 -6.875996
 -6.194846 -3.362753  0.759305 -8.742906 -0.506317  5.697567 -0.717026
 -5.522606 -1.896662 -3.838574 -6.539771  5.070841  3.607093  1.834941
  4.366710 -5.215361 -2.152372  0.931515 -2.388479  8.059458  6.424572
  7.963580 -4.714331  5.858343 -9.362067 -3.058380 -5.339727  8.699326
  1.533014 -6.666577 -5.730408 -7.224985 -4.596791  8.982229  0.713121
 -3.283593  7.070974 -1.384527 -5.556118 -1.807920  4.049496 -1.992216
  7.223511  6.020455 -9.321303  7.438584  0.204008  4.656646 -5.092384
  2.346188 -7.328484 -5.379982  9.601333 -2.226047  9.985801 -5.047927
 -1.498076 -2.536503 -5.063230 -1.036702 -5.320701 -4.100022  2.738133
 -9.013993 -9.211756  9.747918  6.692315 -4.747836  6.281637 -6.660269
  5.880986 -4.713179 -8.667055  8.033838  9.850457  5.675287 -7.746690
  9.353447  8.129156  4.132586  9.060439  7.025345 -4.002703 -6.094203
 -2.793358 -1.961548 -4.923095 -6.334260  0.538586 -5.459748  4.311411
  9.679470  1.103881  8.328356  9.151174 -6.362605 -7.445687  3.611321
 -9.522366  7.024756 -4.284072 -7.135359 -4.490262 -8.363425 -7.399613
 -2.681783  9.711272  6.228529  6.350015 -2.610117  3.749813 -7.221052
  9.856009 -5.937399  7.798154  9.020765 -3.944670 -9.127146  3.891948
  1.530517 -1.235871 -6.376392 -2.170937 -6.041183 -2.910580  4.194672
 -1.824767 -5.696971 -3.359690 -2.496838  6.506827 -3.882317  4.741872
 -4.989314 -8.711518  1.461498 -6.317717  6.511246 -2.995867 -8.876909
  3.609777 -8.824422 -7.228774  0.270666 -8.795489  2.186809 -9.445839
 -4.437312  3.266919  0.570710  4.383557  6.819707 -2.574646 -3.784395
 -4.185855 -3.272233 -3.677886  4.994485 -0.111614 -4.813936 -9.238213
 -4.211671 -0.961999 -7.002648  6.983554 -3.232686  9.344269 -8.672470
  4.439122 -6.571340  1.189406 -0.260162  0.580776  1.335147  7.988494
 -2.572419  0.244178 -7.235497 -8.328708  3.944454 -3.478377 -2.028211
  4.012466 -6.411787 -8.295465 -0.984728  0.197901 -3.452969 -9.904517
 -3.606214  3.315754 -5.791841 -1.538752  3.617310  8.894370  9.171510
  3.196619 -9.428521  6.526084  5.387020  9.304137 -1.049801 -8.389015
 -1.239662 -6.421463 -3.841488 -3.465199  2.375672  4.867463  4.508493
  6.116876  3.712353  5.896428  7.465078 -1.411675 -1.650115 -8.776277
 -9.412910  6.481695 -3.951745  6.177581 -2.952760  8.756231 -7.058378
  6.797034 -4.035128 -4.979145 -1.483699 -8.338644  7.653519  8.581117
  2.836402  7.303466 -7.394939 -9.802346  6.717962 -1.970200 -2.582644
 -6.147826  6.435360  6.248571 -2.498498  8.908645 -4.827622 -4.736288
  3.346047 -6.067262 -1.685206 -4.400522  1.578158  1.422948 -3.584211
  8.211663  3.367000  2.261282 -5.921005  9.822475 -5.876108  7.332968
  3.611452  2.720191 -2.947392 -2.192481 -5.125673 -1.845985  0.299816
  4.903695 -2.513513  2.582896 -8.862525  0.670396  7.430914  7.610282
  7.883316 -6.200025  8.955843 -1.333421 -6.624609  0.563254  3.867011
  5.444019 -5.321344 -2.786357 -4.131712  3.011853 -5.193246 -8.524375
  7.296619  1.891509 -0.682933  0.196498 -4.587302 -9.915406  6.358208
 -7.542835 -7.614165 -8.347945 -4.171194 -8.073931 -9.478972 -5.052962
 -2.308584 -5.218530 -8.228181 -5.913752 -5.178177  2.674766  9.003626
 -1.147340 -7.504325 -2.455850  8.132791 -5.627816  8.685233  4.083185
 -0.430995 -1.822524 -3.295228 -2.778054 -3.550989 -5.751530 -3.452752
  6.816160 -8.190441  9.532664 -5.607921 -6.595463 -7.928473 -3.954066
  8.830268 -4.430569 -8.257222 -9.569920 -5.997754 -8.371930  6.335390
 -4.605840  8.844626 -1.517407 -1.282115 -5.116210  7.080157 -9.045030
 -8.251005  8.770115  2.626456 -4.209283 -3.311118  7.363943 -2.971413
 -4.115806 -8.451180 -5.556069  3.051391  7.479660  0.329723  7.412333
  4.696150  6.055473 -0.775075  9.330346  3.454495 -5.595634  3.883260
 -3.336478 -8.060311  4.903353  6.173026  9.505773 -0.118139  2.687930
  9.376718  9.940413  3.407454 -0.656080 -3.701357 -8.112716  6.526802
  3.063650  6.609505 -5.229451 -4.172271 -6.030902  9.547094  9.288551
 -6.986267  7.825375  2.278889 -3.843865 -8.834540  9.873765  9.995478
  5.188648  1.352206 -8.049867 -2.087207  1.826279  3.023737 -9.625801
 -6.422816  1.664158  9.766346 -8.211882 -6.601152 -4.772870  8.677193
  9.009256  5.834801 -2.022508  9.631765 -1.295901  7.724981 -0.566909
  8.694695  8.402992  3.549656  9.650129  2.898533  7.271041  5.904297
  4.674451  0.159915 -5.511069 -5.124381  6.441294  2.418407 -3.634743
 -5.991016 -8.188699 -1.144168  9.116210  2.128241 -3.059014 -5.340208
  9.790972 -5.048933 -9.086543  7.233327  1.139502  5.025457 -3.160832
  6.253999  1.540282  0.080970 -9.402487 -1.616859  4.760465 -5.087791
  0.656688 -2.326524  3.295725  2.269029  3.335369 -8.355061 -7.564375
 -9.588848  9.258832  8.612185  4.901510 -5.374150 -9.238840  8.765663
  9.677665 -3.551990  6.356169 -4.071672 -1.003636  0.791693 -8.559140
 -6.708576  3.935626 -4.943385  6.556408  0.840498  0.046424  7.657621
 -0.403492  2.550144 -8.932931  5.728422 -4.899650 -2.893066 -2.749198
 -5.106233 -9.770338 -0.589927 -4.689944 -9.820648 -2.913599  1.045726
 -8.991775 -2.618769 -2.658059  8.675872 -2.624086  4.767236 -6.123418
  6.941212 -8.968344  7.002998  7.442727 -9.911611 -9.722781 -9.930669
  8.163051  2.262811 -4.093150 -6.890117  8.228124 -1.496815  6.460082
 -2.567211 -3.424365 -6.167654  3.209733 -5.829024  1.501732 -7.828917
 -8.378077 -1.167717  4.705605  4.912247  7.174331 -8.979499 -1.848426
 -5.768217 -8.734828 -8.546396 -8.961619 -2.235645 -3.103028  6.142979
  3.810619  4.403839 -7.454838 -4.306053  1.175569 -6.585740  1.568571
  5.302002  6.828356  8.907948  3.368667 -8.199275  8.219143  4.288678
  3.396324  8.864631  2.310232 -5.160879  9.182938  5.374707 -5.981154
 -3.616489  5.865092 -8.680287  7.518136 -8.458555  3.409877 -2.760437
 -6.952618  1.022129 -6.126619  8.886873 -1.925123  5.499416 -0.806569
 -3.126870  7.823937 -7.570619  2.625241  2.209933 -6.615087 -4.870712
  4.450267  7.804534 -0.072747 -4.879818 -0.433510 -0.062788  1.741182
 -8.312878 -7.647828  3.484055 -8.768509 -3.991758 -2.208537 -0.067546
 -9.926025 -1.343083  1.200743 -5.468770 -8.985100 -1.647850 -3.270526
  1.199609 -6.042356 -9.046808 -8.809855 -0.672677  2.279406  4.342749
 -1.434156  7.768740  3.709420 -8.330929 -5.492987  5.503087 -0.908359
  8.758701  5.482881  6.750783 -9.797605 -2.382445  5.361312  2.499277
  7.748279 -8.336245  4.431802  5.401552  8.828966 -2.688045  4.266278
  8.721436  9.360973 -2.470205  4.834911  5.792607 -5.657642 -9.904613
 -5.160065 -0.545946 -9.762123 -2.088731 -5.035676  3.590215  2.256357
  4.203960 -2.064035  5.173167 -5.349970  5.759256  6.160754  7.160110
 -0.130531 -9.103281  4.291006  0.718661  9.840732  6.538094  1.504810
  7.680928  9.717289  6.592312  0.148796 -0.453847  8.466273  7.940614
 -6.866086 -9.743830  5.874884 -3.500726 -2.022315 -9.002029  3.053904
  2.804009  0.674303  4.735661  6.547444  1.753283 -2.227835 -2.811128
 -4.296764  5.598087 -5.906758 -8.959923  5.681503 -9.657943  6.478285
  9.924395 -2.187062 -0.867328 -9.951418  7.441866  6.005323 -7.101686
 -6.282388  2.098812 -3.492190  7.796342  4.318599 -9.313137 -5.985146
 -7.275178  5.005526  3.984055 -4.918810 -1.906853 -8.922128 -2.183227
 -7.983151  1.112199  6.432966 -4.924896 -0.098336  3.243499 -6.414887
  0.641579  0.920777  0.073408 -4.783994  5.155666  2.044254  2.844135
 -2.084555  7.910240  1.280516  0.148402  2.240668 -9.425820  6.533351
  0.762729 -4.505614 -3.715469 -3.478570 -0.528104 -7.691959  6.342663
 -9.430255  2.463071 -4.609037  9.298741 -6.158405 -1.620540  9.749101
  1.777164 -7.741026  8.649080  0.371312 -3.746331 -6.249826  3.125214
 -4.518688 -7.243345 -3.069215  0.200814 -9.544973  0.375290  6.251037
 -4.062416 -2.186311 -7.832653 -3.401822 -6.568261  5.620142  8.180372
  3.736289  2.267998 -5.455423  3.460987  9.558113 -6.695648 -0.704668
  6.283401  3.631132 -9.666292  9.661389 -4.996212 -6.467648  3.099995
 -7.077642 -1.926085  4.653990  7.851190 -5.687150  4.318311 -5.662352
  7.863850  0.605689  9.118582 -1.410039  8.893334  8.445627 -7.810572
  7.296285  6.739523 -3.069922 -6.948283  0.729773  1.191018 -4.619024
 -1.129497  7.190974 -9.219283  3.698522  8.434715 -6.132733  6.611973
 -2.877179  5.344177 -3.167341 -8.830405 -8.147941  4.094210  2.209583
 -6.186225 -9.485350 -3.589938  4.121170 -9.558631  4.063116  6.365602
  5.892987  4.134336  7.387962 -0.568230  9.249356 -9.343518 -7.614382
  8.711248 -6.904703  8.232387  4.034957 -2.034225  2.041941 -2.607982
  9.915088  4.637205 -2.200720 -3.960393 -4.641917  3.054338 -8.995475
 -8.453559  5.691643 -4.740770 -6.258615 -7.996006 -3.105255  7.900378
  1.818140 -1.955488  5.266685  6.556922  7.982709 -1.232125  0.232942
 -4.771637 -5.598610  6.268760  3.592347  0.959616  0.871149  1.881467
  2.408752  7.364303  0.059878  4.307092 -1.241051 -8.466956  7.408856
 -0.092121  6.660667 -8.873964  0.221081  0.876195 -8.314997 -5.959786
 -4.226052  8.388817  1.891927 -0.858838 -9.189594 -8.384304  6.738407
 -0.685545 -4.705486  2.689439 -5.653414 -1.611423  7.414680  5.205432
 -8.924084  7.947759 -8.041654  0.126545 -0.466864  7.295763  7.564593
 -9.440351 -7.393227  9.400000  2.559278  9.906310 -1.800893  6.443836
 -9.141843  1.430313 -3.729606  6.800251  3.756292 -1.674029 -1.098016
  8.455159  1.241800  7.312674 -9.097313 -8.295605 -7.053418 -8.982777
  2.298353 -6.837978 -8.143391  6.298865  9.006635 -1.913366  4.645066
  5.915255 -4.797020 -1.912903 -0.748035  6.899191 -5.322005  4.176688
 -3.697861 -7.274209  8.163073 -1.144521 -9.126703 -9.550593 -9.969999
  2.762828  4.573718  9.242146 -9.521615  4.634098 -6.604835 -7.878605
  7.797461  7.037805 -7.095541 -4.643041  7.427756 -2.664013  2.677398
  9.786974  6.442776 -7.752087 -5.107638  6.340894 -1.057414  3.814274
 -0.485583  4.767209 -8.319094  5.051916 -4.833684  2.892918  6.456114
  3.720458 -3.504255 -7.020324 -9.135141  0.580784  7.560599 -1.889928
 -8.868330 -6.764382  0.414784 -1.911545  2.370660 -1.572847  8.714535
 -4.574030 -3.171355  6.657645  1.448754  1.073415 -6.699376  6.896437
 -1.209915 -4.204765 -1.753057  2.714067  8.736777  6.978461  4.499545
 -0.469524  6.164452  3.896943 -0.393143 -6.560617 -0.229865 -0.855105
 -4.603699 -8.605381 -0.095733  9.533951  0.950668  6.633568  6.482108
  6.508132  6.849180  1.255480  1.260082  7.104440 -7.796151  8.646803
 -6.020575  7.436289  3.721297 -8.741656  1.868270  9.254937  7.585724
 -1.749051  4.597662  3.019821  4.671420 -3.614875 -6.182094  8.221471
  9.630973  2.359442  4.072059  7.432907 -6.421608  2.868469 -7.800827
  7.601196  7.531808 -3.502855  9.189840  2.541113 -7.722556  4.398257
  8.922000 -6.157218 -0.215987  1.474942 -2.704350  3.221041  1.860324
 -8.194440 -7.633695  2.184759 -6.456396  3.310822  8.699061  8.632594
  9.145464  6.441442 -6.334059 -2.070159  2.085686  2.080460 -1.680506
  2.401477 -6.419998 -9.281637 -3.096046 -3.572728  4.042768 -0.025353
 -2.935822  4.877414  1.757549 -8.754442 -3.259154 -8.704684 -3.204038
  9.764746  1.713228 -0.710470 -8.473953 -6.244816  5.939548 -1.768386
 -8.147627 -6.459674  3.320588  1.195337  0.275318  0.218566  0.553780
 -3.678239 -7.724040  0.266841 -0.965015  4.059053  0.507241  3.674671
  2.148621  1.939641 -5.280985  6.304084 -1.355564 -8.201216  2.996723
  4.944712 -8.655992  2.952137  9.296434 -8.455216  0.199066 -6.396731
 -1.765880  4.407138  9.042743  5.359518  4.639082  6.913336  2.187960
  0.657845 -2.142908  3.883558 -5.941151 -8.786303 -7.353883  0.194861
  8.721325  0.663172 -0.891401  1.342542 -2.291321  6.572555 -2.924426
 -7.628215 -2.291885  0.301910 -8.833173  0.849484  2.387084 -1.707326
 -2.267678  3.254467  0.393573 -6.426952 -7.915785 -3.978392 -1.138089
 -3.230224  8.555090  6.462534 -1.645688  6.934995  4.908162  2.645092
 -6.170186 -3.322777 -8.921020 -8.414494 -8.902706 -1.848652  8.652886
  2.650303  8.676026 -4.108768  3.496510 -2.464883  1.924459  6.480972
  5.865164  6.120873  7.175286  8.691460 -9.103946  3.576401  9.320541
  2.957945  6.563811  0.925832  2.429902  1.866256 -4.571301  4.916335
 -4.076335  2.306098 -5.302280 -7.846648 -9.601341  7.680917 -9.368638
  3.232768 -1.370201  1.326949 -3.682570  8.052766 -9.517044  2.071841
  0.199780 -8.136167  8.620235  1.813855 -0.279902 -3.935117 -8.465626
 -4.254391  2.305869  5.509711  6.579446  9.612409 -2.176132 -6.922680
  5.615343  3.316642  7.252517  2.657769  4.642817 -4.686639  0.190314
  2.253100  8.214568 -5.874852  8.925747  6.995089 -0.832465 -1.515206
  7.275925 -0.060106  8.838738 -3.885383 -4.499257 -2.490451  6.021447
 -0.559176 -1.306033  2.342110  6.293885  5.027409 -2.594173  0.821863
 -0.256551  8.307084 -8.568318  0.607053  6.798987 -2.403593  5.929810
 -4.521885  9.247889  1.380301 -3.067818  8.634240 -1.624904  9.154019
 -5.798941 -9.625381 -8.882134  8.142339 -6.321554 -5.932878  6.008612
 -1.663459 -5.886439 -7.654397  8.271932 -1.276849  5.775520  6.083722
 -7.828555 -6.751218 -3.872263  3.078091 -3.042399  4.054349 -8.027816
  9.401660  0.777562  7.240769  1.639682 -9.073748  1.961452  0.412111
 -3.309179 -8.891821  5.652369 -9.359042  5.166548  8.300239  1.269255
  1.904685  1.821627  0.238735  9.202911 -5.507214  1.110389  0.202595
 -5.436896 -3.843903 -5.916191  6.655406  2.564488 -9.438559  9.606280
 -9.121716 -6.965706 -9.054203  5.258592 -3.688421 -7.389830  2.922052
  1.351431 -4.122203 -7.964038  2.751911 -6.219540  3.950997  8.891052
 -1.925231 -2.234085  3.645714  6.512792  1.271286  4.277904  4.847730
 -2.427864 -5.035987  9.448719  0.106229  9.485136  4.455813 -7.716039
  0.337089 -8.717649  1.232026 -8.509321 -1.781883 -7.635043  3.239189
  8.850434  5.412067  9.268104  1.078757  9.031782  2.383415  8.652322
 -6.961296 -7.955199 -6.870575 -7.012525 -0.163476 -4.276101  0.515800
  6.490300 -1.490993 -2.216904  5.282680  5.161645  8.549732 -2.903472
 -9.221040  6.022290  2.773619  6.125865 -4.681811  9.891338  2.495620
  3.762532  2.809355 -2.558775  1.047608  4.819179  5.329168  3.055477
  6.708342 -0.173696  0.560583  4.401130  9.454680  4.303904  2.168887
 -5.015599 -3.470901 -5.464206  9.897724  7.901317 -2.433895 -7.451509
  2.196647  7.775362 -5.323471  4.405897 -8.947788  4.685561 -7.874513
 -5.774427 -9.794324 -4.204364 -8.981244  0.209099 -8.646339  5.828984
 -1.422651 -4.802098  2.472162 -5.508711 -3.156817 -9.351603  4.435402
 -4.335894  0.494567 -0.229464  5.389909  5.672495 -6.909235  8.802314
  3.157928  7.896969  7.640804 -3.718965 -7.244895 -2.305240  8.695463
 -8.746006  5.653135  3.353917 -3.381387 -8.355766 -5.104161 -0.742712
 -7.575135  6.705907  6.693480 -3.458625  2.565661 -9.726982 -1.175004
  9.801422 -4.356799 -9.431515  5.436413  5.108869 -6.764076 -4.027206
 -3.607125 -8.943316 -5.693034  9.363784 -0.423332 -1.702713  6.500306
 -7.017686  0.768879 -2.082035  3.871490  3.933072  7.923209  5.743440
 -4.873223 -6.189544  3.546662 -2.417218  7.374448  9.389377  2.457470
  4.807077 -9.233428  5.327690 -6.724274 -0.669637  3.595972  4.009476
  8.279507 -4.380364  2.956125  2.915417 -0.082327  7.515889  8.771481
  5.260061 -8.233182  3.936582  9.789653 -2.599469 -6.242935  9.568364
 -7.294391  4.441550  1.511719  7.925967 -0.025840 -7.074860 -3.380861
 -4.409709 -3.302466 -6.427773 -3.766794  5.818295 -9.746548  0.771988
 -5.349986 -6.153751  3.270515 -4.224282  3.562652  5.543147 -6.028336
 -1.823086  2.892714  8.574240  6.542425  1.100087  2.598638  1.209835
 -7.115813  2.841552 -6.715655  2.335264 -4.559027  2.529342  1.366473
 -2.918762  5.027458 -3.211358 -4.319709  1.170839 -1.214398  6.784653
  8.536989 -0.615829  6.378689  2.636804 -3.009968  1.513208 -4.740552
 -0.823677  0.449952 -6.446223  4.300972  3.631225 -3.511921  8.022610
 -1.459186  8.979309 -6.758450  5.834281  9.818908 -5.537910  9.269145
 -4.368025 -7.844940 -3.268806  3.826747  3.480587 -9.662611 -9.103491
  3.685177 -9.724043  0.015286 -0.004166 -7.539780 -1.233569  5.331728
  5.106661  7.418673 -1.580296 -6.750986  9.590847  5.096331 -8.724461
  8.819542  8.725192  2.131652 -6.391292 -1.956635  5.408565  3.909675
 -0.013845 -8.271599  5.122988 -5.673369  4.127435  3.842641 -5.651002
 -7.389836  2.520020 -9.192172  3.221669 -2.165826  0.743627 -6.232294
  3.191760 -2.427042 -1.688862  8.939726  8.085695 -9.010374  7.419070
 -7.772412 -6.819469  7.528888  0.215747  6.725369  1.878961 -5.114792
 -7.376002 -2.848841  5.515333  3.177959  4.487046 -2.114338  0.069048
 -0.958052  4.295197 -6.021467 -8.646665  5.937862  9.597381  5.070482
 -4.455903 -8.444749 -5.774173 -8.267065 -7.831127 -3.212731  6.358365
  2.940224 -3.933698 -7.070459  6.051874  8.630095  8.479133 -8.725973
  6.887104 -8.634804 -7.751088  4.814770 -6.451253  2.232756  7.765139
 -4.730253  4.518031  2.454912 -3.194860  1.308023  2.997238  3.526058
  7.704685 -4.732867  4.035296 -9.964333 -8.632235  0.905906 -1.683018
 -4.483830  7.129905 -4.501166  2.802248 -9.219137 -0.308070 -2.938660
  6.208598  9.358984  2.298714  2.453086 -7.280023 -1.002669  8.551426
  4.424066 -8.241210  8.535492  3.291645 -2.013230 -7.622557  6.541252
 -8.081031 -5.111335  8.392472 -8.342204  6.000217 -7.234617  0.725652
 -3.978834  7.117027  1.479098  7.571483 -3.629574  4.324632 -0.047574
 -0.328755  1.684485 -5.284454 -4.177854 -7.534930  1.283571  1.089397
 -5.945127 -4.920915  4.090682  1.381007 -5.699855 -2.237073 -3.168022
 -6.895756 -7.537132 -6.333620 -2.720039 -0.372873  2.979223  3.179009
 -3.773449  4.131920  9.276955  3.396067  9.113498 -8.778006 -6.705393
  5.804655  4.294304 -0.202789  0.337705  1.495043 -5.313217  5.146818
 -9.646454 -5.535844 -1.605656  3.605273 -9.096234  2.027680 -9.911000
 -1.802184  9.786461  4.449162 -7.467292 -9.037232  1.924997 -0.936626
  9.233679 -5.445772  8.536907  6.891440 -1.302329 -6.707670  9.563370
 -2.558665 -0.093602  0.326874  3.151532  4.434484 -1.483343  1.162019
  1.493002  3.490700 -9.999665 -3.993020 -2.507784 -3.153858 -6.180904
 -8.270638  8.455898 -7.298358 -9.495018  6.082260  3.019887 -6.346435
 -2.534895 -4.525008  8.692710 -0.427758  2.523595 -1.468351 -3.938722
 -2.172262 -0.141922  2.030627  1.267773  7.690405 -8.252456 -2.400495
 -9.105321 -0.969643 -6.289731  5.416750  7.104603  6.387265 -7.071779
  9.185938  5.452888  6.287408  6.858703  8.925024 -3.234335  6.693066
 -3.460374 -7.732267  3.064010 -1.257244  1.165736  0.609042 -1.549253
  3.771663 -3.054370 -3.686537 -0.690954  9.483347  3.588477 -2.473249
  9.922242  0.955198 -6.275528  3.348330  1.894244 -5.380423 -3.308243
 -0.513203  2.943633  5.714089 -0.962813 -2.472807  5.921549 -8.368879
  2.936489 -9.425707 -5.753303 -1.385352  1.316114 -2.425383 -1.891638
 -4.078282  2.012417  8.883100 -8.281508  8.751652 -6.547774  3.437336
  4.186551 -3.765845  1.948265 -9.820143  4.452949  4.784399  8.934710
 -5.446042 -1.085113  9.216204  1.670119  4.998909  3.364589 -8.951930
  1.650064 -7.809367  3.526133  8.822787 -6.451754  0.372675  0.810177
 -4.363615  0.538991  6.279648 -9.816373 -2.461678  3.584522 -3.681810
 -3.906934 -5.399989 -0.488818 -8.303764 -2.786138  4.095130  6.657890
 -0.873290  1.113002 -1.832073 -2.101430  4.125995  1.172919  9.318696
 -0.763881  9.478857  9.850280 -0.078480  4.596783  3.682935 -1.028893
  5.259190 -4.382466  2.091440  1.878377  5.477986 -5.918948  4.808616
  3.624539  5.301587  8.671040 -9.433215  9.451668 -1.681080  6.871366
  3.503250  5.744302  9.981208  8.580427  6.380026  5.622173  1.831893
 -4.263848  0.304937  2.387691 -6.780860 -9.597221  4.353073  8.021445
 -9.812305 -8.065403 -0.282879  7.156914 -9.952100  0.820147 -6.000771
  0.031801 -0.491190 -8.724159 -9.861217  6.774068  1.242205 -5.278777
  8.946984  0.166865  7.128960 -0.425887  0.613330 -7.105960 -3.405889
 -1.071114  8.020186 -7.292826  9.573675  2.277455  1.191191 -7.947216
 -8.805396  0.913938 -8.229897 -4.377272 -8.441888  2.271534  0.041439
 -1.822096 -2.484534  6.215346  7.667412  5.654260 -7.682587 -9.116528
 -1.740413 -9.367700 -2.793361 -3.962107  9.872140  8.581196 -5.717348
 -1.668995 -4.484585 -7.534653  2.968600 -7.913573  9.399218  0.397917
 -9.247554 -9.089410 -0.325074 -0.645050  1.517693 -5.011161 -1.196353
  8.120853 -2.560382 -4.149582  6.733786 -2.151162 -4.808592  5.348716
 -8.979806 -4.257965  0.309797 -3.907152 -0.459590  7.578866 -3.351744
  1.441906  3.003992 -2.839966 -9.868050  7.931081  5.036770 -8.880662
  2.931501  4.531944 -3.296833  1.820356  5.383469  9.109320 -2.218452
 -6.393371  2.789801  0.201672 -6.097088  5.904566  3.253192 -6.857427
  8.552766 -0.732602  4.470536 -4.997982  1.217541  7.095223 -9.007173
 -0.254916 -5.814724 -8.237399  5.772446 -1.412298  1.783007  7.257070
  9.794675 -3.802255 -6.431551  8.702924  9.335223  1.603388 -1.966673
  4.632365 -3.113128 -7.302420  8.481164 -7.145784  6.180664 -2.798869
  3.584412 -1.989429  7.031459 -8.138227  4.049074 -2.637174  6.794424
  4.554030 -3.636770 -7.464276 -6.538986  6.433428  2.330180  7.479581
 -4.331523  1.640249 -0.917611  7.227481 -7.235031 -1.925906  0.799536
  0.250898 -4.193658  3.619007 -7.345962 -8.034689 -5.360187  8.485826
  8.397508  5.512200 -0.992511  3.349032  2.411047 -0.195638 -5.963872
  6.598707 -1.817783  5.042358 -8.763939  2.502381  3.569587  3.250818
  4.252939  3.529047 -9.825334 -6.170115  9.517857  5.931151  3.558478
 -7.824035 -0.979208 -1.307904  0.928129  2.922386  6.509646 -2.862805
  1.055081  5.068488 -7.826004 -1.612581  7.594169  7.437085  8.551938
 -3.695682  8.682106  0.573063  0.130748 -4.131330 -2.975838  3.893818
  3.409147 -7.440102  0.804979  7.388504  9.325858 -5.876523  5.674955
 -9.701768 -3.855576 -0.449907 -6.704270  2.780666 -1.900761  2.147586
 -7.987968  1.905757 -5.558971  4.519437  8.376462 -1.649587  2.751323
 -5.437716 -0.500114 -3.051644 -2.936096  3.140890 -4.812064  0.983842
  0.466102  8.949886 -4.981831 -3.841157 -8.826023  5.118371 -8.929653
  0.843574  7.212614 -0.959479 -9.764389 -7.696279  4.938717  0.757712
  6.440006  3.050149 -0.802632  5.015071  6.740688  1.007362 -0.048309
 -8.534915 -7.783977 -7.111118  8.980597 -1.629400 -4.365302 -2.658389
  6.061231  1.598526  9.614731 -9.304423 -4.217293  7.935933  0.759874
 -4.838186 -9.318592  8.300001  2.540876  4.190999 -5.126303  5.973052
  3.623444 -7.255896 -9.828206 -1.822345 -0.747964  1.355888 -6.049046
 -9.193617  3.808869  4.164642 -3.930633  9.153017  1.917704 -5.872725
 -1.163808 -1.664011 -0.621448 -5.089178  4.888134  9.517003  6.881385
  4.903203 -1.220075 -8.425727 -9.596027 -0.517334  7.668956  9.488196
 -4.833390  1.063915 -9.512163 -3.870814  0.162241  3.401650 -1.842100
  6.805126  0.259469  7.502928 -4.598524  2.815593 -1.871901  1.755391
  9.161544  2.852023 -7.967933 -7.756671 -7.063904 -9.241682 -3.111516
 -6.077959  0.435599 -2.555944  1.052845 -5.642264 -6.836973 -8.410639
  1.967751  8.266672 -8.352140 -0.826111  6.763470  3.983272  6.122286
  8.813278  0.148838  7.481967 -5.976131 -7.848588 -4.182356 -7.974315
 -7.600836  8.703540 -8.750771  4.813040 -6.598102 -9.298898 -7.827463
 -7.159537  6.103349  4.344764 -8.261294  2.418496 -4.006430  1.367774
 -7.350082 -2.868106 -0.019032  6.441613  9.588283  3.753875 -1.972388
  0.180274  9.318124 -8.289206  8.731472 -6.684732 -6.074972  4.033631
  5.094175 -1.533815  8.437159 -8.510845  1.540677 -8.624162 -9.485074
  4.645237  2.629586 -2.855423  0.978897 -7.518362 -2.850449 -2.119126
 -8.335998  3.981871 -7.548390  6.244575 -0.153010 -3.852339 -9.384035
 -6.180346  0.034668 -3.138939  7.546223  6.732557  0.715144  5.558330
  7.571354 -6.889825  0.598959 -6.043092  3.904351  9.607429  4.427694
 -9.522609 -9.545535 -7.930851 -6.565954 -9.002712  5.056218 -9.955261
  7.229029  4.283172 -2.343988 -1.277041 -6.578306 -7.484530  4.547759
  1.952025  2.589425  5.360601 -9.709155 -7.717675  0.189753  8.440327
  6.586544 -2.332819 -6.290885  2.108847 -9.963268 -4.322007  4.333451
  4.341971  7.897798  5.002626 -1.104416 -7.876988  8.225858  7.868658
 -7.051591 -1.123932  8.448371 -2.388328  9.746108 -1.312984 -2.912659
 -4.384876 -2.381975 -1.111562 -2.980290  3.602814 -8.249758  9.241027
  5.820360 -4.416480 -9.001448 -6.745727 -7.110786  9.422679  3.813843
 -1.411437 -1.645728  9.555805  4.046635  4.543118  0.023682 -6.738982
 -0.335744  7.436516 -4.644878 -8.087890  8.651351  3.188019  9.093608
  2.127077 -3.800645  7.397652  9.229377 -3.437455  8.105929 -2.272283
  2.152956  7.029703 -3.360075 -6.984782 -7.677027  7.652096  1.077126
  9.411102 -7.875917  2.224006  6.570131 -6.125804 -9.383220  5.212595
 -4.391009 -7.476030  5.724668 -7.246836  5.881072 -4.362232  2.398448
 -2.152551  6.048956  3.122709 -9.665988  4.682476  6.282975  2.137299
  6.980976 -1.786809  6.882848  0.081800  1.651316  1.306505 -3.758837
 -5.784787 -5.459601 -2.832496  7.842693 -1.927332  7.986843  0.581713
  0.463227  2.096950 -5.890092 -7.846718  9.393751 -7.579240  2.313187
 -1.650967  0.924352 -2.482777 -9.367317 -0.541804  4.841455 -2.885694
  9.943606 -8.129867  7.489531 -0.112553  9.733650 -0.519312 -5.879783
 -0.695951 -6.358850 -9.606275 -4.253711  7.186985  1.215919 -9.119706
  0.627230  9.898050  7.868028 -5.999138  4.395291  3.628917  6.156860
 -3.978599  1.585540  2.526292 -3.648441  2.973704 -9.888453  7.843716
  7.064955 -4.420205  3.326948  1.145562  1.839352 -1.109100 -3.939178
 -9.086955  3.228507  1.267022  6.590620  2.838690  8.618876  7.401540
 -0.839024  2.525285  0.356488 -4.647901 -8.400180  9.598897 -6.811994
 -3.081715 -0.906357  0.291102  5.396944 -0.625573  0.365399  5.297536
 -7.804933  2.854275  6.832249  5.698289  9.068372 -5.319053 -6.695989
 -7.150779  7.742326 -2.799903 -5.953865 -7.185954 -1.126745  1.330511
  8.425928  1.087885 -9.584937  9.743022  6.913487  7.500005  4.000208
  3.404464  1.950908  7.309299 -5.194046 -1.608891 -6.636055  6.705877
  7.465891 -9.854119  8.868391 -7.490343  2.647762 -0.339124  5.224424
  3.381756  1.318530 -5.520673 -8.174616 -3.243633 -3.659553  6.618569
 -0.367386 -9.330487 -1.105686  8.539479  3.578218 -9.234275 -0.209091
 -1.836048  5.612102  2.490187 -4.495762  4.289365  1.670490 -3.282337
 -8.232887 -5.716691 -6.377846  3.157373  2.252748  9.702651  8.858155
 -4.865228 -6.512644 -2.557704  8.901951  5.814198 -4.773432  3.489918
 -5.501500  2.678303 -7.470729  3.657845 -3.364059 -4.333252  3.260029
 -0.693131  3.899084 -7.522366 -7.870299 -6.946279  7.425917 -9.505193
  6.956998 -0.332535  8.427641 -2.126422 -6.424267  6.180696 -2.210546
  5.742391  3.842558  4.338847 -1.247397 -6.862867  1.097164  6.401944
  6.263799  3.987452  9.656044  2.823457 -6.919685  1.466691 -0.090027
  8.089235 -4.591412  9.772151 -1.827021 -6.926563 -4.039606 -0.312738
 -8.659431 -1.795828  1.457093 -0.909230  2.298306 -0.249594 -5.193206
  4.042350 -5.789535  2.318115  7.183043  7.212900  0.988342  1.733297
 -7.680009 -9.041553 -5.464108 -9.266557  5.490397 -0.470278 -1.139309
  2.796014 -0.825861  1.918181 -4.139104 -9.609782  0.990989 -8.031404
 -7.058769  5.076992 -6.228930  2.065980 -2.924074  0.218594 -2.620673
 -0.575350 -1.344639  7.757006 -3.170228  2.595560 -9.667026  2.345289
  5.294770  4.030664  8.710465  5.133651 -5.584077  2.566023  0.665758
 -3.233096  9.008940 -5.002656  9.471525  4.332470  9.601891  1.798548
  1.793603  7.270719  3.556544  5.411444 -1.028197 -6.300815  4.312988
 -3.878921  7.194544  8.505813  8.236516  7.917064  0.591279 -2.484718
 -9.143007  8.570802 -6.002690  3.809813 -7.611089  9.023550 -5.559669
 -6.330444 -7.036554 -4.937188 -9.304452 -5.788500  2.076572  5.446637
  3.666471 -2.810353  0.605766  4.080716  8.062152 -7.879881  6.489041
 -9.188213  4.078487  0.234447  1.752570 -4.590340  3.489339  6.189330
  6.500869  5.456104 -5.191667 -1.416704 -2.382615 -2.197828  0.186892
 -5.958784 -3.268634 -8.565636 -7.725178 -7.397388  6.195539  7.885386
 -6.842516  6.166745  9.695618 -9.094989 -7.438198 -6.019695 -6.984778
 -8.550851 -1.660658 -3.724695  8.990877 -8.022432 -2.447088  0.857230
 -6.909632 -3.807016 -1.275536  7.365885 -9.193625  0.315570  7.321541
 -0.817879  8.997850 -6.731911 -8.185328  3.213429  2.803245  9.508107
 -2.274973  9.878778 -6.039212  2.510791 -5.528708 -2.254581  6.629712
 -0.578135  8.719051 -6.116059 -3.075731  4.183487 -2.823216 -3.137602
  6.885042 -1.865415  8.631836 -4.834154 -6.741829  7.609896  2.614601
 -2.064664  0.421111  0.201983 -0.060680 -1.983193 -8.140451 -3.231305
  6.447077 -9.918139 -3.286534 -7.109337  1.178598  0.420078 -9.494922
 -4.957064  1.922037  2.064600 -6.028966 -2.662544  5.884038 -2.993176
 -4.335903 -3.681385  2.532066 -2.426742 -5.378890 -8.358773 -9.249828
 -7.992028  8.210623 -9.073901  4.652249 -9.748920 -0.866237 -7.144677
  1.734647  0.690640  5.700751  1.793878 -9.178185 -7.174937  0.794552
 -7.861588 -8.759041  5.567075 -0.768057 -6.569150 -2.574033  8.436157
  4.251436 -5.708463 -1.784921 -2.457896  1.995137 -7.536416 -7.985613
 -5.258213  5.730907 -2.156219  4.578127 -5.532467 -0.723599 -3.033798
 -2.249831  8.865780 -8.934021  5.011393  8.707995  2.197435 -5.268876
  5.119379  0.450264 -8.187324 -1.763385 -9.858245  0.087383 -6.959882
  5.821471 -2.122971  5.820090  5.858366 -1.968478  8.161681  3.136365
 -4.753900 -1.629803 -2.706443  3.798316 -1.968162  1.846454  7.141773
 -9.161380  6.470558 -0.944559 -6.754674  7.113995 -6.940588 -3.220946
  4.082401 -3.731660 -6.101526 -4.442770  1.703808 -6.206659  6.837189
  1.151430 -1.149517  1.516634  1.210308 -9.303924  0.119949 -7.573248
  4.300001 -0.055663  3.850214  2.800461  7.340039 -0.912257  7.604582
 -9.176500  6.397098  8.530675  7.756742  7.584970 -2.441395 -7.141941
 -5.639044 -5.406797 -1.479034 -1.768606  2.619033  8.554336 -4.314693
  1.409611 -0.307061  3.489289  3.783692 -8.958636 -9.007412  5.211697
  3.562008 -3.508451 -3.559702 -2.409613 -3.695766  2.725240 -5.037551
  0.415763  9.429224 -8.003927  6.439766  4.345700 -9.402156  2.821732
 -0.711494  3.947992  2.543404 -9.673343 -2.397495 -5.240958 -1.597639
 -7.879020  3.432552  9.114579 -6.547751 -9.453244  3.683719 -8.426645
 -8.009677 -2.274888 -9.639252  0.053609 -2.181142  0.131473 -8.825380
 -6.746531 -3.464662 -4.402981  9.895409  4.416452 -1.407463  0.564919
 -7.186511  6.198729 -3.719608 -2.599867  1.148673  7.455415 -4.677239
 -5.055265 -9.149459  3.792669  7.149023 -4.887462 -8.051114  5.138094
 -2.870681  4.602738 -0.347525 -9.622009 -9.961978 -8.766517 -2.722816
 -2.856578 -9.355248 -6.835124 -1.865961  8.652544 -5.755163 -9.012139
  8.608613  4.760827 -0.204924 -8.175147 -5.696956 -7.108544 -9.920741
  1.600925  9.971248 -0.228965 -4.142345  0.504419  3.878674  6.158595
 -9.038360  4.429612  7.809886 -2.743786 -3.381222 -2.040088  7.453822
 -8.981584 -3.247518  7.913110  3.313045  0.570075 -2.299698  9.475675
 -7.785918 -0.256785  5.591162  2.092380  7.588736 -4.852404 -2.211694
 -5.365627 -4.881532  1.484269 -5.685635 -6.774329 -8.917621  7.685032
