1 0 0 0 0 0 1
-9.41720448177 3.02560106221 8.00663421002 0 0 0 1
5.4304450475 -1.22360167446 -0.127258524516 0 0 0 1
-1.39493208537 9.69131686968 -1.64439313323 0 0 0 1
-6.07171035265 -9.34575645343 2.44563149993 0 0 0 1
-8.37802468602 -7.05599501793 8.17957565184 0 0 0 1
8.84255252166 -7.34623733631 4.57692174551 0 0 0 1
-7.86394266686 1.66886183476 -1.00819960281 0 0 0 1
1.94273671309 -5.28896977689 -4.42137898071 0 0 0 1
-9.0855126384 5.20222559017 -3.59363621446 0 0 0 1
-2.66454400278 -2.63589377683 -1.29084442043 0 0 0 1
2.80796732063 8.61179479691 -2.26952907358 0 0 0 1
-6.81341500468 -2.76746948932 9.49459120795 0 0 0 1
1.17631808131 -5.09467942929 -3.15474342965 0 0 0 1
-7.99683644796 -1.94452148164 -3.5109560566 0 0 0 1
4.02294273738 1.26108435179 -6.71771815669 0 0 0 1
2.89767172119 3.69073627026 -3.58377576076 0 0 0 1
0.363069176197 -2.72310769843 -6.37302548947 0 0 0 1
0.696049207182 4.57574415546 8.31715490009 0 0 0 1
-7.45969561476 4.67633835988 -5.54182343845 0 0 0 1
-2.05232098977 -4.59650128722 3.05383234912 0 0 0 1
-7.96824167055 9.56656854066 -3.94230158485 0 0 0 1
-3.87337098329 0.953431577036 8.83439396449 0 0 0 1
-8.11573031618 -2.98308433532 5.0630047996 0 0 0 1
8.97818615635 5.79165510108 -2.42360611321 0 0 0 1
4.45242578242 2.70546415807 6.27999931747 0 0 0 1
4.40816959922 -6.08689018752 -5.35529785511 0 0 0 1
-0.304627969674 -3.08663838895 -5.13489716867 0 0 0 1
-9.33664871991 7.28654699344 -3.46815399473 0 0 0 1
-6.86279580287 -3.61205595609 3.98848294865 0 0 0 1
-7.21776574556 -5.32924832713 2.72377505346 0 0 0 1
9.15123781277 1.48432531977 1.87025871974 0 0 0 1
-8.68998892377 1.36035495524 2.96878459019 0 0 0 1
-7.70060280627 -3.32437866766 9.10504542421 0 0 0 1
-8.05351911837 -4.4785933946 2.63831169652 0 0 0 1
-7.64079527595 0.396521347925 -5.13920819764 0 0 0 1
2.13177289247 9.1710057897 2.30955609586 0 0 0 1
9.37027141971 8.00797572255 -1.22633164587 0 0 0 1
-1.99458862864 -1.62329125462 -5.94349941724 0 0 0 1
8.71920588166 1.91993290764 -7.90717422004 0 0 0 1
-4.73708043646 -7.530696915 -8.53175242559 0 0 0 1
-5.95099277925 7.11095638871 -2.0083073152 0 0 0 1
5.69159990789 1.57068849802 5.74911390352 0 0 0 1
-0.903480070089 7.22821864903 -0.54466106099 0 0 0 1
-6.50577289905 -0.960392428886 -9.06210440923 0 0 0 1
-8.09535146716 3.15368653682 -6.66309008634 0 0 0 1
0.527953977808 3.17255137706 -9.36912446504 0 0 0 1
4.21179087873 8.80687598292 -1.08609208118 0 0 0 1
-7.94259121163 -6.16835542519 9.40118610501 0 0 0 1
9.25095076856 0.825198091223 9.60942170808 0 0 0 1
-5.95585910834 5.67679634613 -7.41708585552 0 0 0 1
-9.21392946463 -8.07897258994 -4.42596247136 0 0 0 1
6.52292217273 -6.40769590288 3.66115598992 0 0 0 1
3.81443753663 -6.62953965249 -0.278106103666 0 0 0 1
-9.42746756912 -8.44084086163 -2.27229585378 0 0 0 1
-6.39210503037 -7.34263800071 -4.28764177088 0 0 0 1
0.647581296517 -2.84000513549 2.89468908895 0 0 0 1
-6.37295633156 8.25599250854 6.68179008746 0 0 0 1
-2.56075962526 5.08854217765 7.3911715916 0 0 0 1
3.19112366301 -6.04370813323 -9.59064656488 0 0 0 1
5.58520801799 -3.05860392306 2.03075248398 0 0 0 1
-8.3350405803 9.6133465496 2.44275653585 0 0 0 1
2.32233922066 -5.37600535933 -6.16047954871 0 0 0 1
7.01319079414 6.90525141495 8.69537345653 0 0 0 1
3.4455841794 9.37605105429 -5.10601889683 0 0 0 1
-4.75179111488 -8.70130882009 -5.20256565891 0 0 0 1
-4.59729812747 -5.21435962135 3.13548851731 0 0 0 1
5.88928344042 2.26907073776 2.45514314694 0 0 0 1
-9.90925288487 5.3666845718 2.53770620218 0 0 0 1
0.601620587132 7.68734608991 -9.96647546894 0 0 0 1
-8.20920355025 -3.43953694817 -5.04581006708 0 0 0 1
5.78191224345 1.20758665043 5.42224751801 0 0 0 1
3.37019785393 -1.61073661274 -8.30495626172 0 0 0 1
-9.44122609022 7.07076542396 0.0769365663373 0 0 0 1
3.07876894917 -6.27775250624 6.12850347521 0 0 0 1
3.19972715503 -4.2843368289 3.03153676131 0 0 0 1
4.99543579672 0.315020124543 -6.6537240239 0 0 0 1
-9.90329932806 4.34514570798 -4.69833354133 0 0 0 1
-3.94067026765 7.40553044548 -1.61585186669 0 0 0 1
-3.2677456188 -1.93577338704 -3.41136668595 0 0 0 1
6.62567739888 4.43248752299 2.31729825879 0 0 0 1
-8.92331180355 7.74887541971 -6.8835591167 0 0 0 1
3.7307445212 3.83940080047 0.63487819902 0 0 0 1
-8.64588605637 -3.95475890254 -1.44591854499 0 0 0 1
4.34715940754 -3.47917362612 1.98511221118 0 0 0 1
4.63309646701 6.03600554526 7.92384073356 0 0 0 1
8.63785290592 2.10968340048 -2.7067254879 0 0 0 1
6.32704712461 -9.02829145696 5.51824857307 0 0 0 1
6.65836632266 -4.78380721095 8.55255475381 0 0 0 1
-4.32075008716 0.778831095225 -5.74573591607 0 0 0 1
-6.43598937483 -9.32178625739 5.29241472372 0 0 0 1
6.08589560481 -3.60296964994 8.92607500865 0 0 0 1
-0.85147799016 2.51296805744 -3.5099294633 0 0 0 1
-9.57081067896 4.71867375672 8.13337879465 0 0 0 1
-9.46816525881 2.88055936452 -6.06011195048 0 0 0 1
3.57057590019 -0.488135216996 6.42330382048 0 0 0 1
-8.67825018592 0.885590430012 4.79127466092 0 0 0 1
-7.66818372217 -1.67686334768 6.62020932542 0 0 0 1
-5.08884878607 -3.65135770105 3.78726528726 0 0 0 1
-5.41310962439 5.52761777548 -0.622845316742 0 0 0 1
4.64881732936 -2.00051756035 8.94071744544 0 0 0 1
4.00069703569 0.0427854822588 8.94842409318 0 0 0 1
9.50389767604 -9.6623444014 -8.54114591616 0 0 0 1
0.920962181773 -8.15881783377 -7.52986591137 0 0 0 1
-3.8449282119 7.13201685799 9.42087719607 0 0 0 1
0.0644066070705 5.21625264825 -8.7100631896 0 0 0 1
-9.08202563134 -6.76540823552 -7.92963488258 0 0 0 1
-9.72029241581 -4.77273507291 -9.21286019706 0 0 0 1
-2.43601543152 -4.29783318146 -1.71034252905 0 0 0 1
7.80974933053 -3.58830833112 -7.81050832871 0 0 0 1
2.24294950992 -0.458000221273 0.356508098245 0 0 0 1
-9.92520607817 1.6787069628 8.99481752204 0 0 0 1
-6.7126714532 9.51443001907 -5.25136917888 0 0 0 1
4.05063406858 -8.95298293793 -0.995166306069 0 0 0 1
4.97957657948 3.23015327231 -5.5023548268 0 0 0 1
5.30451050947 8.44020538263 7.00244265484 0 0 0 1
6.26776995143 5.93974916989 4.16021065752 0 0 0 1
-1.51698086491 2.00302695194 6.50030622241 0 0 0 1
-3.26129586938 -9.13631953324 -5.25906999451 0 0 0 1
8.68417233524 3.02770794211 9.45064520568 0 0 0 1
-2.15023413869 -5.82460750375 9.7712085549 0 0 0 1
4.11227651676 -6.91882961193 5.27715273983 0 0 0 1
4.05466070461 7.19689161433 -5.97520444622 0 0 0 1
4.31139749053 3.51016109373 -5.73068875919 0 0 0 1
-9.87606911061 -7.48295622849 0.25135785544 0 0 0 1
-0.600709385179 9.37936487759 -9.14365003872 0 0 0 1
0.0133131522749 -4.55025066095 -9.43556363016 0 0 0 1
9.38704110541 7.57740423371 -9.66424565054 0 0 0 1
5.95769538501 1.70405668886 -2.19240083073 0 0 0 1
-7.38167668154 -7.543909884 5.1689230098 0 0 0 1
-3.31701907469 4.01236015379 7.49185513343 0 0 0 1
8.5770326095 6.1223360172 -7.21663177667 0 0 0 1
-8.90948052086 -5.79013885148 -3.08055158823 0 0 0 1
-2.81117378411 -3.40769885163 3.39012832752 0 0 0 1
5.45061435078 5.39002622186 -4.97478756374 0 0 0 1
5.90450857885 -9.31315021557 2.09922065763 0 0 0 1
2.79416696003 5.17623944147 6.70282384846 0 0 0 1
-4.29298141488 -8.0717190239 5.81368261668 0 0 0 1
-0.171962367904 6.72993330849 3.48454172172 0 0 0 1
-7.86596719704 -8.12740246485 -7.87410180338 0 0 0 1
-0.133819915101 6.35946766035 9.00883013063 0 0 0 1
2.24601816583 9.21745398718 -6.83356218736 0 0 0 1
0.202083665333 6.92116076626 -8.65792447797 0 0 0 1
-9.06873148971 2.3550024791 -1.8889914227 0 0 0 1
-9.67328791324 7.30772227453 -5.49884978933 0 0 0 1
9.47931939301 -7.03585677967 -0.786561699322 0 0 0 1
-7.86163105125 7.02060751403 -0.0619471982013 0 0 0 1
1.93658564276 -5.33058359936 8.11797871558 0 0 0 1
-1.5015755769 0.000953609962089 3.39538967757 0 0 0 1
9.7852475091 1.14908739146 -2.38488020473 0 0 0 1
8.80157105326 -9.62760039508 4.33515401847 0 0 0 1
7.71211792977 -8.93859688367 0.365855761649 0 0 0 1
-7.25262745351 6.7734072056 -6.81292753798 0 0 0 1
-4.23038379373 -6.72547890521 7.54181343302 0 0 0 1
-4.16364676074 -0.281847558486 -3.71890049451 0 0 0 1
4.89045469501 1.12229490216 2.8387235234 0 0 0 1
-9.02169550752 7.37875882585 6.97050196818 0 0 0 1
-7.63006149729 -8.29616794498 -4.99606844759 0 0 0 1
6.08868925857 4.1849973089 -8.50658185712 0 0 0 1
8.61762697923 2.01077704344 8.09195583246 0 0 0 1
8.68341821361 5.16746744236 -2.58761725609 0 0 0 1
1.41438961687 1.48080715083 -6.92598100311 0 0 0 1
-4.83954123206 -0.51777554528 0.265529175781 0 0 0 1
-7.37081442418 7.0750625086 -0.895368817443 0 0 0 1
3.86447016359 -8.77126633238 8.56841400046 0 0 0 1
6.14277216858 -2.27990555458 -0.457068870138 0 0 0 1
-9.07260788414 3.07889044973 7.95772416683 0 0 0 1
-6.86765592439 -3.10287888263 8.32715039389 0 0 0 1
-3.78327594751 5.19066637323 3.23358212605 0 0 0 1
-6.3780585082 3.27566937358 -5.94849749695 0 0 0 1
-0.774625253431 5.76548496313 -9.00553100963 0 0 0 1
-1.44480705005 0.18551901717 -5.06339713792 0 0 0 1
-2.24574125743 -1.53551162746 -7.17588223377 0 0 0 1
-6.48913126972 3.06544746836 7.3227741105 0 0 0 1
4.93248885432 5.25109500491 1.25707539627 0 0 0 1
9.97670416886 -6.38068050497 5.1660460718 0 0 0 1
9.27100683362 -8.68896153335 -4.60624794664 0 0 0 1
5.42665860757 0.702615807515 -4.01559805619 0 0 0 1
5.73711609673 -0.638680404065 9.12866087961 0 0 0 1
2.0448113784 -1.90073781081 5.6963630687 0 0 0 1
6.30704742732 -7.69288837668 -4.95709406557 0 0 0 1
-0.565617998702 -9.79327017264 -9.08081944809 0 0 0 1
-2.9716975364 2.90835575207 -5.14253323957 0 0 0 1
-0.718593765155 1.0743932631 5.18939465156 0 0 0 1
5.22624213187 -6.12080681998 9.6191743661 0 0 0 1
-4.00102625792 -7.37752656521 2.48977090507 0 0 0 1
-6.30820260274 -4.20304514552 -2.05952704227 0 0 0 1
9.74359774029 -2.54623606291 8.66451751245 0 0 0 1
-4.85867526778 -4.30563514022 -5.30846998231 0 0 0 1
-5.68335725732 8.49216528949 -1.38130516535 0 0 0 1
-8.02988891914 4.87826242432 -7.25859304085 0 0 0 1
1.41403300499 6.02682066511 2.71345429648 0 0 0 1
3.22716991775 7.08623359486 -8.04986614532 0 0 0 1
9.85429189703 -0.352647019184 9.83702571192 0 0 0 1
-1.38744996072 -6.15644802751 9.0857188355 0 0 0 1
2.57813170921 6.63004928557 0.466114603122 0 0 0 1
-2.84995796006 -2.5089445091 1.99959940468 0 0 0 1
3.50963452981 -8.4227175447 8.06167394312 0 0 0 1
-9.25886101039 4.60103564628 -0.128938801328 0 0 0 1
5.59469219947 -0.832682483636 1.52812151537 0 0 0 1
9.14008338377 -8.89275275642 6.94048715936 0 0 0 1
-2.21863500184 4.79978782251 9.49379837724 0 0 0 1
5.82547889122 1.62844156012 4.2012530488 0 0 0 1
0.989609589874 1.66720082493 -5.57201939892 0 0 0 1
-3.73466029682 -2.97783827816 -0.83615490051 0 0 0 1
2.10950074673 9.72574330723 -3.88410517475 0 0 0 1
-9.19279668424 -0.685364765011 -5.81572092124 0 0 0 1
1.12300696137 -6.59574060845 -1.15463436651 0 0 0 1
1.69702277705 5.91914913956 8.81823731022 0 0 0 1
3.39752472649 8.62183211995 -2.47734241914 0 0 0 1
2.65309438375 8.05904094004 3.3063348588 0 0 0 1
1.51852715149 1.25988436741 -3.67301786089 0 0 0 1
-4.93452897573 -2.14920834868 9.9254791122 0 0 0 1
2.91663269493 0.918885527836 -9.03767584796 0 0 0 1
3.1038807839 -4.4915373791 2.15302674752 0 0 0 1
-9.60625670804 0.236577640162 4.5480151164 0 0 0 1
0.0648890546451 6.40750950882 1.77458044756 0 0 0 1
9.22111002955 5.36088820733 4.93687973441 0 0 0 1
6.62075074279 9.34275236848 -3.8533844793 0 0 0 1
1.60905403197 -6.64204284707 5.62698839191 0 0 0 1
4.89474121456 0.556372922254 3.90541215755 0 0 0 1
7.47640126949 6.10265560913 2.8002166845 0 0 0 1
9.41521611225 8.04774687097 6.33095239272 0 0 0 1
-6.09870865466 5.31020035377 -3.44676235881 0 0 0 1
5.98856790878 2.334308228 -9.46090002781 0 0 0 1
7.32937417519 9.28795712278 5.58933694165 0 0 0 1
0.56353779537 9.34578444679 -4.5458791376 0 0 0 1
-2.62408333106 0.310823862776 7.0998028529 0 0 0 1
-3.79266218594 7.12877350326 -6.39614437706 0 0 0 1
0.853204293813 6.36111960238 7.9363672229 0 0 0 1
2.93006221464 -1.30485060607 3.7869882395 0 0 0 1
4.79055111644 -3.92720849603 2.89216307194 0 0 0 1
4.64502448477 -3.76360702251 -5.37196640902 0 0 0 1
-9.5284530885 0.690336929039 -3.67358522251 0 0 0 1
-9.07716234317 2.96716904605 -8.74255896337 0 0 0 1
9.12074109454 2.0556742771 -9.12291404219 0 0 0 1
0.854649709499 5.74281651936 -8.86576496863 0 0 0 1
-2.04409377024 2.07669396693 -3.74680057265 0 0 0 1
-7.21589945281 -7.31138570413 8.89197969403 0 0 0 1
0.909318809763 -6.22182635541 -8.57097335021 0 0 0 1
-4.143602267 7.84737201454 -2.18958220436 0 0 0 1
5.34329265843 -9.47037634203 -2.23099017557 0 0 0 1
2.09759438721 -9.18555251529 -6.73108755071 0 0 0 1
-7.57529307154 -6.47243641208 -9.44632803941 0 0 0 1
-2.32270206435 -5.17648345567 -8.12500673021 0 0 0 1
-3.06663514457 1.38135897591 -4.61995332936 0 0 0 1
-6.14166633928 4.22759016651 0.405455184284 0 0 0 1
-1.77251251957 -6.15089808034 7.83453296097 0 0 0 1
-2.58114021191 -8.77448603046 -3.23122511457 0 0 0 1
8.40814721548 -8.02692897653 3.1387507363 0 0 0 1
5.93931805744 3.685314174 -8.79090641145 0 0 0 1
-2.47285967219 -1.43795356195 -0.190886100203 0 0 0 1
3.06275086914 -4.44054118316 -5.49909121981 0 0 0 1
-6.76375004001 -6.0795592674 8.57623740403 0 0 0 1
-2.55435944988 -3.02469596241 -7.89388556945 0 0 0 1
2.47499458791 -2.53469676595 -5.04635882597 0 0 0 1
7.60217454427 0.915661265122 6.69856734044 0 0 0 1
8.13034724449 -6.61302254707 -8.71595440553 0 0 0 1
2.18175271365 -3.61117324474 8.25830850217 0 0 0 1
5.5209179553 -4.08205329629 -0.755056527599 0 0 0 1
2.15215924465 -6.31026643723 -9.15946210099 0 0 0 1
4.06010552357 -6.2193985649 -4.29295598813 0 0 0 1
7.32600029033 -8.01697293914 3.64604605066 0 0 0 1
2.3848335262 8.34216246681 7.74517962564 0 0 0 1
-4.63351300697 -2.90344930006 -7.38007186034 0 0 0 1
9.57379438828 6.38236637925 2.91166842354 0 0 0 1
1.36038051863 -4.03039735074 -8.35512733494 0 0 0 1
-1.67606567684 -4.52281599248 8.36170365101 0 0 0 1
6.88409357288 -8.32553726449 -5.15916238175 0 0 0 1
-3.57492454949 -7.81692379676 0.403532114287 0 0 0 1
4.92511515722 -7.20637703608 4.74724039006 0 0 0 1
-5.46911746616 -4.9683137174 -9.29701230259 0 0 0 1
-5.27746012489 -9.00178236685 -3.29058307538 0 0 0 1
2.05800128866 -4.30437654979 -8.1248927517 0 0 0 1
3.33708206976 -0.848938209598 -0.418715087533 0 0 0 1
-8.97734221887 -8.82646250914 8.58364644703 0 0 0 1
-2.0096493295 -9.49657824419 -1.7513870669 0 0 0 1
-8.68307167498 5.25434744913 -5.4379645849 0 0 0 1
1.25865644564 -6.43407338279 2.58412683596 0 0 0 1
-9.89765820866 0.930754078384 -6.84837002463 0 0 0 1
-2.08949773377 0.187358721129 1.65473653761 0 0 0 1
-9.98281396186 6.62662429534 9.53587340893 0 0 0 1
6.15196825831 -2.31749587658 -7.74529228189 0 0 0 1
3.75634714958 4.5673497624 -5.81135309366 0 0 0 1
-4.03191555886 -2.44814631928 -6.56714823366 0 0 0 1
9.58690008624 -4.0905211661 -0.357614206749 0 0 0 1
6.94885606349 -8.33494138445 -8.01170077183 0 0 0 1
-2.6531936621 2.65804789197 -4.15375641307 0 0 0 1
-3.141123881 8.23510748546 -8.94981393318 0 0 0 1
-3.14434605877 -4.34459840091 -4.91685606694 0 0 0 1
3.77726145607 8.72595539309 7.09882982567 0 0 0 1
-5.65143034815 -6.08812443417 7.2449201571 0 0 0 1
5.94146967346 -2.36232994617 -9.14420437553 0 0 0 1
-9.84078320309 -0.0242023257228 1.42223550843 0 0 0 1
4.57137625352 5.51918646781 6.99722615798 0 0 0 1
-6.57836330283 -0.298927578242 6.15155811494 0 0 0 1
-9.15075300607 -0.587390278984 -4.20238046647 0 0 0 1
-2.02291741691 -1.4644717918 -2.0520564073 0 0 0 1
-9.97502341893 7.47650649241 7.50752427018 0 0 0 1
-7.7071561374 2.97300865725 1.57558310958 0 0 0 1
