5.67260469076 9.36445793458 -7.03084109388 0 0 0 1
-8.78769251084 -2.49562430814 7.47530376001 0 0 0 1
-8.00566193159 0.59294594315 8.55254900252 0 0 0 1
-5.01985606454 -1.12823853675 1.76633478444 0 0 0 1
-3.07925203263 1.28396623167 1.28951529394 0 0 0 1
-1.14416197467 -8.49408380503 8.82332276619 0 0 0 1
-7.24287245206 -9.8005418595 -0.954863675901 0 0 0 1
7.75772069926 8.5027961921 -5.04884399604 0 0 0 1
-2.32132911973 -3.08547581414 9.01328200188 0 0 0 1
-8.96832760088 -5.72292054376 -1.84026728095 0 0 0 1
-9.08000019583 3.92622192954 3.41541435553 0 0 0 1
-6.7317368734 -4.63285916219 -4.63734252622 0 0 0 1
-1.17314235657 4.07044193172 7.83995144416 0 0 0 1
0.238784415457 5.79779489476 -2.50194327924 0 0 0 1
-8.58144380016 5.56471424591 1.38500662627 0 0 0 1
5.00111641964 9.62742907235 9.82944066667 0 0 0 1
0.711928201264 -7.3901040728 -5.0863825253 0 0 0 1
-7.42626340177 7.97738046097 -7.3512971328 0 0 0 1
9.61751471622 -5.11438342941 -7.99372704269 0 0 0 1
-7.25684315751 -8.92807578691 -5.15100903634 0 0 0 1
3.58158824982 2.52378785109 -4.8289223392 0 0 0 1
-0.991152090157 2.37502385419 1.58652838222 0 0 0 1
3.68427082469 -3.57513999533 3.93146982381 0 0 0 1
2.71796004946 1.34742948254 3.25396349773 0 0 0 1
-9.29855659935 -1.40848798825 -3.07066614292 0 0 0 1
-7.7582770387 5.67038684016 -7.36563241529 0 0 0 1
-1.74973726274 -6.15272671908 4.76259630471 0 0 0 1
9.01732938788 3.66180150492 7.31137108623 0 0 0 1
0.890743018389 -5.04194709099 6.46792504821 0 0 0 1
-6.96150356386 8.08177893187 5.61600124756 0 0 0 1
-0.555347778777 -8.03746700839 9.18162213258 0 0 0 1
-8.85184861616 -7.63007559073 -8.03563031188 0 0 0 1
-3.86661194212 -0.563066017427 5.62980893264 0 0 0 1
-5.2204017831 5.71601375897 -9.52252999544 0 0 0 1
2.88398986425 -0.835992859066 -3.08913240462 0 0 0 1
5.66701392401 5.13836928593 5.83346555887 0 0 0 1
8.01605130753 8.65639489772 -3.2392379941 0 0 0 1
-7.75022816672 8.26890803484 -1.72307740804 0 0 0 1
7.54764544966 -4.8279279343 7.10053095322 0 0 0 1
4.87473459182 -8.98701749563 8.72257572627 0 0 0 1
0.281493067425 6.38918253716 0.649840855278 0 0 0 1
-2.8451531501 -0.345207068518 6.33323427832 0 0 0 1
-7.21145385547 -6.77931391693 4.8818391323 0 0 0 1
-6.33824898037 -8.45237888919 7.23390806593 0 0 0 1
9.14707480644 4.84243602197 -6.75806454159 0 0 0 1
-0.697143891444 9.87782007184 4.98574731354 0 0 0 1
-6.53953317347 0.865221618015 -7.09359959306 0 0 0 1
-8.5414802424 -2.57507550413 7.53132659138 0 0 0 1
8.81517134543 -5.99711103984 2.87262406643 0 0 0 1
6.99486894945 4.77737327161 -9.06987143434 0 0 0 1
3.75769439386 8.27681011716 6.83692119216 0 0 0 1
9.68504660183 2.64303413527 1.95944299138 0 0 0 1
-1.4324212215 -0.338009251666 7.10913587727 0 0 0 1
-4.57675398615 2.35610218781 1.04306532952 0 0 0 1
-6.15891112112 9.75353194009 -4.16384715443 0 0 0 1
7.88243999055 0.693788960287 -7.79808405363 0 0 0 1
-2.79566555794 4.21607874485 2.9377674924 0 0 0 1
-4.72191116325 2.36702157213 -2.75887083157 0 0 0 1
-0.71446865121 -6.98945470222 8.3856720075 0 0 0 1
-6.89367586483 7.59217523902 9.2097866351 0 0 0 1
-5.21638866839 4.29891708174 -9.73931080613 0 0 0 1
-4.20860788494 3.60961754805 1.56235222232 0 0 0 1
-8.1466247715 -3.67967903049 7.03760814788 0 0 0 1
-0.103988110725 -7.54806163664 -7.09672400513 0 0 0 1
-5.52436017917 -3.07081833673 -0.344986183783 0 0 0 1
9.70450119419 -4.3714833331 -4.55484034016 0 0 0 1
0.838899565079 -7.57314992825 -7.09493279772 0 0 0 1
6.66069095464 -2.49912679972 1.47627956779 0 0 0 1
9.26491836297 9.99707098249 -7.27570914463 0 0 0 1
-4.13389852814 -6.38134235241 2.23333726692 0 0 0 1
0.338637843697 -6.13672864086 6.23263823879 0 0 0 1
1.08755788846 3.73598757308 -0.0746130721967 0 0 0 1
8.08963156555 9.20597667564 6.22763458468 0 0 0 1
-0.0262085097699 -6.82478108977 5.88540495418 0 0 0 1
7.6233701808 -9.35680003361 3.93122897071 0 0 0 1
2.72953190378 -4.28566257233 -3.87024698897 0 0 0 1
-2.8804605749 6.51401298897 -8.68581293194 0 0 0 1
-4.95159358456 2.40621393422 8.31163848529 0 0 0 1
-3.01891814396 -9.38042274252 2.10271559441 0 0 0 1
4.84801437734 -7.20383951813 -8.50518575929 0 0 0 1
-5.6775836415 -8.10307202886 -5.88054987267 0 0 0 1
3.37360479532 1.95311097748 -1.15387019804 0 0 0 1
-5.90081003729 6.08588251974 -3.87382220097 0 0 0 1
8.35743258915 9.35871140148 9.01351373601 0 0 0 1
0.791981126062 -1.31176454353 -7.08731246499 0 0 0 1
-3.51924135884 -6.91646138365 -3.81972282243 0 0 0 1
4.54164067493 5.26363777129 6.88443124933 0 0 0 1
-5.98019550455 -8.70450309034 -2.53358727972 0 0 0 1
3.37740462552 -7.78150771081 6.55414892503 0 0 0 1
4.30570805514 7.93611366637 -6.41249386133 0 0 0 1
1.91740096194 -7.98264088663 2.74047721411 0 0 0 1
6.17535160429 5.11915107752 -5.66516709968 0 0 0 1
-4.94088853429 -3.52623959185 7.90546071468 0 0 0 1
-8.59228943509 -3.97924304805 0.0897438734695 0 0 0 1
4.252954769 -7.86612784977 5.86025519244 0 0 0 1
6.71540903859 -7.59976536898 4.74510786154 0 0 0 1
-4.90286783961 -6.23723410588 -2.07178143556 0 0 0 1
-6.53948257053 9.56355596946 9.20059808513 0 0 0 1
-9.00491361204 6.66440216954 4.24850142209 0 0 0 1
-7.7122960252 7.7267846573 -0.280542850007 0 0 0 1
-9.99837237828 -7.34528635665 3.07927779265 0 0 0 1
-6.85195559334 -8.00829171341 -3.3316475143 0 0 0 1
-4.15460050175 -4.71125648224 -9.05624869836 0 0 0 1
0.514652473836 -4.73464171823 5.26592909705 0 0 0 1
-4.47268576004 -8.13011357029 -3.49575513746 0 0 0 1
1.16224679316 -2.57058719858 -6.8406941259 0 0 0 1
-1.57594854277 7.64867236326 8.06992538354 0 0 0 1
-7.33494517412 8.95908768412 -1.94893421289 0 0 0 1
8.79099716404 -5.84444700326 5.48371764598 0 0 0 1
1.79297587236 6.01310422603 -8.74522637812 0 0 0 1
3.6043194788 -4.0479053982 -7.03329077026 0 0 0 1
3.81014179295 2.12592334041 -7.02516279091 0 0 0 1
6.15721537517 -1.03768043267 0.481035885181 0 0 0 1
8.48405240597 7.12495456497 5.34666313911 0 0 0 1
-2.71413615356 -9.63729919649 -3.70566820035 0 0 0 1
9.70266993272 0.958549396281 3.19770403767 0 0 0 1
-8.52721919425 -7.81011967238 -6.6800614677 0 0 0 1
6.34928721804 6.88127817538 -0.405701880123 0 0 0 1
-2.00948724746 -6.99640621524 -2.77091966162 0 0 0 1
3.28897589464 7.32010335768 9.80857071343 0 0 0 1
1.11510391633 -7.85858646706 -4.5324414121 0 0 0 1
1.93180344268 1.63181512601 -7.74059090646 0 0 0 1
-7.92074308742 -8.56913658039 -4.68110761244 0 0 0 1
7.11719927669 -5.5735601257 0.415580659391 0 0 0 1
-3.54167684717 -4.19684498727 8.20854963415 0 0 0 1
-0.871810985792 -3.91322640149 6.3634036005 0 0 0 1
-8.50686395602 7.03498585863 8.05076218588 0 0 0 1
-3.43086859454 -6.53651954123 -2.94608714286 0 0 0 1
-1.25722619739 -2.81711221281 9.52529331705 0 0 0 1
4.65108005841 6.57195190996 -8.46346795268 0 0 0 1
3.22710954843 -4.68100564656 2.17845881208 0 0 0 1
5.68903258858 -2.1252562367 8.74649353334 0 0 0 1
6.81589396723 -2.25045507014 -4.58397057688 0 0 0 1
-7.11446519625 0.247254364229 -3.47515966392 0 0 0 1
7.08871283843 7.7619531263 -7.29873619298 0 0 0 1
-3.79881250022 2.75228784293 0.376759872494 0 0 0 1
-9.89857708922 -0.31465651305 6.07982305131 0 0 0 1
-9.50964008266 5.60342086735 1.54905560153 0 0 0 1
-6.23056071886 -5.99030321148 -1.82863487079 0 0 0 1
4.19658734513 1.18454353853 4.67982111691 0 0 0 1
-9.85891248865 0.156332605824 -5.98884913308 0 0 0 1
-4.19109939251 4.73454680983 3.53389058271 0 0 0 1
2.9146666331 -8.40407520815 9.81860130604 0 0 0 1
-3.51677967181 -0.103407839325 -4.88424048327 0 0 0 1
5.84795902427 2.34823777632 -0.660379583858 0 0 0 1
8.15614249722 -1.42698769085 -0.806526296441 0 0 0 1
9.16726236861 3.35358031765 2.70465157619 0 0 0 1
-5.74715574568 8.41223557134 1.5650022985 0 0 0 1
5.79461754135 6.16718208078 -1.27786776993 0 0 0 1
4.90365306354 1.6192153197 -6.74152352088 0 0 0 1
-3.03144411318 4.76782224069 1.49695521744 0 0 0 1
8.00973067504 9.80897714264 -2.79245951261 0 0 0 1
5.36115391478 5.71626804681 -6.28169508423 0 0 0 1
-1.69306050761 -9.41434802823 5.12958604553 0 0 0 1
4.48555836317 5.84018282036 6.1705409775 0 0 0 1
0.874453872163 -5.09240295395 3.43928369586 0 0 0 1
7.34190652838 6.62668300281 -9.30509207952 0 0 0 1
2.26541498686 5.44819784865 5.64703886329 0 0 0 1
-2.67521554501 4.93648624676 1.02234397856 0 0 0 1
-3.99472374741 1.86227802325 -1.4324159054 0 0 0 1
-5.72585497827 3.92246031527 -2.12047994929 0 0 0 1
7.08365283449 -9.53296577776 9.96474086989 0 0 0 1
-6.68396924936 8.96260889844 7.3075396778 0 0 0 1
2.48416805642 -4.45227563158 3.28564546558 0 0 0 1
-3.95225647495 -9.78059076082 -0.695667151187 0 0 0 1
-4.74513609625 -7.08118380329 -6.02837577785 0 0 0 1
-7.02444983601 2.66592317366 -5.69513704133 0 0 0 1
0.0901355711495 5.17391497477 -6.29098662961 0 0 0 1
5.92156465558 8.6331200304 7.47541774356 0 0 0 1
-9.14589774768 -2.7867292365 -8.66208104493 0 0 0 1
-1.16359291322 9.2997353089 -3.9126450854 0 0 0 1
6.88928485614 -5.34790854711 0.705785369021 0 0 0 1
0.499123784833 8.06097646482 -2.67543292967 0 0 0 1
-7.90854090333 4.9565955679 -9.56754880954 0 0 0 1
1.49438233988 4.77239821253 7.87584910329 0 0 0 1
5.29093280319 9.72478387844 -3.09991320567 0 0 0 1
6.30964018355 9.17895137713 -4.85134792294 0 0 0 1
-6.07231807174 0.479670481547 8.58119800536 0 0 0 1
5.3264808065 -8.93044004284 2.46199200939 0 0 0 1
8.60200591043 5.49634122007 -9.81797979957 0 0 0 1
-6.96920156752 4.83871932604 -9.40492776842 0 0 0 1
-7.55169687854 -2.030975058 5.45599425612 0 0 0 1
9.89300212163 -9.16227605157 2.13030219035 0 0 0 1
9.15857130638 -0.933728716981 -0.806950115539 0 0 0 1
6.8199502564 7.07586276736 -8.03392928064 0 0 0 1
4.91316066528 -3.53471378723 -5.6697633285 0 0 0 1
-2.45386340432 -3.01013126938 -0.697821311758 0 0 0 1
9.14311922573 -6.95441727342 9.4995237798 0 0 0 1
8.25692076513 0.116947801458 2.55504499451 0 0 0 1
0.994156055207 -8.16762391181 6.83834172972 0 0 0 1
-1.62427925077 9.60053719461 4.15100451143 0 0 0 1
-7.634865107 2.79268923455 1.56708845884 0 0 0 1
7.41190468242 -4.87904945525 8.80872571388 0 0 0 1
-1.30981916138 2.16338024245 -3.93855855329 0 0 0 1
8.7275785705 1.20295105156 -7.52365364149 0 0 0 1
9.97702457579 -0.755012028517 -1.92265605501 0 0 0 1
5.46200970514 -9.88531810135 1.96097221792 0 0 0 1
9.5942830104 3.27201482307 -3.405418666 0 0 0 1
-4.96040677411 -4.47046189661 5.07007767061 0 0 0 1
2.70184163569 -1.56921362302 7.21747942883 0 0 0 1
-4.94311816918 -9.00087727395 -4.08206014925 0 0 0 1
-2.12761582459 0.452119606629 8.12656553545 0 0 0 1
7.28619333543 7.29952389354 -1.11790705399 0 0 0 1
6.30619511714 -0.350842091115 -4.02079219956 0 0 0 1
3.54177420607 -3.96251767687 2.80539610003 0 0 0 1
3.33581408199 -5.11616925703 -9.51524073424 0 0 0 1
-9.53821803461 0.335762755313 -0.148964496585 0 0 0 1
7.85791241654 -3.70937690765 6.46726882131 0 0 0 1
6.3071606532 -8.90282565124 7.39004016076 0 0 0 1
4.51306616044 -3.99795084251 4.62692965258 0 0 0 1
-9.14685781139 -0.794864369561 2.49751080202 0 0 0 1
6.63707593443 -6.76160372759 5.77527758229 0 0 0 1
0.761627292941 8.57267689434 3.35367248872 0 0 0 1
-3.62906067689 -9.04386827869 4.06722115323 0 0 0 1
6.19226540311 -1.17777193346 -7.29307695239 0 0 0 1
-2.78753051189 -3.09214218792 1.51552151251 0 0 0 1
4.2770035369 3.5917272042 -7.76415362951 0 0 0 1
9.73306088449 -9.4818844635 -8.10833284766 0 0 0 1
3.39902817913 -3.18669165677 2.67265101477 0 0 0 1
4.66638438332 9.78278139627 9.94116254291 0 0 0 1
-1.70473126685 4.49124405346 -5.15251159363 0 0 0 1
5.0817792126 7.83194216623 7.98059126296 0 0 0 1
-8.98525405397 5.64458374308 -4.51739516923 0 0 0 1
7.69617831785 -7.44629167479 2.3731748243 0 0 0 1
8.53749036678 -0.680033796377 -8.49565749263 0 0 0 1
5.6112533247 9.22656904077 7.20727412695 0 0 0 1
4.04048776841 -4.34391944955 1.46301541978 0 0 0 1
6.45480795679 -6.43141509395 3.79579819557 0 0 0 1
5.07912035142 5.38028716264 6.34527058877 0 0 0 1
8.25383143583 5.06321287838 -2.12763714673 0 0 0 1
-8.25893102758 0.338292702003 -0.276219135473 0 0 0 1
6.70961168031 9.23151236505 2.29759807577 0 0 0 1
-2.2908335887 6.42994949104 -8.25249062253 0 0 0 1
7.41427126375 -8.46654830838 9.43422925034 0 0 0 1
1.72248402002 0.00448386933664 -7.39200991505 0 0 0 1
8.57445637323 6.8346817388 -1.14859307231 0 0 0 1
7.01489771877 -4.55029385292 6.90404449072 0 0 0 1
-3.82289232287 -8.85610948168 7.46757805512 0 0 0 1
-6.14981461266 7.74809238771 -6.06986573124 0 0 0 1
-0.705132277104 1.95426140375 -3.23460464788 0 0 0 1
9.81447270185 -4.91043713285 -6.99153792984 0 0 0 1
-2.84958765008 -6.56675043035 7.76758127589 0 0 0 1
2.84544774362 7.75239569751 -1.8304988421 0 0 0 1
7.64722594679 -3.13763067342 4.91441536192 0 0 0 1
-8.25686981209 -9.20132293397 9.19131099858 0 0 0 1
6.34179279848 -9.65546861484 0.394288919047 0 0 0 1
9.38389685652 6.43907239707 -4.10675794673 0 0 0 1
5.42041082053 6.76269192768 4.86028410386 0 0 0 1
8.67022613149 3.93307643283 -5.82510567117 0 0 0 1
-2.26692125234 4.72103958368 3.1614724563 0 0 0 1
9.17302972674 -7.40715814414 -8.6505055269 0 0 0 1
9.875473683 -8.93046714517 -5.09134259133 0 0 0 1
7.2828061368 4.39670795586 4.64883465233 0 0 0 1
2.51797232111 6.41990113443 5.53264766525 0 0 0 1
-8.94883322934 -6.06430244058 0.862626852508 0 0 0 1
-1.40830642787 9.82287137522 -4.26612174224 0 0 0 1
7.09014769697 -2.18510236617 -4.82394905605 0 0 0 1
1.74658751997 4.15808849244 -7.09151692552 0 0 0 1
0.0450096747934 -3.52900430226 3.06103972389 0 0 0 1
-3.46118336313 -6.3079037477 9.42083721215 0 0 0 1
-8.56563346459 -3.72668695908 -2.11834938474 0 0 0 1
4.01352278711 9.99518492216 2.38846172077 0 0 0 1
-5.29397241244 6.81689611272 3.538842233 0 0 0 1
-3.67423791806 9.04681554813 8.98033932364 0 0 0 1
7.53535055988 7.98651214122 9.81798912068 0 0 0 1
-3.10845101389 -2.03119215992 -0.599894068659 0 0 0 1
0.410029636314 -2.04821680513 -6.02244209971 0 0 0 1
-9.34766660667 3.32745646072 6.45580474354 0 0 0 1
0.762869846976 9.16441986833 1.09149292318 0 0 0 1
7.35227907174 -4.87864211731 -6.35423330979 0 0 0 1
7.80855661802 3.31353869337 -3.84422685461 0 0 0 1
1.13027864509 3.37870732959 2.66598373033 0 0 0 1
0.317579357293 -5.34324422574 -4.03172281565 0 0 0 1
-0.574019882276 5.06866724163 1.64564857072 0 0 0 1
-8.77847485667 -4.38287636644 -1.98363371005 0 0 0 1
6.81948534585 -5.03886085176 9.21115441848 0 0 0 1
-5.79198160672 7.58024169494 7.47536072207 0 0 0 1
-5.13516481901 -0.0367846864974 -4.36139012617 0 0 0 1
1.2156477936 8.2223957324 3.39350141607 0 0 0 1
9.96492207849 -7.36907640059 4.00432835516 0 0 0 1
-2.21554937968 2.23067652668 6.19558680364 0 0 0 1
-8.28414808856 -5.13841588831 3.28543822327 0 0 0 1
-8.45830835562 -0.829270169543 4.86874064876 0 0 0 1
2.22998664083 6.73241195237 3.83032880896 0 0 0 1
-7.20717356546 2.94292321867 3.38682134296 0 0 0 1
4.38271319832 7.7370946062 7.63480543481 0 0 0 1
9.12176894718 -7.75074557676 6.31641519318 0 0 0 1
-1.10293669416 -7.33260166311 2.38134126323 0 0 0 1
-3.20625014831 6.77692597816 -7.8339028008 0 0 0 1
9.07162452125 1.523218651 4.85137328927 0 0 0 1
-0.0070851910408 1.89654926423 -7.79884309532 0 0 0 1
9.82912016861 8.43675322333 3.12108401806 0 0 0 1
-2.32219337948 3.37376139879 4.14384258189 0 0 0 1
2.8441466454 2.19470131783 -3.2069987685 0 0 0 1
8.3427653289 -4.41537159359 -2.09488900701 0 0 0 1
7.75602075908 3.81494885224 8.83037245255 0 0 0 1
-9.01589194061 -6.09702238015 -4.96868667581 0 0 0 1
9.19230180796 -7.44599439745 1.82780276697 0 0 0 1
-9.4061308299 -3.07836768358 3.56541982021 0 0 0 1
0.213187235936 -4.08787729108 -7.78487892031 0 0 0 1
2.5795529169 -4.17460416222 5.72230581656 0 0 0 1
0.524637442687 -7.96924939802 -4.05611466182 0 0 0 1
-7.45849249407 3.77606515448 -4.37903203607 0 0 0 1
-9.25847938952 -8.89450431659 9.15264551333 0 0 0 1
7.6845884064 -6.56896690395 8.91392613379 0 0 0 1
-9.51983819772 -4.40345939591 -6.93956886309 0 0 0 1
-0.717639224756 -3.02140347701 0.891400644701 0 0 0 1
0.202720035652 -1.5579876217 9.25708099454 0 0 0 1
7.52353906184 2.45976359945 9.92499056628 0 0 0 1
-3.66962544696 5.55718090431 5.83131332363 0 0 0 1
-4.34538093084 -7.07523936254 -4.70516330229 0 0 0 1
-1.6501474141 -6.90085779775 -2.305888286 0 0 0 1
4.53295585026 0.719649030797 1.26771185824 0 0 0 1
-5.94256866367 -1.24435486146 -2.50909406091 0 0 0 1
-7.0420199972 -9.39684473327 -3.85194511274 0 0 0 1
5.19433397261 8.91369702134 -7.20162566241 0 0 0 1
-7.00950362748 8.06348309964 9.43298504368 0 0 0 1
5.78477191543 -5.5311376243 -0.304165573658 0 0 0 1
-4.09683991039 -7.45870219393 2.61130360007 0 0 0 1
8.9055529961 8.51724438541 5.82792584945 0 0 0 1
-5.11433416472 6.28173841886 3.23915977429 0 0 0 1
-8.35857927489 0.367437073236 4.99251503985 0 0 0 1
4.64561989702 -0.265663372644 8.56288107502 0 0 0 1
-5.20977601821 -2.12277959263 -2.45815393388 0 0 0 1
-2.26136465428 4.43033196445 -6.85448984462 0 0 0 1
8.78062843503 4.65634439812 -2.31099795294 0 0 0 1
-2.41134739217 9.32665497921 -0.746965052648 0 0 0 1
-3.30882353689 -4.66874259949 -8.829923233 0 0 0 1
6.23545815169 9.29214271682 -5.8016298664 0 0 0 1
-2.22277028183 8.19708285178 -7.74051808537 0 0 0 1
-9.36523411829 2.89999023579 2.38499240985 0 0 0 1
0.262544915829 -8.87453755982 -1.23567801232 0 0 0 1
5.61972492221 9.28223416632 0.963420969943 0 0 0 1
3.0945579326 -5.07003667314 -0.395156159546 0 0 0 1
3.02577463072 2.04676437672 0.683757779215 0 0 0 1
-2.63132644882 -2.74830591365 -4.29647772005 0 0 0 1
9.25091447484 3.44232612106 2.70202932432 0 0 0 1
5.26223503054 4.5845241984 3.9293472781 0 0 0 1
0.44801246866 -1.62491345708 -8.34084201202 0 0 0 1
-9.90094360909 -9.98053809976 -5.44150859125 0 0 0 1
-8.33030701443 1.35727911948 4.24003195695 0 0 0 1
-2.54750629984 2.46259492635 3.45994558095 0 0 0 1
2.98206275857 2.56762997708 4.10468637211 0 0 0 1
-4.45376135314 -2.64100922838 -9.83612069349 0 0 0 1
8.64608814816 0.323645340845 5.47810602453 0 0 0 1
3.33508202461 -4.54683564271 -5.77781198541 0 0 0 1
-9.4014530044 8.03796864053 0.595008946733 0 0 0 1
7.74239786136 8.12443904877 -5.4623413118 0 0 0 1
-3.7171624048 -3.17112423017 -1.23145241754 0 0 0 1
8.61506535998 -7.60915174873 3.0151622519 0 0 0 1
6.14280662492 6.06537817175 4.02885355952 0 0 0 1
6.96949133487 -4.5258364826 -0.973370134294 0 0 0 1
-4.10023526661 -8.03818475754 -4.23518993557 0 0 0 1
-4.02661656236 8.44292298029 -7.17456304017 0 0 0 1
-3.66857810175 -4.4226835357 6.56064408721 0 0 0 1
-8.80075260663 -3.6324653233 -7.76311615607 0 0 0 1
6.51698777866 1.14499338784 -9.68691426295 0 0 0 1
-7.88991348604 -4.01770130443 0.457559429171 0 0 0 1
-7.36588994822 4.39412341376 -2.83589258183 0 0 0 1
5.81538418912 -4.82363142291 2.34097120727 0 0 0 1
9.6907602819 8.86950774641 -0.976681341474 0 0 0 1
5.84336084403 -0.479030563025 -5.33571090926 0 0 0 1
-9.01502629817 -4.25083429501 -4.40536958446 0 0 0 1
-2.44821228157 -6.36197395333 -4.20907077438 0 0 0 1
-5.19033277054 -1.95672630059 -5.35885393486 0 0 0 1
9.16516875566 7.50733527308 0.244036350519 0 0 0 1
-6.57548172678 5.31001665202 -1.19212462687 0 0 0 1
7.37571486556 9.30390811061 -7.34734158736 0 0 0 1
-7.54057353747 -3.30150776693 -5.38894170943 0 0 0 1
9.03489738544 4.1942576643 3.66385353151 0 0 0 1
-7.39197094526 7.58367702825 -7.76323031196 0 0 0 1
-1.39294814439 -5.92382614733 2.24078038355 0 0 0 1
-3.33431639472 -9.70366981743 3.10582615916 0 0 0 1
1.05815683014 -1.50501303611 7.26492953369 0 0 0 1
-4.91425097839 5.16560769972 8.49025203523 0 0 0 1
-6.22451663232 9.46698627692 9.67233108505 0 0 0 1
-0.633852415037 -1.03703839375 5.6969981759 0 0 0 1
8.39606592236 4.92665738481 -8.36883496305 0 0 0 1
-0.409461236734 -2.23470424642 5.2318724024 0 0 0 1
-6.71818971833 6.40354894926 5.71360075594 0 0 0 1
-0.406881315388 -7.22148195711 -4.79638059094 0 0 0 1
-3.81558131992 4.94466432473 6.70857640974 0 0 0 1
-8.22565755605 9.2915299997 9.5514407436 0 0 0 1
-8.37416289474 -0.323848820397 -2.78383461248 0 0 0 1
5.22426074464 -2.71496475687 -5.24904714675 0 0 0 1
-4.00121525864 7.52343364641 -6.99943410469 0 0 0 1
8.52446111823 -4.43607301434 -5.97232454762 0 0 0 1
5.79280125072 5.40277436204 3.65495993341 0 0 0 1
0.0296890200099 3.38694585671 8.7234882505 0 0 0 1
-2.64356121297 6.33406515767 1.45217843163 0 0 0 1
6.94229086901 -6.2052775376 0.997562662978 0 0 0 1
9.97992034635 4.93156907194 1.09723101509 0 0 0 1
7.69654181925 0.0568895654388 -2.86527219142 0 0 0 1
4.51528934452 -8.69046032928 -6.91437388777 0 0 0 1
-3.51699567816 -4.18861354268 6.91853186664 0 0 0 1
4.15591764356 -1.78947932132 -7.84406732879 0 0 0 1
-8.444521424 7.16950137939 7.67061115257 0 0 0 1
-1.75887139289 -9.17475529404 0.635165942983 0 0 0 1
-8.94324378065 3.86853295225 8.7086491925 0 0 0 1
8.73436710723 7.50309795711 -7.71909918026 0 0 0 1
3.46011148228 -3.40283986607 8.01167122733 0 0 0 1
0.628497103323 7.60139019837 -4.25713179389 0 0 0 1
8.64196899113 0.202461846614 -6.77071875729 0 0 0 1
0.910813240776 2.27257717818 2.71504923629 0 0 0 1
-7.1422674834 5.57698266591 1.50152629144 0 0 0 1
7.78003932137 -2.78138860121 8.68145286097 0 0 0 1
8.68168375391 5.91534891448 -5.99792404385 0 0 0 1
6.05528075015 -5.18915059439 3.75725996443 0 0 0 1
-4.61198397143 -9.48549543896 -4.68471312256 0 0 0 1
-4.76701456625 -0.0946316806843 -0.170022971216 0 0 0 1
5.01354859751 6.09061085481 -9.75541206433 0 0 0 1
-9.204461033 3.99798957521 -0.363125830429 0 0 0 1
6.88846894562 4.45651261889 2.61213054767 0 0 0 1
1.34216519467 6.40185340863 1.10180335767 0 0 0 1
-0.549891450604 8.39141037472 5.16088194061 0 0 0 1
6.11739455251 4.34509538939 -3.98594968232 0 0 0 1
5.06826460515 3.60787192121 3.62556128261 0 0 0 1
-4.78441442373 -9.06246515455 -4.76397322759 0 0 0 1
-8.40542446651 5.6982824562 4.28492814258 0 0 0 1
3.75725238306 -5.68503801331 9.26394391989 0 0 0 1
-0.741262916558 -3.24448601244 2.90376786571 0 0 0 1
-5.66113965905 -4.54948550042 1.81855140796 0 0 0 1
-3.84047480193 -1.96022755254 -0.813842683517 0 0 0 1
-1.53085897107 -8.08157615321 -4.77520972227 0 0 0 1
-5.63498424475 5.25358206767 -2.89655919016 0 0 0 1
-6.78428179792 9.86191726449 4.86727591794 0 0 0 1
-6.68087549648 -8.62372822538 -9.47729734949 0 0 0 1
0.927683308049 1.21346473022 0.23286932824 0 0 0 1
-0.699248430273 -4.85649601781 -4.77638199573 0 0 0 1
-7.87427987468 -6.392838545 -3.17305043724 0 0 0 1
-9.38540690485 5.88872926893 0.700124387753 0 0 0 1
0.356132587692 2.26681173138 2.81216587874 0 0 0 1
-5.22910144302 7.87753298486 2.00782504348 0 0 0 1
-6.83243630782 -8.95547450742 5.29380683958 0 0 0 1
9.65369021219 -1.40262737138 0.634052861525 0 0 0 1
-6.13720621343 -3.43396913709 7.41447295873 0 0 0 1
7.28815585284 -6.1358160949 -7.93623011202 0 0 0 1
-7.62692506595 -1.89469237682 3.50852549021 0 0 0 1
-9.44689696234 2.9310159005 -0.723020927743 0 0 0 1
9.83131580632 -3.55328415845 3.03890237924 0 0 0 1
1.38444175594 5.56567335482 3.27685793382 0 0 0 1
-2.56175425091 7.82029907132 5.26519959466 0 0 0 1
0.168901614613 -6.49542947675 3.74799892873 0 0 0 1
3.09068617594 2.24016148877 8.17568785225 0 0 0 1
-5.38042944566 6.37686228403 5.91582369368 0 0 0 1
6.42273589749 -3.54177604908 -2.76016998001 0 0 0 1
1.40944873973 6.25035246868 -2.86120961425 0 0 0 1
-9.32007094377 -8.51619967292 0.800242386447 0 0 0 1
0.153489843375 2.1684036689 7.07747806827 0 0 0 1
4.38721131265 -3.96757433533 -9.96850294343 0 0 0 1
-5.08199786233 -0.232150357102 3.74004391911 0 0 0 1
4.1681898836 2.47931049543 2.74479972567 0 0 0 1
6.36679038423 -8.66115344742 9.72793040528 0 0 0 1
1.88419392801 5.11124514715 -2.10994536968 0 0 0 1
5.24525532786 4.58043091479 0.0960124833435 0 0 0 1
-6.51015252509 7.99364963595 0.393396556415 0 0 0 1
5.11093220877 -5.2006189101 -2.96126842672 0 0 0 1
9.61651920348 3.27760896876 -6.80989322153 0 0 0 1
2.08886319724 5.60023640853 -7.9525584183 0 0 0 1
7.58629479053 -9.41722909671 -3.33716579547 0 0 0 1
-6.72261681402 2.63048048902 5.35354857758 0 0 0 1
-1.80643178836 7.75029339867 -6.88398700978 0 0 0 1
5.25473329338 -5.65582778512 -6.76276226655 0 0 0 1
-8.47892927799 -8.74383135142 3.77646848134 0 0 0 1
-0.272135238795 -2.67929056038 -6.85740686679 0 0 0 1
-1.39518705698 -9.44779316858 -6.84426020746 0 0 0 1
8.7337490872 -6.47396042591 7.20217489315 0 0 0 1
4.86162123755 6.65803167493 -6.54248619479 0 0 0 1
4.76164372077 2.15496436322 1.0572535711 0 0 0 1
8.14780893182 -2.03680030436 3.04090516354 0 0 0 1
6.86840420891 -0.299678838464 6.86475576448 0 0 0 1
5.11682839942 2.05727898134 -3.86148716045 0 0 0 1
-7.85317156507 -8.15905702716 8.0685177822 0 0 0 1
-9.6773166316 6.34967979844 7.55777285331 0 0 0 1
-1.67775457708 7.54771279603 -3.63915981204 0 0 0 1
2.11529937648 -8.16746449129 -6.55877637595 0 0 0 1
-2.55436744725 3.15271925099 5.50904447952 0 0 0 1
8.46210366889 -8.34083038608 5.96476409101 0 0 0 1
4.92963670446 5.71592379496 -7.34597463871 0 0 0 1
9.69818129026 -0.728796932606 3.59869352505 0 0 0 1
3.53695069362 -7.85114954384 9.34029119135 0 0 0 1
-4.75646732892 -7.22810919514 -3.75014702991 0 0 0 1
-6.31380773248 -9.93584921578 -7.98639934432 0 0 0 1
0.427268794089 8.11484811572 -1.90291566685 0 0 0 1
-6.9716022315 -0.472260477563 1.19064775599 0 0 0 1
-5.03809309574 3.75684290114 0.664445488696 0 0 0 1
-9.27916905911 5.92251873127 9.92723341495 0 0 0 1
6.79217040167 -9.67176303662 -7.98238128684 0 0 0 1
6.32353500822 7.8375386688 3.83282274489 0 0 0 1
5.0388820502 -3.11541991585 6.52980861907 0 0 0 1
-5.74937762471 3.44371540592 3.0739455283 0 0 0 1
-9.09046478676 -2.14708132833 -6.68073719457 0 0 0 1
-8.74958619163 -6.89150540416 -9.96861132879 0 0 0 1
9.672186727 -3.73114627042 -2.44238664016 0 0 0 1
4.38224594947 -9.13261059052 -1.17296638927 0 0 0 1
2.95467882028 9.5415241272 0.0534053739954 0 0 0 1
8.81389797042 0.477471171483 3.85174390528 0 0 0 1
2.40884620598 -8.36923221204 3.74055929512 0 0 0 1
-8.65024831621 -8.52531828372 -2.79321935714 0 0 0 1
-3.49144366461 -3.09347680703 -5.07583537259 0 0 0 1
-3.16808396638 -1.35130001593 9.05562257899 0 0 0 1
2.26485658794 1.9516867467 -2.88210864472 0 0 0 1
-0.112388160306 0.793236085619 0.943480044571 0 0 0 1
-1.05591212964 4.49277669307 -9.15320491599 0 0 0 1
-9.72036455025 -6.70198638581 -7.04663887464 0 0 0 1
9.44699571446 4.88803511557 2.63920920768 0 0 0 1
-1.00526497392 6.08640403504 -6.10519589037 0 0 0 1
-0.0139740603661 8.0538094008 3.10180182 0 0 0 1
2.02492924478 -4.44821712632 8.33472221512 0 0 0 1
-8.90096352332 0.783165001 -7.43373929416 0 0 0 1
5.70955657479 -1.50995089621 -2.21379591467 0 0 0 1
3.43180385596 -9.11556270402 -5.68499518464 0 0 0 1
-8.56371240801 0.491784774047 -7.23145030614 0 0 0 1
4.30688327979 -7.33700246943 -9.71641523933 0 0 0 1
-0.0798099029323 -6.05794783297 0.940933202394 0 0 0 1
2.7268367014 4.78034200166 3.60537366196 0 0 0 1
-9.67130152971 8.74292175986 5.34960312386 0 0 0 1
4.90883395849 -9.7163059145 2.76221085675 0 0 0 1
-2.09097384509 9.02849296755 -6.97233778439 0 0 0 1
1.67656421052 6.00862930492 -3.98783504428 0 0 0 1
-8.03775087865 5.77299300739 0.800131964034 0 0 0 1
7.08738782942 0.834551352426 8.47938118296 0 0 0 1
-0.728999041858 8.40021062936 -4.92075928023 0 0 0 1
6.96264047792 0.325701308495 1.40679024931 0 0 0 1
-2.27622170388 -4.13549304729 9.31014636122 0 0 0 1
-7.84180192881 -7.17496857246 -2.98049712687 0 0 0 1
-8.98508056211 -6.16909664978 -4.03997679726 0 0 0 1
3.08766195125 -2.71324159443 -8.47570589214 0 0 0 1
-1.44021593294 -9.69330663201 -2.29064487216 0 0 0 1
-7.41495997926 9.53302922834 5.66085703015 0 0 0 1
-9.26663722866 9.48856414983 -5.70147133931 0 0 0 1
0.822620120665 -1.30499802685 8.35539189619 0 0 0 1
6.38924221719 0.00528055629396 7.32224465395 0 0 0 1
6.29706716045 -1.06307052344 -5.49747693699 0 0 0 1
-0.222642312508 -4.82513791629 -2.02067283707 0 0 0 1
8.39584632199 -7.10576870374 -5.76202211293 0 0 0 1
-1.20255581442 9.04880059094 -9.22518526755 0 0 0 1
0.522905280921 6.44649268015 3.17361356667 0 0 0 1
0.0585515380322 -3.25995212245 -4.2363450678 0 0 0 1
5.66136167415 1.03353501268 9.63526947879 0 0 0 1
2.50617865389 -4.2038808226 4.53364988303 0 0 0 1
-4.30011596178 -0.520347259638 6.33427873672 0 0 0 1
8.53114350063 4.40696846194 -9.17403752815 0 0 0 1
-3.33695963814 -7.85374123733 0.247518327476 0 0 0 1
-7.33247047683 -4.77192364884 -0.515448481243 0 0 0 1
1.60485127156 3.06923925241 -9.95154522461 0 0 0 1
0.408732602789 -2.63463375342 0.455512291618 0 0 0 1
-2.80573016665 -2.50908726956 3.65248025847 0 0 0 1
7.60434388158 -0.0300283283634 -0.362452217101 0 0 0 1
4.97238349781 -9.39237180268 5.17826606681 0 0 0 1
-8.4258985067 3.863785543 -7.81378567211 0 0 0 1
-4.23362520451 -2.28999145806 -5.46203535434 0 0 0 1
-8.33891045904 -2.34472913678 -2.31408588363 0 0 0 1
-8.94260937632 9.42819994224 8.83951779888 0 0 0 1
-3.99001399112 2.02888564079 -4.55582181674 0 0 0 1
-1.11267906037 6.96382231685 5.83645000449 0 0 0 1
4.88379200833 -3.79121278861 -5.97704961974 0 0 0 1
6.91309440724 -7.00214233048 0.612969185557 0 0 0 1
-7.1528176379 0.371134433921 -1.99947382735 0 0 0 1
6.69056814664 5.90791951584 6.42202753387 0 0 0 1
-7.426187838 -5.61174870082 8.88485938229 0 0 0 1
-0.0340216859803 -7.29503398657 -5.03481290022 0 0 0 1
-0.787807978102 -4.3062880979 -9.63310481427 0 0 0 1
-7.68665402118 -0.757469801305 8.66729217803 0 0 0 1
5.1019988091 -0.923076418689 6.31268917608 0 0 0 1
-7.17839342267 -2.62216719916 -6.38899857679 0 0 0 1
6.72397902683 -0.687943248901 8.95328427398 0 0 0 1
0.319711389148 4.17820613437 -1.29421473042 0 0 0 1
7.59397509552 3.56083901973 5.46703241135 0 0 0 1
7.60150687411 9.07698254935 5.90651152915 0 0 0 1
1.99098041721 -4.30600014089 -1.1926558092 0 0 0 1
1.95152820795 -9.4246054384 2.2773511528 0 0 0 1
-4.23068552005 6.64394761404 -7.46499292103 0 0 0 1
-0.539993466654 -7.53713791368 -8.99542507758 0 0 0 1
-9.44495965306 0.0830869466915 8.40187172127 0 0 0 1
-0.500033827777 4.00073945447 4.88656281091 0 0 0 1
2.48609026398 5.23765403575 -3.89189108521 0 0 0 1
1.75853052314 0.76032423909 7.87106800065 0 0 0 1
5.08822319132 5.40680698331 1.27608442811 0 0 0 1
-6.34135981741 -2.88523096408 4.16772267798 0 0 0 1
9.80340258579 -9.1798438625 -1.23113547926 0 0 0 1
-2.30915235463 -1.9718764801 -8.88202118669 0 0 0 1
4.24971022131 9.51792208718 4.71057052582 0 0 0 1
6.40375434243 8.03978217923 -9.02673523324 0 0 0 1
-2.45231243975 6.51319635845 5.98440562928 0 0 0 1
-7.98373467448 4.78928267479 6.63733095906 0 0 0 1
8.42280946028 8.1448432377 5.54288445422 0 0 0 1
-3.03672108056 8.04841721147 -0.038434924823 0 0 0 1
5.63634377887 -5.60705841362 -4.18913675544 0 0 0 1
7.96356775233 -5.41380303967 -6.6302848414 0 0 0 1
-2.91102452765 -1.39987922518 -6.60247193285 0 0 0 1
4.59800232009 5.1609351052 -8.10315862945 0 0 0 1
8.89814198238 7.10339619908 -2.91308959346 0 0 0 1
6.43130103393 7.14640408122 -6.41132072548 0 0 0 1
1.08850609336 -6.00226041012 4.60093073529 0 0 0 1
-7.40828434745 -1.99080806322 -9.49872453679 0 0 0 1
0.563633828858 1.93307862221 4.04477120349 0 0 0 1
-8.84729896755 7.2623326936 -0.894184123741 0 0 0 1
4.64885551422 0.0192148600764 -6.05816946006 0 0 0 1
-7.03670857028 4.20337567744 3.87891073813 0 0 0 1
-8.60867028432 -3.14717902757 7.67456061075 0 0 0 1
-4.23748873592 1.98572232444 8.78087266737 0 0 0 1
-7.38735960352 5.94718421006 3.42064389372 0 0 0 1
-3.03333798933 -3.23373207514 1.36365054298 0 0 0 1
0.272864179628 9.65031094998 -7.18085566518 0 0 0 1
-2.5315672012 -7.28822765129 2.39651986243 0 0 0 1
8.44291982917 -9.58378228068 8.58740375149 0 0 0 1
-7.18600258538 6.88805869187 0.193846687604 0 0 0 1
5.01948471348 4.25960687709 -8.21315884055 0 0 0 1
7.54477119416 4.10820892346 -3.63925392721 0 0 0 1
-5.66298010433 -6.34489945187 -0.599419814598 0 0 0 1
6.90754749629 -4.18442510608 8.35321442311 0 0 0 1
7.24228014423 -9.63126990011 6.80571212692 0 0 0 1
-5.82372283388 4.12003083812 -7.81103588819 0 0 0 1
-2.46186722917 -8.99898755045 2.98515707218 0 0 0 1
-2.25311968104 -1.69509426511 1.98564163502 0 0 0 1
-9.60790819179 -4.5503072008 -9.05774109421 0 0 0 1
-6.38229046443 6.9721171718 7.42991601372 0 0 0 1
8.11013616762 -8.39760693506 -3.09551427057 0 0 0 1
3.83731276828 -2.834058957 -9.60224621261 0 0 0 1
-2.55897868295 0.40517273068 4.22836450978 0 0 0 1
-6.14434967517 -6.32104848498 -2.67086439764 0 0 0 1
7.75544173144 9.63973997664 1.12267688161 0 0 0 1
-5.13386864086 -5.11350621341 -5.19058200395 0 0 0 1
4.25730289586 -9.11029815824 8.43450746331 0 0 0 1
-5.00418538939 5.66017344577 -4.758593025 0 0 0 1
-6.75400891512 -7.86869490432 -9.47710373362 0 0 0 1
-7.81544308701 3.68622832546 6.56792902997 0 0 0 1
4.16448216977 -1.6701039494 5.99513570342 0 0 0 1
-1.81532602428 2.25821853034 -5.36215456419 0 0 0 1
0.838995323094 1.29551493619 -0.103781823611 0 0 0 1
4.83630106305 -0.807164728991 7.77233447393 0 0 0 1
-5.77910965427 -9.0293363796 -9.68346461062 0 0 0 1
-1.02720831467 8.11121462844 -2.72597729993 0 0 0 1
8.96354985368 -1.2522951724 -1.15938342087 0 0 0 1
-2.54200141532 -8.10215064046 -4.5304212353 0 0 0 1
6.5271451105 7.79349241322 -1.98713836156 0 0 0 1
-4.66084079613 0.0964428916255 -5.85040724196 0 0 0 1
-8.02360810642 -5.27937746439 2.74003521832 0 0 0 1
6.85008115458 -6.67260853238 1.53401042543 0 0 0 1
-7.0935680052 -8.18144782233 -0.600131597556 0 0 0 1
-3.94122909309 -0.868503265335 -6.14321872464 0 0 0 1
3.04099371007 -4.5689664011 -7.1999662749 0 0 0 1
9.73266875094 4.28080016687 6.86496183706 0 0 0 1
-9.21981766208 9.53025694254 1.32142300042 0 0 0 1
-7.5911793599 1.76447306095 8.99715051364 0 0 0 1
0.284553188604 -8.30830887647 -1.36955780345 0 0 0 1
-1.16369152082 9.91304825603 3.77316401929 0 0 0 1
-2.9993913878 7.8183630794 -0.188227378072 0 0 0 1
-9.68725521465 -8.06799480313 -2.91210888516 0 0 0 1
-9.1190294464 -4.48029845461 -3.94877194279 0 0 0 1
-0.97073200461 7.46042347859 -4.19174558326 0 0 0 1
-0.483269370452 -0.945557727753 -1.91551886267 0 0 0 1
-2.66969625466 3.65455732307 -4.78727884784 0 0 0 1
-5.90433805483 -1.06618232531 0.751459682277 0 0 0 1
8.56718365108 -9.06554463845 -6.99999866412 0 0 0 1
-6.19299918864 4.36056229618 -5.77031843543 0 0 0 1
-7.73801695915 2.83504568557 2.5084572682 0 0 0 1
-6.14891236167 -9.45732265677 6.61447103869 0 0 0 1
9.57355025766 6.61844194028 3.38203140526 0 0 0 1
-1.54269911261 -0.368866986963 -2.07080162067 0 0 0 1
1.73727063656 4.54118666339 -3.86705103487 0 0 0 1
-8.68959950211 9.04246408676 5.22570203182 0 0 0 1
9.39855308844 -2.30401043662 2.70836514841 0 0 0 1
-8.57863688092 6.37366608959 -5.36180445063 0 0 0 1
7.33683802701 -4.7343141167 -8.50394318179 0 0 0 1
2.61607973075 -3.87880064095 -1.65280521703 0 0 0 1
-8.90001253878 7.53662194016 -6.61290900295 0 0 0 1
-5.87146666713 5.96060269873 -0.628835342308 0 0 0 1
-4.55496256847 1.28322734911 -4.30708484482 0 0 0 1
0.0363524310865 -7.94703334272 3.83397655764 0 0 0 1
1.70795512114 -5.34303361405 6.82471743931 0 0 0 1
8.78710623619 -0.221637201867 -4.91281065122 0 0 0 1
4.51378434692 5.00570768736 -6.87661273259 0 0 0 1
4.8208931259 -2.78486171324 -4.20763699274 0 0 0 1
1.28993519982 8.21236509017 3.95569216257 0 0 0 1
-1.61497320317 6.6386429798 -7.3422537927 0 0 0 1
4.19017279581 3.72597746995 4.08785538145 0 0 0 1
-8.78859772362 5.22776458027 3.71172315363 0 0 0 1
-3.4559189407 -8.47928616995 6.27704358162 0 0 0 1
3.88215515956 0.528766621373 -2.82431478075 0 0 0 1
7.95988554774 5.17091807793 1.38635896081 0 0 0 1
0.0897664024221 -9.62347135408 9.53154186111 0 0 0 1
9.88865742277 -8.18860829215 -6.94794368088 0 0 0 1
-3.26438306579 4.43180980438 -1.01279156089 0 0 0 1
-2.96537575688 -5.15596165834 -7.4751094841 0 0 0 1
9.72443888038 2.06461040207 -2.97626919679 0 0 0 1
6.39717748008 4.70559260538 -9.99103387606 0 0 0 1
-3.04500109409 0.520745096094 5.527706665 0 0 0 1
7.87970506953 5.91811452879 3.84560550881 0 0 0 1
-8.8001450547 0.612582288079 2.98418792811 0 0 0 1
7.38636080232 -0.37603258057 -4.70348437996 0 0 0 1
6.61718529893 -5.96516732894 -6.36604988609 0 0 0 1
-9.13320905959 -1.58509709288 -7.48773885212 0 0 0 1
2.64424737703 4.93627411549 9.70523089972 0 0 0 1
0.932527029274 -4.77431677451 5.57885908439 0 0 0 1
-7.4567549706 0.20329043251 6.43795065488 0 0 0 1
1.95902744479 0.329225625578 -1.24271150597 0 0 0 1
-6.38386740538 -7.38324374534 -1.54235663242 0 0 0 1
5.85535633728 0.0254713890686 -2.87773289725 0 0 0 1
-2.07405003583 1.04383991639 -3.56133722676 0 0 0 1
-0.2270374065 1.5622592508 -1.95474689284 0 0 0 1
-3.21699381148 -8.88354738612 4.30568920158 0 0 0 1
-2.90799882698 2.48005621626 -3.84199106494 0 0 0 1
5.33089349319 -7.51012670625 -1.81971007852 0 0 0 1
1.86503432584 -1.99447614105 5.45619607696 0 0 0 1
4.37584859999 -1.3473076866 -7.095043986 0 0 0 1
2.61812712504 6.70150212548 -0.483306583251 0 0 0 1
3.06434966536 2.62129780566 4.12597240178 0 0 0 1
-6.62762773602 -3.64685788112 8.36747443629 0 0 0 1
0.970030256658 -8.03264989635 9.49383934768 0 0 0 1
-4.82060558741 8.69603767751 9.89351738387 0 0 0 1
-9.45109737278 5.64844443442 9.07825066935 0 0 0 1
-3.01597660265 -0.730277200461 4.04193520929 0 0 0 1
2.46468733109 -1.85268505801 -8.21894489343 0 0 0 1
4.74345357923 -8.37407159589 1.7249881946 0 0 0 1
3.51721939724 -8.16950431586 9.01906991835 0 0 0 1
-7.45424364611 -0.454499050535 -6.41050020138 0 0 0 1
4.28276876013 -9.20175279583 6.78080178893 0 0 0 1
-8.02013575539 -9.80685782971 1.50128894685 0 0 0 1
7.76485929133 6.15931865667 4.21116884157 0 0 0 1
-7.33509583801 3.85653192777 -1.67003823852 0 0 0 1
0.925945105995 5.91469615574 -1.96739341571 0 0 0 1
4.92551011949 2.32806733916 -7.15088355152 0 0 0 1
-4.40048550916 3.1033932759 -1.05296829232 0 0 0 1
4.51618257248 -3.54410342919 1.19632948097 0 0 0 1
1.20624739641 -4.72415166689 -3.94462863769 0 0 0 1
-0.836760825781 1.93511784761 2.96646102656 0 0 0 1
2.57982819586 4.62344655898 -5.30692720814 0 0 0 1
3.58925474091 -8.60821262861 2.17945311806 0 0 0 1
-5.10877188104 1.31171248887 4.80047419297 0 0 0 1
-5.62996749924 3.09847961507 -9.20434051273 0 0 0 1
4.22439322862 -8.84190776233 -5.46982358269 0 0 0 1
1.53145381685 7.28751700015 -2.80413806835 0 0 0 1
-2.72851351001 5.20699444257 6.62984853772 0 0 0 1
-7.83647210345 -2.12830903417 -2.75418950041 0 0 0 1
1.28150450783 -5.20819165327 -9.4194097957 0 0 0 1
7.33887851781 -0.297441971614 7.14766925416 0 0 0 1
-6.20088583759 1.51984486559 -5.21645896542 0 0 0 1
-2.74400576707 -8.68844471132 4.08371833075 0 0 0 1
5.70940752433 1.32035413188 -5.71501570101 0 0 0 1
-5.69604564347 0.846845874844 -9.30927687725 0 0 0 1
1.29698831753 2.11603973989 -7.94363059017 0 0 0 1
1.41175965875 7.21942979743 4.72362569115 0 0 0 1
-5.08420703709 9.53701973722 -7.30202203384 0 0 0 1
-5.0477672016 -1.3460137553 2.86639049245 0 0 0 1
1.85422918847 7.90589221701 0.57655215756 0 0 0 1
-3.90799614108 1.6842503996 -3.6908614833 0 0 0 1
5.93877934092 5.14466270395 9.15985412731 0 0 0 1
7.32020831095 7.08705459348 4.35358153322 0 0 0 1
6.61967864301 -2.48074312486 -4.46978808821 0 0 0 1
-7.91215281638 0.0766191773983 2.3773755001 0 0 0 1
-3.38895849605 -9.94739940848 2.40102212286 0 0 0 1
-6.93496808926 5.95697667803 -2.81452380554 0 0 0 1
-4.41123987681 -8.6352555954 9.31494664822 0 0 0 1
-6.30944294365 -7.29608546711 -6.2036695946 0 0 0 1
-2.66835603641 3.67100030089 5.75854828287 0 0 0 1
2.94027827802 -4.26272031772 9.13386576874 0 0 0 1
4.82266367124 -8.87197864065 -2.20417901607 0 0 0 1
7.72346772748 2.40956764257 2.85283031806 0 0 0 1
-1.3706071882 -9.25175754185 4.60896400747 0 0 0 1
3.86793266979 2.96438413311 3.70678831012 0 0 0 1
5.62099183529 -5.01884624261 -3.69912629407 0 0 0 1
4.95997680239 -0.509697547866 9.49656001886 0 0 0 1
-0.961832088636 3.91898840869 -8.47382151617 0 0 0 1
4.34182587741 -1.77062350194 -2.35404737873 0 0 0 1
9.77770742266 -1.90137695486 3.64649842844 0 0 0 1
-8.87357017325 -3.58721387802 1.74727815777 0 0 0 1
6.15908481356 -4.05866857786 -7.39990488856 0 0 0 1
-5.96893462754 8.63526732029 -6.17495217736 0 0 0 1
-7.714073142 -0.385046344872 8.31624624801 0 0 0 1
-9.97758753446 -7.53100637833 -8.2328673189 0 0 0 1
-7.44158735272 0.689700094781 -7.96863577973 0 0 0 1
-4.42098158455 1.20507233734 9.12074220139 0 0 0 1
-2.2124050257 -2.82558881506 -2.28447607861 0 0 0 1
-5.93916449672 -5.02094033799 8.86354588665 0 0 0 1
-0.237240315578 -2.06697767375 3.32202265349 0 0 0 1
5.71919086377 -4.37910537822 9.51593489074 0 0 0 1
-2.78868057972 -1.33779011561 9.09290133722 0 0 0 1
1.63948423803 5.67808916479 1.69225432286 0 0 0 1
-2.58630948096 -5.66877905248 1.46673477648 0 0 0 1
9.63976264082 4.62733119949 -6.70599056503 0 0 0 1
2.87318856028 8.17626295306 -1.34732986085 0 0 0 1
0.7424040746 5.95993448377 -7.14899844763 0 0 0 1
7.16421912005 -4.81032811469 8.3765563261 0 0 0 1
-5.14130468191 -7.62005658522 8.26626100614 0 0 0 1
3.45725675577 8.57904827868 0.997572721246 0 0 0 1
-5.47316558291 -7.52865361236 7.4944506087 0 0 0 1
0.202586567421 3.32556316195 -5.8244649321 0 0 0 1
6.63279104243 -3.17412925826 6.27965257769 0 0 0 1
-8.15423875574 5.64951096939 -5.23133153873 0 0 0 1
-5.42347199123 9.27077778005 2.10159381168 0 0 0 1
2.62115122907 8.41077244181 -5.21104063721 0 0 0 1
3.83490937222 1.6739515855 -9.75121870551 0 0 0 1
-2.36075780887 0.702211316017 2.8205841695 0 0 0 1
3.90158255883 7.39911620818 3.42796829923 0 0 0 1
-7.01400021515 1.75315352813 3.70793519324 0 0 0 1
-9.53089228032 -2.01781650489 -8.61864871157 0 0 0 1
4.19622516308 -4.77562831949 -4.3859875519 0 0 0 1
7.41758011271 -0.31061029348 2.13455487289 0 0 0 1
0.0353163445841 -8.63102202683 -5.71575289481 0 0 0 1
4.19250734476 5.19331718259 -4.82849756047 0 0 0 1
4.43236616584 8.55700390828 -4.5016273273 0 0 0 1
3.27521229172 7.74302737784 -2.47353258374 0 0 0 1
-4.24102529156 9.83434497004 -7.53149515194 0 0 0 1
-0.0200700146246 -8.69382426403 -6.10009083157 0 0 0 1
-2.82116134307 7.1725303697 -5.71253270038 0 0 0 1
6.13789539072 9.98585326634 -2.31079772346 0 0 0 1
-2.6904977612 -0.796448894355 -4.30521360825 0 0 0 1
-9.64062621322 0.630566045786 -9.95287681468 0 0 0 1
6.96418475839 3.69806099167 0.119456746949 0 0 0 1
9.30200421545 -0.387063413499 5.74705503273 0 0 0 1
7.41906527324 8.33005932954 -1.3227345352 0 0 0 1
2.07870683268 -6.40842092182 -7.79916716693 0 0 0 1
3.55269358676 -5.43874325577 -9.4130757349 0 0 0 1
-2.04929710394 4.1265367815 -8.83882825748 0 0 0 1
-2.66191108719 -5.715141522 5.56283160755 0 0 0 1
-6.28633370486 9.54840837606 1.55567424491 0 0 0 1
-0.112868715907 3.33923321481 7.7657795649 0 0 0 1
5.92702959048 -6.34808910495 5.11104552417 0 0 0 1
6.53962036368 -2.87913009997 -1.77938007673 0 0 0 1
-9.78627156922 -9.00014258183 1.67740226769 0 0 0 1
5.11124061463 4.29533605465 3.18196629912 0 0 0 1
-8.18861744092 -0.382711119614 -2.98088815239 0 0 0 1
0.987753290601 -3.68878988859 -2.52804749473 0 0 0 1
7.08054028191 -8.12459672247 7.75641742096 0 0 0 1
-4.17890905658 -1.19188021956 -7.6320545314 0 0 0 1
-3.94024951733 -0.33417378928 9.19556571603 0 0 0 1
-9.37506680262 7.81497388818 5.34421833086 0 0 0 1
-4.27744411788 -5.02135488168 7.30784678037 0 0 0 1
-3.20069506157 6.09321570964 -2.73864519426 0 0 0 1
-7.50095212892 0.597428581017 -0.507840244332 0 0 0 1
1.59109555754 1.8705718638 8.32912890008 0 0 0 1
-1.70841386617 -0.704410565664 -7.75549183708 0 0 0 1
-5.65885051458 -4.11496400418 -1.90096157634 0 0 0 1
4.63835031551 5.36309555516 8.32337132686 0 0 0 1
9.53896276853 -1.41850062844 7.32089091699 0 0 0 1
-9.25945954396 8.5885870815 -5.70867288839 0 0 0 1
-8.50946003494 -5.35074394388 5.55003261767 0 0 0 1
-0.792914988255 1.60876307387 -7.07873390917 0 0 0 1
-2.68134876522 -5.96593429819 1.26411069646 0 0 0 1
-5.36184597869 -4.82917598316 7.08639077124 0 0 0 1
-7.83243243035 -6.98852502726 -3.42432421603 0 0 0 1
8.67130891142 1.34717982907 0.0769046170376 0 0 0 1
-3.13565779637 -7.80124096163 -0.825719921766 0 0 0 1
-6.51434281566 3.01731160667 -1.79727617101 0 0 0 1
-4.24321215631 -8.72041040046 0.996997601306 0 0 0 1
-3.46019242423 -6.42417171937 0.757313383217 0 0 0 1
2.93112230773 2.57448020923 -5.57071865167 0 0 0 1
-6.22324455754 -4.24913773746 0.681489962441 0 0 0 1
7.8190979061 5.24171325586 -3.3767654233 0 0 0 1
9.34673975685 -2.76936586011 -6.08074975835 0 0 0 1
6.83016137317 -9.24729223511 9.43518209614 0 0 0 1
-8.74477657031 -2.87511461693 -2.95966121724 0 0 0 1
-7.7537241984 -2.25284398663 -3.76044029676 0 0 0 1
6.91821004461 4.20598771432 -1.09245309974 0 0 0 1
5.273012783 2.21618090683 -8.69400465269 0 0 0 1
2.65812763741 5.1258510174 8.07937670578 0 0 0 1
0.816543365624 -4.80897512832 5.61266190152 0 0 0 1
1.70569131825 8.12682360025 5.9410233243 0 0 0 1
6.72142101898 -9.34673052302 -2.27376775021 0 0 0 1
-3.23329114057 1.88790499592 3.2924925744 0 0 0 1
-1.27332029382 -2.40009884794 4.43142503859 0 0 0 1
-2.1383457873 -7.15628806093 9.96943062938 0 0 0 1
-6.6286264509 2.60086253888 -5.09232934816 0 0 0 1
9.66310486026 -5.01598965083 8.2377633479 0 0 0 1
-3.67572658562 -5.57515913666 -9.67793237319 0 0 0 1
-2.71773552696 2.71168381381 7.60677175853 0 0 0 1
-8.56038007222 4.96961257527 -7.08301723602 0 0 0 1
7.7046141081 0.831227105738 5.23156351038 0 0 0 1
6.9303393784 -9.54788779518 -8.96085368185 0 0 0 1
-8.12078685235 -1.10226726106 -3.26700694864 0 0 0 1
-5.46035001437 9.89698960211 3.26777762676 0 0 0 1
-5.57976011452 -9.33588313311 1.9115074075 0 0 0 1
-3.22365882688 0.929899052308 -1.51943174276 0 0 0 1
-4.85837511769 2.91775115773 -3.23166997286 0 0 0 1
9.36558863036 0.489101932614 -5.09135368318 0 0 0 1
-1.84393184191 -8.76728601205 9.21203719587 0 0 0 1
9.37864155128 -1.53704832387 -0.635422627631 0 0 0 1
-8.67639615514 3.47631467935 9.19760303888 0 0 0 1
8.66176078274 -0.222766094805 -6.04697073839 0 0 0 1
4.28500707599 -5.36942233281 -0.0948455347414 0 0 0 1
-7.54101121484 0.975995947345 3.94882211257 0 0 0 1
0.42155756221 -9.97248627679 -0.000215268528363 0 0 0 1
-2.52343993633 -8.78895129169 3.72212769697 0 0 0 1
-3.82495671471 -7.23040275485 4.45711413214 0 0 0 1
-2.15949200315 -4.33436830481 -6.67144919361 0 0 0 1
-9.46472808392 9.34230067041 1.59936517546 0 0 0 1
1.20355910448 9.81753897319 -1.31431494562 0 0 0 1
8.46241315503 9.87256560587 -6.86759752076 0 0 0 1
-3.72020337272 -9.03526669318 6.15332200954 0 0 0 1
-6.69858648368 9.70447149963 -3.35408552607 0 0 0 1
-8.19294109073 1.74179375426 -1.63629185604 0 0 0 1
0.263534330997 0.768111549786 -8.33856209229 0 0 0 1
-3.35509951148 -6.37578819783 7.63890736216 0 0 0 1
6.97685150319 -2.48371152021 -8.85179445044 0 0 0 1
-8.9732309621 6.29265726037 -9.43360415839 0 0 0 1
-9.5606287532 -2.59625987537 -1.92204601945 0 0 0 1
-8.56642412369 -6.12986238362 3.72185331161 0 0 0 1
-1.4215806172 1.6011806893 0.198194659622 0 0 0 1
8.16483996554 6.94775568092 -3.73691766095 0 0 0 1
0.928598530893 6.03458560715 -0.68377787069 0 0 0 1
1.08403623035 -0.800898309596 1.32652588733 0 0 0 1
-1.10930970069 5.34407104957 -1.67610743361 0 0 0 1
2.42308859833 -8.65601513002 2.75275040403 0 0 0 1
3.98431913957 -0.168049932074 6.31046437647 0 0 0 1
9.37429141679 5.50247253384 -1.01356096794 0 0 0 1
-5.22496550276 5.13974899391 7.48394929491 0 0 0 1
-9.55022516448 9.43515047577 -7.47018463238 0 0 0 1
-0.579862884804 -6.14997726277 -6.85092369691 0 0 0 1
5.67738742561 -4.55305404701 -3.30956558983 0 0 0 1
1.79620817237 -4.44024816314 7.68411434674 0 0 0 1
-5.06196008302 5.84950384311 -9.07561968813 0 0 0 1
9.6825658227 -2.12198897672 3.03181266803 0 0 0 1
-8.26347284085 0.423026637042 2.8975240586 0 0 0 1
0.750797197059 9.39523143641 4.63903903403 0 0 0 1
3.56383812611 -8.68702761447 -7.52577438918 0 0 0 1
-7.63116372689 9.74213509484 -3.10494471769 0 0 0 1
8.845182773 8.71295780206 9.47226236263 0 0 0 1
6.99851618465 9.45341152913 8.59208700208 0 0 0 1
-6.51219216245 5.82752320959 -9.90996083285 0 0 0 1
-4.54805655997 6.99270281448 6.94233749618 0 0 0 1
0.495623097808 4.58587554735 -9.57050538995 0 0 0 1
4.15107056501 -1.51306581536 -5.36481363101 0 0 0 1
4.81953080259 0.993616558452 9.56805624939 0 0 0 1
1.45832550241 5.39518939884 -8.05137311297 0 0 0 1
-7.6251334737 5.48990215399 9.37496514689 0 0 0 1
-0.976222715544 -2.11068617948 -0.625019569333 0 0 0 1
1.603771402 2.84256554962 7.44515384967 0 0 0 1
-8.8187543442 9.58628590233 8.94174798491 0 0 0 1
4.60662112841 -7.92936129469 -3.15097355552 0 0 0 1
9.19258228514 -6.24724661043 0.714267147365 0 0 0 1
-6.45892070937 5.90341686964 -6.71672344836 0 0 0 1
-9.60956599288 -2.45156475072 8.58183757751 0 0 0 1
7.62646463675 -2.38582714257 -1.29007436543 0 0 0 1
4.59680442752 0.0149238585482 -9.76681436514 0 0 0 1
-8.41892917271 7.27466295491 -0.00939157965456 0 0 0 1
9.77389853508 -6.58841993083 -9.95110754881 0 0 0 1
9.36664289708 -7.58128597849 -8.92804108428 0 0 0 1
8.9357430432 6.56045763341 2.10529639615 0 0 0 1
-4.10294579191 1.64474660545 8.51991504461 0 0 0 1
9.69751779636 -4.60578740412 -6.97064869657 0 0 0 1
-0.469546291115 8.15148563017 4.26977081783 0 0 0 1
-2.12308350149 -9.00113926998 0.0780228598201 0 0 0 1
1.01457890891 2.62093320987 -7.53878734751 0 0 0 1
-9.58920252417 0.408236127938 9.53624764005 0 0 0 1
9.98633461539 -4.79305563477 -6.04435466672 0 0 0 1
6.21231065244 -1.00452216762 7.60574774989 0 0 0 1
5.1639495734 -8.11700254663 6.65399226899 0 0 0 1
-6.68988437864 8.76601867466 -1.87939674358 0 0 0 1
5.99432956962 1.84903046916 4.19780739263 0 0 0 1
-9.52016032815 -1.07874504303 -6.88875340859 0 0 0 1
8.2242788938 -1.43232115764 4.10652455349 0 0 0 1
5.25749099781 7.18901952326 9.5143745517 0 0 0 1
-8.06152161044 1.79583955629 3.54136847908 0 0 0 1
-4.40528559013 -6.83135573613 1.58626022654 0 0 0 1
4.19010257296 6.26283442214 6.96208400742 0 0 0 1
3.26656024867 -8.63686841573 -6.23902900787 0 0 0 1
7.39756847966 9.20662785603 3.14031722759 0 0 0 1
-1.10611605114 8.50129170267 -9.61317497156 0 0 0 1
2.53723655954 2.00973644923 -8.45905686511 0 0 0 1
-5.04307180109 6.59403373625 -5.65629429005 0 0 0 1
2.69690699575 8.26735895329 9.90894524839 0 0 0 1
1.58542153268 6.02159154585 -4.96753957764 0 0 0 1
8.73947286732 2.75645201713 6.58426384012 0 0 0 1
-3.98682595868 -7.82595431508 3.73641793268 0 0 0 1
1.2607474118 6.05159897277 3.66743510698 0 0 0 1
9.35209378148 -8.86355376477 0.830822174659 0 0 0 1
5.55151788401 -8.84419888867 8.51307055855 0 0 0 1
-6.3960016285 0.578932637746 -6.06395328855 0 0 0 1
7.84294467544 3.46211793769 8.75699989496 0 0 0 1
-8.75226812421 -4.88658698179 -8.71839413629 0 0 0 1
-8.34230235288 -7.95949317754 9.04596836586 0 0 0 1
4.75572883595 -6.65045356926 1.71194792668 0 0 0 1
5.95301729099 1.54473784888 5.34800194279 0 0 0 1
4.39399029962 7.56958107047 7.39552971938 0 0 0 1
0.0989920924274 -3.95315236327 3.79231447542 0 0 0 1
-2.94585436075 7.42701253654 -4.37437198715 0 0 0 1
-1.10047903314 -8.11081964865 -8.857300931 0 0 0 1
-0.796499007947 9.54644067864 -0.23604006306 0 0 0 1
-3.37869875843 3.46571790429 -8.35290668127 0 0 0 1
9.32373678459 -1.83833047707 5.73474885507 0 0 0 1
-1.90308154774 3.37570269017 -2.39197544992 0 0 0 1
-5.91931128821 -6.41438464931 -4.91125894015 0 0 0 1
-0.216951098182 1.04470201345 -9.73451313984 0 0 0 1
-8.82792082251 -7.26105847431 8.11799301299 0 0 0 1
7.68664692849 0.883612716097 -2.26016539295 0 0 0 1
-9.66472879644 -2.6303516277 -1.95476723586 0 0 0 1
0.00729271004231 2.6635655232 -2.87209396192 0 0 0 1
6.96465678472 -6.43427075898 -9.51720239247 0 0 0 1
7.44546163068 -4.54681149598 -0.422709419667 0 0 0 1
0.64343917188 3.21573932483 1.56030426341 0 0 0 1
-5.93937028242 -8.72000359665 4.62689316985 0 0 0 1
-3.92711252504 9.25497236317 -8.74138326535 0 0 0 1
-7.44342696315 5.50009951077 -3.51244471052 0 0 0 1
1.05310523835 1.09063863991 -0.648700183887 0 0 0 1
-1.93385785588 5.43093465608 7.04486713351 0 0 0 1
4.30151803769 -8.19929280932 8.98298241533 0 0 0 1
6.11618164225 -3.24191415778 8.72093594368 0 0 0 1
7.72037641823 3.71736371873 -4.46779322245 0 0 0 1
