-12.102263
-12.101593
-12.100924
-12.100254
-12.099585
-12.098915
-12.098246
-12.097576
-12.096906
-12.096237
-12.095567
-12.094898
-12.094228
-12.093558
-12.092889
-12.092219
-12.091549
-12.090880
-12.090210
-12.089540
-12.088871
-12.088201
-12.087531
-12.086862
-12.086192
-12.085522
-12.084853
-12.084183
-12.083513
-12.082843
-12.082174
-12.081504
-12.080834
-12.080164
-12.079495
-12.078825
-12.078155
-12.077485
-12.076815
-12.076146
-12.075476
-12.074806
-12.074136
-12.073466
-12.072797
-12.072127
-12.071457
-12.070787
-12.070117
-12.069447
-12.068777
-12.068107
-12.067438
-12.066768
-12.066098
-12.065428
-12.064758
-12.064088
-12.063418
-12.062748
-12.062078
-12.061408
-12.060738
-12.060068
-12.059398
-12.058728
-12.058058
-12.057388
-12.056718
-12.056048
-12.055378
-12.054708
-12.054038
-12.053368
-12.052698
-12.052028
-12.051358
-12.050688
-12.050018
-12.049348
-12.048678
-12.048008
-12.047338
-12.046667
-12.045997
-12.045327
-12.044657
-12.043987
-12.043317
-12.042647
-12.041977
-12.041306
-12.040636
-12.039966
-12.039296
-12.038626
-12.037956
-12.037285
-12.036615
-12.035945
-12.035275
-12.034604
-12.033934
-12.033264
-12.032594
-12.031923
-12.031253
-12.030583
-12.029913
-12.029242
-12.028572
-12.027902
-12.027231
-12.026561
-12.025891
-12.025221
-12.024550
-12.023880
-12.023210
-12.022539
-12.021869
-12.021198
-12.020528
-12.019858
-12.019187
-12.018517
-12.017847
-12.017176
-12.016506
-12.015835
-12.015165
-12.014494
-12.013824
-12.013154
-12.012483
-12.011813
-12.011142
-12.010472
-12.009801
-12.009131
-12.008460
-12.007790
-12.007119
-12.006449
-12.005778
-12.005108
-12.004437
-12.003767
-12.003096
-12.002426
-12.001755
-12.001084
-12.000414
-11.999743
-11.999073
-11.998402
-11.997731
-11.997061
-11.996390
-11.995720
-11.995049
-11.994378
-11.993708
-11.993037
-11.992366
-11.991696
-11.991025
-11.990354
-11.989684
-11.989013
-11.988342
-11.987672
-11.987001
-11.986330
-11.985660
-11.984989
-11.984318
-11.983647
-11.982977
-11.982306
-11.981635
-11.980964
-11.980294
-11.979623
-11.978952
-11.978281
-11.977610
-11.976940
-11.976269
-11.975598
-11.974927
-11.974256
-11.973585
-11.972915
-11.972244
-11.971573
-11.970902
-11.970231
-11.969560
-11.968889
-11.968218
-11.967547
-11.966877
-11.966206
-11.965535
-11.964864
-11.964193
-11.963522
-11.962851
-11.962180
-11.961509
-11.960838
-11.960167
-11.959496
-11.958825
-11.958154
-11.957483
-11.956812
-11.956141
-11.955470
-11.954799
-11.954128
-11.953457
-11.952786
-11.952115
-11.951444
-11.950773
-11.950102
-11.949431
-11.948759
-11.948088
-11.947417
-11.946746
-11.946075
-11.945404
-11.944733
-11.944062
-11.943390
-11.942719
-11.942048
-11.941377
-11.940706
-11.940035
-11.939363
-11.938692
-11.938021
-11.937350
-11.936679
-11.936007
-11.935336
-11.934665
-11.933994
-11.933322
-11.932651
-11.931980
-11.931309
-11.930637
-11.929966
-11.929295
-11.928623
-11.927952
-11.927281
-11.926610
-11.925938
-11.925267
-11.924596
-11.923924
-11.923253
-11.922582
-11.921910
-11.921239
-11.920567
-11.919896
-11.919225
-11.918553
-11.917882
-11.917210
-11.916539
-11.915868
-11.915196
-11.914525
-11.913853
-11.913182
-11.912510
-11.911839
-11.911167
-11.910496
-11.909825
-11.909153
-11.908482
-11.907810
-11.907139
-11.906467
-11.905795
-11.905124
-11.904452
-11.903781
-11.903109
-11.902438
-11.901766
-11.901095
-11.900423
-11.899751
-11.899080
-11.898408
-11.897737
-11.897065
-11.896393
-11.895722
-11.895050
-11.894379
-11.893707
-11.893035
-11.892364
-11.891692
-11.891020
-11.890349
-11.889677
-11.889005
-11.888333
-11.887662
-11.886990
-11.886318
-11.885647
-11.884975
-11.884303
-11.883631
-11.882960
-11.882288
-11.881616
-11.880944
-11.880273
-11.879601
-11.878929
-11.878257
-11.877585
-11.876914
-11.876242
-11.875570
-11.874898
-11.874226
-11.873554
-11.872883
-11.872211
-11.871539
-11.870867
-11.870195
-11.869523
-11.868851
-11.868179
-11.867508
-11.866836
-11.866164
-11.865492
-11.864820
-11.864148
-11.863476
-11.862804
-11.862132
-11.861460
-11.860788
-11.860116
-11.859444
-11.858772
-11.858100
-11.857428
-11.856756
-11.856084
-11.855412
-11.854740
-11.854068
-11.853396
-11.852724
-11.852052
-11.851380
-11.850708
-11.850036
-11.849364
-11.848691
-11.848019
-11.847347
-11.846675
-11.846003
-11.845331
-11.844659
-11.843987
-11.843314
-11.842642
-11.841970
-11.841298
-11.840626
-11.839954
-11.839281
-11.838609
-11.837937
-11.837265
-11.836593
-11.835920
-11.835248
-11.834576
-11.833904
-11.833231
-11.832559
-11.831887
-11.831215
-11.830542
-11.829870
-11.829198
-11.828526
-11.827853
-11.827181
-11.826509
-11.825836
-11.825164
-11.824492
-11.823819
-11.823147
-11.822475
-11.821802
-11.821130
-11.820458
-11.819785
-11.819113
-11.818440
-11.817768
-11.817096
-11.816423
-11.815751
-11.815078
-11.814406
-11.813733
-11.813061
-11.812389
-11.811716
-11.811044
-11.810371
-11.809699
-11.809026
-11.808354
-11.807681
-11.807009
-11.806336
-11.805664
-11.804991
-11.804319
-11.803646
-11.802973
-11.802301
-11.801628
-11.800956
-11.800283
-11.799611
-11.798938
-11.798265
-11.797593
-11.796920
-11.796248
-11.795575
-11.794902
-11.794230
-11.793557
-11.792884
-11.792212
-11.791539
-11.790867
-11.790194
-11.789521
-11.788848
-11.788176
-11.787503
-11.786830
-11.786158
-11.785485
-11.784812
-11.784139
-11.783467
-11.782794
-11.782121
-11.781448
-11.780776
-11.780103
-11.779430
-11.778757
-11.778085
-11.777412
-11.776739
-11.776066
-11.775393
-11.774721
-11.774048
-11.773375
-11.772702
-11.772029
-11.771356
-11.770683
-11.770011
-11.769338
-11.768665
-11.767992
-11.767319
-11.766646
-11.765973
-11.765300
-11.764627
-11.763954
-11.763281
-11.762609
-11.761936
-11.761263
-11.760590
-11.759917
-11.759244
-11.758571
-11.757898
-11.757225
-11.756552
-11.755879
-11.755206
-11.754533
-11.753860
-11.753187
-11.752514
-11.751841
-11.751167
-11.750494
-11.749821
-11.749148
-11.748475
-11.747802
-11.747129
-11.746456
-11.745783
-11.745110
-11.744437
-11.743763
-11.743090
-11.742417
-11.741744
-11.741071
-11.740398
-11.739725
-11.739051
-11.738378
-11.737705
-11.737032
-11.736359
-11.735685
-11.735012
-11.734339
-11.733666
-11.732992
-11.732319
-11.731646
-11.730973
-11.730299
-11.729626
-11.728953
-11.728280
-11.727606
-11.726933
-11.726260
-11.725586
-11.724913
-11.724240
-11.723566
-11.722893
-11.722220
-11.721546
-11.720873
-11.720200
-11.719526
-11.718853
-11.718180
-11.717506
-11.716833
-11.716159
-11.715486
-11.714813
-11.714139
-11.713466
-11.712792
-11.712119
-11.711445
-11.710772
-11.710099
-11.709425
-11.708752
-11.708078
-11.707405
-11.706731
-11.706058
-11.705384
-11.704711
-11.704037
-11.703364
-11.702690
-11.702016
-11.701343
-11.700669
-11.699996
-11.699322
-11.698649
-11.697975
-11.697302
-11.696628
-11.695954
-11.695281
-11.694607
-11.693933
-11.693260
-11.692586
-11.691913
-11.691239
-11.690565
-11.689892
-11.689218
-11.688544
-11.687871
-11.687197
-11.686523
-11.685850
-11.685176
-11.684502
-11.683828
-11.683155
-11.682481
-11.681807
-11.681134
-11.680460
-11.679786
-11.679112
-11.678438
-11.677765
-11.677091
-11.676417
-11.675743
-11.675070
-11.674396
-11.673722
-11.673048
-11.672374
-11.671700
-11.671027
-11.670353
-11.669679
-11.669005
-11.668331
-11.667657
-11.666983
-11.666309
-11.665636
-11.664962
-11.664288
-11.663614
-11.662940
-11.662266
-11.661592
-11.660918
-11.660244
-11.659570
-11.658896
-11.658222
-11.657548
-11.656874
-11.656200
-11.655526
-11.654852
-11.654178
-11.653504
-11.652830
-11.652156
-11.651482
-11.650808
-11.650134
-11.649460
-11.648786
-11.648112
-11.647438
-11.646764
-11.646090
-11.645416
-11.644742
-11.644068
-11.643393
-11.642719
-11.642045
-11.641371
-11.640697
-11.640023
-11.639349
-11.638674
-11.638000
-11.637326
-11.636652
-11.635978
-11.635304
-11.634629
-11.633955
-11.633281
-11.632607
-11.631933
-11.631258
-11.630584
-11.629910
-11.629236
-11.628561
-11.627887
-11.627213
-11.626539
-11.625864
-11.625190
-11.624516
-11.623841
-11.623167
-11.622493
-11.621818
-11.621144
-11.620470
-11.619795
-11.619121
-11.618447
-11.617772
-11.617098
-11.616424
-11.615749
-11.615075
-11.614400
-11.613726
-11.613052
-11.612377
-11.611703
-11.611028
-11.610354
-11.609680
-11.609005
-11.608331
-11.607656
-11.606982
-11.606307
-11.605633
-11.604958
-11.604284
-11.603609
-11.602935
-11.602260
-11.601586
-11.600911
-11.600237
-11.599562
-11.598888
-11.598213
-11.597539
-11.596864
-11.596189
-11.595515
-11.594840
-11.594166
-11.593491
-11.592816
-11.592142
-11.591467
-11.590793
-11.590118
-11.589443
-11.588769
-11.588094
-11.587419
-11.586745
-11.586070
-11.585395
-11.584721
-11.584046
-11.583371
-11.582697
-11.582022
-11.581347
-11.580673
-11.579998
-11.579323
-11.578648
-11.577974
-11.577299
-11.576624
-11.575949
-11.575275
-11.574600
-11.573925
-11.573250
-11.572575
-11.571901
-11.571226
-11.570551
-11.569876
-11.569201
-11.568527
-11.567852
-11.567177
-11.566502
-11.565827
-11.565152
-11.564477
-11.563802
-11.563128
-11.562453
-11.561778
-11.561103
-11.560428
-11.559753
-11.559078
-11.558403
-11.557728
-11.557053
-11.556378
-11.555703
-11.555028
-11.554353
-11.553679
-11.553004
-11.552329
-11.551654
-11.550979
-11.550304
-11.549628
-11.548953
-11.548278
-11.547603
-11.546928
-11.546253
-11.545578
-11.544903
-11.544228
-11.543553
-11.542878
-11.542203
-11.541528
-11.540853
-11.540178
-11.539502
-11.538827
-11.538152
-11.537477
-11.536802
-11.536127
-11.535452
-11.534776
-11.534101
-11.533426
-11.532751
-11.532076
-11.531401
-11.530725
-11.530050
-11.529375
-11.528700
-11.528025
-11.527349
-11.526674
-11.525999
-11.525324
-11.524648
-11.523973
-11.523298
-11.522622
-11.521947
-11.521272
-11.520597
-11.519921
-11.519246
-11.518571
-11.517895
-11.517220
-11.516545
-11.515869
-11.515194
-11.514519
-11.513843
-11.513168
-11.512493
-11.511817
-11.511142
-11.510466
-11.509791
-11.509116
-11.508440
-11.507765
-11.507089
-11.506414
-11.505738
-11.505063
-11.504388
-11.503712
-11.503037
-11.502361
-11.501686
-11.501010
-11.500335
-11.499659
-11.498984
-11.498308
-11.497633
-11.496957
-11.496282
-11.495606
-11.494931
-11.494255
-11.493579
-11.492904
-11.492228
-11.491553
-11.490877
-11.490202
-11.489526
-11.488850
-11.488175
-11.487499
-11.486824
-11.486148
-11.485472
-11.484797
-11.484121
-11.483445
-11.482770
-11.482094
-11.481418
-11.480743
-11.480067
-11.479391
-11.478716
-11.478040
-11.477364
-11.476689
-11.476013
-11.475337
-11.474661
-11.473986
-11.473310
-11.472634
-11.471958
-11.471283
-11.470607
-11.469931
-11.469255
-11.468579
-11.467904
-11.467228
-11.466552
-11.465876
-11.465200
-11.464525
-11.463849
-11.463173
-11.462497
-11.461821
-11.461145
-11.460469
-11.459794
-11.459118
-11.458442
-11.457766
-11.457090
-11.456414
-11.455738
-11.455062
-11.454386
-11.453710
-11.453034
-11.452358
-11.451682
-11.451007
-11.450331
-11.449655
-11.448979
-11.448303
-11.447627
-11.446951
-11.446275
-11.445599
-11.444923
-11.444247
-11.443571
-11.442895
-11.442218
-11.441542
-11.440866
-11.440190
-11.439514
-11.438838
-11.438162
-11.437486
-11.436810
-11.436134
-11.435458
-11.434782
-11.434105
-11.433429
-11.432753
-11.432077
-11.431401
-11.430725
-11.430049
-11.429372
-11.428696
-11.428020
-11.427344
-11.426668
-11.425991
-11.425315
-11.424639
-11.423963
-11.423287
-11.422610
-11.421934
-11.421258
-11.420582
-11.419905
-11.419229
-11.418553
-11.417877
-11.417200
-11.416524
-11.415848
-11.415171
-11.414495
-11.413819
-11.413142
-11.412466
-11.411790
-11.411113
-11.410437
-11.409761
-11.409084
-11.408408
-11.407732
-11.407055
-11.406379
-11.405703
-11.405026
-11.404350
-11.403673
-11.402997
-11.402320
-11.401644
-11.400968
-11.400291
-11.399615
-11.398938
-11.398262
-11.397585
-11.396909
-11.396232
-11.395556
-11.394879
-11.394203
-11.393526
-11.392850
-11.392173
-11.391497
-11.390820
-11.390144
-11.389467
-11.388791
-11.388114
-11.387438
-11.386761
-11.386084
-11.385408
-11.384731
-11.384055
-11.383378
-11.382701
-11.382025
-11.381348
-11.380672
-11.379995
-11.379318
-11.378642
-11.377965
-11.377288
-11.376612
-11.375935
-11.375258
-11.374582
-11.373905
-11.373228
-11.372552
-11.371875
-11.371198
-11.370521
-11.369845
-11.369168
-11.368491
-11.367814
-11.367138
-11.366461
-11.365784
-11.365107
-11.364431
-11.363754
-11.363077
-11.362400
-11.361723
-11.361047
-11.360370
-11.359693
-11.359016
-11.358339
-11.357662
-11.356986
-11.356309
-11.355632
-11.354955
-11.354278
-11.353601
-11.352924
-11.352247
-11.351571
-11.350894
-11.350217
-11.349540
-11.348863
-11.348186
-11.347509
-11.346832
-11.346155
-11.345478
-11.344801
-11.344124
-11.343447
-11.342770
-11.342093
-11.341416
-11.340739
-11.340062
-11.339385
-11.338708
-11.338031
-11.337354
-11.336677
-11.336000
-11.335323
-11.334646
-11.333969
-11.333292
-11.332615
-11.331938
-11.331261
-11.330583
-11.329906
-11.329229
-11.328552
-11.327875
-11.327198
-11.326521
-11.325844
-11.325166
-11.324489
-11.323812
-11.323135
-11.322458
-11.321781
-11.321103
-11.320426
-11.319749
-11.319072
-11.318395
-11.317717
-11.317040
-11.316363
-11.315686
-11.315008
-11.314331
-11.313654
-11.312977
-11.312299
-11.311622
-11.310945
-11.310268
-11.309590
-11.308913
-11.308236
-11.307558
-11.306881
-11.306204
-11.305526
-11.304849
-11.304172
-11.303494
-11.302817
-11.302140
-11.301462
-11.300785
-11.300107
-11.299430
-11.298753
-11.298075
-11.297398
-11.296720
-11.296043
-11.295366
-11.294688
-11.294011
-11.293333
-11.292656
-11.291978
-11.291301
-11.290623
-11.289946
-11.289268
-11.288591
-11.287913
-11.287236
-11.286558
-11.285881
-11.285203
-11.284526
-11.283848
-11.283171
-11.282493
-11.281816
-11.281138
-11.280460
-11.279783
-11.279105
-11.278428
-11.277750
-11.277073
-11.276395
-11.275717
-11.275040
-11.274362
-11.273684
-11.273007
-11.272329
-11.271652
-11.270974
-11.270296
-11.269619
-11.268941
-11.268263
-11.267585
-11.266908
-11.266230
-11.265552
-11.264875
-11.264197
-11.263519
-11.262841
-11.262164
-11.261486
-11.260808
-11.260130
-11.259453
-11.258775
-11.258097
-11.257419
-11.256742
-11.256064
-11.255386
-11.254708
-11.254030
-11.253353
-11.252675
-11.251997
-11.251319
-11.250641
-11.249963
-11.249286
-11.248608
-11.247930
-11.247252
-11.246574
-11.245896
-11.245218
-11.244540
-11.243862
-11.243184
-11.242507
-11.241829
-11.241151
-11.240473
-11.239795
-11.239117
-11.238439
-11.237761
-11.237083
-11.236405
-11.235727
-11.235049
-11.234371
-11.233693
-11.233015
-11.232337
-11.231659
-11.230981
-11.230303
-11.229625
-11.228947
-11.228269
-11.227591
-11.226913
-11.226235
-11.225556
-11.224878
-11.224200
-11.223522
-11.222844
-11.222166
-11.221488
-11.220810
-11.220132
-11.219453
-11.218775
-11.218097
-11.217419
-11.216741
-11.216063
-11.215385
-11.214706
-11.214028
-11.213350
-11.212672
-11.211994
-11.211315
-11.210637
-11.209959
-11.209281
-11.208602
-11.207924
-11.207246
-11.206568
-11.205889
-11.205211
-11.204533
-11.203855
-11.203176
-11.202498
-11.201820
-11.201141
-11.200463
-11.199785
-11.199106
-11.198428
-11.197750
-11.197071
-11.196393
-11.195715
-11.195036
-11.194358
-11.193680
-11.193001
-11.192323
-11.191644
-11.190966
-11.190288
-11.189609
-11.188931
-11.188252
-11.187574
-11.186896
-11.186217
-11.185539
-11.184860
-11.184182
-11.183503
-11.182825
-11.182146
-11.181468
-11.180789
-11.180111
-11.179432
-11.178754
-11.178075
-11.177397
-11.176718
-11.176040
-11.175361
-11.174683
-11.174004
-11.173325
-11.172647
-11.171968
-11.171290
-11.170611
-11.169933
-11.169254
-11.168575
-11.167897
-11.167218
-11.166539
-11.165861
-11.165182
-11.164504
-11.163825
-11.163146
-11.162468
-11.161789
-11.161110
-11.160432
-11.159753
-11.159074
-11.158395
-11.157717
-11.157038
-11.156359
-11.155681
-11.155002
-11.154323
-11.153644
-11.152966
-11.152287
-11.151608
-11.150929
-11.150251
-11.149572
-11.148893
-11.148214
-11.147535
-11.146857
-11.146178
-11.145499
-11.144820
-11.144141
-11.143463
-11.142784
-11.142105
-11.141426
-11.140747
-11.140068
-11.139389
-11.138710
-11.138032
-11.137353
-11.136674
-11.135995
-11.135316
-11.134637
-11.133958
-11.133279
-11.132600
-11.131921
-11.131242
-11.130563
-11.129884
-11.129205
-11.128526
-11.127848
-11.127169
-11.126490
-11.125811
-11.125132
-11.124453
-11.123773
-11.123094
-11.122415
-11.121736
-11.121057
-11.120378
-11.119699
-11.119020
-11.118341
-11.117662
-11.116983
-11.116304
-11.115625
-11.114946
-11.114267
-11.113587
-11.112908
-11.112229
-11.111550
-11.110871
-11.110192
-11.109513
-11.108833
-11.108154
-11.107475
-11.106796
-11.106117
-11.105438
-11.104758
-11.104079
-11.103400
-11.102721
-11.102042
-11.101362
-11.100683
-11.100004
-11.099325
-11.098645
-11.097966
-11.097287
-11.096608
-11.095928
-11.095249
-11.094570
-11.093890
-11.093211
-11.092532
-11.091853
-11.091173
-11.090494
-11.089815
-11.089135
-11.088456
-11.087777
-11.087097
-11.086418
-11.085738
-11.085059
-11.084380
-11.083700
-11.083021
-11.082342
-11.081662
-11.080983
-11.080303
-11.079624
-11.078944
-11.078265
-11.077586
-11.076906
-11.076227
-11.075547
-11.074868
-11.074188
-11.073509
-11.072829
-11.072150
-11.071470
-11.070791
-11.070111
-11.069432
-11.068752
-11.068073
-11.067393
-11.066714
-11.066034
-11.065355
-11.064675
-11.063995
-11.063316
-11.062636
-11.061957
-11.061277
-11.060598
-11.059918
-11.059238
-11.058559
-11.057879
-11.057199
-11.056520
-11.055840
-11.055161
-11.054481
-11.053801
-11.053122
-11.052442
-11.051762
-11.051083
-11.050403
-11.049723
-11.049043
-11.048364
-11.047684
-11.047004
-11.046325
-11.045645
-11.044965
-11.044285
-11.043606
-11.042926
-11.042246
-11.041566
-11.040887
-11.040207
-11.039527
-11.038847
-11.038167
-11.037488
-11.036808
-11.036128
-11.035448
-11.034768
-11.034088
-11.033409
-11.032729
-11.032049
-11.031369
-11.030689
-11.030009
-11.029329
-11.028650
-11.027970
-11.027290
-11.026610
-11.025930
-11.025250
-11.024570
-11.023890
-11.023210
-11.022530
-11.021850
-11.021170
-11.020490
-11.019810
-11.019130
-11.018450
-11.017770
-11.017090
-11.016410
-11.015730
-11.015050
-11.014370
-11.013690
-11.013010
-11.012330
-11.011650
-11.010970
-11.010290
-11.009610
-11.008930
-11.008250
-11.007570
-11.006890
-11.006210
-11.005530
-11.004850
-11.004169
-11.003489
-11.002809
-11.002129
-11.001449
-11.000769
-11.000089
-10.999409
-10.998728
-10.998048
-10.997368
-10.996688
-10.996008
-10.995327
-10.994647
-10.993967
-10.993287
-10.992607
-10.991926
-10.991246
-10.990566
-10.989886
-10.989206
-10.988525
-10.987845
-10.987165
-10.986484
-10.985804
-10.985124
-10.984444
-10.983763
-10.983083
-10.982403
-10.981722
-10.981042
-10.980362
-10.979681
-10.979001
-10.978321
-10.977640
-10.976960
-10.976280
-10.975599
-10.974919
-10.974239
-10.973558
-10.972878
-10.972197
-10.971517
-10.970837
-10.970156
-10.969476
-10.968795
-10.968115
-10.967434
-10.966754
-10.966074
-10.965393
-10.964713
-10.964032
-10.963352
-10.962671
-10.961991
-10.961310
-10.960630
-10.959949
-10.959269
-10.958588
-10.957908
-10.957227
-10.956547
-10.955866
-10.955185
-10.954505
-10.953824
-10.953144
-10.952463
-10.951783
-10.951102
-10.950421
-10.949741
-10.949060
-10.948380
-10.947699
-10.947018
-10.946338
-10.945657
-10.944976
-10.944296
-10.943615
-10.942934
-10.942254
-10.941573
-10.940892
-10.940212
-10.939531
-10.938850
-10.938170
-10.937489
-10.936808
-10.936128
-10.935447
-10.934766
-10.934085
-10.933405
-10.932724
-10.932043
-10.931362
-10.930682
-10.930001
-10.929320
-10.928639
-10.927958
-10.927278
-10.926597
-10.925916
-10.925235
-10.924554
-10.923873
-10.923193
-10.922512
-10.921831
-10.921150
-10.920469
-10.919788
-10.919107
-10.918427
-10.917746
-10.917065
-10.916384
-10.915703
-10.915022
-10.914341
-10.913660
-10.912979
-10.912298
-10.911617
-10.910936
-10.910256
-10.909575
-10.908894
-10.908213
-10.907532
-10.906851
-10.906170
-10.905489
-10.904808
-10.904127
-10.903446
-10.902765
-10.902084
-10.901403
-10.900722
-10.900040
-10.899359
-10.898678
-10.897997
-10.897316
-10.896635
-10.895954
-10.895273
-10.894592
-10.893911
-10.893230
-10.892549
-10.891867
-10.891186
-10.890505
-10.889824
-10.889143
-10.888462
-10.887781
-10.887099
-10.886418
-10.885737
-10.885056
-10.884375
-10.883694
-10.883012
-10.882331
-10.881650
-10.880969
-10.880287
-10.879606
-10.878925
-10.878244
-10.877563
-10.876881
-10.876200
-10.875519
-10.874837
-10.874156
-10.873475
-10.872794
-10.872112
-10.871431
-10.870750
-10.870068
-10.869387
-10.868706
-10.868024
-10.867343
-10.866662
-10.865980
-10.865299
-10.864618
-10.863936
-10.863255
-10.862574
-10.861892
-10.861211
-10.860529
-10.859848
-10.859167
-10.858485
-10.857804
-10.857122
-10.856441
-10.855759
-10.855078
-10.854396
-10.853715
-10.853034
-10.852352
-10.851671
-10.850989
-10.850308
-10.849626
-10.848945
-10.848263
-10.847582
-10.846900
-10.846219
-10.845537
-10.844856
-10.844174
-10.843492
-10.842811
-10.842129
-10.841448
-10.840766
-10.840085
-10.839403
-10.838721
-10.838040
-10.837358
-10.836677
-10.835995
-10.835313
-10.834632
-10.833950
-10.833268
-10.832587
-10.831905
-10.831223
-10.830542
-10.829860
-10.829178
-10.828497
-10.827815
-10.827133
-10.826452
-10.825770
-10.825088
-10.824407
-10.823725
-10.823043
-10.822361
-10.821680
-10.820998
-10.820316
-10.819634
-10.818953
-10.818271
-10.817589
-10.816907
-10.816225
-10.815544
-10.814862
-10.814180
-10.813498
-10.812816
-10.812135
-10.811453
-10.810771
-10.810089
-10.809407
-10.808725
-10.808043
-10.807362
-10.806680
-10.805998
-10.805316
-10.804634
-10.803952
-10.803270
-10.802588
-10.801906
-10.801224
-10.800543
-10.799861
-10.799179
-10.798497
-10.797815
-10.797133
-10.796451
-10.795769
-10.795087
-10.794405
-10.793723
-10.793041
-10.792359
-10.791677
-10.790995
-10.790313
-10.789631
-10.788949
-10.788267
-10.787585
-10.786903
-10.786221
-10.785538
-10.784856
-10.784174
-10.783492
-10.782810
-10.782128
-10.781446
-10.780764
-10.780082
-10.779400
-10.778718
-10.778035
-10.777353
-10.776671
-10.775989
-10.775307
-10.774625
-10.773942
-10.773260
-10.772578
-10.771896
-10.771214
-10.770532
-10.769849
-10.769167
-10.768485
-10.767803
-10.767120
-10.766438
-10.765756
-10.765074
-10.764392
-10.763709
-10.763027
-10.762345
-10.761662
-10.760980
-10.760298
-10.759616
-10.758933
-10.758251
-10.757569
-10.756886
-10.756204
-10.755522
-10.754839
-10.754157
-10.753475
-10.752792
-10.752110
-10.751428
-10.750745
-10.750063
-10.749380
-10.748698
-10.748016
-10.747333
-10.746651
-10.745968
-10.745286
-10.744604
-10.743921
-10.743239
-10.742556
-10.741874
-10.741191
-10.740509
-10.739826
-10.739144
-10.738462
-10.737779
-10.737097
-10.736414
-10.735732
-10.735049
-10.734367
-10.733684
-10.733001
-10.732319
-10.731636
-10.730954
-10.730271
-10.729589
-10.728906
-10.728224
-10.727541
-10.726858
-10.726176
-10.725493
-10.724811
-10.724128
-10.723445
-10.722763
-10.722080
-10.721398
-10.720715
-10.720032
-10.719350
-10.718667
-10.717984
-10.717302
-10.716619
-10.715936
-10.715254
-10.714571
-10.713888
-10.713206
-10.712523
-10.711840
-10.711157
-10.710475
-10.709792
-10.709109
-10.708427
-10.707744
-10.707061
-10.706378
-10.705695
-10.705013
-10.704330
-10.703647
-10.702964
-10.702282
-10.701599
-10.700916
-10.700233
-10.699550
-10.698868
-10.698185
-10.697502
-10.696819
-10.696136
-10.695453
-10.694770
-10.694088
-10.693405
-10.692722
-10.692039
-10.691356
-10.690673
-10.689990
-10.689307
-10.688624
-10.687941
-10.687259
-10.686576
-10.685893
-10.685210
-10.684527
-10.683844
-10.683161
-10.682478
-10.681795
-10.681112
-10.680429
-10.679746
-10.679063
-10.678380
-10.677697
-10.677014
-10.676331
-10.675648
-10.674965
-10.674282
-10.673599
-10.672916
-10.672233
-10.671550
-10.670867
-10.670183
-10.669500
-10.668817
-10.668134
-10.667451
-10.666768
-10.666085
-10.665402
-10.664719
-10.664035
-10.663352
-10.662669
-10.661986
-10.661303
-10.660620
-10.659937
-10.659253
-10.658570
-10.657887
-10.657204
-10.656521
-10.655837
-10.655154
-10.654471
-10.653788
-10.653105
-10.652421
-10.651738
-10.651055
-10.650372
-10.649688
-10.649005
-10.648322
-10.647639
-10.646955
-10.646272
-10.645589
-10.644905
-10.644222
-10.643539
-10.642856
-10.642172
-10.641489
-10.640806
-10.640122
-10.639439
-10.638755
-10.638072
-10.637389
-10.636705
-10.636022
-10.635339
-10.634655
-10.633972
-10.633288
-10.632605
-10.631922
-10.631238
-10.630555
-10.629871
-10.629188
-10.628505
-10.627821
-10.627138
-10.626454
-10.625771
-10.625087
-10.624404
-10.623720
-10.623037
-10.622353
-10.621670
-10.620986
-10.620303
-10.619619
-10.618936
-10.618252
-10.617569
-10.616885
-10.616202
-10.615518
-10.614835
-10.614151
-10.613467
-10.612784
-10.612100
-10.611417
-10.610733
-10.610049
-10.609366
-10.608682
-10.607999
-10.607315
-10.606631
-10.605948
-10.605264
-10.604580
-10.603897
-10.603213
-10.602529
-10.601846
-10.601162
-10.600478
-10.599795
-10.599111
-10.598427
-10.597744
-10.597060
-10.596376
-10.595693
-10.595009
-10.594325
-10.593641
-10.592958
-10.592274
-10.591590
-10.590906
-10.590223
-10.589539
-10.588855
-10.588171
-10.587487
-10.586804
-10.586120
-10.585436
-10.584752
-10.584068
-10.583385
-10.582701
-10.582017
-10.581333
-10.580649
-10.579965
-10.579281
-10.578598
-10.577914
-10.577230
-10.576546
-10.575862
-10.575178
-10.574494
-10.573810
-10.573126
-10.572442
-10.571759
-10.571075
-10.570391
-10.569707
-10.569023
-10.568339
-10.567655
-10.566971
-10.566287
-10.565603
-10.564919
-10.564235
-10.563551
-10.562867
-10.562183
-10.561499
-10.560815
-10.560131
-10.559447
-10.558763
-10.558079
-10.557395
-10.556711
-10.556027
-10.555342
-10.554658
-10.553974
-10.553290
-10.552606
-10.551922
-10.551238
-10.550554
-10.549870
-10.549186
-10.548501
-10.547817
-10.547133
-10.546449
-10.545765
-10.545081
-10.544397
-10.543712
-10.543028
-10.542344
-10.541660
-10.540976
-10.540291
-10.539607
-10.538923
-10.538239
-10.537555
-10.536870
-10.536186
-10.535502
-10.534818
-10.534133
-10.533449
-10.532765
-10.532081
-10.531396
-10.530712
-10.530028
-10.529343
-10.528659
-10.527975
-10.527290
-10.526606
-10.525922
-10.525238
-10.524553
-10.523869
-10.523184
-10.522500
-10.521816
-10.521131
-10.520447
-10.519763
-10.519078
-10.518394
-10.517710
-10.517025
-10.516341
-10.515656
-10.514972
-10.514287
-10.513603
-10.512919
-10.512234
-10.511550
-10.510865
-10.510181
-10.509496
-10.508812
-10.508127
-10.507443
-10.506758
-10.506074
-10.505389
-10.504705
-10.504020
-10.503336
-10.502651
-10.501967
-10.501282
-10.500598
-10.499913
-10.499229
-10.498544
-10.497860
-10.497175
-10.496490
-10.495806
-10.495121
-10.494437
-10.493752
-10.493067
-10.492383
-10.491698
-10.491014
-10.490329
-10.489644
-10.488960
-10.488275
-10.487590
-10.486906
-10.486221
-10.485536
-10.484852
-10.484167
-10.483482
-10.482798
-10.482113
-10.481428
-10.480744
-10.480059
-10.479374
-10.478689
-10.478005
-10.477320
-10.476635
-10.475950
-10.475266
-10.474581
-10.473896
-10.473211
-10.472527
-10.471842
-10.471157
-10.470472
-10.469787
-10.469103
-10.468418
-10.467733
-10.467048
-10.466363
-10.465678
-10.464994
-10.464309
-10.463624
-10.462939
-10.462254
-10.461569
-10.460884
-10.460200
-10.459515
-10.458830
-10.458145
-10.457460
-10.456775
-10.456090
-10.455405
-10.454720
-10.454035
-10.453350
-10.452665
-10.451981
-10.451296
-10.450611
-10.449926
-10.449241
-10.448556
-10.447871
-10.447186
-10.446501
-10.445816
-10.445131
-10.444446
-10.443761
-10.443076
-10.442391
-10.441706
-10.441020
-10.440335
-10.439650
-10.438965
-10.438280
-10.437595
-10.436910
-10.436225
-10.435540
-10.434855
-10.434170
-10.433485
-10.432799
-10.432114
-10.431429
-10.430744
-10.430059
-10.429374
-10.428689
-10.428003
-10.427318
-10.426633
-10.425948
-10.425263
-10.424578
-10.423892
-10.423207
-10.422522
-10.421837
-10.421152
-10.420466
-10.419781
-10.419096
-10.418411
-10.417725
-10.417040
-10.416355
-10.415670
-10.414984
-10.414299
-10.413614
-10.412929
-10.412243
-10.411558
-10.410873
-10.410187
-10.409502
-10.408817
-10.408131
-10.407446
-10.406761
-10.406075
-10.405390
-10.404705
-10.404019
-10.403334
-10.402649
-10.401963
-10.401278
-10.400592
-10.399907
-10.399222
-10.398536
-10.397851
-10.397165
-10.396480
-10.395795
-10.395109
-10.394424
-10.393738
-10.393053
-10.392367
-10.391682
-10.390996
-10.390311
-10.389625
-10.388940
-10.388254
-10.387569
-10.386883
-10.386198
-10.385512
-10.384827
-10.384141
-10.383456
-10.382770
-10.382085
-10.381399
-10.380714
-10.380028
-10.379342
-10.378657
-10.377971
-10.377286
-10.376600
-10.375915
-10.375229
-10.374543
-10.373858
-10.373172
-10.372486
-10.371801
-10.371115
-10.370430
-10.369744
-10.369058
-10.368373
-10.367687
-10.367001
-10.366316
-10.365630
-10.364944
-10.364259
-10.363573
-10.362887
-10.362201
-10.361516
-10.360830
-10.360144
-10.359458
-10.358773
-10.358087
-10.357401
-10.356715
-10.356030
-10.355344
-10.354658
-10.353972
-10.353287
-10.352601
-10.351915
-10.351229
-10.350543
-10.349858
-10.349172
-10.348486
-10.347800
-10.347114
-10.346428
-10.345743
-10.345057
-10.344371
-10.343685
-10.342999
-10.342313
-10.341627
-10.340941
-10.340256
-10.339570
-10.338884
-10.338198
-10.337512
-10.336826
-10.336140
-10.335454
-10.334768
-10.334082
-10.333396
-10.332710
-10.332024
-10.331338
-10.330652
-10.329966
-10.329280
-10.328594
-10.327908
-10.327222
-10.326536
-10.325850
-10.325164
-10.324478
-10.323792
-10.323106
-10.322420
-10.321734
-10.321048
-10.320362
-10.319676
-10.318990
-10.318304
-10.317618
-10.316932
-10.316246
-10.315559
-10.314873
-10.314187
-10.313501
-10.312815
-10.312129
-10.311443
-10.310757
-10.310070
-10.309384
-10.308698
-10.308012
-10.307326
-10.306640
-10.305953
-10.305267
-10.304581
-10.303895
-10.303209
-10.302522
-10.301836
-10.301150
-10.300464
-10.299777
-10.299091
-10.298405
-10.297719
-10.297032
-10.296346
-10.295660
-10.294974
-10.294287
-10.293601
-10.292915
-10.292228
-10.291542
-10.290856
-10.290170
-10.289483
-10.288797
-10.288111
-10.287424
-10.286738
-10.286052
-10.285365
-10.284679
-10.283992
-10.283306
-10.282620
-10.281933
-10.281247
-10.280561
-10.279874
-10.279188
-10.278501
-10.277815
-10.277128
-10.276442
-10.275756
-10.275069
-10.274383
-10.273696
-10.273010
-10.272323
-10.271637
-10.270950
-10.270264
-10.269577
-10.268891
-10.268204
-10.267518
-10.266831
-10.266145
-10.265458
-10.264772
-10.264085
-10.263399
-10.262712
-10.262026
-10.261339
-10.260653
-10.259966
-10.259279
-10.258593
-10.257906
-10.257220
-10.256533
-10.255846
-10.255160
-10.254473
-10.253787
-10.253100
-10.252413
-10.251727
-10.251040
-10.250353
-10.249667
-10.248980
-10.248293
-10.247607
-10.246920
-10.246233
-10.245547
-10.244860
-10.244173
-10.243487
-10.242800
-10.242113
-10.241427
-10.240740
-10.240053
-10.239366
-10.238680
-10.237993
-10.237306
-10.236619
-10.235933
-10.235246
-10.234559
-10.233872
-10.233185
-10.232499
-10.231812
-10.231125
-10.230438
-10.229751
-10.229065
-10.228378
-10.227691
-10.227004
-10.226317
-10.225630
-10.224944
-10.224257
-10.223570
-10.222883
-10.222196
-10.221509
-10.220822
-10.220135
-10.219448
-10.218762
-10.218075
-10.217388
-10.216701
-10.216014
-10.215327
-10.214640
-10.213953
-10.213266
-10.212579
-10.211892
-10.211205
-10.210518
-10.209831
-10.209144
-10.208457
-10.207770
-10.207083
-10.206396
-10.205709
-10.205022
-10.204335
-10.203648
-10.202961
-10.202274
-10.201587
-10.200900
-10.200213
-10.199526
-10.198839
-10.198152
-10.197465
-10.196777
-10.196090
-10.195403
-10.194716
-10.194029
-10.193342
-10.192655
-10.191968
-10.191281
-10.190593
-10.189906
-10.189219
-10.188532
-10.187845
-10.187158
-10.186470
-10.185783
-10.185096
-10.184409
-10.183722
-10.183034
-10.182347
-10.181660
-10.180973
-10.180286
-10.179598
-10.178911
-10.178224
-10.177537
-10.176849
-10.176162
-10.175475
-10.174788
-10.174100
-10.173413
-10.172726
-10.172038
-10.171351
-10.170664
-10.169977
-10.169289
-10.168602
-10.167915
-10.167227
-10.166540
-10.165853
-10.165165
-10.164478
-10.163790
-10.163103
-10.162416
-10.161728
-10.161041
-10.160354
-10.159666
-10.158979
-10.158291
-10.157604
-10.156917
-10.156229
-10.155542
-10.154854
-10.154167
-10.153479
-10.152792
-10.152104
-10.151417
-10.150730
-10.150042
-10.149355
-10.148667
-10.147980
-10.147292
-10.146605
-10.145917
-10.145230
-10.144542
-10.143855
-10.143167
-10.142479
-10.141792
-10.141104
-10.140417
-10.139729
-10.139042
-10.138354
-10.137667
-10.136979
-10.136291
-10.135604
-10.134916
-10.134229
-10.133541
-10.132853
-10.132166
-10.131478
-10.130791
-10.130103
-10.129415
-10.128728
-10.128040
-10.127352
-10.126665
-10.125977
-10.125289
-10.124602
-10.123914
-10.123226
-10.122538
-10.121851
-10.121163
-10.120475
-10.119788
-10.119100
-10.118412
-10.117724
-10.117037
-10.116349
-10.115661
-10.114973
-10.114286
-10.113598
-10.112910
-10.112222
-10.111535
-10.110847
-10.110159
-10.109471
-10.108783
-10.108096
-10.107408
-10.106720
-10.106032
-10.105344
-10.104656
-10.103968
-10.103281
-10.102593
-10.101905
-10.101217
-10.100529
-10.099841
-10.099153
-10.098465
-10.097778
-10.097090
-10.096402
-10.095714
-10.095026
-10.094338
-10.093650
-10.092962
-10.092274
-10.091586
-10.090898
-10.090210
-10.089522
-10.088834
-10.088146
-10.087458
-10.086770
-10.086082
-10.085394
-10.084706
-10.084018
-10.083330
-10.082642
-10.081954
-10.081266
-10.080578
-10.079890
-10.079202
-10.078514
-10.077826
-10.077138
-10.076450
-10.075762
-10.075074
-10.074386
-10.073697
-10.073009
-10.072321
-10.071633
-10.070945
-10.070257
-10.069569
-10.068881
-10.068193
-10.067504
-10.066816
-10.066128
-10.065440
-10.064752
-10.064064
-10.063375
-10.062687
-10.061999
-10.061311
-10.060623
-10.059934
-10.059246
-10.058558
-10.057870
-10.057181
-10.056493
-10.055805
-10.055117
-10.054429
-10.053740
-10.053052
-10.052364
-10.051675
-10.050987
-10.050299
-10.049611
-10.048922
-10.048234
-10.047546
-10.046857
-10.046169
-10.045481
-10.044792
-10.044104
-10.043416
-10.042727
-10.042039
-10.041351
-10.040662
-10.039974
-10.039286
-10.038597
-10.037909
-10.037220
-10.036532
-10.035844
-10.035155
-10.034467
-10.033778
-10.033090
-10.032401
-10.031713
-10.031025
-10.030336
-10.029648
-10.028959
-10.028271
-10.027582
-10.026894
-10.026205
-10.025517
-10.024828
-10.024140
-10.023451
-10.022763
-10.022074
-10.021386
-10.020697
-10.020009
-10.019320
-10.018632
-10.017943
-10.017255
-10.016566
-10.015877
-10.015189
-10.014500
-10.013812
-10.013123
-10.012435
-10.011746
-10.011057
-10.010369
-10.009680
-10.008991
-10.008303
-10.007614
-10.006926
-10.006237
-10.005548
-10.004860
-10.004171
-10.003482
-10.002794
-10.002105
-10.001416
-10.000728
-10.000039
-9.999350
-9.998661
-9.997973
-9.997284
-9.996595
-9.995907
-9.995218
-9.994529
-9.993840
-9.993152
-9.992463
-9.991774
-9.991085
-9.990397
-9.989708
-9.989019
-9.988330
-9.987641
-9.986953
-9.986264
-9.985575
-9.984886
-9.984197
-9.983509
-9.982820
-9.982131
-9.981442
-9.980753
-9.980064
-9.979376
-9.978687
-9.977998
-9.977309
-9.976620
-9.975931
-9.975242
-9.974553
-9.973864
-9.973176
-9.972487
-9.971798
-9.971109
-9.970420
-9.969731
-9.969042
-9.968353
-9.967664
-9.966975
-9.966286
-9.965597
-9.964908
-9.964219
-9.963530
-9.962841
-9.962152
-9.961463
-9.960774
-9.960085
-9.959396
-9.958707
-9.958018
-9.957329
-9.956640
-9.955951
-9.955262
-9.954573
-9.953884
-9.953195
-9.952506
-9.951817
-9.951128
-9.950438
-9.949749
-9.949060
-9.948371
-9.947682
-9.946993
-9.946304
-9.945615
-9.944926
-9.944236
-9.943547
-9.942858
-9.942169
-9.941480
-9.940791
-9.940101
-9.939412
-9.938723
-9.938034
-9.937345
-9.936655
-9.935966
-9.935277
-9.934588
-9.933899
-9.933209
-9.932520
-9.931831
-9.931142
-9.930452
-9.929763
-9.929074
-9.928385
-9.927695
-9.927006
-9.926317
-9.925627
-9.924938
-9.924249
-9.923560
-9.922870
-9.922181
-9.921492
-9.920802
-9.920113
-9.919424
-9.918734
-9.918045
-9.917356
-9.916666
-9.915977
-9.915287
-9.914598
-9.913909
-9.913219
-9.912530
-9.911841
-9.911151
-9.910462
-9.909772
-9.909083
-9.908393
-9.907704
-9.907015
-9.906325
-9.905636
-9.904946
-9.904257
-9.903567
-9.902878
-9.902188
-9.901499
-9.900809
-9.900120
-9.899430
-9.898741
-9.898051
-9.897362
-9.896672
-9.895983
-9.895293
-9.894604
-9.893914
-9.893225
-9.892535
-9.891846
-9.891156
-9.890466
-9.889777
-9.889087
-9.888398
-9.887708
-9.887019
-9.886329
-9.885639
-9.884950
-9.884260
-9.883570
-9.882881
-9.882191
-9.881502
-9.880812
-9.880122
-9.879433
-9.878743
-9.878053
-9.877364
-9.876674
-9.875984
-9.875295
-9.874605
-9.873915
-9.873225
-9.872536
-9.871846
-9.871156
-9.870467
-9.869777
-9.869087
-9.868397
-9.867708
-9.867018
-9.866328
-9.865638
-9.864949
-9.864259
-9.863569
-9.862879
-9.862189
-9.861500
-9.860810
-9.860120
-9.859430
-9.858740
-9.858051
-9.857361
-9.856671
-9.855981
-9.855291
-9.854601
-9.853911
-9.853222
-9.852532
-9.851842
-9.851152
-9.850462
-9.849772
-9.849082
-9.848392
-9.847702
-9.847013
-9.846323
-9.845633
-9.844943
-9.844253
-9.843563
-9.842873
-9.842183
-9.841493
-9.840803
-9.840113
-9.839423
-9.838733
-9.838043
-9.837353
-9.836663
-9.835973
-9.835283
-9.834593
-9.833903
-9.833213
-9.832523
-9.831833
-9.831143
-9.830453
-9.829763
-9.829073
-9.828383
-9.827693
-9.827003
-9.826313
-9.825623
-9.824932
-9.824242
-9.823552
-9.822862
-9.822172
-9.821482
-9.820792
-9.820102
-9.819412
-9.818721
-9.818031
-9.817341
-9.816651
-9.815961
-9.815271
-9.814580
-9.813890
-9.813200
-9.812510
-9.811820
-9.811130
-9.810439
-9.809749
-9.809059
-9.808369
-9.807678
-9.806988
-9.806298
-9.805608
-9.804918
-9.804227
-9.803537
-9.802847
-9.802157
-9.801466
-9.800776
-9.800086
-9.799395
-9.798705
-9.798015
-9.797324
-9.796634
-9.795944
-9.795254
-9.794563
-9.793873
-9.793183
-9.792492
-9.791802
-9.791111
-9.790421
-9.789731
-9.789040
-9.788350
-9.787660
-9.786969
-9.786279
-9.785588
-9.784898
-9.784208
-9.783517
-9.782827
-9.782136
-9.781446
-9.780756
-9.780065
-9.779375
-9.778684
-9.777994
-9.777303
-9.776613
-9.775922
-9.775232
-9.774541
-9.773851
-9.773160
-9.772470
-9.771779
-9.771089
-9.770398
-9.769708
-9.769017
-9.768327
-9.767636
-9.766946
-9.766255
-9.765565
-9.764874
-9.764183
-9.763493
-9.762802
-9.762112
-9.761421
-9.760731
-9.760040
-9.759349
-9.758659
-9.757968
-9.757278
-9.756587
-9.755896
-9.755206
-9.754515
-9.753824
-9.753134
-9.752443
-9.751752
-9.751062
-9.750371
-9.749680
-9.748990
-9.748299
-9.747608
-9.746918
-9.746227
-9.745536
-9.744845
-9.744155
-9.743464
-9.742773
-9.742083
-9.741392
-9.740701
-9.740010
-9.739320
-9.738629
-9.737938
-9.737247
-9.736556
-9.735866
-9.735175
-9.734484
-9.733793
-9.733102
-9.732412
-9.731721
-9.731030
-9.730339
-9.729648
-9.728958
-9.728267
-9.727576
-9.726885
-9.726194
-9.725503
-9.724812
-9.724121
-9.723431
-9.722740
-9.722049
-9.721358
-9.720667
-9.719976
-9.719285
-9.718594
-9.717903
-9.717212
-9.716521
-9.715831
-9.715140
-9.714449
-9.713758
-9.713067
-9.712376
-9.711685
-9.710994
-9.710303
-9.709612
-9.708921
-9.708230
-9.707539
-9.706848
-9.706157
-9.705466
-9.704775
-9.704084
-9.703393
-9.702702
-9.702011
-9.701320
-9.700628
-9.699937
-9.699246
-9.698555
-9.697864
-9.697173
-9.696482
-9.695791
-9.695100
-9.694409
-9.693718
-9.693026
-9.692335
-9.691644
-9.690953
-9.690262
-9.689571
-9.688880
-9.688188
-9.687497
-9.686806
-9.686115
-9.685424
-9.684733
-9.684041
-9.683350
-9.682659
-9.681968
-9.681277
-9.680585
-9.679894
-9.679203
-9.678512
-9.677820
-9.677129
-9.676438
-9.675747
-9.675055
-9.674364
-9.673673
-9.672982
-9.672290
-9.671599
-9.670908
-9.670217
-9.669525
-9.668834
-9.668143
-9.667451
-9.666760
-9.666069
-9.665377
-9.664686
-9.663995
-9.663303
-9.662612
-9.661921
-9.661229
-9.660538
-9.659846
-9.659155
-9.658464
-9.657772
-9.657081
-9.656389
-9.655698
-9.655007
-9.654315
-9.653624
-9.652932
-9.652241
-9.651550
-9.650858
-9.650167
-9.649475
-9.648784
-9.648092
-9.647401
-9.646709
-9.646018
-9.645326
-9.644635
-9.643943
-9.643252
-9.642560
-9.641869
-9.641177
-9.640486
-9.639794
-9.639103
-9.638411
-9.637720
-9.637028
-9.636336
-9.635645
-9.634953
-9.634262
-9.633570
-9.632879
-9.632187
-9.631495
-9.630804
-9.630112
-9.629421
-9.628729
-9.628037
-9.627346
-9.626654
-9.625962
-9.625271
-9.624579
-9.623888
-9.623196
-9.622504
-9.621813
-9.621121
-9.620429
-9.619738
-9.619046
-9.618354
-9.617662
-9.616971
-9.616279
-9.615587
-9.614896
-9.614204
-9.613512
-9.612820
-9.612129
-9.611437
-9.610745
-9.610053
-9.609362
-9.608670
-9.607978
-9.607286
-9.606594
-9.605903
-9.605211
-9.604519
-9.603827
-9.603135
-9.602444
-9.601752
-9.601060
-9.600368
-9.599676
-9.598985
-9.598293
-9.597601
-9.596909
-9.596217
-9.595525
-9.594833
-9.594141
-9.593450
-9.592758
-9.592066
-9.591374
-9.590682
-9.589990
-9.589298
-9.588606
-9.587914
-9.587222
-9.586530
-9.585838
-9.585147
-9.584455
-9.583763
-9.583071
-9.582379
-9.581687
-9.580995
-9.580303
-9.579611
-9.578919
-9.578227
-9.577535
-9.576843
-9.576151
-9.575459
-9.574767
-9.574075
-9.573383
-9.572691
-9.571998
-9.571306
-9.570614
-9.569922
-9.569230
-9.568538
-9.567846
-9.567154
-9.566462
-9.565770
-9.565078
-9.564386
-9.563693
-9.563001
-9.562309
-9.561617
-9.560925
-9.560233
-9.559541
-9.558848
-9.558156
-9.557464
-9.556772
-9.556080
-9.555388
-9.554695
-9.554003
-9.553311
-9.552619
-9.551927
-9.551234
-9.550542
-9.549850
-9.549158
-9.548466
-9.547773
-9.547081
-9.546389
-9.545697
-9.545004
-9.544312
-9.543620
-9.542928
-9.542235
-9.541543
-9.540851
-9.540158
-9.539466
-9.538774
-9.538082
-9.537389
-9.536697
-9.536005
-9.535312
-9.534620
-9.533928
-9.533235
-9.532543
-9.531850
-9.531158
-9.530466
-9.529773
-9.529081
-9.528389
-9.527696
-9.527004
-9.526311
-9.525619
-9.524927
-9.524234
-9.523542
-9.522849
-9.522157
-9.521465
-9.520772
-9.520080
-9.519387
-9.518695
-9.518002
-9.517310
-9.516617
-9.515925
-9.515232
-9.514540
-9.513847
-9.513155
-9.512462
-9.511770
-9.511077
-9.510385
-9.509692
-9.509000
-9.508307
-9.507615
-9.506922
-9.506230
-9.505537
-9.504845
-9.504152
-9.503459
-9.502767
-9.502074
-9.501382
-9.500689
-9.499996
-9.499304
-9.498611
-9.497919
-9.497226
-9.496533
-9.495841
-9.495148
-9.494455
-9.493763
-9.493070
-9.492378
-9.491685
-9.490992
-9.490300
-9.489607
-9.488914
-9.488221
-9.487529
-9.486836
-9.486143
-9.485451
-9.484758
-9.484065
-9.483373
-9.482680
-9.481987
-9.481294
-9.480602
-9.479909
-9.479216
-9.478523
-9.477831
-9.477138
-9.476445
-9.475752
-9.475059
-9.474367
-9.473674
-9.472981
-9.472288
-9.471595
-9.470903
-9.470210
-9.469517
-9.468824
-9.468131
-9.467438
-9.466746
-9.466053
-9.465360
-9.464667
-9.463974
-9.463281
-9.462588
-9.461895
-9.461203
-9.460510
-9.459817
-9.459124
-9.458431
-9.457738
-9.457045
-9.456352
-9.455659
-9.454966
-9.454273
-9.453580
-9.452887
-9.452195
-9.451502
-9.450809
-9.450116
-9.449423
-9.448730
-9.448037
-9.447344
-9.446651
-9.445958
-9.445265
-9.444572
-9.443879
-9.443186
-9.442493
-9.441800
-9.441106
-9.440413
-9.439720
-9.439027
-9.438334
-9.437641
-9.436948
-9.436255
-9.435562
-9.434869
-9.434176
-9.433483
-9.432790
-9.432096
-9.431403
-9.430710
-9.430017
-9.429324
-9.428631
-9.427938
-9.427245
-9.426551
-9.425858
-9.425165
-9.424472
-9.423779
-9.423086
-9.422392
-9.421699
-9.421006
-9.420313
-9.419620
-9.418926
-9.418233
-9.417540
-9.416847
-9.416154
-9.415460
-9.414767
-9.414074
-9.413381
-9.412687
-9.411994
-9.411301
-9.410607
-9.409914
-9.409221
-9.408528
-9.407834
-9.407141
-9.406448
-9.405754
-9.405061
-9.404368
-9.403674
-9.402981
-9.402288
-9.401594
-9.400901
-9.400208
-9.399514
-9.398821
-9.398128
-9.397434
-9.396741
-9.396048
-9.395354
-9.394661
-9.393967
-9.393274
-9.392581
-9.391887
-9.391194
-9.390500
-9.389807
-9.389114
-9.388420
-9.387727
-9.387033
-9.386340
-9.385646
-9.384953
-9.384259
-9.383566
-9.382872
-9.382179
-9.381485
-9.380792
-9.380098
-9.379405
-9.378711
-9.378018
-9.377324
-9.376631
-9.375937
-9.375244
-9.374550
-9.373857
-9.373163
-9.372470
-9.371776
-9.371082
-9.370389
-9.369695
-9.369002
-9.368308
-9.367615
-9.366921
-9.366227
-9.365534
-9.364840
-9.364147
-9.363453
-9.362759
-9.362066
-9.361372
-9.360678
-9.359985
-9.359291
-9.358597
-9.357904
-9.357210
-9.356516
-9.355823
-9.355129
-9.354435
-9.353742
-9.353048
-9.352354
-9.351661
-9.350967
-9.350273
-9.349579
-9.348886
-9.348192
-9.347498
-9.346804
-9.346111
-9.345417
-9.344723
-9.344029
-9.343336
-9.342642
-9.341948
-9.341254
-9.340560
-9.339867
-9.339173
-9.338479
-9.337785
-9.337091
-9.336398
-9.335704
-9.335010
-9.334316
-9.333622
-9.332928
-9.332235
-9.331541
-9.330847
-9.330153
-9.329459
-9.328765
-9.328071
-9.327377
-9.326684
-9.325990
-9.325296
-9.324602
-9.323908
-9.323214
-9.322520
-9.321826
-9.321132
-9.320438
-9.319744
-9.319050
-9.318356
-9.317662
-9.316968
-9.316275
-9.315581
-9.314887
-9.314193
-9.313499
-9.312805
-9.312111
-9.311417
-9.310723
-9.310029
-9.309334
-9.308640
-9.307946
-9.307252
-9.306558
-9.305864
-9.305170
-9.304476
-9.303782
-9.303088
-9.302394
-9.301700
-9.301006
-9.300312
-9.299618
-9.298924
-9.298229
-9.297535
-9.296841
-9.296147
-9.295453
-9.294759
-9.294065
-9.293371
-9.292676
-9.291982
-9.291288
-9.290594
-9.289900
-9.289206
-9.288511
-9.287817
-9.287123
-9.286429
-9.285735
-9.285040
-9.284346
-9.283652
-9.282958
-9.282264
-9.281569
-9.280875
-9.280181
-9.279487
-9.278792
-9.278098
-9.277404
-9.276710
-9.276015
-9.275321
-9.274627
-9.273932
-9.273238
-9.272544
-9.271850
-9.271155
-9.270461
-9.269767
-9.269072
-9.268378
-9.267684
-9.266989
-9.266295
-9.265601
-9.264906
-9.264212
-9.263518
-9.262823
-9.262129
-9.261434
-9.260740
-9.260046
-9.259351
-9.258657
-9.257963
-9.257268
-9.256574
-9.255879
-9.255185
-9.254490
-9.253796
-9.253102
-9.252407
-9.251713
-9.251018
-9.250324
-9.249629
-9.248935
-9.248240
-9.247546
-9.246851
-9.246157
-9.245462
-9.244768
-9.244073
-9.243379
-9.242684
-9.241990
-9.241295
-9.240601
-9.239906
-9.239212
-9.238517
-9.237823
-9.237128
-9.236434
-9.235739
-9.235044
-9.234350
-9.233655
-9.232961
-9.232266
-9.231571
-9.230877
-9.230182
-9.229488
-9.228793
-9.228098
-9.227404
-9.226709
-9.226015
-9.225320
-9.224625
-9.223931
-9.223236
-9.222541
-9.221847
-9.221152
-9.220457
-9.219763
-9.219068
-9.218373
-9.217679
-9.216984
-9.216289
-9.215594
-9.214900
-9.214205
-9.213510
-9.212815
-9.212121
-9.211426
-9.210731
-9.210037
-9.209342
-9.208647
-9.207952
-9.207257
-9.206563
-9.205868
-9.205173
-9.204478
-9.203783
-9.203089
-9.202394
-9.201699
-9.201004
-9.200309
-9.199615
-9.198920
-9.198225
-9.197530
-9.196835
-9.196140
-9.195446
-9.194751
-9.194056
-9.193361
-9.192666
-9.191971
-9.191276
-9.190581
-9.189886
-9.189192
-9.188497
-9.187802
-9.187107
-9.186412
-9.185717
-9.185022
-9.184327
-9.183632
-9.182937
-9.182242
-9.181547
-9.180852
-9.180157
-9.179462
-9.178767
-9.178072
-9.177377
-9.176682
-9.175987
-9.175292
-9.174597
-9.173902
-9.173207
-9.172512
-9.171817
-9.171122
-9.170427
-9.169732
-9.169037
-9.168342
-9.167647
-9.166952
-9.166257
-9.165562
-9.164867
-9.164172
-9.163477
-9.162781
-9.162086
-9.161391
-9.160696
-9.160001
-9.159306
-9.158611
-9.157916
-9.157220
-9.156525
-9.155830
-9.155135
-9.154440
-9.153745
-9.153050
-9.152354
-9.151659
-9.150964
-9.150269
-9.149574
-9.148878
-9.148183
-9.147488
-9.146793
-9.146098
-9.145402
-9.144707
-9.144012
-9.143317
-9.142621
-9.141926
-9.141231
-9.140536
-9.139840
-9.139145
-9.138450
-9.137755
-9.137059
-9.136364
-9.135669
-9.134973
-9.134278
-9.133583
-9.132888
-9.132192
-9.131497
-9.130802
-9.130106
-9.129411
-9.128716
-9.128020
-9.127325
-9.126629
-9.125934
-9.125239
-9.124543
-9.123848
-9.123153
-9.122457
-9.121762
-9.121066
-9.120371
-9.119676
-9.118980
-9.118285
-9.117589
-9.116894
-9.116199
-9.115503
-9.114808
-9.114112
-9.113417
-9.112721
-9.112026
-9.111330
-9.110635
-9.109939
-9.109244
-9.108548
-9.107853
-9.107157
-9.106462
-9.105766
-9.105071
-9.104375
-9.103680
-9.102984
-9.102289
-9.101593
-9.100898
-9.100202
-9.099507
-9.098811
-9.098115
-9.097420
-9.096724
-9.096029
-9.095333
-9.094638
-9.093942
-9.093246
-9.092551
-9.091855
-9.091160
-9.090464
-9.089768
-9.089073
-9.088377
-9.087681
-9.086986
-9.086290
-9.085594
-9.084899
-9.084203
-9.083508
-9.082812
-9.082116
-9.081420
-9.080725
-9.080029
-9.079333
-9.078638
-9.077942
-9.077246
-9.076551
-9.075855
-9.075159
-9.074463
-9.073768
-9.073072
-9.072376
-9.071680
-9.070985
-9.070289
-9.069593
-9.068897
-9.068202
-9.067506
-9.066810
-9.066114
-9.065418
-9.064723
-9.064027
-9.063331
-9.062635
-9.061939
-9.061243
-9.060548
-9.059852
-9.059156
-9.058460
-9.057764
-9.057068
-9.056373
-9.055677
-9.054981
-9.054285
-9.053589
-9.052893
-9.052197
-9.051501
-9.050805
-9.050110
-9.049414
-9.048718
-9.048022
-9.047326
-9.046630
-9.045934
-9.045238
-9.044542
-9.043846
-9.043150
-9.042454
-9.041758
-9.041062
-9.040366
-9.039670
-9.038974
-9.038278
-9.037582
-9.036886
-9.036190
-9.035494
-9.034798
-9.034102
-9.033406
-9.032710
-9.032014
-9.031318
-9.030622
-9.029926
-9.029230
-9.028534
-9.027838
-9.027142
-9.026446
-9.025750
-9.025054
-9.024357
-9.023661
-9.022965
-9.022269
-9.021573
-9.020877
-9.020181
-9.019485
-9.018789
-9.018092
-9.017396
-9.016700
-9.016004
-9.015308
-9.014612
-9.013916
-9.013219
-9.012523
-9.011827
-9.011131
-9.010435
-9.009738
-9.009042
-9.008346
-9.007650
-9.006954
-9.006257
-9.005561
-9.004865
-9.004169
-9.003472
-9.002776
-9.002080
-9.001384
-9.000687
-8.999991
-8.999295
-8.998599
-8.997902
-8.997206
-8.996510
-8.995813
-8.995117
-8.994421
-8.993725
-8.993028
-8.992332
-8.991636
-8.990939
-8.990243
-8.989547
-8.988850
-8.988154
-8.987458
-8.986761
-8.986065
-8.985368
-8.984672
-8.983976
-8.983279
-8.982583
-8.981887
-8.981190
-8.980494
-8.979797
-8.979101
-8.978405
-8.977708
-8.977012
-8.976315
-8.975619
-8.974922
-8.974226
-8.973529
-8.972833
-8.972137
-8.971440
-8.970744
-8.970047
-8.969351
-8.968654
-8.967958
-8.967261
-8.966565
-8.965868
-8.965172
-8.964475
-8.963779
-8.963082
-8.962386
-8.961689
-8.960992
-8.960296
-8.959599
-8.958903
-8.958206
-8.957510
-8.956813
-8.956117
-8.955420
-8.954723
-8.954027
-8.953330
-8.952634
-8.951937
-8.951240
-8.950544
-8.949847
-8.949151
-8.948454
-8.947757
-8.947061
-8.946364
-8.945667
-8.944971
-8.944274
-8.943577
-8.942881
-8.942184
-8.941487
-8.940791
-8.940094
-8.939397
-8.938701
-8.938004
-8.937307
-8.936610
-8.935914
-8.935217
-8.934520
-8.933824
-8.933127
-8.932430
-8.931733
-8.931037
-8.930340
-8.929643
-8.928946
-8.928250
-8.927553
-8.926856
-8.926159
-8.925462
-8.924766
-8.924069
-8.923372
-8.922675
-8.921978
-8.921282
-8.920585
-8.919888
-8.919191
-8.918494
-8.917797
-8.917101
-8.916404
-8.915707
-8.915010
-8.914313
-8.913616
-8.912919
-8.912222
-8.911526
-8.910829
-8.910132
-8.909435
-8.908738
-8.908041
-8.907344
-8.906647
-8.905950
-8.905253
-8.904556
-8.903859
-8.903163
-8.902466
-8.901769
-8.901072
-8.900375
-8.899678
-8.898981
-8.898284
-8.897587
-8.896890
-8.896193
-8.895496
-8.894799
-8.894102
-8.893405
-8.892708
-8.892011
-8.891314
-8.890617
-8.889920
-8.889223
-8.888526
-8.887828
-8.887131
-8.886434
-8.885737
-8.885040
-8.884343
-8.883646
-8.882949
-8.882252
-8.881555
-8.880858
-8.880161
-8.879463
-8.878766
-8.878069
-8.877372
-8.876675
-8.875978
-8.875281
-8.874583
-8.873886
-8.873189
-8.872492
-8.871795
-8.871098
-8.870400
-8.869703
-8.869006
-8.868309
-8.867612
-8.866915
-8.866217
-8.865520
-8.864823
-8.864126
-8.863428
-8.862731
-8.862034
-8.861337
-8.860640
-8.859942
-8.859245
-8.858548
-8.857850
-8.857153
-8.856456
-8.855759
-8.855061
-8.854364
-8.853667
-8.852970
-8.852272
-8.851575
-8.850878
-8.850180
-8.849483
-8.848786
-8.848088
-8.847391
-8.846694
-8.845996
-8.845299
-8.844602
-8.843904
-8.843207
-8.842509
-8.841812
-8.841115
-8.840417
-8.839720
-8.839023
-8.838325
-8.837628
-8.836930
-8.836233
-8.835535
-8.834838
-8.834141
-8.833443
-8.832746
-8.832048
-8.831351
-8.830653
-8.829956
-8.829258
-8.828561
-8.827864
-8.827166
-8.826469
-8.825771
-8.825074
-8.824376
-8.823679
-8.822981
-8.822284
-8.821586
-8.820889
-8.820191
-8.819494
-8.818796
-8.818098
-8.817401
-8.816703
-8.816006
-8.815308
-8.814611
-8.813913
-8.813216
-8.812518
-8.811820
-8.811123
-8.810425
-8.809728
-8.809030
-8.808332
-8.807635
-8.806937
-8.806240
-8.805542
-8.804844
-8.804147
-8.803449
-8.802751
-8.802054
-8.801356
-8.800658
-8.799961
-8.799263
-8.798565
-8.797868
-8.797170
-8.796472
-8.795775
-8.795077
-8.794379
-8.793681
-8.792984
-8.792286
-8.791588
-8.790891
-8.790193
-8.789495
-8.788797
-8.788100
-8.787402
-8.786704
-8.786006
-8.785309
-8.784611
-8.783913
-8.783215
-8.782517
-8.781820
-8.781122
-8.780424
-8.779726
-8.779028
-8.778331
-8.777633
-8.776935
-8.776237
-8.775539
-8.774842
-8.774144
-8.773446
-8.772748
-8.772050
-8.771352
-8.770654
-8.769957
-8.769259
-8.768561
-8.767863
-8.767165
-8.766467
-8.765769
-8.765071
-8.764373
-8.763675
-8.762978
-8.762280
-8.761582
-8.760884
-8.760186
-8.759488
-8.758790
-8.758092
-8.757394
-8.756696
-8.755998
-8.755300
-8.754602
-8.753904
-8.753206
-8.752508
-8.751810
-8.751112
-8.750414
-8.749716
-8.749018
-8.748320
-8.747622
-8.746924
-8.746226
-8.745528
-8.744830
-8.744132
-8.743434
-8.742736
-8.742038
-8.741340
-8.740642
-8.739943
-8.739245
-8.738547
-8.737849
-8.737151
-8.736453
-8.735755
-8.735057
-8.734359
-8.733661
-8.732962
-8.732264
-8.731566
-8.730868
-8.730170
-8.729472
-8.728774
-8.728075
-8.727377
-8.726679
-8.725981
-8.725283
-8.724584
-8.723886
-8.723188
-8.722490
-8.721792
-8.721093
-8.720395
-8.719697
-8.718999
-8.718301
-8.717602
-8.716904
-8.716206
-8.715508
-8.714809
-8.714111
-8.713413
-8.712715
-8.712016
-8.711318
-8.710620
-8.709922
-8.709223
-8.708525
-8.707827
-8.707128
-8.706430
-8.705732
-8.705033
-8.704335
-8.703637
-8.702938
-8.702240
-8.701542
-8.700843
-8.700145
-8.699447
-8.698748
-8.698050
-8.697352
-8.696653
-8.695955
-8.695256
-8.694558
-8.693860
-8.693161
-8.692463
-8.691764
-8.691066
-8.690368
-8.689669
-8.688971
-8.688272
-8.687574
-8.686875
-8.686177
-8.685479
-8.684780
-8.684082
-8.683383
-8.682685
-8.681986
-8.681288
-8.680589
-8.679891
-8.679192
-8.678494
-8.677795
-8.677097
-8.676398
-8.675700
-8.675001
-8.674303
-8.673604
-8.672906
-8.672207
-8.671509
-8.670810
-8.670111
-8.669413
-8.668714
-8.668016
-8.667317
-8.666619
-8.665920
-8.665221
-8.664523
-8.663824
-8.663126
-8.662427
-8.661728
-8.661030
-8.660331
-8.659633
-8.658934
-8.658235
-8.657537
-8.656838
-8.656139
-8.655441
-8.654742
-8.654043
-8.653345
-8.652646
-8.651947
-8.651249
-8.650550
-8.649851
-8.649153
-8.648454
-8.647755
-8.647056
-8.646358
-8.645659
-8.644960
-8.644262
-8.643563
-8.642864
-8.642165
-8.641467
-8.640768
-8.640069
-8.639370
-8.638672
-8.637973
-8.637274
-8.636575
-8.635876
-8.635178
-8.634479
-8.633780
-8.633081
-8.632382
-8.631684
-8.630985
-8.630286
-8.629587
-8.628888
-8.628189
-8.627491
-8.626792
-8.626093
-8.625394
-8.624695
-8.623996
-8.623297
-8.622599
-8.621900
-8.621201
-8.620502
-8.619803
-8.619104
-8.618405
-8.617706
-8.617007
-8.616308
-8.615610
-8.614911
-8.614212
-8.613513
-8.612814
-8.612115
-8.611416
-8.610717
-8.610018
-8.609319
-8.608620
-8.607921
-8.607222
-8.606523
-8.605824
-8.605125
-8.604426
-8.603727
-8.603028
-8.602329
-8.601630
-8.600931
-8.600232
-8.599533
-8.598834
-8.598135
-8.597436
-8.596737
-8.596038
-8.595339
-8.594640
-8.593941
-8.593241
-8.592542
-8.591843
-8.591144
-8.590445
-8.589746
-8.589047
-8.588348
-8.587649
-8.586950
-8.586250
-8.585551
-8.584852
-8.584153
-8.583454
-8.582755
-8.582056
-8.581356
-8.580657
-8.579958
-8.579259
-8.578560
-8.577861
-8.577161
-8.576462
-8.575763
-8.575064
-8.574365
-8.573665
-8.572966
-8.572267
-8.571568
-8.570869
-8.570169
-8.569470
-8.568771
-8.568072
-8.567372
-8.566673
-8.565974
-8.565275
-8.564575
-8.563876
-8.563177
-8.562477
-8.561778
-8.561079
-8.560380
-8.559680
-8.558981
-8.558282
-8.557582
-8.556883
-8.556184
-8.555484
-8.554785
-8.554086
-8.553386
-8.552687
-8.551988
-8.551288
-8.550589
-8.549890
-8.549190
-8.548491
-8.547792
-8.547092
-8.546393
-8.545693
-8.544994
-8.544295
-8.543595
-8.542896
-8.542196
-8.541497
-8.540797
-8.540098
-8.539399
-8.538699
-8.538000
-8.537300
-8.536601
-8.535901
-8.535202
-8.534502
-8.533803
-8.533103
-8.532404
-8.531704
-8.531005
-8.530305
-8.529606
-8.528906
-8.528207
-8.527507
-8.526808
-8.526108
-8.525409
-8.524709
-8.524010
-8.523310
-8.522611
-8.521911
-8.521212
-8.520512
-8.519812
-8.519113
-8.518413
-8.517714
-8.517014
-8.516315
-8.515615
-8.514915
-8.514216
-8.513516
-8.512817
-8.512117
-8.511417
-8.510718
-8.510018
-8.509318
-8.508619
-8.507919
-8.507220
-8.506520
-8.505820
-8.505121
-8.504421
-8.503721
-8.503022
-8.502322
-8.501622
-8.500922
-8.500223
-8.499523
-8.498823
-8.498124
-8.497424
-8.496724
-8.496024
-8.495325
-8.494625
-8.493925
-8.493226
-8.492526
-8.491826
-8.491126
-8.490427
-8.489727
-8.489027
-8.488327
-8.487627
-8.486928
-8.486228
-8.485528
-8.484828
-8.484128
-8.483429
-8.482729
-8.482029
-8.481329
-8.480629
-8.479930
-8.479230
-8.478530
-8.477830
-8.477130
-8.476430
-8.475730
-8.475031
-8.474331
-8.473631
-8.472931
-8.472231
-8.471531
-8.470831
-8.470131
-8.469432
-8.468732
-8.468032
-8.467332
-8.466632
-8.465932
-8.465232
-8.464532
-8.463832
-8.463132
-8.462432
-8.461732
-8.461032
-8.460332
-8.459632
-8.458932
-8.458232
-8.457533
-8.456833
-8.456133
-8.455433
-8.454733
-8.454033
-8.453333
-8.452633
-8.451933
-8.451232
-8.450532
-8.449832
-8.449132
-8.448432
-8.447732
-8.447032
-8.446332
-8.445632
-8.444932
-8.444232
-8.443532
-8.442832
-8.442132
-8.441432
-8.440732
-8.440032
-8.439331
-8.438631
-8.437931
-8.437231
-8.436531
-8.435831
-8.435131
-8.434431
-8.433730
-8.433030
-8.432330
-8.431630
-8.430930
-8.430230
-8.429530
-8.428829
-8.428129
-8.427429
-8.426729
-8.426029
-8.425328
-8.424628
-8.423928
-8.423228
-8.422528
-8.421827
-8.421127
-8.420427
-8.419727
-8.419027
-8.418326
-8.417626
-8.416926
-8.416226
-8.415525
-8.414825
-8.414125
-8.413425
-8.412724
-8.412024
-8.411324
-8.410623
-8.409923
-8.409223
-8.408523
-8.407822
-8.407122
-8.406422
-8.405721
-8.405021
-8.404321
-8.403620
-8.402920
-8.402220
-8.401519
-8.400819
-8.400119
-8.399418
-8.398718
-8.398017
-8.397317
-8.396617
-8.395916
-8.395216
-8.394516
-8.393815
-8.393115
-8.392414
-8.391714
-8.391013
-8.390313
-8.389613
-8.388912
-8.388212
-8.387511
-8.386811
-8.386110
-8.385410
-8.384710
-8.384009
-8.383309
-8.382608
-8.381908
-8.381207
-8.380507
-8.379806
-8.379106
-8.378405
-8.377705
-8.377004
-8.376304
-8.375603
-8.374903
-8.374202
-8.373502
-8.372801
-8.372101
-8.371400
-8.370699
-8.369999
-8.369298
-8.368598
-8.367897
-8.367197
-8.366496
-8.365795
-8.365095
-8.364394
-8.363694
-8.362993
-8.362293
-8.361592
-8.360891
-8.360191
-8.359490
-8.358789
-8.358089
-8.357388
-8.356688
-8.355987
-8.355286
-8.354586
-8.353885
-8.353184
-8.352484
-8.351783
-8.351082
-8.350382
-8.349681
-8.348980
-8.348279
-8.347579
-8.346878
-8.346177
-8.345477
-8.344776
-8.344075
-8.343374
-8.342674
-8.341973
-8.341272
-8.340572
-8.339871
-8.339170
-8.338469
-8.337769
-8.337068
-8.336367
-8.335666
-8.334965
-8.334265
-8.333564
-8.332863
-8.332162
-8.331461
-8.330761
-8.330060
-8.329359
-8.328658
-8.327957
-8.327257
-8.326556
-8.325855
-8.325154
-8.324453
-8.323752
-8.323051
-8.322351
-8.321650
-8.320949
-8.320248
-8.319547
-8.318846
-8.318145
-8.317444
-8.316744
-8.316043
-8.315342
-8.314641
-8.313940
-8.313239
-8.312538
-8.311837
-8.311136
-8.310435
-8.309734
-8.309033
-8.308332
-8.307631
-8.306930
-8.306229
-8.305529
-8.304828
-8.304127
-8.303426
-8.302725
-8.302024
-8.301323
-8.300622
-8.299921
-8.299220
-8.298519
-8.297818
-8.297117
-8.296415
-8.295714
-8.295013
-8.294312
-8.293611
-8.292910
-8.292209
-8.291508
-8.290807
-8.290106
-8.289405
-8.288704
-8.288003
-8.287302
-8.286601
-8.285899
-8.285198
-8.284497
-8.283796
-8.283095
-8.282394
-8.281693
-8.280992
-8.280291
-8.279589
-8.278888
-8.278187
-8.277486
-8.276785
-8.276084
-8.275382
-8.274681
-8.273980
-8.273279
-8.272578
-8.271877
-8.271175
-8.270474
-8.269773
-8.269072
-8.268371
-8.267669
-8.266968
-8.266267
-8.265566
-8.264864
-8.264163
-8.263462
-8.262761
-8.262059
-8.261358
-8.260657
-8.259956
-8.259254
-8.258553
-8.257852
-8.257151
-8.256449
-8.255748
-8.255047
-8.254345
-8.253644
-8.252943
-8.252241
-8.251540
-8.250839
-8.250137
-8.249436
-8.248735
-8.248033
-8.247332
-8.246631
-8.245929
-8.245228
-8.244527
-8.243825
-8.243124
-8.242423
-8.241721
-8.241020
-8.240318
-8.239617
-8.238916
-8.238214
-8.237513
-8.236811
-8.236110
-8.235409
-8.234707
-8.234006
-8.233304
-8.232603
-8.231901
-8.231200
-8.230498
-8.229797
-8.229096
-8.228394
-8.227693
-8.226991
-8.226290
-8.225588
-8.224887
-8.224185
-8.223484
-8.222782
-8.222081
-8.221379
-8.220678
-8.219976
-8.219275
-8.218573
-8.217872
-8.217170
-8.216468
-8.215767
-8.215065
-8.214364
-8.213662
-8.212961
-8.212259
-8.211558
-8.210856
-8.210154
-8.209453
-8.208751
-8.208050
-8.207348
-8.206646
-8.205945
-8.205243
-8.204542
-8.203840
-8.203138
-8.202437
-8.201735
-8.201033
-8.200332
-8.199630
-8.198928
-8.198227
-8.197525
-8.196823
-8.196122
-8.195420
-8.194718
-8.194017
-8.193315
-8.192613
-8.191912
-8.191210
-8.190508
-8.189807
-8.189105
-8.188403
-8.187701
-8.187000
-8.186298
-8.185596
-8.184894
-8.184193
-8.183491
-8.182789
-8.182087
-8.181386
-8.180684
-8.179982
-8.179280
-8.178578
-8.177877
-8.177175
-8.176473
-8.175771
-8.175069
-8.174368
-8.173666
-8.172964
-8.172262
-8.171560
-8.170859
-8.170157
-8.169455
-8.168753
-8.168051
-8.167349
-8.166647
-8.165946
-8.165244
-8.164542
-8.163840
-8.163138
-8.162436
-8.161734
-8.161032
-8.160331
-8.159629
-8.158927
-8.158225
-8.157523
-8.156821
-8.156119
-8.155417
-8.154715
-8.154013
-8.153311
-8.152609
-8.151907
-8.151205
-8.150503
-8.149801
-8.149100
-8.148398
-8.147696
-8.146994
-8.146292
-8.145590
-8.144888
-8.144186
-8.143484
-8.142782
-8.142080
-8.141378
-8.140676
-8.139973
-8.139271
-8.138569
-8.137867
-8.137165
-8.136463
-8.135761
-8.135059
-8.134357
-8.133655
-8.132953
-8.132251
-8.131549
-8.130847
-8.130145
-8.129443
-8.128740
-8.128038
-8.127336
-8.126634
-8.125932
-8.125230
-8.124528
-8.123826
-8.123123
-8.122421
-8.121719
-8.121017
-8.120315
-8.119613
-8.118911
-8.118208
-8.117506
-8.116804
-8.116102
-8.115400
-8.114698
-8.113995
-8.113293
-8.112591
-8.111889
-8.111186
-8.110484
-8.109782
-8.109080
-8.108378
-8.107675
-8.106973
-8.106271
-8.105569
-8.104866
-8.104164
-8.103462
-8.102760
-8.102057
-8.101355
-8.100653
-8.099951
-8.099248
-8.098546
-8.097844
-8.097141
-8.096439
-8.095737
-8.095034
-8.094332
-8.093630
-8.092927
-8.092225
-8.091523
-8.090820
-8.090118
-8.089416
-8.088713
-8.088011
-8.087309
-8.086606
-8.085904
-8.085202
-8.084499
-8.083797
-8.083094
-8.082392
-8.081690
-8.080987
-8.080285
-8.079582
-8.078880
-8.078178
-8.077475
-8.076773
-8.076070
-8.075368
-8.074665
-8.073963
-8.073261
-8.072558
-8.071856
-8.071153
-8.070451
-8.069748
-8.069046
-8.068343
-8.067641
-8.066938
-8.066236
-8.065533
-8.064831
-8.064128
-8.063426
-8.062723
-8.062021
-8.061318
-8.060616
-8.059913
-8.059211
-8.058508
-8.057806
-8.057103
-8.056401
-8.055698
-8.054995
-8.054293
-8.053590
-8.052888
-8.052185
-8.051483
-8.050780
-8.050077
-8.049375
-8.048672
-8.047970
-8.047267
-8.046564
-8.045862
-8.045159
-8.044456
-8.043754
-8.043051
-8.042349
-8.041646
-8.040943
-8.040241
-8.039538
-8.038835
-8.038133
-8.037430
-8.036727
-8.036025
-8.035322
-8.034619
-8.033917
-8.033214
-8.032511
-8.031808
-8.031106
-8.030403
-8.029700
-8.028998
-8.028295
-8.027592
-8.026889
-8.026187
-8.025484
-8.024781
-8.024078
-8.023376
-8.022673
-8.021970
-8.021267
-8.020565
-8.019862
-8.019159
-8.018456
-8.017753
-8.017051
-8.016348
-8.015645
-8.014942
-8.014239
-8.013537
-8.012834
-8.012131
-8.011428
-8.010725
-8.010022
-8.009320
-8.008617
-8.007914
-8.007211
-8.006508
-8.005805
-8.005102
-8.004399
-8.003697
-8.002994
-8.002291
-8.001588
-8.000885
-8.000182
-7.999479
-7.998776
-7.998073
-7.997370
-7.996668
-7.995965
-7.995262
-7.994559
-7.993856
-7.993153
-7.992450
-7.991747
-7.991044
-7.990341
-7.989638
-7.988935
-7.988232
-7.987529
-7.986826
-7.986123
-7.985420
-7.984717
-7.984014
-7.983311
-7.982608
-7.981905
-7.981202
-7.980499
-7.979796
-7.979093
-7.978390
-7.977687
-7.976984
-7.976281
-7.975578
-7.974875
-7.974172
-7.973469
-7.972766
-7.972062
-7.971359
-7.970656
-7.969953
-7.969250
-7.968547
-7.967844
-7.967141
-7.966438
-7.965735
-7.965031
-7.964328
-7.963625
-7.962922
-7.962219
-7.961516
-7.960813
-7.960110
-7.959406
-7.958703
-7.958000
-7.957297
-7.956594
-7.955891
-7.955187
-7.954484
-7.953781
-7.953078
-7.952375
-7.951671
-7.950968
-7.950265
-7.949562
-7.948859
-7.948155
-7.947452
-7.946749
-7.946046
-7.945342
-7.944639
-7.943936
-7.943233
-7.942529
-7.941826
-7.941123
-7.940420
-7.939716
-7.939013
-7.938310
-7.937606
-7.936903
-7.936200
-7.935497
-7.934793
-7.934090
-7.933387
-7.932683
-7.931980
-7.931277
-7.930573
-7.929870
-7.929167
-7.928463
-7.927760
-7.927057
-7.926353
-7.925650
-7.924947
-7.924243
-7.923540
-7.922836
-7.922133
-7.921430
-7.920726
-7.920023
-7.919319
-7.918616
-7.917913
-7.917209
-7.916506
-7.915802
-7.915099
-7.914396
-7.913692
-7.912989
-7.912285
-7.911582
-7.910878
-7.910175
-7.909471
-7.908768
-7.908064
-7.907361
-7.906658
-7.905954
-7.905251
-7.904547
-7.903844
-7.903140
-7.902437
-7.901733
-7.901030
-7.900326
-7.899622
-7.898919
-7.898215
-7.897512
-7.896808
-7.896105
-7.895401
-7.894698
-7.893994
-7.893291
-7.892587
-7.891883
-7.891180
-7.890476
-7.889773
-7.889069
-7.888366
-7.887662
-7.886958
-7.886255
-7.885551
-7.884848
-7.884144
-7.883440
-7.882737
-7.882033
-7.881329
-7.880626
-7.879922
-7.879219
-7.878515
-7.877811
-7.877108
-7.876404
-7.875700
-7.874997
-7.874293
-7.873589
-7.872886
-7.872182
-7.871478
-7.870774
-7.870071
-7.869367
-7.868663
-7.867960
-7.867256
-7.866552
-7.865848
-7.865145
-7.864441
-7.863737
-7.863034
-7.862330
-7.861626
-7.860922
-7.860219
-7.859515
-7.858811
-7.858107
-7.857403
-7.856700
-7.855996
-7.855292
-7.854588
-7.853885
-7.853181
-7.852477
-7.851773
-7.851069
-7.850365
-7.849662
-7.848958
-7.848254
-7.847550
-7.846846
-7.846142
-7.845439
-7.844735
-7.844031
-7.843327
-7.842623
-7.841919
-7.841215
-7.840512
-7.839808
-7.839104
-7.838400
-7.837696
-7.836992
-7.836288
-7.835584
-7.834880
-7.834176
-7.833473
-7.832769
-7.832065
-7.831361
-7.830657
-7.829953
-7.829249
-7.828545
-7.827841
-7.827137
-7.826433
-7.825729
-7.825025
-7.824321
-7.823617
-7.822913
-7.822209
-7.821505
-7.820801
-7.820097
-7.819393
-7.818689
-7.817985
-7.817281
-7.816577
-7.815873
-7.815169
-7.814465
-7.813761
-7.813057
-7.812353
-7.811649
-7.810945
-7.810241
-7.809537
-7.808833
-7.808129
-7.807424
-7.806720
-7.806016
-7.805312
-7.804608
-7.803904
-7.803200
-7.802496
-7.801792
-7.801088
-7.800383
-7.799679
-7.798975
-7.798271
-7.797567
-7.796863
-7.796159
-7.795454
-7.794750
-7.794046
-7.793342
-7.792638
-7.791934
-7.791229
-7.790525
-7.789821
-7.789117
-7.788413
-7.787709
-7.787004
-7.786300
-7.785596
-7.784892
-7.784187
-7.783483
-7.782779
-7.782075
-7.781371
-7.780666
-7.779962
-7.779258
-7.778554
-7.777849
-7.777145
-7.776441
-7.775737
-7.775032
-7.774328
-7.773624
-7.772919
-7.772215
-7.771511
-7.770807
-7.770102
-7.769398
-7.768694
-7.767989
-7.767285
-7.766581
-7.765876
-7.765172
-7.764468
-7.763763
-7.763059
-7.762355
-7.761650
-7.760946
-7.760242
-7.759537
-7.758833
-7.758128
-7.757424
-7.756720
-7.756015
-7.755311
-7.754607
-7.753902
-7.753198
-7.752493
-7.751789
-7.751084
-7.750380
-7.749676
-7.748971
-7.748267
-7.747562
-7.746858
-7.746153
-7.745449
-7.744745
-7.744040
-7.743336
-7.742631
-7.741927
-7.741222
-7.740518
-7.739813
-7.739109
-7.738404
-7.737700
-7.736995
-7.736291
-7.735586
-7.734882
-7.734177
-7.733473
-7.732768
-7.732064
-7.731359
-7.730655
-7.729950
-7.729245
-7.728541
-7.727836
-7.727132
-7.726427
-7.725723
-7.725018
-7.724314
-7.723609
-7.722904
-7.722200
-7.721495
-7.720791
-7.720086
-7.719381
-7.718677
-7.717972
-7.717268
-7.716563
-7.715858
-7.715154
-7.714449
-7.713744
-7.713040
-7.712335
-7.711630
-7.710926
-7.710221
-7.709517
-7.708812
-7.708107
-7.707402
-7.706698
-7.705993
-7.705288
-7.704584
-7.703879
-7.703174
-7.702470
-7.701765
-7.701060
-7.700356
-7.699651
-7.698946
-7.698241
-7.697537
-7.696832
-7.696127
-7.695422
-7.694718
-7.694013
-7.693308
-7.692603
-7.691899
-7.691194
-7.690489
-7.689784
-7.689079
-7.688375
-7.687670
-7.686965
-7.686260
-7.685555
-7.684851
-7.684146
-7.683441
-7.682736
-7.682031
-7.681327
-7.680622
-7.679917
-7.679212
-7.678507
-7.677802
-7.677097
-7.676393
-7.675688
-7.674983
-7.674278
-7.673573
-7.672868
-7.672163
-7.671459
-7.670754
-7.670049
-7.669344
-7.668639
-7.667934
-7.667229
-7.666524
-7.665819
-7.665114
-7.664409
-7.663704
-7.663000
-7.662295
-7.661590
-7.660885
-7.660180
-7.659475
-7.658770
-7.658065
-7.657360
-7.656655
-7.655950
-7.655245
-7.654540
-7.653835
-7.653130
-7.652425
-7.651720
-7.651015
-7.650310
-7.649605
-7.648900
-7.648195
-7.647490
-7.646785
-7.646080
-7.645375
-7.644670
-7.643965
-7.643260
-7.642555
-7.641849
-7.641144
-7.640439
-7.639734
-7.639029
-7.638324
-7.637619
-7.636914
-7.636209
-7.635504
-7.634799
-7.634093
-7.633388
-7.632683
-7.631978
-7.631273
-7.630568
-7.629863
-7.629158
-7.628452
-7.627747
-7.627042
-7.626337
-7.625632
-7.624927
-7.624222
-7.623516
-7.622811
-7.622106
-7.621401
-7.620696
-7.619990
-7.619285
-7.618580
-7.617875
-7.617170
-7.616464
-7.615759
-7.615054
-7.614349
-7.613644
-7.612938
-7.612233
-7.611528
-7.610823
-7.610117
-7.609412
-7.608707
-7.608002
-7.607296
-7.606591
-7.605886
-7.605181
-7.604475
-7.603770
-7.603065
-7.602359
-7.601654
-7.600949
-7.600243
-7.599538
-7.598833
-7.598128
-7.597422
-7.596717
-7.596012
-7.595306
-7.594601
-7.593896
-7.593190
-7.592485
-7.591779
-7.591074
-7.590369
-7.589663
-7.588958
-7.588253
-7.587547
-7.586842
-7.586136
-7.585431
-7.584726
-7.584020
-7.583315
-7.582609
-7.581904
-7.581199
-7.580493
-7.579788
-7.579082
-7.578377
-7.577672
-7.576966
-7.576261
-7.575555
-7.574850
-7.574144
-7.573439
-7.572733
-7.572028
-7.571322
-7.570617
-7.569911
-7.569206
-7.568500
-7.567795
-7.567089
-7.566384
-7.565678
-7.564973
-7.564267
-7.563562
-7.562856
-7.562151
-7.561445
-7.560740
-7.560034
-7.559329
-7.558623
-7.557918
-7.557212
-7.556506
-7.555801
-7.555095
-7.554390
-7.553684
-7.552979
-7.552273
-7.551567
-7.550862
-7.550156
-7.549451
-7.548745
-7.548039
-7.547334
-7.546628
-7.545923
-7.545217
-7.544511
-7.543806
-7.543100
-7.542394
-7.541689
-7.540983
-7.540277
-7.539572
-7.538866
-7.538160
-7.537455
-7.536749
-7.536043
-7.535338
-7.534632
-7.533926
-7.533221
-7.532515
-7.531809
-7.531104
-7.530398
-7.529692
-7.528986
-7.528281
-7.527575
-7.526869
-7.526164
-7.525458
-7.524752
-7.524046
-7.523341
-7.522635
-7.521929
-7.521223
-7.520518
-7.519812
-7.519106
-7.518400
-7.517694
-7.516989
-7.516283
-7.515577
-7.514871
-7.514165
-7.513460
-7.512754
-7.512048
-7.511342
-7.510636
-7.509931
-7.509225
-7.508519
-7.507813
-7.507107
-7.506401
-7.505695
-7.504990
-7.504284
-7.503578
-7.502872
-7.502166
-7.501460
-7.500754
-7.500048
-7.499343
-7.498637
-7.497931
-7.497225
-7.496519
-7.495813
-7.495107
-7.494401
-7.493695
-7.492989
-7.492283
-7.491578
-7.490872
-7.490166
-7.489460
-7.488754
-7.488048
-7.487342
-7.486636
-7.485930
-7.485224
-7.484518
-7.483812
-7.483106
-7.482400
-7.481694
-7.480988
-7.480282
-7.479576
-7.478870
-7.478164
-7.477458
-7.476752
-7.476046
-7.475340
-7.474634
-7.473928
-7.473222
-7.472516
-7.471810
-7.471104
-7.470398
-7.469692
-7.468985
-7.468279
-7.467573
-7.466867
-7.466161
-7.465455
-7.464749
-7.464043
-7.463337
-7.462631
-7.461925
-7.461219
-7.460512
-7.459806
-7.459100
-7.458394
-7.457688
-7.456982
-7.456276
-7.455570
-7.454863
-7.454157
-7.453451
-7.452745
-7.452039
-7.451333
-7.450626
-7.449920
-7.449214
-7.448508
-7.447802
-7.447096
-7.446389
-7.445683
-7.444977
-7.444271
-7.443565
-7.442858
-7.442152
-7.441446
-7.440740
-7.440033
-7.439327
-7.438621
-7.437915
-7.437208
-7.436502
-7.435796
-7.435090
-7.434383
-7.433677
-7.432971
-7.432265
-7.431558
-7.430852
-7.430146
-7.429439
-7.428733
-7.428027
-7.427321
-7.426614
-7.425908
-7.425202
-7.424495
-7.423789
-7.423083
-7.422376
-7.421670
-7.420964
-7.420257
-7.419551
-7.418845
-7.418138
-7.417432
-7.416726
-7.416019
-7.415313
-7.414606
-7.413900
-7.413194
-7.412487
-7.411781
-7.411075
-7.410368
-7.409662
-7.408955
-7.408249
-7.407543
-7.406836
-7.406130
-7.405423
-7.404717
-7.404010
-7.403304
-7.402598
-7.401891
-7.401185
-7.400478
-7.399772
-7.399065
-7.398359
-7.397652
-7.396946
-7.396239
-7.395533
-7.394826
-7.394120
-7.393413
-7.392707
-7.392000
-7.391294
-7.390587
-7.389881
-7.389174
-7.388468
-7.387761
-7.387055
-7.386348
-7.385642
-7.384935
-7.384229
-7.383522
-7.382816
-7.382109
-7.381402
-7.380696
-7.379989
-7.379283
-7.378576
-7.377870
-7.377163
-7.376456
-7.375750
-7.375043
-7.374337
-7.373630
-7.372923
-7.372217
-7.371510
-7.370804
-7.370097
-7.369390
-7.368684
-7.367977
-7.367270
-7.366564
-7.365857
-7.365150
-7.364444
-7.363737
-7.363030
-7.362324
-7.361617
-7.360910
-7.360204
-7.359497
-7.358790
-7.358084
-7.357377
-7.356670
-7.355964
-7.355257
-7.354550
-7.353843
-7.353137
-7.352430
-7.351723
-7.351017
-7.350310
-7.349603
-7.348896
-7.348190
-7.347483
-7.346776
-7.346069
-7.345363
-7.344656
-7.343949
-7.343242
-7.342535
-7.341829
-7.341122
-7.340415
-7.339708
-7.339001
-7.338295
-7.337588
-7.336881
-7.336174
-7.335467
-7.334761
-7.334054
-7.333347
-7.332640
-7.331933
-7.331226
-7.330520
-7.329813
-7.329106
-7.328399
-7.327692
-7.326985
-7.326278
-7.325572
-7.324865
-7.324158
-7.323451
-7.322744
-7.322037
-7.321330
-7.320623
-7.319916
-7.319209
-7.318503
-7.317796
-7.317089
-7.316382
-7.315675
-7.314968
-7.314261
-7.313554
-7.312847
-7.312140
-7.311433
-7.310726
-7.310019
-7.309312
-7.308605
-7.307898
-7.307191
-7.306484
-7.305777
-7.305070
-7.304363
-7.303656
-7.302949
-7.302242
-7.301535
-7.300828
-7.300121
-7.299414
-7.298707
-7.298000
-7.297293
-7.296586
-7.295879
-7.295172
-7.294465
-7.293758
-7.293051
-7.292344
-7.291637
-7.290930
-7.290223
-7.289516
-7.288809
-7.288101
-7.287394
-7.286687
-7.285980
-7.285273
-7.284566
-7.283859
-7.283152
-7.282445
-7.281738
-7.281030
-7.280323
-7.279616
-7.278909
-7.278202
-7.277495
-7.276788
-7.276080
-7.275373
-7.274666
-7.273959
-7.273252
-7.272545
-7.271837
-7.271130
-7.270423
-7.269716
-7.269009
-7.268302
-7.267594
-7.266887
-7.266180
-7.265473
-7.264766
-7.264058
-7.263351
-7.262644
-7.261937
-7.261229
-7.260522
-7.259815
-7.259108
-7.258400
-7.257693
-7.256986
-7.256279
-7.255571
-7.254864
-7.254157
-7.253450
-7.252742
-7.252035
-7.251328
-7.250620
-7.249913
-7.249206
-7.248499
-7.247791
-7.247084
-7.246377
-7.245669
-7.244962
-7.244255
-7.243547
-7.242840
-7.242133
-7.241425
-7.240718
-7.240011
-7.239303
-7.238596
-7.237889
-7.237181
-7.236474
-7.235766
-7.235059
-7.234352
-7.233644
-7.232937
-7.232229
-7.231522
-7.230815
-7.230107
-7.229400
-7.228692
-7.227985
-7.227278
-7.226570
-7.225863
-7.225155
-7.224448
-7.223740
-7.223033
-7.222326
-7.221618
-7.220911
-7.220203
-7.219496
-7.218788
-7.218081
-7.217373
-7.216666
-7.215958
-7.215251
-7.214543
-7.213836
-7.213128
-7.212421
-7.211713
-7.211006
-7.210298
-7.209591
-7.208883
-7.208176
-7.207468
-7.206761
-7.206053
-7.205346
-7.204638
-7.203931
-7.203223
-7.202515
-7.201808
-7.201100
-7.200393
-7.199685
-7.198978
-7.198270
-7.197562
-7.196855
-7.196147
-7.195440
-7.194732
-7.194024
-7.193317
-7.192609
-7.191902
-7.191194
-7.190486
-7.189779
-7.189071
-7.188364
-7.187656
-7.186948
-7.186241
-7.185533
-7.184825
-7.184118
-7.183410
-7.182702
-7.181995
-7.181287
-7.180579
-7.179872
-7.179164
-7.178456
-7.177749
-7.177041
-7.176333
-7.175625
-7.174918
-7.174210
-7.173502
-7.172795
-7.172087
-7.171379
-7.170671
-7.169964
-7.169256
-7.168548
-7.167840
-7.167133
-7.166425
-7.165717
-7.165009
-7.164302
-7.163594
-7.162886
-7.162178
-7.161471
-7.160763
-7.160055
-7.159347
-7.158639
-7.157932
-7.157224
-7.156516
-7.155808
-7.155100
-7.154393
-7.153685
-7.152977
-7.152269
-7.151561
-7.150853
-7.150146
-7.149438
-7.148730
-7.148022
-7.147314
-7.146606
-7.145898
-7.145191
-7.144483
-7.143775
-7.143067
-7.142359
-7.141651
-7.140943
-7.140235
-7.139527
-7.138820
-7.138112
-7.137404
-7.136696
-7.135988
-7.135280
-7.134572
-7.133864
-7.133156
-7.132448
-7.131740
-7.131032
-7.130324
-7.129616
-7.128908
-7.128200
-7.127493
-7.126785
-7.126077
-7.125369
-7.124661
-7.123953
-7.123245
-7.122537
-7.121829
-7.121121
-7.120413
-7.119705
-7.118997
-7.118289
-7.117581
-7.116873
-7.116165
-7.115457
-7.114748
-7.114040
-7.113332
-7.112624
-7.111916
-7.111208
-7.110500
-7.109792
-7.109084
-7.108376
-7.107668
-7.106960
-7.106252
-7.105544
-7.104836
-7.104128
-7.103419
-7.102711
-7.102003
-7.101295
-7.100587
-7.099879
-7.099171
-7.098463
-7.097755
-7.097046
-7.096338
-7.095630
-7.094922
-7.094214
-7.093506
-7.092798
-7.092089
-7.091381
-7.090673
-7.089965
-7.089257
-7.088549
-7.087840
-7.087132
-7.086424
-7.085716
-7.085008
-7.084299
-7.083591
-7.082883
-7.082175
-7.081467
-7.080758
-7.080050
-7.079342
-7.078634
-7.077925
-7.077217
-7.076509
-7.075801
-7.075092
-7.074384
-7.073676
-7.072968
-7.072259
-7.071551
-7.070843
-7.070135
-7.069426
-7.068718
-7.068010
-7.067301
-7.066593
-7.065885
-7.065177
-7.064468
-7.063760
-7.063052
-7.062343
-7.061635
-7.060927
-7.060218
-7.059510
-7.058802
-7.058093
-7.057385
-7.056677
-7.055968
-7.055260
-7.054552
-7.053843
-7.053135
-7.052426
-7.051718
-7.051010
-7.050301
-7.049593
-7.048885
-7.048176
-7.047468
-7.046759
-7.046051
-7.045343
-7.044634
-7.043926
-7.043217
-7.042509
-7.041800
-7.041092
-7.040384
-7.039675
-7.038967
-7.038258
-7.037550
-7.036841
-7.036133
-7.035424
-7.034716
-7.034008
-7.033299
-7.032591
-7.031882
-7.031174
-7.030465
-7.029757
-7.029048
-7.028340
-7.027631
-7.026923
-7.026214
-7.025506
-7.024797
-7.024089
-7.023380
-7.022672
-7.021963
-7.021254
-7.020546
-7.019837
-7.019129
-7.018420
-7.017712
-7.017003
-7.016295
-7.015586
-7.014877
-7.014169
-7.013460
-7.012752
-7.012043
-7.011335
-7.010626
-7.009917
-7.009209
-7.008500
-7.007792
-7.007083
-7.006374
-7.005666
-7.004957
-7.004248
-7.003540
-7.002831
-7.002123
-7.001414
-7.000705
-6.999997
-6.999288
-6.998579
-6.997871
-6.997162
-6.996453
-6.995745
-6.995036
-6.994327
-6.993619
-6.992910
-6.992201
-6.991492
-6.990784
-6.990075
-6.989366
-6.988658
-6.987949
-6.987240
-6.986532
-6.985823
-6.985114
-6.984405
-6.983697
-6.982988
-6.982279
-6.981570
-6.980862
-6.980153
-6.979444
-6.978735
-6.978027
-6.977318
-6.976609
-6.975900
-6.975191
-6.974483
-6.973774
-6.973065
-6.972356
-6.971647
-6.970939
-6.970230
-6.969521
-6.968812
-6.968103
-6.967395
-6.966686
-6.965977
-6.965268
-6.964559
-6.963850
-6.963142
-6.962433
-6.961724
-6.961015
-6.960306
-6.959597
-6.958888
-6.958180
-6.957471
-6.956762
-6.956053
-6.955344
-6.954635
-6.953926
-6.953217
-6.952508
-6.951800
-6.951091
-6.950382
-6.949673
-6.948964
-6.948255
-6.947546
-6.946837
-6.946128
-6.945419
-6.944710
-6.944001
-6.943292
-6.942583
-6.941874
-6.941166
-6.940457
-6.939748
-6.939039
-6.938330
-6.937621
-6.936912
-6.936203
-6.935494
-6.934785
-6.934076
-6.933367
-6.932658
-6.931949
-6.931240
-6.930531
-6.929822
-6.929113
-6.928404
-6.927695
-6.926986
-6.926276
-6.925567
-6.924858
-6.924149
-6.923440
-6.922731
-6.922022
-6.921313
-6.920604
-6.919895
-6.919186
-6.918477
-6.917768
-6.917059
-6.916350
-6.915640
-6.914931
-6.914222
-6.913513
-6.912804
-6.912095
-6.911386
-6.910677
-6.909968
-6.909258
-6.908549
-6.907840
-6.907131
-6.906422
-6.905713
-6.905004
-6.904294
-6.903585
-6.902876
-6.902167
-6.901458
-6.900749
-6.900039
-6.899330
-6.898621
-6.897912
-6.897203
-6.896493
-6.895784
-6.895075
-6.894366
-6.893657
-6.892947
-6.892238
-6.891529
-6.890820
-6.890111
-6.889401
-6.888692
-6.887983
-6.887274
-6.886564
-6.885855
-6.885146
-6.884437
-6.883727
-6.883018
-6.882309
-6.881600
-6.880890
-6.880181
-6.879472
-6.878762
-6.878053
-6.877344
-6.876635
-6.875925
-6.875216
-6.874507
-6.873797
-6.873088
-6.872379
-6.871669
-6.870960
-6.870251
-6.869541
-6.868832
-6.868123
-6.867413
-6.866704
-6.865995
-6.865285
-6.864576
-6.863867
-6.863157
-6.862448
-6.861738
-6.861029
-6.860320
-6.859610
-6.858901
-6.858191
-6.857482
-6.856773
-6.856063
-6.855354
-6.854644
-6.853935
-6.853226
-6.852516
-6.851807
-6.851097
-6.850388
-6.849678
-6.848969
-6.848260
-6.847550
-6.846841
-6.846131
-6.845422
-6.844712
-6.844003
-6.843293
-6.842584
-6.841874
-6.841165
-6.840455
-6.839746
-6.839036
-6.838327
-6.837617
-6.836908
-6.836198
-6.835489
-6.834779
-6.834070
-6.833360
-6.832651
-6.831941
-6.831232
-6.830522
-6.829813
-6.829103
-6.828394
-6.827684
-6.826974
-6.826265
-6.825555
-6.824846
-6.824136
-6.823427
-6.822717
-6.822007
-6.821298
-6.820588
-6.819879
-6.819169
-6.818459
-6.817750
-6.817040
-6.816331
-6.815621
-6.814911
-6.814202
-6.813492
-6.812783
-6.812073
-6.811363
-6.810654
-6.809944
-6.809234
-6.808525
-6.807815
-6.807105
-6.806396
-6.805686
-6.804976
-6.804267
-6.803557
-6.802847
-6.802138
-6.801428
-6.800718
-6.800009
-6.799299
-6.798589
-6.797879
-6.797170
-6.796460
-6.795750
-6.795041
-6.794331
-6.793621
-6.792911
-6.792202
-6.791492
-6.790782
-6.790072
-6.789363
-6.788653
-6.787943
-6.787233
-6.786524
-6.785814
-6.785104
-6.784394
-6.783685
-6.782975
-6.782265
-6.781555
-6.780845
-6.780136
-6.779426
-6.778716
-6.778006
-6.777296
-6.776587
-6.775877
-6.775167
-6.774457
-6.773747
-6.773037
-6.772328
-6.771618
-6.770908
-6.770198
-6.769488
-6.768778
-6.768069
-6.767359
-6.766649
-6.765939
-6.765229
-6.764519
-6.763809
-6.763099
-6.762390
-6.761680
-6.760970
-6.760260
-6.759550
-6.758840
-6.758130
-6.757420
-6.756710
-6.756000
-6.755290
-6.754581
-6.753871
-6.753161
-6.752451
-6.751741
-6.751031
-6.750321
-6.749611
-6.748901
-6.748191
-6.747481
-6.746771
-6.746061
-6.745351
-6.744641
-6.743931
-6.743221
-6.742511
-6.741801
-6.741091
-6.740381
-6.739671
-6.738961
-6.738251
-6.737541
-6.736831
-6.736121
-6.735411
-6.734701
-6.733991
-6.733281
-6.732571
-6.731861
-6.731151
-6.730441
-6.729731
-6.729021
-6.728311
-6.727601
-6.726891
-6.726180
-6.725470
-6.724760
-6.724050
-6.723340
-6.722630
-6.721920
-6.721210
-6.720500
-6.719790
-6.719080
-6.718369
-6.717659
-6.716949
-6.716239
-6.715529
-6.714819
-6.714109
-6.713399
-6.712688
-6.711978
-6.711268
-6.710558
-6.709848
-6.709138
-6.708427
-6.707717
-6.707007
-6.706297
-6.705587
-6.704877
-6.704166
-6.703456
-6.702746
-6.702036
-6.701326
-6.700615
-6.699905
-6.699195
-6.698485
-6.697775
-6.697064
-6.696354
-6.695644
-6.694934
-6.694223
-6.693513
-6.692803
-6.692093
-6.691382
-6.690672
-6.689962
-6.689252
-6.688541
-6.687831
-6.687121
-6.686411
-6.685700
-6.684990
-6.684280
-6.683570
-6.682859
-6.682149
-6.681439
-6.680728
-6.680018
-6.679308
-6.678597
-6.677887
-6.677177
-6.676466
-6.675756
-6.675046
-6.674335
-6.673625
-6.672915
-6.672204
-6.671494
-6.670784
-6.670073
-6.669363
-6.668653
-6.667942
-6.667232
-6.666522
-6.665811
-6.665101
-6.664390
-6.663680
-6.662970
-6.662259
-6.661549
-6.660838
-6.660128
-6.659418
-6.658707
-6.657997
-6.657286
-6.656576
-6.655865
-6.655155
-6.654445
-6.653734
-6.653024
-6.652313
-6.651603
-6.650892
-6.650182
-6.649471
-6.648761
-6.648051
-6.647340
-6.64