0.001634
-0.006036
-0.013703
-0.021363
-0.029011
-0.036645
-0.044260
-0.051853
-0.059420
-0.066956
-0.074460
-0.081926
-0.089352
-0.096733
-0.104068
-0.111352
-0.118583
-0.125757
-0.132871
-0.139923
-0.146909
-0.153827
-0.160674
-0.167448
-0.174147
-0.180767
-0.187306
-0.193763
-0.200136
-0.206421
-0.212619
-0.218726
-0.224741
-0.230662
-0.236488
-0.242218
-0.247850
-0.253383
-0.258815
-0.264146
-0.269374
-0.274499
-0.279520
-0.284435
-0.289245
-0.293949
-0.298545
-0.303034
-0.307416
-0.311688
-0.315853
-0.319908
-0.323854
-0.327691
-0.331419
-0.335037
-0.338546
-0.341945
-0.345235
-0.348417
-0.351489
-0.354452
-0.357307
-0.360054
-0.362693
-0.365225
-0.367650
-0.369968
-0.372179
-0.374285
-0.376286
-0.378182
-0.379974
-0.381662
-0.383248
-0.384731
-0.386112
-0.387392
-0.388572
-0.389652
-0.390634
-0.391516
-0.392302
-0.392990
-0.393582
-0.394079
-0.394481
-0.394790
-0.395006
-0.395129
-0.395161
-0.395102
-0.394954
-0.394716
-0.394390
-0.393977
-0.393478
-0.392892
-0.392222
-0.391468
-0.390631
-0.389712
-0.388711
-0.387629
-0.386467
-0.385227
-0.383909
-0.382513
-0.381041
-0.379493
-0.377871
-0.376175
-0.374406
-0.372564
-0.370652
-0.368669
-0.366616
-0.364495
-0.362305
-0.360049
-0.357726
-0.355338
-0.352885
-0.350368
-0.347789
-0.345147
-0.342444
-0.339680
-0.336857
-0.333975
-0.331035
-0.328038
-0.324984
-0.321875
-0.318710
-0.315492
-0.312221
-0.308897
-0.305521
-0.302095
-0.298619
-0.295093
-0.291519
-0.287897
-0.284228
-0.280513
-0.276753
-0.272948
-0.269100
-0.265208
-0.261274
-0.257298
-0.253282
-0.249226
-0.245130
-0.240996
-0.236824
-0.232616
-0.228371
-0.224090
-0.219775
-0.215426
-0.211044
-0.206629
-0.202183
-0.197705
-0.193197
-0.188660
-0.184094
-0.179500
-0.174879
-0.170231
-0.165558
-0.160859
-0.156136
-0.151390
-0.146621
-0.141829
-0.137016
-0.132183
-0.127330
-0.122457
-0.117566
-0.112658
-0.107733
-0.102791
-0.097834
-0.092862
-0.087877
-0.082878
-0.077867
-0.072844
-0.067810
-0.062766
-0.057712
-0.052650
-0.047580
-0.042502
-0.037418
-0.032329
-0.027235
-0.022136
-0.017034
-0.011930
-0.006823
-0.001716
0.003392
0.008499
0.013604
0.018708
0.023809
0.028906
0.033999
0.039086
0.044167
0.049242
0.054308
0.059367
0.064416
0.069454
0.074482
0.079498
0.084501
0.089491
0.094466
0.099426
0.104370
0.109297
0.114206
0.119097
0.123968
0.128818
0.133648
0.138455
0.143239
0.147998
0.152733
0.157442
0.162125
0.166779
0.171405
0.176001
0.180567
0.185101
0.189602
0.194070
0.198504
0.202902
0.207264
0.211588
0.215874
0.220120
0.224326
0.228490
0.232612
0.236690
0.240724
0.244712
0.248652
0.252545
0.256389
0.260183
0.263926
0.267617
0.271254
0.274836
0.278363
0.281833
0.285245
0.288598
0.291891
0.295122
0.298290
0.301395
0.304434
0.307408
0.310313
0.313151
0.315918
0.318614
0.321238
0.323788
0.326263
0.328662
0.330984
0.333227
0.335390
0.337472
0.339471
0.341387
0.343218
0.344962
0.346619
0.348187
0.349665
0.351051
0.352344
0.353544
0.354648
0.355655
0.356565
0.357375
0.358086
0.358694
0.359200
0.359601
0.359897
0.360087
0.360168
0.360141
0.360004
0.359755
0.359394
0.358920
0.358331
0.357626
0.356805
0.355866
0.354808
0.353631
0.352333
0.350914
0.349372
0.347708
0.345920
0.344007
0.341970
0.339806
0.337517
0.335100
0.332557
0.329885
0.327086
0.324159
0.321104
0.317920
0.314608
0.311167
0.307598
0.303901
0.300077
0.296125
0.292046
0.287841
0.283510
0.279054
0.274474
0.269772
0.264947
0.260001
0.254936
0.249752
0.244452
0.239037
0.233508
0.227868
0.222118
0.216260
0.210297
0.204231
0.198064
0.191799
0.185437
0.178983
0.172438
0.165806
0.159090
0.152292
0.145416
0.138465
0.131443
0.124352
0.117197
0.109981
0.102708
0.095380
0.088003
0.080580
0.073115
0.065611
0.058072
0.050504
0.042909
0.035291
0.027655
0.020004
0.012344
0.004676
-0.002993
-0.010662
-0.018324
-0.025977
-0.033617
-0.041240
-0.048842
-0.056419
-0.063967
-0.071484
-0.078965
-0.086407
-0.093806
-0.101159
-0.108463
-0.115715
-0.122911
-0.130049
-0.137125
-0.144137
-0.151082
-0.157957
-0.164760
-0.171488
-0.178139
-0.184710
-0.191199
-0.197605
-0.203925
-0.210157
-0.216299
-0.222350
-0.228308
-0.234172
-0.239939
-0.245609
-0.251181
-0.256652
-0.262023
-0.267291
-0.272457
-0.277518
-0.282475
-0.287326
-0.292071
-0.296710
-0.301241
-0.305664
-0.309979
-0.314186
-0.318284
-0.322272
-0.326152
-0.329922
-0.333583
-0.337135
-0.340577
-0.343910
-0.347134
-0.350248
-0.353254
-0.356152
-0.358941
-0.361622
-0.364196
-0.366662
-0.369021
-0.371274
-0.373422
-0.375463
-0.377400
-0.379233
-0.380962
-0.382587
-0.384110
-0.385531
-0.386851
-0.388070
-0.389189
-0.390208
-0.391129
-0.391953
-0.392679
-0.393309
-0.393843
-0.394282
-0.394627
-0.394879
-0.395038
-0.395105
-0.395082
-0.394968
-0.394765
-0.394474
-0.394095
-0.393629
-0.393077
-0.392440
-0.391719
-0.390914
-0.390026
-0.389057
-0.388007
-0.386876
-0.385667
-0.384378
-0.383013
-0.381570
-0.380052
-0.378459
-0.376791
-0.375051
-0.373237
-0.371352
-0.369397
-0.367371
-0.365276
-0.363113
-0.360883
-0.358586
-0.356223
-0.353795
-0.351303
-0.348748
-0.346130
-0.343451
-0.340711
-0.337911
-0.335052
-0.332134
-0.329159
-0.326127
-0.323039
-0.319896
-0.316699
-0.313448
-0.310145
-0.306789
-0.303382
-0.299925
-0.296419
-0.292863
-0.289260
-0.285609
-0.281912
-0.278170
-0.274382
-0.270550
-0.266675
-0.262757
-0.258798
-0.254797
-0.250756
-0.246676
-0.242557
-0.238399
-0.234205
-0.229974
-0.225707
-0.221405
-0.217069
-0.212700
-0.208297
-0.203863
-0.199398
-0.194901
-0.190376
-0.185821
-0.181237
-0.176626
-0.171989
-0.167325
-0.162636
-0.157922
-0.153185
-0.148424
-0.143641
-0.138836
-0.134011
-0.129165
-0.124300
-0.119416
-0.114514
-0.109595
-0.104660
-0.099709
-0.094742
-0.089762
-0.084768
-0.079761
-0.074743
-0.069713
-0.064672
-0.059622
-0.054563
-0.049496
-0.044421
-0.039339
-0.034252
-0.029159
-0.024062
-0.018961
-0.013857
-0.008751
-0.003644
0.001464
0.006572
0.011678
0.016783
0.021885
0.026984
0.032079
0.037169
0.042253
0.047330
0.052400
0.057462
0.062515
0.067558
0.072590
0.077611
0.082619
0.087615
0.092596
0.097562
0.102513
0.107447
0.112363
0.117262
0.122141
0.127000
0.131838
0.136654
0.141447
0.146217
0.150962
0.155681
0.160374
0.165040
0.169677
0.174285
0.178863
0.183410
0.187925
0.192406
0.196854
0.201266
0.205642
0.209982
0.214283
0.218545
0.222767
0.226948
0.231087
0.235183
0.239234
0.243240
0.247200
0.251112
0.254975
0.258789
0.262553
0.266264
0.269922
0.273527
0.277076
0.280568
0.284003
0.287380
0.290697
0.293952
0.297146
0.300276
0.303341
0.306341
0.309274
0.312138
0.314933
0.317658
0.320310
0.322890
0.325395
0.327824
0.330176
0.332451
0.334646
0.336760
0.338792
0.340741
0.342606
0.344384
0.346076
0.347679
0.349193
0.350615
0.351945
0.353182
0.354324
0.355370
0.356318
0.357168
0.357918
0.358567
0.359113
0.359556
0.359894
0.360126
0.360250
0.360266
0.360173
0.359968
0.359652
0.359222
0.358679
0.358020
0.357245
0.356353
0.355342
0.354212
0.352962
0.351591
0.350098
0.348482
0.346743
0.344880
0.342892
0.340778
0.338538
0.336172
0.333679
0.331058
0.328310
0.325434
0.322429
0.319296
0.316034
0.312645
0.309127
0.305480
0.301706
0.297805
0.293776
0.289621
0.285340
0.280933
0.276402
0.271748
0.266972
0.262074
0.257056
0.251919
0.246665
0.241295
0.235811
0.230215
0.224508
0.218693
0.212772
0.206746
0.200619
0.194392
0.188068
0.181651
0.175142
0.168544
0.161861
0.155095
0.148250
0.141328
0.134334
0.127270
0.120141
0.112948
0.105697
0.098391
0.091033
0.083628
0.076179
0.068690
0.061165
0.053609
0.046024
0.038415
0.030786
0.023141
0.015484
0.007819
0.000150
-0.007519
-0.015184
-0.022841
-0.030486
-0.038116
-0.045726
-0.053313
-0.060873
-0.068402
-0.075898
-0.083355
-0.090771
-0.098143
-0.105466
-0.112739
-0.119957
-0.127118
-0.134219
-0.141256
-0.148228
-0.155131
-0.161962
-0.168719
-0.175401
-0.182003
-0.188525
-0.194964
-0.201317
-0.207584
-0.213762
-0.219849
-0.225844
-0.231744
-0.237550
-0.243258
-0.248869
-0.254379
-0.259790
-0.265098
-0.270304
-0.275407
-0.280405
-0.285297
-0.290084
-0.294765
-0.299338
-0.303804
-0.308161
-0.312411
-0.316551
-0.320583
-0.324505
-0.328319
-0.332023
-0.335617
-0.339102
-0.342478
-0.345745
-0.348902
-0.351951
-0.354891
-0.357722
-0.360446
-0.363062
-0.365570
-0.367972
-0.370266
-0.372455
-0.374538
-0.376516
-0.378390
-0.380159
-0.381825
-0.383388
-0.384849
-0.386209
-0.387467
-0.388625
-0.389684
-0.390643
-0.391505
-0.392269
-0.392937
-0.393508
-0.393984
-0.394366
-0.394655
-0.394850
-0.394953
-0.394966
-0.394887
-0.394719
-0.394462
-0.394118
-0.393686
-0.393167
-0.392564
-0.391875
-0.391103
-0.390248
-0.389310
-0.388292
-0.387192
-0.386014
-0.384756
-0.383421
-0.382008
-0.380520
-0.378956
-0.377317
-0.375605
-0.373820
-0.371963
-0.370035
-0.368036
-0.365969
-0.363832
-0.361628
-0.359357
-0.357020
-0.354617
-0.352150
-0.349620
-0.347026
-0.344371
-0.341654
-0.338878
-0.336041
-0.333146
-0.330194
-0.327184
-0.324118
-0.320996
-0.317820
-0.314590
-0.311307
-0.307971
-0.304584
-0.301147
-0.297659
-0.294123
-0.290538
-0.286906
-0.283227
-0.279502
-0.275731
-0.271917
-0.268058
-0.264157
-0.260213
-0.256229
-0.252203
-0.248138
-0.244034
-0.239891
-0.235711
-0.231494
-0.227241
-0.222953
-0.218630
-0.214273
-0.209883
-0.205461
-0.201008
-0.196523
-0.192009
-0.187465
-0.182892
-0.178292
-0.173665
-0.169011
-0.164331
-0.159627
-0.154899
-0.150147
-0.145372
-0.140576
-0.135758
-0.130920
-0.126062
-0.121185
-0.116290
-0.111377
-0.106448
-0.101502
-0.096542
-0.091567
-0.086578
-0.081576
-0.076561
-0.071535
-0.066499
-0.061452
-0.056396
-0.051332
-0.046259
-0.041180
-0.036094
-0.031003
-0.025908
-0.020808
-0.015705
-0.010599
-0.005492
-0.000384
0.004724
0.009831
0.014937
0.020041
0.025141
0.030238
0.035330
0.040417
0.045497
0.050570
0.055636
0.060693
0.065740
0.070777
0.075802
0.080816
0.085817
0.090804
0.095777
0.100734
0.105675
0.110599
0.115504
0.120391
0.125259
0.130105
0.134930
0.139733
0.144512
0.149267
0.153997
0.158701
0.163378
0.168027
0.172647
0.177237
0.181796
0.186324
0.190819
0.195280
0.199707
0.204098
0.208452
0.212769
0.217047
0.221285
0.225483
0.229639
0.233752
0.237821
0.241845
0.245823
0.249755
0.253638
0.257472
0.261255
0.264987
0.268667
0.272293
0.275864
0.279379
0.282838
0.286238
0.289578
0.292858
0.296077
0.299232
0.302323
0.305349
0.308309
0.311201
0.314023
0.316776
0.319457
0.322066
0.324601
0.327060
0.329443
0.331749
0.333976
0.336122
0.338187
0.340169
0.342067
0.343880
0.345607
0.347245
0.348794
0.350253
0.351620
0.352894
0.354074
0.355158
0.356145
0.357034
0.357824
0.358513
0.359100
0.359584
0.359964
0.360238
0.360405
0.360464
0.360414
0.360253
0.359982
0.359597
0.359099
0.358486
0.357757
0.356911
0.355947
0.354865
0.353662
0.352339
0.350895
0.349328
0.347638
0.345824
0.343885
0.341821
0.339631
0.337315
0.334873
0.332302
0.329605
0.326779
0.323825
0.320743
0.317532
0.314193
0.310726
0.307130
0.303407
0.299556
0.295577
0.291472
0.287241
0.282884
0.278402
0.273797
0.269069
0.264219
0.259248
0.254158
0.248950
0.243626
0.238187
0.232635
0.226972
0.221200
0.215320
0.209336
0.203248
0.197061
0.190775
0.184395
0.177922
0.171359
0.164709
0.157976
0.151162
0.144270
0.137304
0.130268
0.123164
0.115996
0.108768
0.101483
0.094146
0.086759
0.079327
0.071854
0.064343
0.056799
0.049225
0.041625
0.034004
0.026365
0.018712
0.011050
0.003383
-0.004287
-0.011953
-0.019614
-0.027264
-0.034900
-0.042518
-0.050114
-0.057685
-0.065227
-0.072735
-0.080208
-0.087640
-0.095030
-0.102372
-0.109665
-0.116905
-0.124089
-0.131213
-0.138276
-0.145273
-0.152203
-0.159062
-0.165849
-0.172560
-0.179194
-0.185747
-0.192219
-0.198606
-0.204907
-0.211120
-0.217242
-0.223273
-0.229211
-0.235054
-0.240801
-0.246450
-0.252000
-0.257449
-0.262798
-0.268044
-0.273187
-0.278226
-0.283160
-0.287989
-0.292711
-0.297326
-0.301834
-0.306234
-0.310526
-0.314709
-0.318783
-0.322748
-0.326605
-0.330351
-0.333989
-0.337517
-0.340935
-0.344245
-0.347445
-0.350536
-0.353519
-0.356393
-0.359159
-0.361817
-0.364367
-0.366810
-0.369147
-0.371377
-0.373501
-0.375520
-0.377435
-0.379245
-0.380951
-0.382555
-0.384056
-0.385455
-0.386752
-0.387950
-0.389047
-0.390046
-0.390946
-0.391748
-0.392453
-0.393062
-0.393575
-0.393994
-0.394319
-0.394551
-0.394690
-0.394738
-0.394695
-0.394562
-0.394339
-0.394029
-0.393631
-0.393146
-0.392576
-0.391921
-0.391181
-0.390358
-0.389453
-0.388466
-0.387398
-0.386250
-0.385023
-0.383718
-0.382336
-0.380877
-0.379342
-0.377733
-0.376049
-0.374293
-0.372464
-0.370563
-0.368592
-0.366551
-0.364442
-0.362264
-0.360019
-0.357707
-0.355330
-0.352888
-0.350382
-0.347813
-0.345182
-0.342489
-0.339736
-0.336923
-0.334051
-0.331120
-0.328133
-0.325088
-0.321988
-0.318833
-0.315624
-0.312361
-0.309046
-0.305679
-0.302262
-0.298793
-0.295276
-0.291710
-0.288096
-0.284435
-0.280728
-0.276975
-0.273177
-0.269336
-0.265451
-0.261524
-0.257555
-0.253545
-0.249496
-0.245406
-0.241279
-0.237113
-0.232910
-0.228671
-0.224396
-0.220087
-0.215743
-0.211366
-0.206956
-0.202515
-0.198042
-0.193539
-0.189006
-0.184445
-0.179855
-0.175238
-0.170594
-0.165925
-0.161230
-0.156511
-0.151768
-0.147002
-0.142213
-0.137404
-0.132573
-0.127723
-0.122853
-0.117965
-0.113059
-0.108136
-0.103196
-0.098241
-0.093272
-0.088288
-0.083291
-0.078281
-0.073259
-0.068227
-0.063183
-0.058131
-0.053069
-0.048000
-0.042923
-0.037839
-0.032750
-0.027656
-0.022557
-0.017455
-0.012351
-0.007244
-0.002136
0.002972
0.008080
0.013187
0.018292
0.023394
0.028493
0.033587
0.038676
0.043759
0.048836
0.053905
0.058965
0.064016
0.069058
0.074088
0.079107
0.084113
0.089106
0.094085
0.099048
0.103996
0.108927
0.113840
0.118735
0.123610
0.128465
0.133299
0.138111
0.142900
0.147665
0.152405
0.157119
0.161807
0.166467
0.171099
0.175702
0.180273
0.184814
0.189322
0.193797
0.198238
0.202643
0.207012
0.211344
0.215638
0.219892
0.224106
0.228278
0.232409
0.236495
0.240538
0.244535
0.248485
0.252387
0.256241
0.260045
0.263797
0.267498
0.271146
0.274739
0.278276
0.281757
0.285181
0.288545
0.291849
0.295092
0.298273
0.301390
0.304442
0.307428
0.310347
0.313197
0.315978
0.318688
0.321325
0.323889
0.326379
0.328793
0.331129
0.333387
0.335566
0.337663
0.339678
0.341610
0.343457
0.345218
0.346891
0.348476
0.349970
0.351374
0.352685
0.353902
0.355024
0.356050
0.356978
0.357807
0.358536
0.359164
0.359689
0.360110
0.360426
0.360636
0.360738
0.360731
0.360614
0.360387
0.360047
0.359594
0.359026
0.358343
0.357543
0.356627
0.355591
0.354436
0.353161
0.351764
0.350246
0.348605
0.346840
0.344950
0.342936
0.340796
0.338530
0.336137
0.333617
0.330970
0.328195
0.325291
0.322260
0.319100
0.315812
0.312395
0.308850
0.305177
0.301376
0.297448
0.293393
0.289211
0.284903
0.280471
0.275914
0.271234
0.266432
0.261509
0.256466
0.251305
0.246026
0.240632
0.235125
0.229505
0.223776
0.217938
0.211995
0.205948
0.199799
0.193552
0.187209
0.180772
0.174244
0.167628
0.160928
0.154145
0.147284
0.140347
0.133338
0.126260
0.119117
0.111913
0.104650
0.097333
0.089965
0.082551
0.075093
0.067597
0.060065
0.052503
0.044913
0.037299
0.029667
0.022020
0.014361
0.006695
-0.000973
-0.008641
-0.016305
-0.023959
-0.031601
-0.039226
-0.046831
-0.054412
-0.061965
-0.069487
-0.076974
-0.084423
-0.091829
-0.099190
-0.106503
-0.113764
-0.120969
-0.128117
-0.135204
-0.142227
-0.149184
-0.156071
-0.162886
-0.169627
-0.176291
-0.182876
-0.189380
-0.195800
-0.202135
-0.208382
-0.214540
-0.220607
-0.226581
-0.232461
-0.238246
-0.243933
-0.249521
-0.255010
-0.260399
-0.265685
-0.270868
-0.275948
-0.280923
-0.285793
-0.290556
-0.295213
-0.299763
-0.304205
-0.308539
-0.312765
-0.316881
-0.320889
-0.324788
-0.328577
-0.332257
-0.335828
-0.339289
-0.342641
-0.345884
-0.349018
-0.352042
-0.354959
-0.357767
-0.360467
-0.363059
-0.365544
-0.367922
-0.370194
-0.372359
-0.374419
-0.376374
-0.378225
-0.379972
-0.381615
-0.383156
-0.384595
-0.385932
-0.387168
-0.388305
-0.389342
-0.390280
-0.391120
-0.391863
-0.392509
-0.393060
-0.393515
-0.393877
-0.394144
-0.394320
-0.394403
-0.394395
-0.394297
-0.394110
-0.393833
-0.393469
-0.393019
-0.392481
-0.391859
-0.391152
-0.390361
-0.389488
-0.388533
-0.387496
-0.386380
-0.385184
-0.383909
-0.382556
-0.381127
-0.379622
-0.378041
-0.376387
-0.374658
-0.372857
-0.370985
-0.369041
-0.367027
-0.364944
-0.362793
-0.360573
-0.358288
-0.355936
-0.353519
-0.351038
-0.348493
-0.345886
-0.343217
-0.340488
-0.337698
-0.334848
-0.331940
-0.328975
-0.325952
-0.322874
-0.319740
-0.316552
-0.313310
-0.310015
-0.306668
-0.303270
-0.299821
-0.296323
-0.292775
-0.289180
-0.285537
-0.281848
-0.278112
-0.274332
-0.270507
-0.266639
-0.262729
-0.258776
-0.254782
-0.250747
-0.246673
-0.242560
-0.238409
-0.234221
-0.229995
-0.225734
-0.221438
-0.217107
-0.212743
-0.208346
-0.203917
-0.199456
-0.194964
-0.190443
-0.185893
-0.181314
-0.176707
-0.172073
-0.167414
-0.162728
-0.158018
-0.153284
-0.148527
-0.143747
-0.138946
-0.134123
-0.129280
-0.124418
-0.119536
-0.114637
-0.109720
-0.104787
-0.099838
-0.094874
-0.089895
-0.084903
-0.079897
-0.074880
-0.069851
-0.064812
-0.059763
-0.054704
-0.049638
-0.044563
-0.039482
-0.034395
-0.029302
-0.024205
-0.019104
-0.014000
-0.008894
-0.003786
0.001323
0.006431
0.011539
0.016645
0.021748
0.026848
0.031945
0.037036
0.042122
0.047202
0.052274
0.057338
0.062393
0.067439
0.072474
0.077497
0.082509
0.087507
0.092492
0.097462
0.102416
0.107354
0.112275
0.117177
0.122060
0.126924
0.131766
0.136587
0.141385
0.146160
0.150910
0.155635
0.160334
0.165005
0.169649
0.174263
0.178847
0.183400
0.187922
0.192410
0.196864
0.201284
0.205668
0.210015
0.214324
0.218594
0.222824
0.227013
0.231160
0.235265
0.239325
0.243340
0.247309
0.251230
0.255103
0.258927
0.262700
0.266422
0.270091
0.273705
0.277265
0.280769
0.284215
0.287603
0.290932
0.294199
0.297404
0.300547
0.303625
0.306637
0.309583
0.312460
0.315269
0.318007
0.320673
0.323267
0.325786
0.328230
0.330597
0.332886
0.335096
0.337226
0.339274
0.341239
0.343119
0.344914
0.346622
0.348242
0.349773
0.351212
0.352560
0.353815
0.354974
0.356038
0.357005
0.357874
0.358642
0.359310
0.359876
0.360338
0.360696
0.360947
0.361092
0.361128
0.361055
0.360871
0.360576
0.360168
0.359645
0.359008
0.358255
0.357384
0.356396
0.355288
0.354060
0.352712
0.351241
0.349648
0.347932
0.346092
0.344127
0.342037
0.339820
0.337478
0.335008
0.332411
0.329686
0.326833
0.323852
0.320743
0.317505
0.314139
0.310645
0.307022
0.303272
0.299394
0.295388
0.291256
0.286998
0.282615
0.278107
0.273476
0.268722
0.263846
0.258850
0.253735
0.248503
0.243154
0.237691
0.232115
0.226429
0.220634
0.214732
0.208726
0.202617
0.196408
0.190103
0.183702
0.177210
0.170629
0.163961
0.157211
0.150380
0.143473
0.136492
0.129441
0.122323
0.115143
0.107903
0.100607
0.093259
0.085862
0.078422
0.070940
0.063422
0.055871
0.048292
0.040688
0.033063
0.025421
0.017767
0.010104
0.002436
-0.005233
-0.012898
-0.020556
-0.028203
-0.035835
-0.043448
-0.051039
-0.058603
-0.066137
-0.073638
-0.081102
-0.088525
-0.095904
-0.103236
-0.110517
-0.117744
-0.124915
-0.132026
-0.139074
-0.146057
-0.152971
-0.159815
-0.166585
-0.173279
-0.179895
-0.186430
-0.192883
-0.199251
-0.205533
-0.211726
-0.217829
-0.223839
-0.229756
-0.235578
-0.241303
-0.246930
-0.252458
-0.257885
-0.263211
-0.268435
-0.273555
-0.278571
-0.283482
-0.288287
-0.292986
-0.297577
-0.302061
-0.306437
-0.310705
-0.314864
-0.318915
-0.322856
-0.326688
-0.330411
-0.334024
-0.337528
-0.340922
-0.344208
-0.347384
-0.350451
-0.353410
-0.356260
-0.359002
-0.361636
-0.364163
-0.366583
-0.368896
-0.371103
-0.373204
-0.375200
-0.377091
-0.378878
-0.380562
-0.382143
-0.383621
-0.384998
-0.386273
-0.387449
-0.388524
-0.389501
-0.390379
-0.391160
-0.391844
-0.392432
-0.392924
-0.393322
-0.393626
-0.393837
-0.393956
-0.393984
-0.393921
-0.393768
-0.393527
-0.393197
-0.392780
-0.392276
-0.391687
-0.391013
-0.390255
-0.389413
-0.388490
-0.387485
-0.386399
-0.385234
-0.383990
-0.382668
-0.381268
-0.379792
-0.378241
-0.376615
-0.374915
-0.373142
-0.371298
-0.369381
-0.367395
-0.365339
-0.363214
-0.361021
-0.358761
-0.356435
-0.354043
-0.351587
-0.349067
-0.346484
-0.343839
-0.341133
-0.338366
-0.335540
-0.332654
-0.329711
-0.326711
-0.323654
-0.320542
-0.317374
-0.314153
-0.310879
-0.307552
-0.304174
-0.300744
-0.297265
-0.293737
-0.290160
-0.286535
-0.282864
-0.279146
-0.275383
-0.271576
-0.267724
-0.263830
-0.259893
-0.255915
-0.251896
-0.247838
-0.243740
-0.239603
-0.235429
-0.231218
-0.226970
-0.222688
-0.218370
-0.214019
-0.209634
-0.205217
-0.200768
-0.196289
-0.191779
-0.187239
-0.182671
-0.178075
-0.173452
-0.168802
-0.164127
-0.159426
-0.154701
-0.149953
-0.145181
-0.140388
-0.135573
-0.130738
-0.125883
-0.121009
-0.116116
-0.111206
-0.106279
-0.101335
-0.096377
-0.091403
-0.086416
-0.081416
-0.076403
-0.071378
-0.066343
-0.061297
-0.056242
-0.051178
-0.046107
-0.041028
-0.035943
-0.030852
-0.025756
-0.020656
-0.015553
-0.010447
-0.005340
-0.000231
0.004878
0.009986
0.015093
0.020198
0.025300
0.030398
0.035492
0.040580
0.045662
0.050738
0.055805
0.060864
0.065914
0.070954
0.075982
0.080999
0.086003
0.090993
0.095969
0.100930
0.105874
0.110802
0.115712
0.120603
0.125475
0.130326
0.135156
0.139963
0.144747
0.149508
0.154243
0.158952
0.163635
0.168289
0.172915
0.177512
0.182077
0.186612
0.191113
0.195581
0.200015
0.204413
0.208775
0.213099
0.217385
0.221631
0.225837
0.230001
0.234122
0.238200
0.242233
0.246221
0.250161
0.254054
0.257897
0.261691
0.265433
0.269123
0.272759
0.276341
0.279867
0.283337
0.286748
0.290100
0.293392
0.296622
0.299790
0.302893
0.305932
0.308904
0.311809
0.314645
0.317411
0.320106
0.322728
0.325277
0.327751
0.330149
0.332469
0.334710
0.336872
0.338952
0.340950
0.342864
0.344693
0.346436
0.348091
0.349657
0.351133
0.352517
0.353809
0.355006
0.356108
0.357113
0.358021
0.358829
0.359537
0.360143
0.360647
0.361046
0.361339
0.361526
0.361606
0.361576
0.361436
0.361185
0.360821
0.360344
0.359752
0.359045
0.358221
0.357279
0.356218
0.355038
0.353737
0.352315
0.350771
0.349103
0.347312
0.345397
0.343356
0.341189
0.338897
0.336477
0.333930
0.331256
0.328454
0.325523
0.322465
0.319278
0.315962
0.312519
0.308946
0.305246
0.301419
0.297463
0.293381
0.289173
0.284839
0.280380
0.275798
0.271092
0.266264
0.261315
0.256247
0.251061
0.245758
0.240340
0.234809
0.229166
0.223413
0.217553
0.211588
0.205519
0.199350
0.193082
0.186719
0.180263
0.173716
0.167083
0.160365
0.153565
0.146688
0.139736
0.132712
0.125621
0.118464
0.111248
0.103973
0.096645
0.089268
0.081844
0.074379
0.066875
0.059337
0.051768
0.044173
0.036556
0.028921
0.021271
0.013611
0.005945
-0.001724
-0.009390
-0.017051
-0.024703
-0.032341
-0.039962
-0.047562
-0.055137
-0.062683
-0.070197
-0.077675
-0.085115
-0.092511
-0.099862
-0.107163
-0.114412
-0.121605
-0.128739
-0.135812
-0.142821
-0.149762
-0.156633
-0.163432
-0.170157
-0.176803
-0.183371
-0.189856
-0.196258
-0.202573
-0.208801
-0.214939
-0.220986
-0.226939
-0.232798
-0.238561
-0.244227
-0.249794
-0.255261
-0.260627
-0.265890
-0.271051
-0.276108
-0.281060
-0.285906
-0.290646
-0.295280
-0.299806
-0.304225
-0.308535
-0.312737
-0.316829
-0.320813
-0.324688
-0.328453
-0.332110
-0.335656
-0.339093
-0.342421
-0.345640
-0.348750
-0.351751
-0.354644
-0.357428
-0.360104
-0.362673
-0.365135
-0.367489
-0.369738
-0.371880
-0.373917
-0.375849
-0.377677
-0.379401
-0.381022
-0.382540
-0.383957
-0.385272
-0.386486
-0.387601
-0.388616
-0.389532
-0.390351
-0.391073
-0.391698
-0.392228
-0.392663
-0.393003
-0.393251
-0.393406
-0.393469
-0.393441
-0.393324
-0.393117
-0.392821
-0.392438
-0.391968
-0.391412
-0.390771
-0.390045
-0.389237
-0.388345
-0.387372
-0.386318
-0.385183
-0.383970
-0.382678
-0.381309
-0.379863
-0.378341
-0.376744
-0.375073
-0.373328
-0.371511
-0.369623
-0.367664
-0.365634
-0.363536
-0.361370
-0.359136
-0.356835
-0.354469
-0.352038
-0.349543
-0.346984
-0.344363
-0.341681
-0.338938
-0.336134
-0.333272
-0.330351
-0.327373
-0.324338
-0.321247
-0.318101
-0.314901
-0.311647
-0.308341
-0.304982
-0.301573
-0.298113
-0.294603
-0.291045
-0.287439
-0.283786
-0.280086
-0.276341
-0.272550
-0.268716
-0.264838
-0.260918
-0.256956
-0.252952
-0.248909
-0.244826
-0.240704
-0.236545
-0.232348
-0.228114
-0.223845
-0.219541
-0.215203
-0.210831
-0.206426
-0.201990
-0.197522
-0.193024
-0.188496
-0.183939
-0.179353
-0.174740
-0.170101
-0.165435
-0.160744
-0.156028
-0.151288
-0.146526
-0.141741
-0.136934
-0.132107
-0.127259
-0.122392
-0.117507
-0.112603
-0.107682
-0.102745
-0.097792
-0.092824
-0.087842
-0.082846
-0.077838
-0.072818
-0.067786
-0.062744
-0.057693
-0.052632
-0.047563
-0.042487
-0.037404
-0.032315
-0.027221
-0.022122
-0.017020
-0.011915
-0.006808
-0.001699
0.003410
0.008518
0.013626
0.018732
0.023835
0.028935
0.034031
0.039122
0.044207
0.049285
0.054356
0.059419
0.064473
0.069517
0.074550
0.079571
0.084581
0.089577
0.094559
0.099526
0.104477
0.109412
0.114329
0.119228
0.124107
0.128967
0.133805
0.138622
0.143416
0.148186
0.152931
0.157651
0.162344
0.167010
0.171648
0.176256
0.180834
0.185381
0.189896
0.194378
0.198825
0.203238
0.207614
0.211953
0.216255
0.220517
0.224739
0.228919
0.233058
0.237153
0.241205
0.245210
0.249170
0.253081
0.256945
0.260758
0.264521
0.268232
0.271890
0.275493
0.279042
0.282534
0.285968
0.289344
0.292660
0.295915
0.299107
0.302236
0.305301
0.308300
0.311231
0.314095
0.316889
0.319612
0.322264
0.324842
0.327346
0.329774
0.332125
0.334398
0.336591
0.338704
0.340735
0.342683
0.344545
0.346323
0.348012
0.349614
0.351126
0.352546
0.353875
0.355110
0.356250
0.357294
0.358240
0.359088
0.359836
0.360483
0.361027
0.361468
0.361803
0.362033
0.362155
0.362169
0.362073
0.361866
0.361547
0.361115
0.360569
0.359908
0.359130
0.358235
0.357222
0.356089
0.354837
0.353463
0.351967
0.350349
0.348607
0.346741
0.344750
0.342633
0.340391
0.338022
0.335526
0.332902
0.330151
0.327272
0.324264
0.321128
0.317864
0.314471
0.310950
0.307301
0.303524
0.299619
0.295588
0.291429
0.287146
0.282736
0.278203
0.273546
0.268767
0.263866
0.258845
0.253706
0.248449
0.243077
0.237590
0.231992
0.226283
0.220465
0.214542
0.208514
0.202385
0.196156
0.189831
0.183411
0.176900
0.170301
0.163616
0.156849
0.150003
0.143080
0.136085
0.129020
0.121889
0.114696
0.107445
0.100138
0.092780
0.085374
0.077925
0.070436
0.062911
0.055355
0.047770
0.040162
0.032533
0.024889
0.017233
0.009569
0.001901
-0.005767
-0.013430
-0.021086
-0.028729
-0.036357
-0.043966
-0.051551
-0.059108
-0.066636
-0.074128
-0.081583
-0.088997
-0.096366
-0.103687
-0.110956
-0.118172
-0.125330
-0.132427
-0.139461
-0.146429
-0.153329
-0.160156
-0.166910
-0.173588
-0.180187
-0.186705
-0.193139
-0.199489
-0.205752
-0.211925
-0.218008
-0.223999
-0.229895
-0.235696
-0.241400
-0.247006
-0.252513
-0.257919
-0.263223
-0.268424
-0.273522
-0.278516
-0.283404
-0.288186
-0.292862
-0.297430
-0.301891
-0.306244
-0.310489
-0.314624
-0.318651
-0.322569
-0.326378
-0.330077
-0.333667
-0.337147
-0.340518
-0.343780
-0.346933
-0.349977
-0.352912
-0.355739
-0.358458
-0.361069
-0.363572
-0.365969
-0.368259
-0.370443
-0.372522
-0.374495
-0.376364
-0.378129
-0.379790
-0.381349
-0.382805
-0.384160
-0.385414
-0.386568
-0.387622
-0.388577
-0.389434
-0.390194
-0.390857
-0.391424
-0.391896
-0.392274
-0.392558
-0.392749
-0.392849
-0.392856
-0.392774
-0.392602
-0.392341
-0.391992
-0.391556
-0.391034
-0.390426
-0.389734
-0.388958
-0.388098
-0.387157
-0.386135
-0.385032
-0.383849
-0.382588
-0.381249
-0.379833
-0.378340
-0.376773
-0.375130
-0.373415
-0.371626
-0.369765
-0.367834
-0.365832
-0.363761
-0.361621
-0.359413
-0.357139
-0.354798
-0.352392
-0.349922
-0.347388
-0.344791
-0.342133
-0.339413
-0.336633
-0.333794
-0.330896
-0.327940
-0.324927
-0.321858
-0.318733
-0.315554
-0.312321
-0.309035
-0.305697
-0.302307
-0.298867
-0.295377
-0.291837
-0.288250
-0.284615
-0.280933
-0.277205
-0.273432
-0.269615
-0.265754
-0.261850
-0.257904
-0.253917
-0.249889
-0.245821
-0.241714
-0.237569
-0.233387
-0.229167
-0.224912
-0.220621
-0.216296
-0.211937
-0.207545
-0.203121
-0.198665
-0.194178
-0.189662
-0.185116
-0.180541
-0.175939
-0.171309
-0.166653
-0.161972
-0.157266
-0.152535
-0.147781
-0.143005
-0.138207
-0.133387
-0.128547
-0.123687
-0.118809
-0.113912
-0.108997
-0.104066
-0.099119
-0.094157
-0.089180
-0.084189
-0.079186
-0.074170
-0.069143
-0.064104
-0.059056
-0.053999
-0.048933
-0.043859
-0.038778
-0.033691
-0.028599
-0.023502
-0.018401
-0.013297
-0.008190
-0.003082
0.002028
0.007137
0.012245
0.017352
0.022457
0.027559
0.032656
0.037749
0.042837
0.047918
0.052993
0.058059
0.063117
0.068165
0.073202
0.078229
0.083243
0.088245
0.093233
0.098206
0.103164
0.108105
0.113030
0.117936
0.122824
0.127692
0.132539
0.137364
0.142167
0.146947
0.151702
0.156433
0.161137
0.165814
0.170463
0.175083
0.179674
0.184233
0.188761
0.193256
0.197718
0.202144
0.206535
0.210889
0.215206
0.219484
0.223722
0.227919
0.232075
0.236188
0.240257
0.244281
0.248259
0.252190
0.256072
0.259906
0.263689
0.267421
0.271100
0.274725
0.278296
0.281810
0.285268
0.288667
0.292007
0.295286
0.298504
0.301658
0.304749
0.307774
0.310732
0.313623
0.316445
0.319197
0.321877
0.324484
0.327018
0.329476
0.331858
0.334162
0.336387
0.338532
0.340596
0.342577
0.344473
0.346285
0.348009
0.349646
0.351194
0.352651
0.354016
0.355288
0.356466
0.357548
0.358534
0.359421
0.360209
0.360896
0.361481
0.361962
0.362340
0.362612
0.362777
0.362834
0.362781
0.362618
0.362344
0.361957
0.361456
0.360841
0.360110
0.359261
0.358295
0.357210
0.356005
0.354679
0.353232
0.351662
0.349969
0.348152
0.346211
0.344144
0.341952
0.339633
0.337187
0.334614
0.331913
0.329085
0.326128
0.323043
0.319829
0.316487
0.313017
0.309419
0.305692
0.301838
0.297857
0.293749
0.289515
0.285155
0.280671
0.276062
0.271331
0.266479
0.261505
0.256413
0.251202
0.245876
0.240434
0.234880
0.229214
0.223440
0.217558
0.211571
0.205482
0.199292
0.193005
0.186622
0.180147
0.173583
0.166931
0.160197
0.153381
0.146488
0.139521
0.132484
0.125379
0.118210
0.110981
0.103696
0.096358
0.088971
0.081539
0.074065
0.066554
0.059010
0.051436
0.043837
0.036216
0.028577
0.020926
0.013265
0.005598
-0.002070
-0.009736
-0.017395
-0.025043
-0.032678
-0.040294
-0.047888
-0.055457
-0.062996
-0.070503
-0.077973
-0.085403
-0.092790
-0.100130
-0.107420
-0.114657
-0.121838
-0.128959
-0.136018
-0.143012
-0.149939
-0.156795
-0.163578
-0.170286
-0.176915
-0.183465
-0.189933
-0.196316
-0.202613
-0.208821
-0.214940
-0.220967
-0.226900
-0.232739
-0.238481
-0.244126
-0.249671
-0.255117
-0.260461
-0.265703
-0.270841
-0.275875
-0.280805
-0.285629
-0.290346
-0.294956
-0.299460
-0.303855
-0.308142
-0.312320
-0.316390
-0.320350
-0.324202
-0.327944
-0.331576
-0.335099
-0.338513
-0.341818
-0.345013
-0.348100
-0.351078
-0.353947
-0.356708
-0.359361
-0.361907
-0.364345
-0.366677
-0.368903
-0.371022
-0.373037
-0.374946
-0.376752
-0.378454
-0.380052
-0.381549
-0.382943
-0.384237
-0.385429
-0.386522
-0.387516
-0.388412
-0.389209
-0.389910
-0.390515
-0.391024
-0.391438
-0.391759
-0.391986
-0.392121
-0.392165
-0.392118
-0.391980
-0.391754
-0.391440
-0.391038
-0.390549
-0.389974
-0.389315
-0.388571
-0.387745
-0.386835
-0.385844
-0.384773
-0.383621
-0.382391
-0.381082
-0.379696
-0.378233
-0.376695
-0.375081
-0.373394
-0.371634
-0.369801
-0.367897
-0.365923
-0.363879
-0.361765
-0.359584
-0.357335
-0.355021
-0.352640
-0.350195
-0.347686
-0.345114
-0.342479
-0.339783
-0.337027
-0.334210
-0.331335
-0.328402
-0.325411
-0.322364
-0.319260
-0.316102
-0.312890
-0.309625
-0.306307
-0.302937
-0.299516
-0.296045
-0.292525
-0.288956
-0.285339
-0.281676
-0.277966
-0.274210
-0.270410
-0.266566
-0.262679
-0.258749
-0.254778
-0.250765
-0.246713
-0.242622
-0.238491
-0.234323
-0.230118
-0.225877
-0.221599
-0.217288
-0.212942
-0.208562
-0.204150
-0.199707
-0.195232
-0.190727
-0.186192
-0.181628
-0.177037
-0.172418
-0.167772
-0.163100
-0.158403
-0.153682
-0.148937
-0.144169
-0.139379
-0.134568
-0.129735
-0.124883
-0.120012
-0.115122
-0.110214
-0.105289
-0.100348
-0.095392
-0.090420
-0.085435
-0.080436
-0.075425
-0.070402
-0.065367
-0.060323
-0.055269
-0.050206
-0.045135
-0.040057
-0.034972
-0.029881
-0.024786
-0.019686
-0.014583
-0.009477
-0.004369
0.000740
0.005850
0.010959
0.016067
0.021173
0.026276
0.031375
0.036471
0.041561
0.046645
0.051722
0.056792
0.061853
0.066905
0.071947
0.076979
0.081998
0.087005
0.091999
0.096978
0.101942
0.106890
0.111822
0.116736
0.121631
0.126507
0.131362
0.136196
0.141009
0.145798
0.150563
0.155304
0.160018
0.164706
0.169367
0.173999
0.178601
0.183173
0.187714
0.192222
0.196697
0.201138
0.205543
0.209912
0.214244
0.218537
0.222791
0.227005
0.231177
0.235307
0.239394
0.243436
0.247432
0.251382
0.255284
0.259137
0.262941
0.266693
0.270393
0.274040
0.277632
0.281169
0.284650
0.288072
0.291436
0.294739
0.297981
0.301161
0.304277
0.307328
0.310313
0.313231
0.316080
0.318860
0.321568
0.324205
0.326768
0.329256
0.331668
0.334003
0.336260
0.338437
0.340533
0.342546
0.344476
0.346322
0.348081
0.349753
0.351336
0.352829
0.354230
0.355539
0.356755
0.357875
0.358899
0.359825
0.360652
0.361379
0.362004
0.362527
0.362946
0.363260
0.363467
0.363567
0.363558
0.363439
0.363208
0.362866
0.362411
0.361840
0.361155
0.360353
0.359433
0.358395
0.357237
0.355960
0.354560
0.353039
0.351395
0.349627
0.347735
0.345718
0.343575
0.341306
0.338910
0.336387
0.333737
0.330959
0.328053
0.325018
0.321856
0.318564
0.315145
0.311597
0.307921
0.304117
0.300186
0.296128
0.291943
0.287633
0.283197
0.278638
0.273955
0.269150
0.264224
0.259179
0.254015
0.248734
0.243337
0.237827
0.232205
0.226473
0.220633
0.214688
0.208639
0.202488
0.196239
0.189894
0.183455
0.176926
0.170308
0.163606
0.156822
0.149959
0.143021
0.136011
0.128932
0.121788
0.114583
0.107320
0.100002
0.092634
0.085219
0.077761
0.070265
0.062733
0.055171
0.047581
0.039968
0.032337
0.024690
0.017032
0.009367
0.001699
-0.005967
-0.013629
-0.021282
-0.028923
-0.036546
-0.044150
-0.051729
-0.059280
-0.066800
-0.074284
-0.081730
-0.089134
-0.096493
-0.103803
-0.111061
-0.118264
-0.125409
-0.132492
-0.139512
-0.146465
-0.153349
-0.160161
-0.166899
-0.173559
-0.180140
-0.186640
-0.193057
-0.199388
-0.205631
-0.211785
-0.217848
-0.223818
-0.229694
-0.235474
-0.241157
-0.246741
-0.252226
-0.257610
-0.262892
-0.268071
-0.273146
-0.278116
-0.282981
-0.287741
-0.292393
-0.296938
-0.301376
-0.305705
-0.309926
-0.314038
-0.318041
-0.321935
-0.325720
-0.329395
-0.332961
-0.336418
-0.339765
-0.343003
-0.346133
-0.349153
-0.352064
-0.354868
-0.357563
-0.360151
-0.362631
-0.365005
-0.367272
-0.369433
-0.371488
-0.373439
-0.375285
-0.377027
-0.378666
-0.380203
-0.381637
-0.382970
-0.384202
-0.385334
-0.386366
-0.387300
-0.388136
-0.388875
-0.389517
-0.390063
-0.390514
-0.390872
-0.391135
-0.391306
-0.391386
-0.391374
-0.391272
-0.391080
-0.390800
-0.390432
-0.389977
-0.389436
-0.388810
-0.388099
-0.387305
-0.386427
-0.385468
-0.384428
-0.383308
-0.382108
-0.380829
-0.379473
-0.378041
-0.376532
-0.374948
-0.373289
-0.371557
-0.369753
-0.367877
-0.365930
-0.363913
-0.361826
-0.359671
-0.357449
-0.355160
-0.352805
-0.350385
-0.347901
-0.345353
-0.342743
-0.340071
-0.337338
-0.334545
-0.331692
-0.328781
-0.325813
-0.322788
-0.319706
-0.316570
-0.313378
-0.310134
-0.306836
-0.303486
-0.300085
-0.296634
-0.293133
-0.289583
-0.285985
-0.282339
-0.278647
-0.274909
-0.271126
-0.267299
-0.263429
-0.259515
-0.255560
-0.251564
-0.247527
-0.243451
-0.239335
-0.235182
-0.230991
-0.226763
-0.222500
-0.218202
-0.213869
-0.209502
-0.205103
-0.200672
-0.196209
-0.191715
-0.187192
-0.182639
-0.178058
-0.173450
-0.168814
-0.164153
-0.159465
-0.154754
-0.150018
-0.145259
-0.140477
-0.135674
-0.130849
-0.126005
-0.121141
-0.116258
-0.111357
-0.106438
-0.101503
-0.096553
-0.091587
-0.086607
-0.081613
-0.076606
-0.071588
-0.066557
-0.061517
-0.056466
-0.051406
-0.046338
-0.041263
-0.036180
-0.031092
-0.025998
-0.020900
-0.015797
-0.010692
-0.005585
-0.000476
0.004634
0.009743
0.014852
0.019959
0.025063
0.030164
0.035262
0.040354
0.045441
0.050521
0.055594
0.060659
0.065715
0.070761
0.075797
0.080821
0.085833
0.090832
0.095818
0.100788
0.105743
0.110681
0.115602
0.120505
0.125389
0.130252
0.135095
0.139916
0.144715
0.149490
0.154240
0.158966
0.163664
0.168336
0.172979
0.177594
0.182178
0.186731
0.191253
0.195741
0.200195
0.204615
0.208998
0.213345
0.217654
0.221924
0.226154
0.230343
0.234489
0.238593
0.242653
0.246668
0.250636
0.254557
0.258430
0.262253
0.266026
0.269747
0.273415
0.277029
0.280588
0.284091
0.287536
0.290924
0.294251
0.297518
0.300722
0.303863
0.306940
0.309952
0.312896
0.315773
0.318580
0.321317
0.323982
0.326574
0.329092
0.331534
0.333900
0.336188
0.338397
0.340525
0.342571
0.344534
0.346413
0.348207
0.349913
0.351531
0.353060
0.354498
0.355844
0.357096
0.358254
0.359316
0.360281
0.361147
0.361914
0.362580
0.363143
0.363603
0.363958
0.364208
0.364350
0.364384
0.364308
0.364122
0.363824
0.363414
0.362889
0.362249
0.361493
0.360620
0.359628
0.358518
0.357288
0.355936
0.354463
0.352868
0.351149
0.349306
0.347338
0.345245
0.343025
0.340680
0.338207
0.335607
0.332879
0.330024
0.327040
0.323928
0.320687
0.317318
0.313821
0.310195
0.306442
0.302561
0.298552
0.294418
0.290157
0.285771
0.281260
0.276626
0.271869
0.266990
0.261992
0.256874
0.251639
0.246288
0.240822
0.235244
0.229556
0.223758
0.217854
0.211845
0.205735
0.199524
0.193216
0.186814
0.180320
0.173737
0.167068
0.160316
0.153484
0.146575
0.139593
0.132541
0.125422
0.118241
0.111000
0.103703
0.096355
0.088958
0.081517
0.074035
0.066517
0.058967
0.051387
0.043783
0.036159
0.028518
0.020864
0.013201
0.005535
-0.002133
-0.009797
-0.017454
-0.025099
-0.032730
-0.040341
-0.047930
-0.055493
-0.063025
-0.070524
-0.077985
-0.085406
-0.092782
-0.100112
-0.107390
-0.114615
-0.121783
-0.128891
-0.135936
-0.142915
-0.149827
-0.156667
-0.163434
-0.170124
-0.176737
-0.183269
-0.189718
-0.196083
-0.202360
-0.208549
-0.214648
-0.220655
-0.226568
-0.232385
-0.238106
-0.243729
-0.249253
-0.254676
-0.259998
-0.265218
-0.270333
-0.275345
-0.280251
-0.285052
-0.289746
-0.294333
-0.298813
-0.303185
-0.307448
-0.311603
-0.315649
-0.319586
-0.323413
-0.327131
-0.330740
-0.334239
-0.337629
-0.340910
-0.344082
-0.347145
-0.350099
-0.352945
-0.355682
-0.358312
-0.360834
-0.363249
-0.365558
-0.367761
-0.369857
-0.371849
-0.373736
-0.375519
-0.377198
-0.378774
-0.380248
-0.381621
-0.382892
-0.384063
-0.385135
-0.386107
-0.386981
-0.387758
-0.388437
-0.389021
-0.389510
-0.389904
-0.390204
-0.390411
-0.390526
-0.390550
-0.390483
-0.390326
-0.390080
-0.389747
-0.389326
-0.388818
-0.388225
-0.387547
-0.386786
-0.385941
-0.385014
-0.384005
-0.382916
-0.381747
-0.380499
-0.379173
-0.377770
-0.376291
-0.374736
-0.373107
-0.371404
-0.369628
-0.367779
-0.365860
-0.363870
-0.361811
-0.359682
-0.357486
-0.355223
-0.352894
-0.350499
-0.348040
-0.345517
-0.342931
-0.340283
-0.337574
-0.334804
-0.331975
-0.329086
-0.326140
-0.323137
-0.320077
-0.316962
-0.313792
-0.310568
-0.307291
-0.303962
-0.300581
-0.297149
-0.293667
-0.290136
-0.286556
-0.282929
-0.279255
-0.275535
-0.271770
-0.267960
-0.264106
-0.260209
-0.256270
-0.252290
-0.248268
-0.244207
-0.240107
-0.235968
-0.231792
-0.227579
-0.223329
-0.219044
-0.214725
-0.210371
-0.205984
-0.201565
-0.197115
-0.192633
-0.188121
-0.183580
-0.179010
-0.174412
-0.169787
-0.165135
-0.160457
-0.155755
-0.151028
-0.146278
-0.141505
-0.136710
-0.131894
-0.127057
-0.122200
-0.117324
-0.112430
-0.107518
-0.102590
-0.097645
-0.092685
-0.087710
-0.082721
-0.077719
-0.072705
-0.067679
-0.062642
-0.057595
-0.052539
-0.047474
-0.042401
-0.037321
-0.032235
-0.027143
-0.022046
-0.016945
-0.011841
-0.006734
-0.001625
0.003484
0.008594
0.013703
0.018811
0.023917
0.029020
0.034119
0.039213
0.044303
0.049386
0.054462
0.059530
0.064590
0.069640
0.074680
0.079710
0.084727
0.089731
0.094722
0.099699
0.104660
0.109605
0.114533
0.119443
0.124335
0.129207
0.134058
0.138888
0.143696
0.148481
0.153241
0.157976
0.162686
0.167368
0.172023
0.176649
0.181246
0.185812
0.190346
0.194847
0.199315
0.203749
0.208147
0.212508
0.216832
0.221118
0.225364
0.229569
0.233733
0.237854
0.241931
0.245964
0.249951
0.253891
0.257783
0.261626
0.265419
0.269160
0.272850
0.276485
0.280066
0.283592
0.287060
0.290471
0.293822
0.297113
0.300342
0.303508
0.306611
0.309649
0.312620
0.315523
0.318358
0.321123
0.323817
0.326438
0.328985
0.331458
0.333854
0.336173
0.338413
0.340573
0.342652
0.344648
0.346561
0.348388
0.350129
0.351782
0.353347
0.354821
0.356203
0.357493
0.358688
0.359788
0.360792
0.361697
0.362504
0.363209
0.363813
0.364314
0.364711
0.365003
0.365188
0.365265
0.365233
0.365090
0.364837
0.364471
0.363991
0.363397
0.362687
0.361860
0.360916
0.359853
0.358670
0.357367
0.355942
0.354395
0.352725
0.350931
0.349012
0.346969
0.344799
0.342504
0.340082
0.337532
0.334855
0.332050
0.329117
0.326055
0.322865
0.319547
0.316101
0.312526
0.308823
0.304992
0.301034
0.296950
0.292739
0.288402
0.283940
0.279355
0.274647
0.269816
0.264865
0.259794
0.254606
0.249300
0.243880
0.238346
0.232701
0.226946
0.221084
0.215117
0.209046
0.202875
0.196605
0.190240
0.183782
0.177234
0.170599
0.163879
0.157079
0.150200
0.143247
0.136222
0.129129
0.121973
0.114755
0.107480
0.100152
0.092774
0.085350
0.077884
0.070380
0.062842
0.055273
0.047679
0.040062
0.032427
0.024778
0.017119
0.009453
0.001786
-0.005880
-0.013540
-0.021190
-0.028827
-0.036446
-0.044045
-0.051618
-0.059162
-0.066674
-0.074151
-0.081588
-0.088982
-0.096330
-0.103629
-0.110875
-0.118066
-0.125198
-0.132268
-0.139273
-0.146212
-0.153080
-0.159876
-0.166597
-0.173241
-0.179804
-0.186286
-0.192685
-0.198997
-0.205221
-0.211355
-0.217398
-0.223348
-0.229204
-0.234963
-0.240624
-0.246187
-0.251650
-0.257012
-0.262272
-0.267429
-0.272481
-0.277429
-0.282272
-0.287008
-0.291637
-0.296159
-0.300573
-0.304880
-0.309077
-0.313166
-0.317145
-0.321016
-0.324777
-0.328429
-0.331971
-0.335404
-0.338728
-0.341943
-0.345048
-0.348045
-0.350934
-0.353714
-0.356386
-0.358950
-0.361408
-0.363758
-0.366002
-0.368141
-0.370173
-0.372102
-0.373925
-0.375645
-0.377262
-0.378776
-0.380189
-0.381500
-0.382710
-0.383820
-0.384832
-0.385744
-0.386559
-0.387277
-0.387898
-0.388424
-0.388855
-0.389192
-0.389436
-0.389587
-0.389646
-0.389615
-0.389493
-0.389283
-0.388983
-0.388597
-0.388123
-0.387563
-0.386919
-0.386190
-0.385377
-0.384482
-0.383506
-0.382448
-0.381310
-0.380094
-0.378798
-0.377426
-0.375976
-0.374451
-0.372851
-0.371176
-0.369429
-0.367609
-0.365717
-0.363755
-0.361722
-0.359621
-0.357451
-0.355215
-0.352911
-0.350542
-0.348108
-0.345610
-0.343048
-0.340425
-0.337739
-0.334993
-0.332187
-0.329322
-0.326398
-0.323417
-0.320380
-0.317286
-0.314138
-0.310935
-0.307678
-0.304369
-0.301008
-0.297596
-0.294134
-0.290622
-0.287061
-0.283453
-0.279797
-0.276095
-0.272347
-0.268554
-0.264718
-0.260838
-0.256915
-0.252951
-0.248945
-0.244900
-0.240815
-0.236691
-0.232529
-0.228330
-0.224095
-0.219824
-0.215518
-0.211177
-0.206803
-0.202397
-0.197958
-0.193489
-0.188989
-0.184459
-0.179900
-0.175313
-0.170698
-0.166057
-0.161389
-0.156696
-0.151979
-0.147238
-0.142474
-0.137687
-0.132879
-0.128050
-0.123201
-0.118332
-0.113445
-0.108540
-0.103618
-0.098679
-0.093725
-0.088756
-0.083772
-0.078776
-0.073766
-0.068745
-0.063712
-0.058669
-0.053616
-0.048554
-0.043484
-0.038407
-0.033323
-0.028233
-0.023137
-0.018038
-0.012935
-0.007829
-0.002721
0.002389
0.007499
0.012608
0.017717
0.022823
0.027928
0.033028
0.038125
0.043216
0.048302
0.053381
0.058453
0.063516
0.068570
0.073615
0.078648
0.083670
0.088680
0.093677
0.098659
0.103626
0.108578
0.113513
0.118430
0.123330
0.128209
0.133069
0.137908
0.142724
0.147518
0.152288
0.157034
0.161754
0.166447
0.171113
0.175751
0.180359
0.184937
0.189484
0.193999
0.198480
0.202927
0.207340
0.211716
0.216055
0.220356
0.224617
0.228839
0.233019
0.237158
0.241252
0.245303
0.249308
0.253267
0.257178
0.261041
0.264854
0.268616
0.272326
0.275983
0.279586
0.283133
0.286624
0.290058
0.293433
0.296748
0.300002
0.303193
0.306321
0.309385
0.312382
0.315313
0.318175
0.320968
0.323690
0.326340
0.328917
0.331419
0.333846
0.336196
0.338467
0.340659
0.342771
0.344800
0.346746
0.348607
0.350382
0.352071
0.353670
0.355180
0.356599
0.357926
0.359159
0.360297
0.361339
0.362284
0.363129
0.363875
0.364520
0.365062
0.365500
0.365834
0.366061
0.366181
0.366192
0.366094
0.365885
0.365564
0.365129
0.364581
0.363917
0.363137
0.362239
0.361223
0.360088
0.358833
0.357456
0.355958
0.354337
0.352592
0.350723
0.348730
0.346610
0.344365
0.341993
0.339494
0.336868
0.334114
0.331231
0.328221
0.325082
0.321815
0.318419
0.314895
0.311243
0.307463
0.303556
0.299522
0.295361
0.291074
0.286662
0.282126
0.277466
0.272684
0.267780
0.262757
0.257615
0.252356
0.246981
0.241492
0.235891
0.230180
0.224360
0.218434
0.212404
0.206273
0.200042
0.193714
0.187293
0.180780
0.174179
0.167493
0.160724
0.153876
0.146952
0.139955
0.132889
0.125757
0.118563
0.111311
0.104003
0.096644
0.089238
0.081789
0.074299
0.066774
0.059218
0.051633
0.044025
0.036396
0.028752
0.021097
0.013433
0.005766
-0.001901
-0.009563
-0.017218
-0.024861
-0.032487
-0.040094
-0.047678
-0.055234
-0.062759
-0.070250
-0.077703
-0.085115
-0.092482
-0.099800
-0.107068
-0.114281
-0.121436
-0.128531
-0.135562
-0.142527
-0.149424
-0.156249
-0.163000
-0.169674
-0.176270
-0.182784
-0.189216
-0.195562
-0.201821
-0.207991
-0.214071
-0.220057
-0.225950
-0.231748
-0.237448
-0.243050
-0.248553
-0.253955
-0.259255
-0.264452
-0.269546
-0.274535
-0.279419
-0.284198
-0.288869
-0.293434
-0.297890
-0.302239
-0.306479
-0.310611
-0.314634
-0.318547
-0.322352
-0.326047
-0.329632
-0.333108
-0.336475
-0.339733
-0.342881
-0.345921
-0.348852
-0.351674
-0.354389
-0.356996
-0.359495
-0.361888
-0.364174
-0.366354
-0.368428
-0.370397
-0.372262
-0.374023
-0.375680
-0.377234
-0.378687
-0.380037
-0.381287
-0.382437
-0.383487
-0.384438
-0.385292
-0.386047
-0.386707
-0.387270
-0.387738
-0.388112
-0.388392
-0.388579
-0.388675
-0.388679
-0.388593
-0.388417
-0.388152
-0.387800
-0.387360
-0.386834
-0.386223
-0.385527
-0.384747
-0.383884
-0.382940
-0.381914
-0.380807
-0.379621
-0.378357
-0.377014
-0.375595
-0.374099
-0.372528
-0.370883
-0.369164
-0.367372
-0.365508
-0.363574
-0.361569
-0.359494
-0.357351
-0.355141
-0.352863
-0.350520
-0.348111
-0.345638
-0.343101
-0.340502
-0.337840
-0.335118
-0.332335
-0.329493
-0.326592
-0.323634
-0.320618
-0.317546
-0.314419
-0.311237
-0.308002
-0.304713
-0.301372
-0.297980
-0.294537
-0.291045
-0.287503
-0.283913
-0.280276
-0.276592
-0.272862
-0.269086
-0.265267
-0.261404
-0.257498
-0.253549
-0.249560
-0.245530
-0.241460
-0.237352
-0.233205
-0.229020
-0.224799
-0.220541
-0.216249
-0.211922
-0.207561
-0.203167
-0.198741
-0.194283
-0.189795
-0.185276
-0.180729
-0.176152
-0.171548
-0.166917
-0.162260
-0.157577
-0.152869
-0.148137
-0.143382
-0.138604
-0.133804
-0.128983
-0.124141
-0.119280
-0.114400
-0.109502
-0.104586
-0.099654
-0.094706
-0.089742
-0.084764
-0.079772
-0.074768
-0.069751
-0.064722
-0.059683
-0.054634
-0.049575
-0.044508
-0.039434
-0.034352
-0.029264
-0.024171
-0.019073
-0.013971
-0.008866
-0.003758
0.001351
0.006461
0.011571
0.016680
0.021787
0.026893
0.031995
0.037093
0.042187
0.047275
0.052357
0.057432
0.062499
0.067557
0.072605
0.077643
0.082670
0.087685
0.092687
0.097675
0.102648
0.107606
0.112548
0.117473
0.122379
0.127267
0.132135
0.136982
0.141807
0.146610
0.151390
0.156146
0.160876
0.165580
0.170257
0.174906
0.179526
0.184116
0.188675
0.193203
0.197697
0.202158
0.206585
0.210975
0.215329
0.219645
0.223923
0.228160
0.232357
0.236512
0.240624
0.244692
0.248716
0.252693
0.256623
0.260505
0.264338
0.268120
0.271851
0.275529
0.279153
0.282723
0.286236
0.289693
0.293091
0.296430
0.299708
0.302924
0.306078
0.309167
0.312190
0.315148
0.318037
0.320857
0.323608
0.326286
0.328892
0.331424
0.333881
0.336261
0.338564
0.340787
0.342931
0.344992
0.346971
0.348866
0.350675
0.352398
0.354033
0.355579
0.357034
0.358397
0.359667
0.360843
0.361923
0.362906
0.363791
0.364576
0.365261
0.365843
0.366323
0.366698
0.366967
0.367130
0.367184
0.367129
0.366964
0.366687
0.366297
0.365794
0.365176
0.364441
0.363590
0.362621
0.361533
0.360325
0.358997
0.357546
0.355974
0.354278
0.352458
0.350514
0.348444
0.346249
0.343927
0.341478
0.338902
0.336198
0.333366
0.330406
0.327318
0.324102
0.320756
0.317283
0.313682
0.309952
0.306095
0.302111
0.297999
0.293762
0.289399
0.284912
0.280301
0.275567
0.270711
0.265735
0.260640
0.255427
0.250097
0.244653
0.239096
0.233428
0.227650
0.221766
0.215777
0.209685
0.203493
0.197204
0.190819
0.184342
0.177776
0.171122
0.164386
0.157569
0.150674
0.143706
0.136667
0.129560
0.122390
0.115160
0.107874
0.100535
0.093147
0.085714
0.078240
0.070729
0.063184
0.055610
0.048011
0.040390
0.032752
0.025100
0.017440
0.009773
0.002106
-0.005559
-0.013217
-0.020865
-0.028498
-0.036113
-0.043706
-0.051273
-0.058811
-0.066316
-0.073784
-0.081213
-0.088597
-0.095935
-0.103223
-0.110458
-0.117636
-0.124755
-0.131812
-0.138803
-0.145727
-0.152580
-0.159360
-0.166065
-0.172692
-0.179238
-0.185703
-0.192082
-0.198376
-0.204581
-0.210696
-0.216720
-0.222650
-0.228485
-0.234223
-0.239864
-0.245406
-0.250847
-0.256187
-0.261425
-0.266560
-0.271590
-0.276516
-0.281335
-0.286049
-0.290655
-0.295154
-0.299546
-0.303829
-0.308003
-0.312068
-0.316025
-0.319872
-0.323610
-0.327238
-0.330757
-0.334167
-0.337467
-0.340658
-0.343741
-0.346714
-0.349579
-0.352336
-0.354985
-0.357527
-0.359961
-0.362289
-0.364510
-0.366626
-0.368636
-0.370542
-0.372343
-0.374041
-0.375636
-0.377128
-0.378518
-0.379808
-0.380996
-0.382086
-0.383075
-0.383967
-0.384761
-0.385458
-0.386059
-0.386564
-0.386975
-0.387291
-0.387515
-0.387646
-0.387686
-0.387635
-0.387494
-0.387264
-0.386946
-0.386541
-0.386048
-0.385470
-0.384808
-0.384060
-0.383230
-0.382317
-0.381323
-0.380248
-0.379093
-0.377859
-0.376547
-0.375158
-0.373692
-0.372150
-0.370534
-0.368844
-0.367080
-0.365245
-0.363338
-0.361360
-0.359313
-0.357197
-0.355012
-0.352761
-0.350443
-0.348060
-0.345612
-0.343100
-0.340525
-0.337888
-0.335189
-0.332430
-0.329611
-0.326733
-0.323797
-0.320804
-0.317754
-0.314648
-0.311488
-0.308273
-0.305005
-0.301685
-0.298312
-0.294889
-0.291416
-0.287893
-0.284322
-0.280703
-0.277037
-0.273325
-0.269568
-0.265765
-0.261919
-0.258030
-0.254098
-0.250125
-0.246110
-0.242056
-0.237962
-0.233830
-0.229660
-0.225453
-0.221210
-0.216931
-0.212617
-0.208270
-0.203889
-0.199475
-0.195030
-0.190553
-0.186046
-0.181510
-0.176945
-0.172351
-0.167731
-0.163084
-0.158410
-0.153712
-0.148989
-0.144243
-0.139474
-0.134683
-0.129870
-0.125036
-0.120183
-0.115310
-0.110419
-0.105510
-0.100584
-0.095642
-0.090684
-0.085711
-0.080725
-0.075725
-0.070713
-0.065689
-0.060653
-0.055608
-0.050553
-0.045489
-0.040417
-0.035338
-0.030253
-0.025161
-0.020065
-0.014965
-0.009861
-0.004754
0.000355
0.005464
0.010574
0.015684
0.020792
0.025899
0.031002
0.036102
0.041198
0.046289
0.051373
0.056451
0.061521
0.066582
0.071635
0.076677
0.081709
0.086728
0.091735
0.096729
0.101708
0.106673
0.111621
0.116552
0.121466
0.126361
0.131237
0.136093
0.140927
0.145739
0.150528
0.155293
0.160033
0.164748
0.169435
0.174095
0.178727
0.183329
0.187901
0.192441
0.196949
0.201423
0.205863
0.210268
0.214636
0.218967
0.223260
0.227513
0.231726
0.235898
0.240027
0.244113
0.248154
0.252149
0.256098
0.259999
0.263851
0.267653
0.271405
0.275104
0.278749
0.282341
0.285876
0.289355
0.292777
0.296139
0.299441
0.302682
0.305860
0.308974
0.312024
0.315008
0.317924
0.320771
0.323549
0.326256
0.328891
0.331452
0.333938
0.336349
0.338682
0.340937
0.343112
0.345206
0.347217
0.349145
0.350988
0.352745
0.354415
0.355996
0.357486
0.358886
0.360193
0.361406
0.362523
0.363545
0.364468
0.365293
0.366017
0.366640
0.367160
0.367576
0.367887
0.368092
0.368189
0.368177
0.368055
0.367822
0.367477
0.367018
0.366445
0.365757
0.364951
0.364029
0.362988
0.361827
0.360546
0.359143
0.357619
0.355971
0.354200
0.352305
0.350285
0.348138
0.345866
0.343467
0.340941
0.338287
0.335506
0.332596
0.329558
0.326392
0.323098
0.319675
0.316123
0.312444
0.308637
0.304702
0.300641
0.296453
0.292139
0.287701
0.283138
0.278452
0.273644
0.268715
0.263666
0.258499
0.253215
0.247816
0.242303
0.236678
0.230943
0.225101
0.219152
0.213101
0.206948
0.200696
0.194348
0.187907
0.181376
0.174756
0.168052
0.161266
0.154401
0.147461
0.140450
0.133369
0.126224
0.119017
0.111753
0.104434
0.097065
0.089649
0.082191
0.074693
0.067161
0.059598
0.052008
0.044396
0.036764
0.029117
0.021459
0.013795
0.006128
-0.001539
-0.009200
-0.016852
-0.024491
-0.032114
-0.039716
-0.047294
-0.054844
-0.062362
-0.069845
-0.077289
-0.084691
-0.092048
-0.099356
-0.106612
-0.113812
-0.120955
-0.128036
-0.135053
-0.142004
-0.148885
-0.155694
-0.162429
-0.169086
-0.175665
-0.182161
-0.188575
-0.194902
-0.201142
-0.207293
-0.213352
-0.219319
-0.225191
-0.230968
-0.236647
-0.242228
-0.247709
-0.253089
-0.258367
-0.263542
-0.268613
-0.273580
-0.278441
-0.283196
-0.287845
-0.292386
-0.296820
-0.301145
-0.305362
-0.309470
-0.313469
-0.317359
-0.321140
-0.324811
-0.328373
-0.331825
-0.335168
-0.338402
-0.341527
-0.344544
-0.347451
-0.350250
-0.352942
-0.355525
-0.358002
-0.360371
-0.362634
-0.364791
-0.366843
-0.368789
-0.370631
-0.372370
-0.374005
-0.375537
-0.376967
-0.378296
-0.379524
-0.380653
-0.381681
-0.382611
-0.383443
-0.384178
-0.384817
-0.385359
-0.385807
-0.386160
-0.386420
-0.386588
-0.386663
-0.386648
-0.386542
-0.386347
-0.386064
-0.385692
-0.385234
-0.384689
-0.384060
-0.383345
-0.382548
-0.381667
-0.380705
-0.379661
-0.378538
-0.377335
-0.376053
-0.374694
-0.373258
-0.371746
-0.370159
-0.368497
-0.366762
-0.364955
-0.363076
-0.361126
-0.359106
-0.357016
-0.354859
-0.352633
-0.350342
-0.347984
-0.345561
-0.343074
-0.340524
-0.337911
-0.335236
-0.332501
-0.329705
-0.326850
-0.323937
-0.320966
-0.317938
-0.314854
-0.311715
-0.308521
-0.305274
-0.301974
-0.298622
-0.295219
-0.291765
-0.288262
-0.284710
-0.281109
-0.277462
-0.273768
-0.270028
-0.266243
-0.262414
-0.258541
-0.254626
-0.250669
-0.246670
-0.242632
-0.238553
-0.234436
-0.230281
-0.226088
-0.221859
-0.217594
-0.213294
-0.208959
-0.204591
-0.200190
-0.195757
-0.191293
-0.186798
-0.182273
-0.177719
-0.173136
-0.168526
-0.163889
-0.159226
-0.154538
-0.149825
-0.145087
-0.140327
-0.135544
-0.130740
-0.125914
-0.121068
-0.116203
-0.111319
-0.106417
-0.101497
-0.096561
-0.091610
-0.086643
-0.081662
-0.076667
-0.071659
-0.066640
-0.061609
-0.056567
-0.051516
-0.046455
-0.041387
-0.036310
-0.031227
-0.026138
-0.021043
-0.015944
-0.010842
-0.005736
-0.000628
0.004481
0.009591
0.014701
0.019810
0.024918
0.030023
0.035124
0.040222
0.045314
0.050401
0.055482
0.060555
0.065620
0.070676
0.075723
0.080758
0.085783
0.090795
0.095794
0.100779
0.105750
0.110704
0.115643
0.120563
0.125466
0.130350
0.135213
0.140056
0.144877
0.149675
0.154449
0.159200
0.163924
0.168623
0.173294
0.177937
0.182550
0.187134
0.191687
0.196207
0.200695
0.205149
0.209568
0.213950
0.218296
0.222604
0.226873
0.231102
0.235290
0.239436
0.243539
0.247598
0.251611
0.255579
0.259499
0.263370
0.267192
0.270963
0.274683
0.278350
0.281963
0.285520
0.289022
0.292466
0.295852
0.299177
0.302442
0.305645
0.308785
0.311860
0.314870
0.317813
0.320687
0.323493
0.326228
0.328891
0.331481
0.333997
0.336438
0.338801
0.341087
0.343294
0.345420
0.347464
0.349425
0.351301
0.353092
0.354796
0.356412
0.357938
0.359374
0.360717
0.361967
0.363123
0.364182
0.365144
0.366008
0.366772
0.367435
0.367995
0.368453
0.368805
0.369051
0.369191
0.369222
0.369143
0.368954
0.368653
0.368239
0.367711
0.367068
0.366309
0.365433
0.364438
0.363325
0.362091
0.360736
0.359260
0.357661
0.355939
0.354092
0.352121
0.350025
0.347802
0.345453
0.342977
0.340373
0.337642
0.334783
0.331796
0.328680
0.325436
0.322063
0.318563
0.314934
0.311177
0.307292
0.303281
0.299142
0.294878
0.290489
0.285975
0.281337
0.276577
0.271696
0.266694
0.261573
0.256335
0.250981
0.245512
0.239932
0.234240
0.228440
0.222533
0.216521
0.210408
0.204195
0.197885
0.191480
0.184984
0.178399
0.171728
0.164974
0.158140
0.151229
0.144245
0.137192
0.130072
0.122889
0.115647
0.108349
0.100999
0.093601
0.086159
0.078677
0.071158
0.063607
0.056028
0.048423
0.040799
0.033157
0.025504
0.017842
0.010175
0.002508
-0.005155
-0.012812
-0.020456
-0.028086
-0.035696
-0.043284
-0.050845
-0.058376
-0.065874
-0.073333
-0.080752
-0.088127
-0.095455
-0.102731
-0.109954
-0.117120
-0.124225
-0.131268
-0.138245
-0.145154
-0.151991
-0.158756
-0.165444
-0.172053
-0.178582
-0.185029
-0.191390
-0.197665
-0.203851
-0.209946
-0.215950
-0.221859
-0.227674
-0.233391
-0.239011
-0.244531
-0.249951
-0.255269
-0.260485
-0.265597
-0.270605
-0.275508
-0.280305
-0.284996
-0.289579
-0.294055
-0.298423
-0.302683
-0.306834
-0.310876
-0.314808
-0.318632
-0.322346
-0.325951
-0.329447
-0.332833
-0.336110
-0.339278
-0.342337
-0.345287
-0.348129
-0.350863
-0.353489
-0.356007
-0.358419
-0.360724
-0.362922
-0.365015
-0.367003
-0.368886
-0.370665
-0.372341
-0.373914
-0.375384
-0.376753
-0.378021
-0.379188
-0.380256
-0.381224
-0.382095
-0.382868
-0.383544
-0.384124
-0.384609
-0.385000
-0.385297
-0.385500
-0.385612
-0.385632
-0.385562
-0.385402
-0.385153
-0.384816
-0.384392
-0.383881
-0.383285
-0.382604
-0.381839
-0.380991
-0.380060
-0.379049
-0.377957
-0.376785
-0.375534
-0.374205
-0.372799
-0.371317
-0.369759
-0.368127
-0.366421
-0.364642
-0.362791
-0.360869
-0.358876
-0.356814
-0.354683
-0.352484
-0.350218
-0.347886
-0.345489
-0.343027
-0.340502
-0.337913
-0.335263
-0.332551
-0.329779
-0.326947
-0.324057
-0.321108
-0.318103
-0.315041
-0.311923
-0.308751
-0.305525
-0.302245
-0.298914
-0.295530
-0.292096
-0.288613
-0.285079
-0.281498
-0.277869
-0.274193
-0.270471
-0.266703
-0.262891
-0.259036
-0.255137
-0.251196
-0.247214
-0.243191
-0.239128
-0.235026
-0.230886
-0.226708
-0.222493
-0.218242
-0.213955
-0.209634
-0.205279
-0.200891
-0.196470
-0.192018
-0.187535
-0.183022
-0.178479
-0.173908
-0.169308
-0.164682
-0.160029
-0.155350
-0.150646
-0.145919
-0.141167
-0.136393
-0.131597
-0.126779
-0.121941
-0.117084
-0.112207
-0.107312
-0.102399
-0.097469
-0.092524
-0.087563
-0.082587
-0.077597
-0.072595
-0.067580
-0.062553
-0.057515
-0.052468
-0.047411
-0.042345
-0.037272
-0.032191
-0.027104
-0.022011
-0.016914
-0.011813
-0.006708
-0.001601
0.003508
0.008618
0.013728
0.018838
0.023946
0.029052
0.034155
0.039254
0.044349
0.049438
0.054522
0.059598
0.064666
0.069726
0.074777
0.079817
0.084846
0.089863
0.094867
0.099858
0.104834
0.109796
0.114740
0.119668
0.124578
0.129469
0.134341
0.139192
0.144022
0.148829
0.153613
0.158373
0.163108
0.167817
0.172499
0.177153
0.181778
0.186374
0.190939
0.195472
0.199973
0.204441
0.208873
0.213270
0.217631
0.221954
0.226238
0.230483
0.234688
0.238850
0.242970
0.247047
0.251078
0.255064
0.259003
0.262893
0.266735
0.270527
0.274267
0.277955
0.281589
0.285168
0.288692
0.292159
0.295568
0.298917
0.302207
0.305434
0.308599
0.311700
0.314735
0.317705
0.320606
0.323439
0.326202
0.328894
0.331513
0.334058
0.336529
0.338923
0.341240
0.343477
0.345635
0.347712
0.349706
0.351616
0.353441
0.355179
0.356830
0.358392
0.359863
0.361243
0.362530
0.363723
0.364820
0.365821
0.366723
0.367527
0.368229
0.368831
0.369329
0.369723
0.370011
0.370193
0.370267
0.370231
0.370086
0.369829
0.369460
0.368977
0.368380
0.367666
0.366836
0.365889
0.364822
0.363636
0.362329
0.360901
0.359350
0.357676
0.355879
0.353957
0.351910
0.349737
0.347438
0.345012
0.342459
0.339778
0.336969
0.334033
0.330968
0.327774
0.324452
0.321002
0.317423
0.313717
0.309883
0.305921
0.301833
0.297618
0.293278
0.288813
0.284224
0.279513
0.274679
0.269724
0.264650
0.259458
0.254150
0.248726
0.243189
0.237541
0.231783
0.225918
0.219948
0.213875
0.207701
0.201429
0.195061
0.188601
0.182050
0.175412
0.168691
0.161888
0.155007
0.148052
0.141025
0.133931
0.126773
0.119553
0.112277
0.104947
0.097568
0.090143
0.082677
0.075172
0.067633
0.060064
0.052469
0.044852
0.037217
0.029568
0.021908
0.014243
0.006576
-0.001090
-0.008749
-0.016399
-0.024035
-0.031653
-0.039250
-0.046822
-0.054366
-0.061877
-0.069351
-0.076787
-0.084180
-0.091526
-0.098823
-0.106067
-0.113256
-0.120385
-0.127453
-0.134457
-0.141393
-0.148259
-0.155052
-0.161770
-0.168411
-0.174972
-0.181451
-0.187847
-0.194156
-0.200377
-0.206508
-0.212548
-0.218495
-0.224347
-0.230103
-0.235761
-0.241321
-0.246781
-0.252139
-0.257395
-0.262548
-0.267598
-0.272542
-0.277381
-0.282113
-0.286739
-0.291257
-0.295668
-0.299970
-0.304164
-0.308249
-0.312225
-0.316092
-0.319849
-0.323497
-0.327036
-0.330465
-0.333785
-0.336996
-0.340098
-0.343091
-0.345975
-0.348752
-0.351420
-0.353981
-0.356435
-0.358781
-0.361022
-0.363156
-0.365186
-0.367110
-0.368930
-0.370646
-0.372260
-0.373770
-0.375179
-0.376486
-0.377693
-0.378800
-0.379808
-0.380717
-0.381528
-0.382243
-0.382861
-0.383383
-0.383811
-0.384144
-0.384384
-0.384532
-0.384588
-0.384554
-0.384429
-0.384215
-0.383913
-0.383523
-0.383046
-0.382483
-0.381836
-0.381104
-0.380288
-0.379390
-0.378411
-0.377350
-0.376209
-0.374990
-0.373691
-0.372316
-0.370863
-0.369335
-0.367732
-0.366055
-0.364305
-0.362482
-0.360588
-0.358623
-0.356588
-0.354484
-0.352312
-0.350073
-0.347767
-0.345395
-0.342958
-0.340458
-0.337894
-0.335268
-0.332580
-0.329832
-0.327024
-0.324156
-0.321230
-0.318247
-0.315207
-0.312112
-0.308961
-0.305756
-0.302498
-0.299186
-0.295823
-0.292409
-0.288945
-0.285431
-0.281869
-0.278258
-0.274601
-0.270897
-0.267147
-0.263353
-0.259514
-0.255632
-0.251708
-0.247742
-0.243735
-0.239688
-0.235601
-0.231476
-0.227313
-0.223112
-0.218875
-0.214603
-0.210295
-0.205953
-0.201578
-0.197170
-0.192731
-0.188260
-0.183758
-0.179227
-0.174667
-0.170079
-0.165463
-0.160820
-0.156152
-0.151458
-0.146739
-0.141997
-0.137232
-0.132444
-0.127635
-0.122805
-0.117955
-0.113086
-0.108198
-0.103292
-0.098369
-0.093430
-0.088475
-0.083505
-0.078521
-0.073523
-0.068513
-0.063491
-0.058457
-0.053414
-0.048360
-0.043298
-0.038228
-0.033150
-0.028065
-0.022975
-0.017879
-0.012779
-0.007676
-0.002570
0.002539
0.007648
0.012758
0.017868
0.022977
0.028084
0.033188
0.038289
0.043385
0.048477
0.053563
0.058642
0.063713
0.068776
0.073830
0.078875
0.083908
0.088930
0.093940
0.098936
0.103918
0.108885
0.113836
0.118771
0.123688
0.128587
0.133466
0.138325
0.143163
0.147979
0.152773
0.157542
0.162287
0.167006
0.171699
0.176364
0.181001
0.185608
0.190186
0.194732
0.199245
0.203726
0.208172
0.212583
0.216958
0.221296
0.225596
0.229857
0.234077
0.238256
0.242393
0.246487
0.250536
0.254540
0.258497
0.262407
0.266268
0.270080
0.273840
0.277549
0.281204
0.284805
0.288351
0.291841
0.295273
0.298646
0.301959
0.305211
0.308400
0.311526
0.314588
0.317583
0.320512
0.323372
0.326163
0.328883
0.331531
0.334105
0.336605
0.339030
0.341377
0.343646
0.345836
0.347944
0.349971
0.351914
0.353773
0.355546
0.357231
0.358828
0.360335
0.361751
0.363075
0.364305
0.365440
0.366479
0.367421
0.368264
0.369006
0.369648
0.370187
0.370622
0.370952
0.371176
0.371293
0.371301
0.371199
0.370986
0.370662
0.370224
0.369672
0.369004
0.368220
0.367319
0.366300
0.365161
0.363902
0.362521
0.361019
0.359394
0.357646
0.355773
0.353775
0.351652
0.349403
0.347027
0.344524
0.341894
0.339136
0.336250
0.333235
0.330092
0.326821
0.323422
0.319894
0.316238
0.312454
0.308543
0.304504
0.300339
0.296049
0.291633
0.287093
0.282429
0.277644
0.272737
0.267709
0.262564
0.257301
0.251923
0.246430
0.240826
0.235111
0.229288
0.223359
0.217326
0.211191
0.204958
0.198627
0.192203
0.185688
0.179084
0.172395
0.165624
0.158773
0.151847
0.144848
0.137780
0.130646
0.123450
0.116196
0.108887
0.101527
0.094119
0.086668
0.079178
0.071652
0.064094
0.056509
0.048900
0.041272
0.033627
0.025971
0.018308
0.010641
0.002974
-0.004688
-0.012343
-0.019985
-0.027610
-0.035217
-0.042799
-0.050354
-0.057879
-0.065368
-0.072820
-0.080230
-0.087595
-0.094912
-0.102178
-0.109389
-0.116542
-0.123635
-0.130664
-0.137627
-0.144521
-0.151343
-0.158092
-0.164763
-0.171356
-0.177868
-0.184297
-0.190640
-0.196896
-0.203063
-0.209140
-0.215123
-0.221013
-0.226807
-0.232504
-0.238103
-0.243602
-0.249001
-0.254297
-0.259491
-0.264582
-0.269567
-0.274448
-0.279222
-0.283890
-0.288451
-0.292904
-0.297249
-0.301486
-0.305614
-0.309633
-0.313542
-0.317343
-0.321034
-0.324616
-0.328088
-0.331451
-0.334705
-0.337850
-0.340886
-0.343813
-0.346632
-0.349343
-0.351946
-0.354442
-0.356830
-0.359113
-0.361289
-0.363359
-0.365325
-0.367186
-0.368943
-0.370597
-0.372148
-0.373596
-0.374944
-0.376190
-0.377336
-0.378383
-0.379331
-0.380180
-0.380933
-0.381589
-0.382148
-0.382613
-0.382984
-0.383261
-0.383445
-0.383537
-0.383538
-0.383448
-0.383269
-0.383002
-0.382646
-0.382203
-0.381674
-0.381060
-0.380361
-0.379578
-0.378713
-0.377765
-0.376736
-0.375627
-0.374438
-0.373171
-0.371825
-0.370403
-0.368905
-0.367331
-0.365683
-0.363961
-0.362167
-0.360301
-0.358363
-0.356356
-0.354279
-0.352134
-0.349920
-0.347641
-0.345295
-0.342883
-0.340408
-0.337869
-0.335267
-0.332604
-0.329879
-0.327094
-0.324250
-0.321347
-0.318386
-0.315369
-0.312295
-0.309166
-0.305982
-0.302744
-0.299454
-0.296111
-0.292717
-0.289272
-0.285778
-0.282234
-0.278643
-0.275004
-0.271318
-0.267586
-0.263809
-0.259988
-0.256123
-0.252215
-0.248266
-0.244275
-0.240243
-0.236172
-0.232062
-0.227913
-0.223728
-0.219505
-0.215246
-0.210952
-0.206624
-0.202262
-0.197867
-0.193439
-0.188981
-0.184491
-0.179972
-0.175423
-0.170845
-0.166240
-0.161608
-0.156950
-0.152266
-0.147557
-0.142824
-0.138068
-0.133289
-0.128488
-0.123667
-0.118824
-0.113963
-0.109082
-0.104183
-0.099267
-0.094334
-0.089385
-0.084420
-0.079442
-0.074450
-0.069444
-0.064427
-0.059398
-0.054358
-0.049309
-0.044250
-0.039182
-0.034107
-0.029025
-0.023937
-0.018844
-0.013746
-0.008643
-0.003538
0.001569
0.006678
0.011788
0.016898
0.022008
0.027115
0.032221
0.037323
0.042421
0.047515
0.052603
0.057684
0.062759
0.067825
0.072883
0.077931
0.082969
0.087995
0.093010
0.098011
0.102999
0.107972
0.112930
0.117871
0.122795
0.127701
0.132588
0.137455
0.142301
0.147126
0.151928
0.156707
0.161462
0.166191
0.170894
0.175570
0.180218
0.184837
0.189427
0.193985
0.198511
0.203005
0.207465
0.211890
0.216279
0.220632
0.224946
0.229222
0.233459
0.237654
0.241808
0.245918
0.249985
0.254007
0.257982
0.261911
0.265791
0.269622
0.273403
0.277132
0.280808
0.284431
0.287998
0.291510
0.294964
0.298361
0.301697
0.304973
0.308187
0.311339
0.314426
0.317447
0.320402
0.323289
0.326107
0.328855
0.331531
0.334134
0.336664
0.339118
0.341496
0.343795
0.346016
0.348157
0.350216
0.352192
0.354084
0.355890
0.357610
0.359242
0.360784
0.362236
0.363596
0.364863
0.366036
0.367112
0.368092
0.368974
0.369756
0.370437
0.371016
0.371492
0.371864
0.372129
0.372288
0.372339
0.372280
0.372111
0.371830
0.371437
0.370929
0.370307
0.369569
0.368714
0.367741
0.366649
0.365437
0.364104
0.362650
0.361073
0.359373
0.357549
0.355600
0.353526
0.351327
0.349000
0.346547
0.343967
0.341259
0.338423
0.335458
0.332366
0.329145
0.325796
0.322318
0.318712
0.314978
0.311117
0.307128
0.303013
0.298771
0.294404
0.289913
0.285297
0.280559
0.275699
0.270719
0.265620
0.260403
0.255069
0.249621
0.244060
0.238389
0.232608
0.226720
0.220727
0.214632
0.208437
0.202144
0.195756
0.189276
0.182706
0.176050
0.169311
0.162491
0.155594
0.148623
0.141582
0.134473
0.127301
0.120069
0.112781
0.105440
0.098051
0.090617
0.083141
0.075629
0.068083
0.060508
0.052908
0.045286
0.037647
0.029995
0.022334
0.014668
0.007001
-0.000664
-0.008322
-0.015969
-0.023602
-0.031216
-0.038808
-0.046375
-0.053912
-0.061415
-0.068882
-0.076309
-0.083692
-0.091029
-0.098315
-0.105548
-0.112724
-0.119841
-0.126895
-0.133885
-0.140806
-0.147657
-0.154434
-0.161136
-0.167761
-0.174305
-0.180766
-0.187143
-0.193434
-0.199636
-0.205748
-0.211768
-0.217695
-0.223527
-0.229262
-0.234899
-0.240438
-0.245876
-0.251212
-0.256447
-0.261578
-0.266605
-0.271526
-0.276343
-0.281052
-0.285655
-0.290151
-0.294538
-0.298817
-0.302988
-0.307049
-0.311002
-0.314845
-0.318579
-0.322204
-0.325719
-0.329125
-0.332422
-0.335609
-0.338688
-0.341658
-0.344519
-0.347272
-0.349918
-0.352455
-0.354886
-0.357210
-0.359428
-0.361540
-0.363546
-0.365448
-0.367246
-0.368940
-0.370531
-0.372020
-0.373407
-0.374693
-0.375878
-0.376964
-0.377950
-0.378838
-0.379629
-0.380323
-0.380920
-0.381422
-0.381829
-0.382143
-0.382363
-0.382491
-0.382528
-0.382474
-0.382330
-0.382097
-0.381776
-0.381367
-0.380872
-0.380291
-0.379625
-0.378875
-0.378042
-0.377126
-0.376129
-0.375051
-0.373893
-0.372657
-0.371342
-0.369950
-0.368481
-0.366937
-0.365318
-0.363625
-0.361859
-0.360021
-0.358111
-0.356131
-0.354082
-0.351963
-0.349776
-0.347523
-0.345202
-0.342817
-0.340367
-0.337852
-0.335275
-0.332636
-0.329935
-0.327174
-0.324353
-0.321473
-0.318535
-0.315539
-0.312487
-0.309380
-0.306217
-0.303001
-0.299731
-0.296409
-0.293035
-0.289610
-0.286135
-0.282611
-0.279038
-0.275417
-0.271749
-0.268036
-0.264276
-0.260473
-0.256625
-0.252734
-0.248801
-0.244826
-0.240810
-0.236755
-0.232660
-0.228526
-0.224355
-0.220146
-0.215902
-0.211622
-0.207307
-0.202958
-0.198576
-0.194161
-0.189715
-0.185237
-0.180729
-0.176192
-0.171626
-0.167031
-0.162410
-0.157762
-0.153088
-0.148389
-0.143665
-0.138918
-0.134148
-0.129356
-0.124542
-0.119708
-0.114854
-0.109981
-0.105089
-0.100179
-0.095253
-0.090310
-0.085352
-0.080379
-0.075392
-0.070392
-0.065379
-0.060354
-0.055319
-0.050273
-0.045218
-0.040154
-0.035082
-0.030003
-0.024917
-0.019825
-0.014729
-0.009628
-0.004524
0.000582
0.005691
0.010800
0.015910
0.021020
0.026128
0.031235
0.036338
0.041438
0.046533
0.051623
0.056708
0.061785
0.066855
0.071916
0.076968
0.082010
0.087041
0.092060
0.097066
0.102059
0.107038
0.112002
0.116949
0.121880
0.126793
0.131688
0.136563
0.141417
0.146250
0.151062
0.155850
0.160614
0.165353
0.170066
0.174753
0.179412
0.184043
0.188643
0.193214
0.197753
0.202259
0.206732
0.211171
0.215574
0.219941
0.224271
0.228562
0.232814
0.237026
0.241196
0.245323
0.249407
0.253447
0.257440
0.261387
0.265286
0.269137
0.272937
0.276686
0.280383
0.284027
0.287616
0.291150
0.294627
0.298046
0.301406
0.304706
0.307944
0.311120
0.314232
0.317279
0.320260
0.323174
0.326019
0.328795
0.331499
0.334131
0.336689
0.339173
0.341581
0.343911
0.346163
0.348335
0.350426
0.352434
0.354359
0.356199
0.357953
0.359619
0.361197
0.362684
0.364081
0.365384
0.366594
0.367708
0.368726
0.369646
0.370467
0.371188
0.371807
0.372323
0.372736
0.373043
0.373244
0.373337
0.373321
0.373195
0.372958
0.372609
0.372146
0.371569
0.370876
0.370067
0.369140
0.368095
0.366930
0.365644
0.364238
0.362709
0.361057
0.359282
0.357382
0.355357
0.353206
0.350930
0.348526
0.345996
0.343338
0.340552
0.337638
0.334595
0.331425
0.328125
0.324698
0.321142
0.317458
0.313647
0.309708
0.305642
0.301450
0.297132
0.292689
0.288122
0.283432
0.278619
0.273686
0.268633
0.263462
0.258174
0.252770
0.247253
0.241625
0.235886
0.230040
0.224088
0.218033
0.211876
0.205621
0.199270
0.192826
0.186291
0.179669
0.172962
0.166173
0.159305
0.152363
0.145349
0.138266
0.131119
0.123910
0.116643
0.109322
0.101951
0.094534
0.087074
0.079576
0.072042
0.064478
0.056887
0.049274
0.041641
0.033994
0.026336
0.018671
0.011004
0.003337
-0.004324
-0.011976
-0.019615
-0.027237
-0.034838
-0.042415
-0.049964
-0.057481
-0.064963
-0.072406
-0.079807
-0.087162
-0.094469
-0.101723
-0.108922
-0.116062
-0.123142
-0.130157
-0.137105
-0.143984
-0.150791
-0.157523
-0.164178
-0.170754
-0.177248
-0.183659
-0.189983
-0.196221
-0.202368
-0.208425
-0.214388
-0.220258
-0.226031
-0.231707
-0.237285
-0.242762
-0.248139
-0.253414
-0.258585
-0.263653
-0.268617
-0.273474
-0.278226
-0.282871
-0.287409
-0.291838
-0.296160
-0.300374
-0.304478
-0.308474
-0.312360
-0.316137
-0.319805
-0.323363
-0.326812
-0.330151
-0.333382
-0.336503
-0.339516
-0.342420
-0.345215
-0.347903
-0.350483
-0.352956
-0.355322
-0.357581
-0.359735
-0.361783
-0.363726
-0.365564
-0.367299
-0.368931
-0.370460
-0.371887
-0.373212
-0.374437
-0.375562
-0.376587
-0.377514
-0.378343
-0.379074
-0.379709
-0.380249
-0.380693
-0.381044
-0.381300
-0.381465
-0.381537
-0.381519
-0.381410
-0.381212
-0.380925
-0.380551
-0.380090
-0.379542
-0.378910
-0.378193
-0.377392
-0.376509
-0.375544
-0.374498
-0.373371
-0.372165
-0.370881
-0.369519
-0.368081
-0.366566
-0.364977
-0.363313
-0.361575
-0.359766
-0.357884
-0.355932
-0.353909
-0.351818
-0.349658
-0.347430
-0.345136
-0.342776
-0.340351
-0.337862
-0.335309
-0.332694
-0.330018
-0.327280
-0.324483
-0.321626
-0.318710
-0.315737
-0.312708
-0.309622
-0.306481
-0.303286
-0.300037
-0.296735
-0.293381
-0.289976
-0.286521
-0.283016
-0.279462
-0.275860
-0.272211
-0.268516
-0.264774
-0.260988
-0.257157
-0.253283
-0.249367
-0.245408
-0.241408
-0.237368
-0.233289
-0.229170
-0.225014
-0.220820
-0.216590
-0.212324
-0.208022
-0.203687
-0.199318
-0.194916
-0.190482
-0.186016
-0.181520
-0.176994
-0.172440
-0.167856
-0.163245
-0.158608
-0.153944
-0.149254
-0.144541
-0.139803
-0.135042
-0.130258
-0.125453
-0.120627
-0.115781
-0.110915
-0.106030
-0.101127
-0.096208
-0.091271
-0.086319
-0.081352
-0.076370
-0.071375
-0.066368
-0.061348
-0.056317
-0.051275
-0.046223
-0.041163
-0.036094
-0.031017
-0.025934
-0.020845
-0.015750
-0.010651
-0.005549
-0.000443
0.004665
0.009774
0.014884
0.019994
0.025102
0.030210
0.035314
0.040415
0.045513
0.050605
0.055691
0.060771
0.065844
0.070909
0.075964
0.081010
0.086045
0.091069
0.096081
0.101079
0.106063
0.111033
0.115987
0.120924
0.125844
0.130746
0.135629
0.140491
0.145333
0.150153
0.154950
0.159724
0.164473
0.169196
0.173893
0.178563
0.183205
0.187818
0.192400
0.196951
0.201470
0.205957
0.210409
0.214826
0.219207
0.223552
0.227858
0.232125
0.236353
0.240539
0.244683
0.248784
0.252841
0.256853
0.260818
0.264736
0.268606
0.272426
0.276195
0.279913
0.283577
0.287188
0.290743
0.294243
0.297684
0.301068
0.304391
0.307654
0.310854
0.313991
0.317064
0.320071
0.323011
0.325883
0.328686
0.331418
0.334078
0.336666
0.339179
0.341616
0.343977
0.346260
0.348463
0.350586
0.352627
0.354585
0.356458
0.358246
0.359946
0.361559
0.363081
0.364513
0.365853
0.367100
0.368251
0.369307
0.370266
0.371125
0.371886
0.372545
0.373101
0.373555
0.373903
0.374146
0.374281
0.374308
0.374225
0.374032
0.373727
0.373309
0.372776
0.372129
0.371366
0.370485
0.369486
0.368368
0.367130
0.365771
0.364290
0.362686
0.360959
0.359108
0.357132
0.355031
0.352804
0.350450
0.347969
0.345361
0.342625
0.339761
0.336769
0.333649
0.330400
0.327023
0.323517
0.319884
0.316122
0.312233
0.308217
0.304074
0.299805
0.295411
0.290893
0.286251
0.281486
0.276600
0.271594
0.266469
0.261227
0.255868
0.250396
0.244811
0.239115
0.233311
0.227400
0.221385
0.215268
0.209051
0.202738
0.196330
0.189830
0.183242
0.176567
0.169810
0.162973
0.156060
0.149074
0.142018
0.134895
0.127710
0.120465
0.113166
0.105814
0.098415
0.090971
0.083487
0.075967
0.068415
0.060834
0.053229
0.045603
0.037961
0.030307
0.022644
0.014978
0.007310
-0.000353
-0.008009
-0.015654
-0.023283
-0.030893
-0.038480
-0.046040
-0.053571
-0.061067
-0.068525
-0.075943
-0.083317
-0.090643
-0.097918
-0.105139
-0.112302
-0.119406
-0.126447
-0.133422
-0.140329
-0.147164
-0.153926
-0.160611
-0.167219
-0.173745
-0.180189
-0.186548
-0.192820
-0.199003
-0.205095
-0.211096
-0.217002
-0.222814
-0.228528
-0.234145
-0.239662
-0.245078
-0.250394
-0.255606
-0.260715
-0.265719
-0.270619
-0.275412
-0.280099
-0.284679
-0.289152
-0.293516
-0.297773
-0.301920
-0.305959
-0.309888
-0.313708
-0.317419
-0.321020
-0.324512
-0.327895
-0.331168
-0.334333
-0.337388
-0.340335
-0.343173
-0.345904
-0.348526
-0.351041
-0.353449
-0.355751
-0.357946
-0.360035
-0.362020
-0.363900
-0.365675
-0.367348
-0.368917
-0.370384
-0.371750
-0.373014
-0.374178
-0.375243
-0.376208
-0.377076
-0.377846
-0.378519
-0.379096
-0.379578
-0.379965
-0.380259
-0.380460
-0.380568
-0.380586
-0.380512
-0.380350
-0.380098
-0.379758
-0.379331
-0.378817
-0.378218
-0.377535
-0.376767
-0.375916
-0.374983
-0.373969
-0.372874
-0.371700
-0.370446
-0.369115
-0.367707
-0.366222
-0.364662
-0.363027
-0.361319
-0.359538
-0.357684
-0.355760
-0.353765
-0.351701
-0.349568
-0.347367
-0.345099
-0.342765
-0.340365
-0.337901
-0.335374
-0.332783
-0.330131
-0.327417
-0.324643
-0.321810
-0.318917
-0.315967
-0.312960
-0.309896
-0.306777
-0.303603
-0.300375
-0.297094
-0.293761
-0.290376
-0.286941
-0.283455
-0.279920
-0.276337
-0.272707
-0.269029
-0.265306
-0.261537
-0.257724
-0.253867
-0.249967
-0.246025
-0.242042
-0.238018
-0.233954
-0.229850
-0.225709
-0.221530
-0.217314
-0.213062
-0.208774
-0.204452
-0.200096
-0.195707
-0.191285
-0.186832
-0.182348
-0.177834
-0.173291
-0.168719
-0.164119
-0.159491
-0.154838
-0.150158
-0.145454
-0.140726
-0.135974
-0.131199
-0.126402
-0.121584
-0.116746
-0.111888
-0.107011
-0.102115
-0.097202
-0.092272
-0.087326
-0.082365
-0.077389
-0.072399
-0.067396
-0.062381
-0.057354
-0.052317
-0.047269
-0.042212
-0.037146
-0.032073
-0.026992
-0.021905
-0.016813
-0.011715
-0.006614
-0.001509
0.003598
0.008706
0.013816
0.018926
0.024035
0.029143
0.034248
0.039351
0.044450
0.049544
0.054633
0.059716
0.064791
0.069859
0.074918
0.079968
0.085008
0.090036
0.095052
0.100056
0.105046
0.110021
0.114982
0.119926
0.124852
0.129761
0.134652
0.139522
0.144372
0.149201
0.154007
0.158790
0.163548
0.168282
0.172990
0.177670
0.182323
0.186947
0.191542
0.196105
0.200637
0.205136
0.209602
0.214033
0.218429
0.222787
0.227109
0.231392
0.235635
0.239837
0.243998
0.248116
0.252191
0.256220
0.260204
0.264140
0.268029
0.271869
0.275658
0.279396
0.283081
0.286713
0.290291
0.293812
0.297277
0.300683
0.304030
0.307317
0.310542
0.313704
0.316802
0.319835
0.322801
0.325700
0.328530
0.331290
0.333979
0.336595
0.339138
0.341605
0.343996
0.346309
0.348544
0.350699
0.352772
0.354762
0.356669
0.358491
0.360226
0.361873
0.363431
0.364899
0.366275
0.367558
0.368747
0.369841
0.370838
0.371736
0.372536
0.373235
0.373832
0.374326
0.374716
0.375000
0.375178
0.375247
0.375208
0.375058
0.374797
0.374424
0.373936
0.373334
0.372617
0.371782
0.370830
0.369759
0.368568
0.367256
0.365823
0.364268
0.362590
0.360788
0.358861
0.356809
0.354631
0.352328
0.349897
0.347339
0.344653
0.341840
0.338898
0.335828
0.332630
0.329303
0.325848
0.322265
0.318553
0.314714
0.310748
0.306655
0.302436
0.298091
0.293621
0.289028
0.284311
0.279473
0.274514
0.269435
0.264239
0.258926
0.253498
0.247957
0.242305
0.236543
0.230674
0.224700
0.218622
0.212445
0.206169
0.199798
0.193334
0.186780
0.180139
0.173414
0.166608
0.159724
0.152766
0.145737
0.138640
0.131479
0.124258
0.116979
0.109647
0.102266
0.094839
0.087371
0.079864
0.072324
0.064754
0.057158
0.049540
0.041904
0.034254
0.026594
0.018928
0.011260
0.003595
-0.004065
-0.011714
-0.019350
-0.026968
-0.034565
-0.042136
-0.049679
-0.057189
-0.064663
-0.072098
-0.079489
-0.086834
-0.094130
-0.101373
-0.108559
-0.115687
-0.122754
-0.129755
-0.136689
-0.143553
-0.150344
-0.157060
-0.163699
-0.170257
-0.176734
-0.183127
-0.189433
-0.195652
-0.201780
-0.207817
-0.213761
-0.219610
-0.225363
-0.231019
-0.236575
-0.242032
-0.247387
-0.252640
-0.257790
-0.262836
-0.267777
-0.272613
-0.277342
-0.281964
-0.286479
-0.290886
-0.295185
-0.299376
-0.303457
-0.307430
-0.311293
-0.315047
-0.318692
-0.322227
-0.325653
-0.328970
-0.332177
-0.335276
-0.338265
-0.341147
-0.343920
-0.346585
-0.349142
-0.351592
-0.353936
-0.356173
-0.358304
-0.360330
-0.362251
-0.364068
-0.365781
-0.367391
-0.368899
-0.370304
-0.371608
-0.372812
-0.373916
-0.374921
-0.375827
-0.376635
-0.377346
-0.377961
-0.378481
-0.378905
-0.379236
-0.379473
-0.379618
-0.379672
-0.379634
-0.379507
-0.379290
-0.378985
-0.378592
-0.378113
-0.377548
-0.376897
-0.376163
-0.375345
-0.374444
-0.373462
-0.372399
-0.371256
-0.370034
-0.368733
-0.367355
-0.365901
-0.364370
-0.362765
-0.361086
-0.359333
-0.357508
-0.355612
-0.353645
-0.351608
-0.349502
-0.347328
-0.345086
-0.342778
-0.340405
-0.337966
-0.335464
-0.332898
-0.330270
-0.327581
-0.324831
-0.322021
-0.319151
-0.316224
-0.313239
-0.310198
-0.307100
-0.303948
-0.300742
-0.297482
-0.294169
-0.290805
-0.287389
-0.283923
-0.280408
-0.276844
-0.273232
-0.269574
-0.265868
-0.262117
-0.258322
-0.254482
-0.250599
-0.246674
-0.242707
-0.238699
-0.234651
-0.230563
-0.226437
-0.222272
-0.218071
-0.213833
-0.209560
-0.205251
-0.200909
-0.196533
-0.192124
-0.187683
-0.183212
-0.178710
-0.174178
-0.169617
-0.165028
-0.160412
-0.155768
-0.151099
-0.146405
-0.141686
-0.136943
-0.132178
-0.127390
-0.122580
-0.117750
-0.112900
-0.108030
-0.103142
-0.098236
-0.093313
-0.088373
-0.083418
-0.078448
-0.073464
-0.068466
-0.063456
-0.058434
-0.053400
-0.048357
-0.043303
-0.038241
-0.033171
-0.028093
-0.023009
-0.017919
-0.012823
-0.007724
-0.002620
0.002486
0.007593
0.012703
0.017812
0.022922
0.028030
0.033136
0.038240
0.043340
0.048436
0.053527
0.058612
0.063691
0.068761
0.073824
0.078877
0.083921
0.088953
0.093974
0.098983
0.103978
0.108959
0.113925
0.118876
0.123809
0.128725
0.133623
0.138501
0.143359
0.148196
0.153011
0.157803
0.162571
0.167314
0.172032
0.176723
0.181387
0.186022
0.190628
0.195204
0.199748
0.204260
0.208739
0.213184
0.217593
0.221967
0.226303
0.230601
0.234859
0.239078
0.243255
0.247390
0.251481
0.255529
0.259530
0.263485
0.267393
0.271252
0.275061
0.278819
0.282525
0.286178
0.289777
0.293320
0.296807
0.300236
0.303607
0.306917
0.310166
0.313353
0.316476
0.319535
0.322528
0.325453
0.328310
0.331098
0.333815
0.336459
0.339031
0.341528
0.343949
0.346293
0.348558
0.350744
0.352850
0.354873
0.356812
0.358667
0.360436
0.362118
0.363711
0.365215
0.366627
0.367947
0.369173
0.370304
0.371339
0.372276
0.373115
0.373853
0.374491
0.375025
0.375456
0.375782
0.376001
0.376113
0.376117
0.376010
0.375793
0.375464
0.375021
0.374464
0.373792
0.373003
0.372097
0.371073
0.369929
0.368665
0.367280
0.365773
0.364143
0.362389
0.360511
0.358509
0.356380
0.354126
0.351745
0.349237
0.346601
0.343838
0.340946
0.337927
0.334779
0.331502
0.328097
0.324564
0.320903
0.317114
0.313198
0.309154
0.304984
0.300688
0.296267
0.291722
0.287054
0.282263
0.277351
0.272319
0.267169
0.261901
0.256518
0.251021
0.245412
0.239693
0.233865
0.227932
0.221895
0.215756
0.209518
0.203184
0.196756
0.190237
0.183629
0.176937
0.170162
0.163308
0.156379
0.149377
0.142306
0.135170
0.127971
0.120714
0.113403
0.106040
0.098631
0.091178
0.083686
0.076158
0.068599
0.061012
0.053402
0.045772
0.038127
0.030470
0.022806
0.015139
0.007472
-0.000191
-0.007845
-0.015487
-0.023113
-0.030719
-0.038301
-0.045855
-0.053379
-0.060868
-0.068318
-0.075727
-0.083091
-0.090407
-0.097671
-0.104880
-0.112032
-0.119123
-0.126150
-0.133111
-0.140003
-0.146823
-0.153569
-0.160239
-0.166829
-0.173339
-0.179765
-0.186105
-0.192359
-0.198523
-0.204596
-0.210577
-0.216464
-0.222255
-0.227949
-0.233545
-0.239041
-0.244436
-0.249730
-0.254920
-0.260007
-0.264990
-0.269867
-0.274638
-0.279303
-0.283860
-0.288310
-0.292651
-0.296885
-0.301009
-0.305025
-0.308931
-0.312728
-0.316416
-0.319994
-0.323463
-0.326822
-0.330073
-0.333214
-0.336247
-0.339171
-0.341986
-0.344694
-0.347293
-0.349786
-0.352171
-0.354450
-0.356623
-0.358690
-0.360653
-0.362511
-0.364264
-0.365915
-0.36