0.264062
0.259768
0.255463
0.251148
0.246822
0.242486
0.238141
0.233786
0.229421
0.225047
0.220664
0.216272
0.211871
0.207461
0.203043
0.198617
0.194182
0.189740
0.185290
0.180832
0.176367
0.171895
0.167415
0.162929
0.158437
0.153937
0.149432
0.144920
0.140403
0.135880
0.131351
0.126817
0.122277
0.117733
0.113184
0.108630
0.104072
0.099510
0.094943
0.090373
0.085799
0.081221
0.076640
0.072056
0.067469
0.062880
0.058287
0.053693
0.049096
0.044497
0.039896
0.035294
0.030690
0.026085
0.021479
0.016872
0.012264
0.007656
0.003048
-0.001561
-0.006170
-0.010778
-0.015386
-0.019993
-0.024599
-0.029205
-0.033809
-0.038412
-0.043013
-0.047612
-0.052210
-0.056805
-0.061398
-0.065989
-0.070577
-0.075162
-0.079743
-0.084322
-0.088897
-0.093469
-0.098036
-0.102600
-0.107159
-0.111714
-0.116265
-0.120811
-0.125351
-0.129887
-0.134417
-0.138942
-0.143461
-0.147974
-0.152481
-0.156982
-0.161476
-0.165964
-0.170445
-0.174919
-0.179386
-0.183845
-0.188297
-0.192741
-0.197177
-0.201605
-0.206025
-0.210436
-0.214839
-0.219233
-0.223618
-0.227993
-0.232360
-0.236717
-0.241064
-0.245401
-0.249728
-0.254045
-0.258351
-0.262647
-0.266932
-0.271206
-0.275468
-0.279720
-0.283960
-0.288188
-0.292405
-0.296609
-0.300801
-0.304981
-0.309149
-0.313303
-0.317445
-0.321574
-0.325689
-0.329791
-0.333880
-0.337955
-0.342016
-0.346062
-0.350095
-0.354113
-0.358117
-0.362106
-0.366080
-0.370039
-0.373982
-0.377911
-0.381824
-0.385721
-0.389602
-0.393467
-0.397316
-0.401149
-0.404965
-0.408764
-0.412547
-0.416313
-0.420061
-0.423793
-0.427506
-0.431203
-0.434881
-0.438542
-0.442184
-0.445809
-0.449415
-0.453002
-0.456571
-0.460121
-0.463653
-0.467165
-0.470658
-0.474131
-0.477585
-0.481019
-0.484434
-0.487829
-0.491203
-0.494557
-0.497891
-0.501205
-0.504498
-0.507770
-0.511021
-0.514251
-0.517460
-0.520648
-0.523814
-0.526959
-0.530082
-0.533183
-0.536263
-0.539320
-0.542355
-0.545368
-0.548358
-0.551326
-0.554271
-0.557193
-0.560092
-0.562969
-0.565822
-0.568652
-0.571458
-0.574241
-0.577001
-0.579736
-0.582448
-0.585136
-0.587800
-0.590439
-0.593054
-0.595645
-0.598212
-0.600754
-0.603271
-0.605763
-0.608230
-0.610673
-0.613090
-0.615482
-0.617849
-0.620190
-0.622506
-0.624796
-0.627061
-0.629300
-0.631513
-0.633700
-0.635861
-0.637995
-0.640104
-0.642186
-0.644242
-0.646272
-0.648275
-0.650251
-0.652200
-0.654123
-0.656019
-0.657888
-0.659730
-0.661545
-0.663332
-0.665093
-0.666826
-0.668532
-0.670210
-0.671861
-0.673484
-0.675079
-0.676647
-0.678187
-0.679699
-0.681184
-0.682640
-0.684068
-0.685469
-0.686841
-0.688185
-0.689500
-0.690788
-0.692047
-0.693278
-0.694480
-0.695654
-0.696799
-0.697916
-0.699004
-0.700063
-0.701094
-0.702096
-0.703069
-0.704014
-0.704929
-0.705816
-0.706674
-0.707503
-0.708302
-0.709073
-0.709815
-0.710527
-0.711211
-0.711865
-0.712491
-0.713087
-0.713654
-0.714192
-0.714700
-0.715179
-0.715629
-0.716050
-0.716441
-0.716803
-0.717136
-0.717439
-0.717713
-0.717958
-0.718173
-0.718359
-0.718516
-0.718643
-0.718741
-0.718809
-0.718848
-0.718858
-0.718838
-0.718789
-0.718711
-0.718603
-0.718466
-0.718299
-0.718103
-0.717878
-0.717624
-0.717340
-0.717027
-0.716684
-0.716313
-0.715912
-0.715482
-0.715022
-0.714534
-0.714016
-0.713470
-0.712894
-0.712289
-0.711655
-0.710992
-0.710300
-0.709579
-0.708830
-0.708051
-0.707243
-0.706407
-0.705542
-0.704648
-0.703725
-0.702774
-0.701794
-0.700786
-0.699749
-0.698683
-0.697589
-0.696467
-0.695316
-0.694137
-0.692930
-0.691695
-0.690431
-0.689139
-0.687820
-0.686472
-0.685097
-0.683693
-0.682262
-0.680803
-0.679317
-0.677803
-0.676261
-0.674692
-0.673095
-0.671471
-0.669820
-0.668142
-0.666436
-0.664704
-0.662944
-0.661158
-0.659344
-0.657504
-0.655638
-0.653744
-0.651824
-0.649878
-0.647905
-0.645907
-0.643882
-0.641830
-0.639753
-0.637650
-0.635521
-0.633366
-0.631186
-0.628980
-0.626749
-0.624492
-0.622210
-0.619903
-0.617570
-0.615213
-0.612831
-0.610424
-0.607992
-0.605536
-0.603055
-0.600550
-0.598020
-0.595467
-0.592889
-0.590287
-0.587661
-0.585012
-0.582339
-0.579643
-0.576923
-0.574180
-0.571413
-0.568624
-0.565811
-0.562976
-0.560118
-0.557237
-0.554334
-0.551409
-0.548461
-0.545491
-0.542500
-0.539486
-0.536450
-0.533393
-0.530315
-0.527215
-0.524093
-0.520951
-0.517788
-0.514604
-0.511399
-0.508173
-0.504927
-0.501661
-0.498374
-0.495068
-0.491741
-0.488395
-0.485029
-0.481643
-0.478239
-0.474815
-0.471371
-0.467909
-0.464428
-0.460929
-0.457410
-0.453874
-0.450319
-0.446746
-0.443155
-0.439547
-0.435920
-0.432277
-0.428615
-0.424937
-0.421242
-0.417529
-0.413800
-0.410054
-0.406292
-0.402514
-0.398719
-0.394908
-0.391082
-0.387240
-0.383382
-0.379509
-0.375621
-0.371717
-0.367799
-0.363866
-0.359919
-0.355957
-0.351981
-0.347990
-0.343986
-0.339968
-0.335936
-0.331891
-0.327833
-0.323761
-0.319677
-0.315579
-0.311469
-0.307347
-0.303212
-0.299066
-0.294907
-0.290736
-0.286554
-0.282361
-0.278156
-0.273940
-0.269713
-0.265475
-0.261226
-0.256968
-0.252698
-0.248419
-0.244130
-0.239831
-0.235523
-0.231205
-0.226878
-0.222542
-0.218197
-0.213843
-0.209481
-0.205110
-0.200731
-0.196345
-0.191950
-0.187548
-0.183138
-0.178721
-0.174297
-0.169865
-0.165427
-0.160983
-0.156532
-0.152075
-0.147612
-0.143142
-0.138668
-0.134187
-0.129701
-0.125211
-0.120715
-0.116214
-0.111709
-0.107199
-0.102685
-0.098167
-0.093645
-0.089119
-0.084590
-0.080057
-0.075521
-0.070982
-0.066441
-0.061896
-0.057349
-0.052800
-0.048249
-0.043696
-0.039141
-0.034585
-0.030027
-0.025468
-0.020908
-0.016347
-0.011786
-0.007224
-0.002661
0.001901
0.006463
0.011025
0.015587
0.020148
0.024708
0.029267
0.033825
0.038382
0.042937
0.047491
0.052042
0.056592
0.061139
0.065684
0.070226
0.074766
0.079303
0.083836
0.088366
0.092893
0.097416
0.101935
0.106450
0.110960
0.115467
0.119969
0.124466
0.128958
0.133445
0.137927
0.142403
0.146874
0.151339
0.155797
0.160250
0.164696
0.169136
0.173569
0.177996
0.182415
0.186827
0.191231
0.195628
0.200018
0.204399
0.208772
0.213137
0.217494
0.221842
0.226181
0.230512
0.234833
0.239145
0.243447
0.247740
0.252023
0.256296
0.260559
0.264811
0.269053
0.273285
0.277505
0.281715
0.285914
0.290101
0.294277
0.298441
0.302593
0.306734
0.310862
0.314978
0.319081
0.323172
0.327250
0.331316
0.335368
0.339407
0.343432
0.347444
0.351442
0.355426
0.359396
0.363352
0.367294
0.371221
0.375134
0.379031
0.382914
0.386782
0.390634
0.394471
0.398292
0.402097
0.405887
0.409661
0.413418
0.417159
0.420884
0.424592
0.428283
0.431957
0.435614
0.439254
0.442877
0.446482
0.450070
0.453639
0.457191
0.460725
0.464240
0.467738
0.471216
0.474677
0.478118
0.481540
0.484944
0.488328
0.491693
0.495039
0.498365
0.501671
0.504958
0.508224
0.511471
0.514697
0.517903
0.521089
0.524254
0.527398
0.530521
0.533624
0.536705
0.539765
0.542804
0.545822
0.548817
0.551791
0.554744
0.557674
0.560583
0.563469
0.566333
0.569174
0.571994
0.574790
0.577564
0.580315
0.583043
0.585748
0.588430
0.591088
0.593724
0.596335
0.598923
0.601488
0.604029
0.606546
0.609038
0.611507
0.613952
0.616372
0.618768
0.621140
0.623487
0.625809
0.628107
0.630379
0.632627
0.634850
0.637048
0.639220
0.641367
0.643489
0.645586
0.647656
0.649702
0.651721
0.653715
0.655683
0.657625
0.659541
0.661430
0.663294
0.665131
0.666942
0.668727
0.670485
0.672217
0.673922
0.675600
0.677252
0.678877
0.680475
0.682046
0.683590
0.685107
0.686596
0.688059
0.689494
0.690902
0.692283
0.693636
0.694962
0.696260
0.697530
0.698773
0.699989
0.701176
0.702336
0.703468
0.704572
0.705648
0.706696
0.707716
0.708708
0.709672
0.710608
0.711515
0.712395
0.713246
0.714068
0.714863
0.715629
0.716367
0.717076
0.717757
0.718409
0.719033
0.719628
0.720195
0.720733
0.721242
0.721723
0.722175
0.722599
0.722993
0.723360
0.723697
0.724005
0.724285
0.724536
0.724758
0.724952
0.725116
0.725252
0.725359
0.725437
0.725486
0.725507
0.725498
0.725461
0.725395
0.725300
0.725176
0.725023
0.724841
0.724631
0.724392
0.724124
0.723827
0.723501
0.723146
0.722763
0.722351
0.721910
0.721440
0.720942
0.720414
0.719858
0.719274
0.718661
0.718019
0.717348
0.716649
0.715921
0.715165
0.714380
0.713567
0.712725
0.711855
0.710957
0.710030
0.709075
0.708091
0.707079
0.706039
0.704971
0.703874
0.702750
0.701597
0.700417
0.699208
0.697972
0.696707
0.695415
0.694095
0.692747
0.691372
0.689969
0.688538
0.687080
0.685594
0.684081
0.682540
0.680972
0.679377
0.677755
0.676106
0.674429
0.672726
0.670995
0.669238
0.667454
0.665643
0.663806
0.661942
0.660051
0.658134
0.656191
0.654221
0.652225
0.650203
0.648155
0.646081
0.643981
0.641855
0.639704
0.637526
0.635323
0.633095
0.630841
0.628562
0.626258
0.623928
0.621574
0.619194
0.616790
0.614361
0.611907
0.609429
0.606926
0.604399
0.601847
0.599271
0.596671
0.594048
0.591400
0.588728
0.586033
0.583314
0.580572
0.577806
0.575018
0.572205
0.569370
0.566512
0.563632
0.560728
0.557802
0.554854
0.551883
0.548890
0.545874
0.542837
0.539778
0.536697
0.533595
0.530470
0.527325
0.524158
0.520971
0.517762
0.514532
0.511281
0.508010
0.504719
0.501407
0.498074
0.494722
0.491350
0.487957
0.484545
0.481114
0.477663
0.474193
0.470703
0.467195
0.463668
0.460122
0.456557
0.452974
0.449373
0.445753
0.442115
0.438460
0.434786
0.431096
0.427387
0.423662
0.419919
0.416159
0.412383
0.408589
0.404779
0.400953
0.397111
0.393252
0.389378
0.385487
0.381581
0.377660
0.373723
0.369772
0.365805
0.361823
0.357827
0.353816
0.349791
0.345751
0.341698
0.337631
0.333550
0.329455
0.325347
0.321226
0.317092
0.312945
0.308785
0.304613
0.300428
0.296231
0.292022
0.287802
0.283569
0.279325
0.275070
0.270803
0.266526
0.262237
0.257938
0.253629
0.249309
0.244979
0.240639
0.236289
0.231930
0.227561
0.223183
0.218796
0.214400
0.209995
0.205582
0.201161
0.196731
0.192293
0.187847
0.183394
0.178933
0.174465
0.169990
0.165508
0.161019
0.156523
0.152022
0.147514
0.143000
0.138480
0.133954
0.129423
0.124887
0.120346
0.115800
0.111249
0.106693
0.102134
0.097570
0.093002
0.088430
0.083855
0.079276
0.074694
0.070109
0.065521
0.060931
0.056338
0.051742
0.047145
0.042546
0.037945
0.033342
0.028738
0.024133
0.019527
0.014920
0.010313
0.005705
0.001097
-0.003511
-0.008119
-0.012727
-0.017334
-0.021940
-0.026546
-0.031150
-0.035753
-0.040355
-0.044955
-0.049553
-0.054149
-0.058742
-0.063334
-0.067923
-0.072508
-0.077091
-0.081671
-0.086248
-0.090821
-0.095390
-0.099955
-0.104516
-0.109073
-0.113625
-0.118173
-0.122716
-0.127253
-0.131786
-0.136313
-0.140834
-0.145350
-0.149860
-0.154363
-0.158861
-0.163351
-0.167835
-0.172312
-0.176782
-0.181245
-0.185700
-0.190148
-0.194587
-0.199019
-0.203443
-0.207858
-0.212265
-0.216662
-0.221051
-0.225431
-0.229802
-0.234163
-0.238515
-0.242856
-0.247188
-0.251510
-0.255821
-0.260122
-0.264412
-0.268691
-0.272959
-0.277216
-0.281461
-0.285695
-0.289917
-0.294127
-0.298325
-0.302511
-0.306684
-0.310845
-0.314992
-0.319127
-0.323249
-0.327358
-0.331453
-0.335534
-0.339601
-0.343655
-0.347694
-0.351719
-0.355730
-0.359726
-0.363707
-0.367673
-0.371624
-0.375560
-0.379480
-0.383385
-0.387274
-0.391147
-0.395003
-0.398844
-0.402668
-0.406475
-0.410266
-0.414040
-0.417797
-0.421536
-0.425259
-0.428963
-0.432651
-0.436320
-0.439971
-0.443604
-0.447219
-0.450816
-0.454394
-0.457953
-0.461493
-0.465015
-0.468517
-0.472000
-0.475463
-0.478907
-0.482331
-0.485735
-0.489120
-0.492484
-0.495828
-0.499151
-0.502454
-0.505736
-0.508998
-0.512238
-0.515457
-0.518655
-0.521832
-0.524987
-0.528121
-0.531233
-0.534323
-0.537391
-0.540437
-0.543461
-0.546462
-0.549441
-0.552397
-0.555330
-0.558241
-0.561128
-0.563993
-0.566834
-0.569652
-0.572446
-0.575217
-0.577965
-0.580688
-0.583388
-0.586063
-0.588714
-0.591342
-0.593945
-0.596523
-0.599077
-0.601606
-0.604110
-0.606590
-0.609045
-0.611474
-0.613879
-0.616258
-0.618612
-0.620940
-0.623243
-0.625520
-0.627772
-0.629997
-0.632197
-0.634371
-0.636518
-0.638640
-0.640735
-0.642804
-0.644847
-0.646862
-0.648852
-0.650815
-0.652750
-0.654660
-0.656542
-0.658397
-0.660225
-0.662026
-0.663800
-0.665547
-0.667266
-0.668957
-0.670622
-0.672259
-0.673868
-0.675449
-0.677003
-0.678529
-0.680027
-0.681497
-0.682939
-0.684353
-0.685739
-0.687097
-0.688427
-0.689728
-0.691001
-0.692246
-0.693462
-0.694650
-0.695809
-0.696940
-0.698042
-0.699116
-0.700161
-0.701177
-0.702164
-0.703123
-0.704053
-0.704954
-0.705826
-0.706669
-0.707483
-0.708268
-0.709024
-0.709751
-0.710449
-0.711118
-0.711757
-0.712368
-0.712949
-0.713501
-0.714024
-0.714518
-0.714982
-0.715417
-0.715823
-0.716200
-0.716547
-0.716865
-0.717153
-0.717413
-0.717642
-0.717843
-0.718014
-0.718156
-0.718268
-0.718351
-0.718404
-0.718428
-0.718423
-0.718389
-0.718325
-0.718231
-0.718109
-0.717957
-0.717775
-0.717565
-0.717325
-0.717055
-0.716757
-0.716429
-0.716071
-0.715685
-0.715269
-0.714825
-0.714351
-0.713847
-0.713315
-0.712754
-0.712163
-0.711543
-0.710895
-0.710217
-0.709511
-0.708775
-0.708011
-0.707217
-0.706395
-0.705544
-0.704664
-0.703756
-0.702819
-0.701853
-0.700859
-0.699836
-0.698784
-0.697704
-0.696596
-0.695459
-0.694294
-0.693101
-0.691880
-0.690630
-0.689352
-0.688046
-0.686713
-0.685351
-0.683961
-0.682544
-0.681098
-0.679626
-0.678125
-0.676597
-0.675041
-0.673458
-0.671848
-0.670210
-0.668545
-0.666853
-0.665133
-0.663387
-0.661614
-0.659814
-0.657987
-0.656133
-0.654253
-0.652346
-0.650413
-0.648454
-0.646468
-0.644455
-0.642417
-0.640353
-0.638262
-0.636146
-0.634004
-0.631836
-0.629643
-0.627424
-0.625180
-0.622910
-0.620615
-0.618295
-0.615950
-0.613580
-0.611185
-0.608765
-0.606321
-0.603852
-0.601359
-0.598842
-0.596300
-0.593734
-0.591144
-0.588530
-0.585892
-0.583231
-0.580546
-0.577837
-0.575106
-0.572350
-0.569572
-0.566771
-0.563947
-0.561100
-0.558230
-0.555338
-0.552424
-0.549487
-0.546528
-0.543547
-0.540544
-0.537519
-0.534472
-0.531404
-0.528315
-0.525204
-0.522072
-0.518919
-0.515744
-0.512550
-0.509334
-0.506098
-0.502842
-0.499565
-0.496268
-0.492951
-0.489614
-0.486258
-0.482882
-0.479486
-0.476072
-0.472638
-0.469185
-0.465713
-0.462222
-0.458713
-0.455185
-0.451639
-0.448075
-0.444493
-0.440893
-0.437275
-0.433640
-0.429987
-0.426317
-0.422629
-0.418925
-0.415204
-0.411466
-0.407712
-0.403941
-0.400154
-0.396351
-0.392532
-0.388698
-0.384847
-0.380982
-0.377101
-0.373205
-0.369293
-0.365367
-0.361427
-0.357472
-0.353502
-0.349518
-0.345521
-0.341509
-0.337484
-0.333445
-0.329393
-0.325328
-0.321249
-0.317158
-0.313054
-0.308937
-0.304808
-0.300667
-0.296514
-0.292349
-0.288172
-0.283984
-0.279784
-0.275573
-0.271351
-0.267118
-0.262875
-0.258621
-0.254356
-0.250082
-0.245797
-0.241503
-0.237199
-0.232885
-0.228562
-0.224230
-0.219889
-0.215539
-0.211181
-0.206814
-0.202439
-0.198055
-0.193664
-0.189265
-0.184858
-0.180445
-0.176023
-0.171595
-0.167160
-0.162718
-0.158270
-0.153816
-0.149355
-0.144888
-0.140416
-0.135937
-0.131454
-0.126965
-0.122471
-0.117972
-0.113469
-0.108961
-0.104448
-0.099932
-0.095411
-0.090886
-0.086358
-0.081827
-0.077292
-0.072754
-0.068213
-0.063670
-0.059123
-0.054575
-0.050024
-0.045471
-0.040917
-0.036361
-0.031803
-0.027244
-0.022684
-0.018123
-0.013561
-0.008999
-0.004436
0.000127
0.004690
0.009253
0.013815
0.018377
0.022938
0.027499
0.032058
0.036616
0.041173
0.045728
0.050281
0.054832
0.059381
0.063928
0.068472
0.073014
0.077552
0.082088
0.086621
0.091150
0.095675
0.100197
0.104714
0.109228
0.113737
0.118242
0.122742
0.127238
0.131728
0.136213
0.140693
0.145167
0.149635
0.154098
0.158555
0.163005
0.167449
0.171886
0.176316
0.180740
0.185156
0.189565
0.193967
0.198361
0.202747
0.207125
0.211495
0.215856
0.220210
0.224554
0.228889
0.233216
0.237533
0.241841
0.246140
0.250428
0.254707
0.258976
0.263234
0.267482
0.271720
0.275947
0.280163
0.284368
0.288562
0.292744
0.296915
0.301074
0.305221
0.309356
0.313479
0.317590
0.321688
0.325773
0.329846
0.333905
0.337952
0.341985
0.346004
0.350010
0.354002
0.357980
0.361944
0.365894
0.369829
0.373750
0.377656
0.381547
0.385423
0.389284
0.393129
0.396959
0.400773
0.404572
0.408354
0.412121
0.415871
0.419605
0.423322
0.427022
0.430706
0.434373
0.438022
0.441655
0.445269
0.448867
0.452446
0.456008
0.459552
0.463077
0.466585
0.470074
0.473544
0.476996
0.480429
0.483843
0.487238
0.490613
0.493970
0.497307
0.500624
0.503921
0.507199
0.510456
0.513694
0.516911
0.520108
0.523284
0.526440
0.529574
0.532688
0.535781
0.538853
0.541904
0.544933
0.547940
0.550926
0.553891
0.556833
0.559754
0.562652
0.565528
0.568382
0.571213
0.574022
0.576809
0.579572
0.582313
0.585030
0.587725
0.590396
0.593044
0.595669
0.598270
0.600847
0.603401
0.605931
0.608437
0.610919
0.613376
0.615810
0.618219
0.620604
0.622964
0.625300
0.627611
0.629898
0.632159
0.634395
0.636607
0.638793
0.640954
0.643090
0.645200
0.647285
0.649344
0.651377
0.653385
0.655367
0.657323
0.659253
0.661157
0.663035
0.664887
0.666712
0.668511
0.670284
0.672030
0.673749
0.675442
0.677108
0.678748
0.680360
0.681946
0.683504
0.685036
0.686540
0.688018
0.689468
0.690891
0.692286
0.693654
0.694995
0.696308
0.697594
0.698852
0.700082
0.701284
0.702459
0.703606
0.704725
0.705817
0.706880
0.707915
0.708922
0.709901
0.710852
0.711775
0.712670
0.713536
0.714374
0.715184
0.715966
0.716719
0.717444
0.718140
0.718808
0.719447
0.720057
0.720640
0.721193
0.721718
0.722215
0.722682
0.723121
0.723532
0.723913
0.724266
0.724590
0.724886
0.725152
0.725390
0.725599
0.725779
0.725931
0.726053
0.726147
0.726212
0.726248
0.726255
0.726234
0.726183
0.726104
0.725995
0.725858
0.725692
0.725497
0.725274
0.725021
0.724740
0.724430
0.724091
0.723723
0.723326
0.722901
0.722447
0.721964
0.721453
0.720912
0.720343
0.719746
0.719119
0.718464
0.717781
0.717068
0.716328
0.715558
0.714761
0.713934
0.713080
0.712196
0.711285
0.710345
0.709377
0.708380
0.707356
0.706303
0.705222
0.704112
0.702975
0.701810
0.700616
0.699395
0.698146
0.696868
0.695564
0.694231
0.692870
0.691482
0.690067
0.688623
0.687152
0.685654
0.684129
0.682576
0.680995
0.679388
0.677753
0.676092
0.674403
0.672687
0.670944
0.669175
0.667379
0.665556
0.663706
0.661830
0.659927
0.657998
0.656043
0.654061
0.652054
0.650020
0.647960
0.645874
0.643762
0.641624
0.639461
0.637272
0.635058
0.632818
0.630553
0.628262
0.625946
0.623605
0.621240
0.618849
0.616433
0.613993
0.611528
0.609038
0.606524
0.603986
0.601424
0.598837
0.596226
0.593591
0.590933
0.588251
0.585545
0.582815
0.580063
0.577286
0.574487
0.571665
0.568819
0.565951
0.563060
0.560146
0.557210
0.554251
0.551270
0.548267
0.545242
0.542195
0.539126
0.536035
0.532923
0.529789
0.526634
0.523458
0.520261
0.517043
0.513804
0.510544
0.507263
0.503963
0.500642
0.497300
0.493939
0.490558
0.487157
0.483736
0.480296
0.476836
0.473357
0.469860
0.466343
0.462807
0.459253
0.455680
0.452089
0.448479
0.444851
0.441206
0.437542
0.433861
0.430163
0.426447
0.422714
0.418963
0.415196
0.411412
0.407611
0.403794
0.399961
0.396111
0.392246
0.388364
0.384467
0.380554
0.376626
0.372683
0.368725
0.364751
0.360763
0.356760
0.352743
0.348712
0.344666
0.340607
0.336534
0.332447
0.328346
0.324233
0.320106
0.315966
0.311814
0.307649
0.303471
0.299281
0.295079
0.290865
0.286639
0.282402
0.278153
0.273893
0.269622
0.265340
0.261047
0.256744
0.252430
0.248106
0.243772
0.239428
0.235074
0.230711
0.226338
0.221956
0.217565
0.213166
0.208758
0.204341
0.199916
0.195483
0.191042
0.186593
0.182137
0.177673
0.173202
0.168724
0.164240
0.159748
0.155250
0.150746
0.146236
0.141720
0.137198
0.132671
0.128138
0.123600
0.119057
0.114509
0.109956
0.105399
0.100838
0.096273
0.091704
0.087131
0.082555
0.077975
0.073392
0.068807
0.064218
0.059627
0.055033
0.050438
0.045840
0.041241
0.036639
0.032037
0.027433
0.022828
0.018222
0.013616
0.009009
0.004401
-0.000206
-0.004814
-0.009421
-0.014028
-0.018634
-0.023239
-0.027843
-0.032447
-0.037048
-0.041648
-0.046247
-0.050843
-0.055438
-0.060030
-0.064619
-0.069206
-0.073790
-0.078371
-0.082948
-0.087522
-0.092093
-0.096660
-0.101222
-0.105781
-0.110335
-0.114884
-0.119429
-0.123969
-0.128503
-0.133033
-0.137556
-0.142074
-0.146587
-0.151093
-0.155593
-0.160086
-0.164573
-0.169053
-0.173526
-0.177992
-0.182450
-0.186901
-0.191345
-0.195780
-0.200207
-0.204626
-0.209037
-0.213438
-0.217831
-0.222215
-0.226590
-0.230956
-0.235312
-0.239658
-0.243994
-0.248320
-0.252636
-0.256942
-0.261237
-0.265521
-0.269794
-0.274056
-0.278307
-0.282546
-0.286774
-0.290990
-0.295193
-0.299385
-0.303564
-0.307731
-0.311884
-0.316025
-0.320153
-0.324268
-0.328370
-0.332457
-0.336532
-0.340592
-0.344638
-0.348670
-0.352687
-0.356690
-0.360678
-0.364652
-0.368610
-0.372553
-0.376481
-0.380393
-0.384289
-0.388170
-0.392034
-0.395883
-0.399715
-0.403530
-0.407329
-0.411111
-0.414876
-0.418624
-0.422355
-0.426068
-0.429764
-0.433442
-0.437102
-0.440744
-0.444368
-0.447973
-0.451560
-0.455128
-0.458678
-0.462209
-0.465720
-0.469212
-0.472685
-0.476139
-0.479573
-0.482987
-0.486381
-0.489755
-0.493109
-0.496442
-0.499755
-0.503047
-0.506319
-0.509570
-0.512799
-0.516008
-0.519195
-0.522361
-0.525505
-0.528628
-0.531729
-0.534807
-0.537864
-0.540899
-0.543911
-0.546901
-0.549868
-0.552813
-0.555735
-0.558634
-0.561509
-0.564362
-0.567192
-0.569998
-0.572780
-0.575539
-0.578274
-0.580986
-0.583673
-0.586336
-0.588975
-0.591590
-0.594181
-0.596747
-0.599288
-0.601805
-0.604297
-0.606764
-0.609206
-0.611623
-0.614014
-0.616381
-0.618722
-0.621037
-0.623327
-0.625591
-0.627830
-0.630043
-0.632229
-0.634390
-0.636524
-0.638632
-0.640714
-0.642770
-0.644799
-0.646802
-0.648778
-0.650727
-0.652649
-0.654545
-0.656413
-0.658255
-0.660069
-0.661857
-0.663617
-0.665350
-0.667055
-0.668733
-0.670383
-0.672006
-0.673601
-0.675169
-0.676709
-0.678221
-0.679705
-0.681161
-0.682589
-0.683989
-0.685361
-0.686704
-0.688020
-0.689307
-0.690566
-0.691796
-0.692998
-0.694172
-0.695317
-0.696433
-0.697521
-0.698580
-0.699610
-0.700612
-0.701585
-0.702529
-0.703444
-0.704331
-0.705188
-0.706017
-0.706816
-0.707587
-0.708328
-0.709041
-0.709724
-0.710378
-0.711003
-0.711599
-0.712166
-0.712703
-0.713211
-0.713690
-0.714140
-0.714560
-0.714951
-0.715313
-0.715645
-0.715948
-0.716222
-0.716467
-0.716682
-0.716867
-0.717024
-0.717151
-0.717248
-0.717316
-0.717355
-0.717364
-0.717344
-0.717295
-0.717216
-0.717108
-0.716971
-0.716804
-0.716608
-0.716382
-0.716127
-0.715843
-0.715530
-0.715187
-0.714815
-0.714414
-0.713984
-0.713524
-0.713036
-0.712518
-0.711971
-0.711395
-0.710789
-0.710155
-0.709492
-0.708800
-0.708079
-0.707328
-0.706549
-0.705742
-0.704905
-0.704039
-0.703145
-0.702222
-0.701271
-0.700290
-0.699282
-0.698244
-0.697179
-0.696084
-0.694962
-0.693811
-0.692631
-0.691424
-0.690188
-0.688924
-0.687632
-0.686312
-0.684964
-0.683588
-0.682185
-0.680753
-0.679294
-0.677807
-0.676293
-0.674750
-0.673181
-0.671584
-0.669960
-0.668308
-0.666629
-0.664923
-0.663190
-0.661431
-0.659644
-0.657830
-0.655990
-0.654122
-0.652229
-0.650309
-0.648362
-0.646389
-0.644390
-0.642364
-0.640312
-0.638235
-0.636131
-0.634002
-0.631847
-0.629666
-0.627460
-0.625228
-0.622971
-0.620688
-0.618380
-0.616048
-0.613690
-0.611307
-0.608900
-0.606467
-0.604011
-0.601529
-0.599024
-0.596494
-0.593939
-0.591361
-0.588759
-0.586133
-0.583483
-0.580810
-0.578113
-0.575392
-0.572648
-0.569882
-0.567092
-0.564279
-0.561443
-0.558584
-0.555703
-0.552799
-0.549873
-0.546925
-0.543955
-0.540962
-0.537948
-0.534912
-0.531854
-0.528775
-0.525675
-0.522553
-0.519410
-0.516246
-0.513061
-0.509855
-0.506629
-0.503383
-0.500116
-0.496829
-0.493521
-0.490194
-0.486847
-0.483481
-0.480095
-0.476689
-0.473264
-0.469820
-0.466358
-0.462876
-0.459376
-0.455857
-0.452320
-0.448764
-0.445190
-0.441599
-0.437990
-0.434363
-0.430718
-0.427056
-0.423377
-0.419681
-0.415968
-0.412238
-0.408491
-0.404728
-0.400949
-0.397154
-0.393342
-0.389515
-0.385672
-0.381814
-0.377940
-0.374051
-0.370147
-0.366228
-0.362294
-0.358345
-0.354383
-0.350406
-0.346414
-0.342409
-0.338390
-0.334358
-0.330312
-0.326253
-0.322180
-0.318095
-0.313997
-0.309886
-0.305763
-0.301627
-0.297479
-0.293320
-0.289148
-0.284965
-0.280771
-0.276565
-0.272348
-0.268120
-0.263881
-0.259632
-0.255372
-0.251102
-0.246822
-0.242532
-0.238232
-0.233923
-0.229604
-0.225276
-0.220939
-0.216593
-0.212238
-0.207875
-0.203503
-0.199123
-0.194735
-0.190340
-0.185936
-0.181525
-0.177107
-0.172682
-0.168250
-0.163811
-0.159365
-0.154913
-0.150455
-0.145990
-0.141520
-0.137044
-0.132563
-0.128076
-0.123584
-0.119087
-0.114585
-0.110079
-0.105568
-0.101053
-0.096533
-0.092010
-0.087483
-0.082953
-0.078419
-0.073882
-0.069342
-0.064799
-0.060254
-0.055706
-0.051155
-0.046603
-0.042048
-0.037492
-0.032935
-0.028376
-0.023816
-0.019254
-0.014692
-0.010129
-0.005566
-0.001003
0.003561
0.008124
0.012688
0.017251
0.021813
0.026374
0.030935
0.035494
0.040052
0.044609
0.049164
0.053717
0.058267
0.062816
0.067362
0.071906
0.076447
0.080985
0.085519
0.090051
0.094579
0.099103
0.103624
0.108140
0.112652
0.117160
0.121663
0.126162
0.130655
0.135144
0.139627
0.144105
0.148577
0.153043
0.157503
0.161957
0.166405
0.170846
0.175281
0.179709
0.184129
0.188543
0.192949
0.197348
0.201738
0.206121
0.210496
0.214863
0.219221
0.223570
0.227911
0.232243
0.236565
0.240879
0.245183
0.249477
0.253762
0.258036
0.262301
0.266555
0.270798
0.275032
0.279254
0.283465
0.287665
0.291854
0.296031
0.300197
0.304351
0.308493
0.312623
0.316741
0.320846
0.324938
0.329018
0.333085
0.337139
0.341179
0.345206
0.349220
0.353220
0.357206
0.361177
0.365135
0.369079
0.373007
0.376922
0.380821
0.384705
0.388574
0.392428
0.396267
0.400090
0.403897
0.407689
0.411464
0.415223
0.418966
0.422692
0.426402
0.430095
0.433771
0.437430
0.441072
0.444696
0.448303
0.451892
0.455464
0.459018
0.462553
0.466070
0.469570
0.473050
0.476512
0.479955
0.483380
0.486785
0.490171
0.493538
0.496885
0.500213
0.503522
0.506810
0.510078
0.513327
0.516555
0.519763
0.522950
0.526117
0.529263
0.532389
0.535493
0.538576
0.541638
0.544679
0.547699
0.550696
0.553672
0.556627
0.559559
0.562469
0.565358
0.568223
0.571067
0.573888
0.576687
0.579462
0.582215
0.584945
0.587652
0.590336
0.592997
0.595634
0.598248
0.600838
0.603404
0.605947
0.608466
0.610961
0.613432
0.615879
0.618301
0.620699
0.623073
0.625422
0.627746
0.630046
0.632320
0.634570
0.636795
0.638995
0.641169
0.643319
0.645443
0.647541
0.649614
0.651661
0.653683
0.655679
0.657649
0.659593
0.661511
0.663403
0.665269
0.667108
0.668921
0.670708
0.672469
0.674202
0.675909
0.677590
0.679244
0.680871
0.682471
0.684044
0.685590
0.687109
0.688601
0.690066
0.691503
0.692914
0.694296
0.695652
0.696980
0.698280
0.699553
0.700798
0.702015
0.703205
0.704367
0.705501
0.706607
0.707686
0.708736
0.709758
0.710753
0.711719
0.712657
0.713567
0.714448
0.715301
0.716127
0.716923
0.717692
0.718432
0.719143
0.719826
0.720481
0.721107
0.721704
0.722273
0.722814
0.723325
0.723809
0.724263
0.724689
0.725086
0.725454
0.725794
0.726105
0.726387
0.726640
0.726865
0.727060
0.727227
0.727365
0.727475
0.727555
0.727607
0.727629
0.727623
0.727588
0.727524
0.727432
0.727310
0.727160
0.726980
0.726772
0.726535
0.726270
0.725975
0.725652
0.725299
0.724918
0.724508
0.724070
0.723603
0.723106
0.722582
0.722028
0.721446
0.720835
0.720196
0.719527
0.718831
0.718105
0.717352
0.716569
0.715758
0.714919
0.714051
0.713155
0.712230
0.711278
0.710296
0.709287
0.708249
0.707184
0.706090
0.704967
0.703817
0.702639
0.701433
0.700199
0.698937
0.697647
0.696329
0.694984
0.693611
0.692210
0.690782
0.689326
0.687843
0.686332
0.684794
0.683228
0.681636
0.680016
0.678369
0.676695
0.674994
0.673266
0.671511
0.669729
0.667921
0.666086
0.664224
0.662336
0.660422
0.658481
0.656513
0.654520
0.652500
0.650454
0.648383
0.646285
0.644162
0.642012
0.639838
0.637637
0.635411
0.633160
0.630883
0.628581
0.626254
0.623902
0.621525
0.619123
0.616696
0.614245
0.611769
0.609268
0.606743
0.604194
0.601621
0.599023
0.596402
0.593756
0.591087
0.588394
0.585678
0.582938
0.580175
0.577388
0.574579
0.571746
0.568890
0.566012
0.563111
0.560187
0.557241
0.554272
0.551282
0.548269
0.545234
0.542177
0.539098
0.535998
0.532876
0.529733
0.526569
0.523383
0.520177
0.516949
0.513701
0.510432
0.507143
0.503833
0.500503
0.497153
0.493783
0.490393
0.486984
0.483554
0.480106
0.476638
0.473151
0.469644
0.466119
0.462576
0.459013
0.455432
0.451833
0.448216
0.444580
0.440927
0.437256
0.433567
0.429861
0.426138
0.422397
0.418640
0.414865
0.411074
0.407266
0.403442
0.399602
0.395746
0.391873
0.387985
0.384081
0.380162
0.376228
0.372278
0.368313
0.364334
0.360339
0.356331
0.352307
0.348270
0.344219
0.340154
0.336075
0.331982
0.327876
0.323757
0.319625
0.315480
0.311322
0.307152
0.302969
0.298775
0.294568
0.290349
0.286118
0.281876
0.277623
0.273359
0.269083
0.264797
0.260500
0.256192
0.251874
0.247546
0.243208
0.238860
0.234503
0.230136
0.225760
0.221374
0.216980
0.212577
0.208166
0.203746
0.199318
0.194882
0.190438
0.185987
0.181528
0.177061
0.172588
0.168108
0.163621
0.159127
0.154627
0.150121
0.145608
0.141090
0.136567
0.132037
0.127503
0.122963
0.118419
0.113870
0.109316
0.104758
0.100195
0.095629
0.091059
0.086485
0.081908
0.077328
0.072744
0.068158
0.063569
0.058978
0.054384
0.049788
0.045190
0.040591
0.035990
0.031387
0.026784
0.022179
0.017574
0.012968
0.008361
0.003755
-0.000852
-0.005459
-0.010065
-0.014671
-0.019276
-0.023880
-0.028483
-0.033084
-0.037685
-0.042283
-0.046880
-0.051475
-0.056067
-0.060657
-0.065245
-0.069829
-0.074411
-0.078990
-0.083565
-0.088136
-0.092704
-0.097268
-0.101828
-0.106384
-0.110935
-0.115482
-0.120023
-0.124560
-0.129091
-0.133617
-0.138138
-0.142652
-0.147161
-0.151663
-0.156159
-0.160649
-0.165132
-0.169608
-0.174077
-0.178539
-0.182993
-0.187439
-0.191878
-0.196309
-0.200732
-0.205146
-0.209552
-0.213949
-0.218337
-0.222716
-0.227085
-0.231446
-0.235796
-0.240137
-0.244468
-0.248789
-0.253099
-0.257399
-0.261688
-0.265967
-0.270234
-0.274490
-0.278735
-0.282968
-0.287189
-0.291398
-0.295596
-0.299781
-0.303953
-0.308113
-0.312261
-0.316395
-0.320516
-0.324624
-0.328718
-0.332799
-0.336866
-0.340919
-0.344957
-0.348982
-0.352992
-0.356987
-0.360968
-0.364934
-0.368884
-0.372819
-0.376739
-0.380643
-0.384532
-0.388404
-0.392260
-0.396100
-0.399924
-0.403731
-0.407522
-0.411295
-0.415051
-0.418791
-0.422513
-0.426217
-0.429904
-0.433573
-0.437224
-0.440856
-0.444471
-0.448067
-0.451645
-0.455204
-0.458744
-0.462265
-0.465767
-0.469250
-0.472713
-0.476156
-0.479580
-0.482984
-0.486368
-0.489732
-0.493076
-0.496399
-0.499702
-0.502984
-0.506245
-0.509486
-0.512705
-0.515903
-0.519080
-0.522235
-0.525368
-0.528480
-0.531570
-0.534638
-0.537684
-0.540707
-0.543709
-0.546687
-0.549643
-0.552577
-0.555487
-0.558375
-0.561239
-0.564081
-0.566899
-0.569693
-0.572464
-0.575211
-0.577935
-0.580634
-0.583310
-0.585961
-0.588589
-0.591192
-0.593770
-0.596324
-0.598853
-0.601358
-0.603838
-0.606292
-0.608722
-0.611127
-0.613506
-0.615860
-0.618188
-0.620491
-0.622769
-0.625020
-0.627246
-0.629446
-0.631620
-0.633768
-0.635890
-0.637985
-0.640054
-0.642097
-0.644113
-0.646103
-0.648065
-0.650002
-0.651911
-0.653793
-0.655649
-0.657477
-0.659278
-0.661052
-0.662799
-0.664519
-0.666211
-0.667875
-0.669512
-0.671122
-0.672703
-0.674257
-0.675784
-0.677282
-0.678752
-0.680195
-0.681609
-0.682995
-0.684353
-0.685683
-0.686985
-0.688258
-0.689503
-0.690720
-0.691908
-0.693068
-0.694199
-0.695301
-0.696375
-0.697421
-0.698437
-0.699425
-0.700384
-0.701314
-0.702215
-0.703087
-0.703931
-0.704745
-0.705530
-0.706287
-0.707014
-0.707712
-0.708382
-0.709022
-0.709632
-0.710214
-0.710766
-0.711290
-0.711784
-0.712248
-0.712684
-0.713090
-0.713467
-0.713814
-0.714132
-0.714421
-0.714681
-0.714911
-0.715111
-0.715283
-0.715425
-0.715537
-0.715621
-0.715674
-0.715699
-0.715694
-0.715660
-0.715596
-0.715503
-0.715380
-0.715229
-0.715048
-0.714837
-0.714597
-0.714328
-0.714030
-0.713702
-0.713345
-0.712959
-0.712544
-0.712099
-0.711625
-0.711122
-0.710590
-0.710029
-0.709439
-0.708819
-0.708171
-0.707493
-0.706787
-0.706052
-0.705287
-0.704494
-0.703672
-0.702821
-0.701942
-0.701034
-0.700097
-0.699131
-0.698137
-0.697114
-0.696063
-0.694983
-0.693875
-0.692738
-0.691573
-0.690380
-0.689159
-0.687909
-0.686632
-0.685326
-0.683992
-0.682630
-0.681241
-0.679823
-0.678378
-0.676905
-0.675405
-0.673877
-0.672321
-0.670738
-0.669128
-0.667490
-0.665825
-0.664133
-0.662413
-0.660667
-0.658894
-0.657094
-0.655267
-0.653413
-0.651533
-0.649626
-0.647693
-0.645733
-0.643747
-0.641735
-0.639696
-0.637632
-0.635541
-0.633425
-0.631283
-0.629115
-0.626921
-0.624702
-0.622458
-0.620188
-0.617893
-0.615573
-0.613227
-0.610857
-0.608462
-0.606042
-0.603598
-0.601129
-0.598635
-0.596117
-0.593575
-0.591009
-0.588419
-0.585805
-0.583167
-0.580505
-0.577820
-0.575111
-0.572379
-0.569623
-0.566845
-0.564043
-0.561219
-0.558372
-0.555502
-0.552609
-0.549694
-0.546757
-0.543797
-0.540816
-0.537812
-0.534787
-0.531740
-0.528672
-0.525582
-0.522470
-0.519338
-0.516184
-0.513009
-0.509814
-0.506598
-0.503361
-0.500104
-0.496827
-0.493530
-0.490212
-0.486875
-0.483518
-0.480141
-0.476745
-0.473330
-0.469895
-0.466442
-0.462969
-0.459478
-0.455968
-0.452440
-0.448893
-0.445328
-0.441745
-0.438145
-0.434526
-0.430890
-0.427236
-0.423566
-0.419878
-0.416173
-0.412451
-0.408712
-0.404957
-0.401186
-0.397398
-0.393594
-0.389774
-0.385939
-0.382088
-0.378221
-0.374339
-0.370442
-0.366530
-0.362603
-0.358662
-0.354706
-0.350735
-0.346751
-0.342752
-0.338740
-0.334714
-0.330674
-0.326621
-0.322554
-0.318475
-0.314383
-0.310278
-0.306160
-0.302030
-0.297888
-0.293734
-0.289568
-0.285390
-0.281201
-0.277000
-0.272788
-0.268565
-0.264331
-0.260087
-0.255831
-0.251566
-0.247290
-0.243005
-0.238709
-0.234404
-0.230089
-0.225765
-0.221432
-0.217090
-0.212739
-0.208379
-0.204011
-0.199635
-0.195250
-0.190858
-0.186458
-0.182050
-0.177635
-0.173212
-0.168783
-0.164347
-0.159904
-0.155454
-0.150998
-0.146536
-0.142068
-0.137595
-0.133115
-0.128630
-0.124140
-0.119645
-0.115145
-0.110640
-0.106131
-0.101617
-0.097099
-0.092577
-0.088051
-0.083522
-0.078989
-0.074453
-0.069913
-0.065371
-0.060826
-0.056279
-0.051729
-0.047177
-0.042623
-0.038067
-0.033509
-0.028950
-0.024390
-0.019828
-0.015266
-0.010702
-0.006139
-0.001574
0.002990
0.007554
0.012119
0.016682
0.021246
0.025809
0.030370
0.034931
0.039491
0.044049
0.048605
0.053160
0.057713
0.062263
0.066811
0.071357
0.075900
0.080440
0.084978
0.089512
0.094042
0.098569
0.103092
0.107612
0.112127
0.116638
0.121144
0.125646
0.130143
0.134634
0.139121
0.143602
0.148078
0.152548
0.157012
0.161470
0.165922
0.170368
0.174806
0.179239
0.183664
0.188082
0.192492
0.196895
0.201291
0.205679
0.210058
0.214430
0.218793
0.223148
0.227494
0.231831
0.236159
0.240478
0.244788
0.249088
0.253378
0.257658
0.261929
0.266189
0.270439
0.274678
0.278907
0.283124
0.287331
0.291526
0.295710
0.299883
0.304043
0.308192
0.312329
0.316454
0.320566
0.324666
0.328753
0.332827
0.336888
0.340936
0.344971
0.348992
0.353000
0.356994
0.360973
0.364939
0.368890
0.372827
0.376750
0.380657
0.384550
0.388428
0.392290
0.396138
0.399969
0.403785
0.407585
0.411370
0.415138
0.418890
0.422625
0.426344
0.430046
0.433732
0.437400
0.441051
0.444685
0.448302
0.451901
0.455482
0.459046
0.462591
0.466119
0.469628
0.473118
0.476591
0.480044
0.483479
0.486894
0.490291
0.493668
0.497027
0.500365
0.503684
0.506983
0.510263
0.513522
0.516761
0.519980
0.523179
0.526357
0.529514
0.532651
0.535766
0.538861
0.541935
0.544987
0.548018
0.551027
0.554015
0.556981
0.559925
0.562847
0.565748
0.568626
0.571481
0.574314
0.577125
0.579913
0.582678
0.585421
0.588140
0.590836
0.593509
0.596159
0.598785
0.601388
0.603968
0.606523
0.609055
0.611563
0.614046
0.616506
0.618941
0.621352
0.623739
0.626101
0.628439
0.630752
0.633040
0.635303
0.637541
0.639754
0.641942
0.644105
0.646243
0.648355
0.650441
0.652502
0.654537
0.656547
0.658531
0.660489
0.662421
0.664326
0.666206
0.668060
0.669887
0.671688
0.673462
0.675210
0.676931
0.678626
0.680294
0.681935
0.683549
0.685137
0.686697
0.688231
0.689737
0.691216
0.692668
0.694093
0.695490
0.696860
0.698203
0.699518
0.700805
0.702065
0.703297
0.704502
0.705678
0.706827
0.707948
0.709041
0.710106
0.711143
0.712152
0.713133
0.714086
0.715011
0.715908
0.716776
0.717616
0.718428
0.719211
0.719966
0.720692
0.721391
0.722060
0.722701
0.723314
0.723898
0.724454
0.724980
0.725479
0.725948
0.726389
0.726801
0.727185
0.727540
0.727866
0.728163
0.728432
0.728671
0.728882
0.729064
0.729218
0.729342
0.729438
0.729505
0.729543
0.729552
0.729532
0.729483
0.729406
0.729300
0.729164
0.729000
0.728808
0.728586
0.728335
0.728056
0.727748
0.727411
0.727045
0.726650
0.726227
0.725775
0.725294
0.724784
0.724246
0.723679
0.723083
0.722458
0.721805
0.721124
0.720414
0.719675
0.718907
0.718112
0.717287
0.716435
0.715553
0.714644
0.713706
0.712740
0.711745
0.710722
0.709671
0.708592
0.707485
0.706350
0.705186
0.703995
0.702775
0.701528
0.700253
0.698950
0.697619
0.696261
0.694875
0.693461
0.692020
0.690551
0.689055
0.687531
0.685980
0.684402
0.682796
0.681164
0.679504
0.677817
0.676103
0.674363
0.672595
0.670801
0.668980
0.667133
0.665258
0.663358
0.661431
0.659477
0.657498
0.655492
0.653460
0.651402
0.649318
0.647208
0.645073
0.642912
0.640725
0.638512
0.636274
0.634011
0.631722
0.629409
0.627070
0.624706
0.622317
0.619904
0.617465
0.615002
0.612515
0.610003
0.607467
0.604906
0.602321
0.599713
0.597080
0.594423
0.591743
0.589039
0.586312
0.583561
0.580787
0.577989
0.575169
0.572326
0.569459
0.566570
0.563658
0.560724
0.557768
0.554789
0.551788
0.548764
0.545719
0.542652
0.539564
0.536453
0.533322
0.530169
0.526994
0.523799
0.520583
0.517346
0.514088
0.510809
0.507511
0.504191
0.500852
0.497493
0.494113
0.490714
0.487296
0.483857
0.480400
0.476923
0.473427
0.469912
0.466378
0.462826
0.459255
0.455665
0.452058
0.448432
0.444788
0.441127
0.437448
0.433751
0.430037
0.426306
0.422557
0.418792
0.415010
0.411211
0.407396
0.403564
0.399717
0.395853
0.391973
0.388078
0.384167
0.380241
0.376299
0.372343
0.368371
0.364385
0.360384
0.356369
0.352339
0.348296
0.344238
0.340166
0.336081
0.331983
0.327871
0.323746
0.319608
0.315457
0.311294
0.307118
0.302930
0.298730
0.294518
0.290293
0.286058
0.281811
0.277552
0.273283
0.269003
0.264711
0.260410
0.256098
0.251775
0.247443
0.243100
0.238748
0.234387
0.230016
0.225636
0.221247
0.216849
0.212442
0.208027
0.203604
0.199172
0.194733
0.190286
0.185831
0.181369
0.176900
0.172423
0.167940
0.163450
0.158954
0.154451
0.149943
0.145428
0.140908
0.136382
0.131850
0.127314
0.122772
0.118226
0.113675
0.109120
0.104560
0.099996
0.095428
0.090857
0.086282
0.081704
0.077122
0.072538
0.067951
0.063361
0.058769
0.054175
0.049579
0.044980
0.040381
0.035779
0.031177
0.026573
0.021969
0.017363
0.012758
0.008152
0.003545
-0.001061
-0.005667
-0.010272
-0.014877
-0.019481
-0.024084
-0.028686
-0.033287
-0.037886
-0.042483
-0.047078
-0.051671
-0.056262
-0.060850
-0.065436
-0.070019
-0.074599
-0.079175
-0.083748
-0.088317
-0.092883
-0.097445
-0.102002
-0.106555
-0.111103
-0.115647
-0.120186
-0.124719
-0.129248
-0.133771
-0.138288
-0.142799
-0.147304
-0.151803
-0.156295
-0.160781
-0.165260
-0.169733
-0.174197
-0.178655
-0.183105
-0.187547
-0.191982
-0.196408
-0.200826
-0.205236
-0.209637
-0.214029
-0.218412
-0.222786
-0.227151
-0.231506
-0.235852
-0.240187
-0.244513
-0.248828
-0.253133
-0.257427
-0.261711
-0.265983
-0.270244
-0.274494
-0.278733
-0.282960
-0.287175
-0.291378
-0.295569
-0.299747
-0.303913
-0.308067
-0.312207
-0.316335
-0.320449
-0.324550
-0.328637
-0.332710
-0.336770
-0.340816
-0.344847
-0.348864
-0.352867
-0.356854
-0.360827
-0.364785
-0.368728
-0.372655
-0.376567
-0.380463
-0.384343
-0.388207
-0.392055
-0.395887
-0.399702
-0.403500
-0.407282
-0.411047
-0.414794
-0.418525
-0.422238
-0.425933
-0.429611
-0.433270
-0.436912
-0.440536
-0.444141
-0.447728
-0.451296
-0.454845
-0.458375
-0.461887
-0.465379
-0.468852
-0.472305
-0.475739
-0.479152
-0.482546
-0.485920
-0.489274
-0.492607
-0.495920
-0.499212
-0.502484
-0.505735
-0.508964
-0.512173
-0.515360
-0.518526
-0.521670
-0.524792
-0.527893
-0.530972
-0.534029
-0.537063
-0.540076
-0.543065
-0.546033
-0.548977
-0.551899
-0.554798
-0.557674
-0.560527
-0.563356
-0.566163
-0.568945
-0.571704
-0.574440
-0.577151
-0.579839
-0.582502
-0.585141
-0.587756
-0.590347
-0.592913
-0.595455
-0.597972
-0.600464
-0.602931
-0.605373
-0.607790
-0.610182
-0.612549
-0.614890
-0.617206
-0.619496
-0.621760
-0.623999
-0.626212
-0.628399
-0.630559
-0.632694
-0.634803
-0.636885
-0.638941
-0.640970
-0.642973
-0.644949
-0.646899
-0.648822
-0.650717
-0.652586
-0.654428
-0.656243
-0.658031
-0.659791
-0.661524
-0.663230
-0.664908
-0.666559
-0.668182
-0.669778
-0.671346
-0.672886
-0.674398
-0.675883
-0.677339
-0.678767
-0.680168
-0.681540
-0.682884
-0.684200
-0.685487
-0.686747
-0.687978
-0.689180
-0.690354
-0.691499
-0.692616
-0.693704
-0.694764
-0.695795
-0.696797
-0.697770
-0.698715
-0.699631
-0.700518
-0.701375
-0.702204
-0.703004
-0.703775
-0.704517
-0.705230
-0.705914
-0.706568
-0.707194
-0.707790
-0.708357
-0.708895
-0.709404
-0.709883
-0.710333
-0.710754
-0.711146
-0.711508
-0.711841
-0.712144
-0.712419
-0.712664
-0.712879
-0.713065
-0.713222
-0.713349
-0.713447
-0.713516
-0.713555
-0.713565
-0.713545
-0.713497
-0.713418
-0.713311
-0.713174
-0.713007
-0.712812
-0.712587
-0.712332
-0.712049
-0.711736
-0.711393
-0.711022
-0.710621
-0.710191
-0.709732
-0.709244
-0.708727
-0.708180
-0.707604
-0.707000
-0.706366
-0.705703
-0.705011
-0.704290
-0.703541
-0.702762
-0.701955
-0.701118
-0.700253
-0.699359
-0.698437
-0.697486
-0.696506
-0.695497
-0.694460
-0.693395
-0.692301
-0.691179
-0.690028
-0.688849
-0.687642
-0.686407
-0.685143
-0.683852
-0.682532
-0.681184
-0.679809
-0.678405
-0.676974
-0.675515
-0.674029
-0.672514
-0.670973
-0.669403
-0.667807
-0.666183
-0.664531
-0.662853
-0.661147
-0.659415
-0.657655
-0.655868
-0.654055
-0.652215
-0.650348
-0.648454
-0.646534
-0.644588
-0.642615
-0.640616
-0.638591
-0.636539
-0.634462
-0.632358
-0.630229
-0.628074
-0.625894
-0.623687
-0.621456
-0.619199
-0.616916
-0.614609
-0.612276
-0.609918
-0.607536
-0.605128
-0.602696
-0.600239
-0.597758
-0.595253
-0.592723
-0.590169
-0.587590
-0.584988
-0.582362
-0.579712
-0.577039
-0.574342
-0.571621
-0.568878
-0.566111
-0.563321
-0.560508
-0.557672
-0.554813
-0.551932
-0.549028
-0.546102
-0.543154
-0.540183
-0.537191
-0.534176
-0.531140
-0.528082
-0.525003
-0.521902
-0.518780
-0.515637
-0.512473
-0.509288
-0.506082
-0.502856
-0.499609
-0.496342
-0.493055
-0.489747
-0.486420
-0.483073
-0.479706
-0.476319
-0.472914
-0.469489
-0.466045
-0.462581
-0.459099
-0.455599
-0.452080
-0.448542
-0.444986
-0.441412
-0.437820
-0.434211
-0.430583
-0.426938
-0.423276
-0.419597
-0.415900
-0.412186
-0.408456
-0.404709
-0.400946
-0.397166
-0.393370
-0.389558
-0.385731
-0.381887
-0.378028
-0.374154
-0.370264
-0.366360
-0.362440
-0.358506
-0.354557
-0.350593
-0.346616
-0.342624
-0.338618
-0.334599
-0.330566
-0.326519
-0.322459
-0.318386
-0.314300
-0.310201
-0.306090
-0.301966
-0.297830
-0.293681
-0.289521
-0.285349
-0.281165
-0.276970
-0.272763
-0.268546
-0.264317
-0.260077
-0.255827
-0.251567
-0.247296
-0.243015
-0.238724
-0.234424
-0.230113
-0.225794
-0.221465
-0.217127
-0.212780
-0.208424
-0.204060
-0.199688
-0.195307
-0.190918
-0.186522
-0.182118
-0.177706
-0.173287
-0.168861
-0.164427
-0.159988
-0.155541
-0.151088
-0.146629
-0.142163
-0.137692
-0.133215
-0.128733
-0.124245
-0.119752
-0.115254
-0.110751
-0.106244
-0.101732
-0.097216
-0.092695
-0.088171
-0.083643
-0.079112
-0.074577
-0.070039
-0.065497
-0.060953
-0.056407
-0.051858
-0.047306
-0.042753
-0.038197
-0.033640
-0.029081
-0.024521
-0.019960
-0.015397
-0.010834
-0.006270
-0.001706
0.002859
0.007424
0.011988
0.016553
0.021117
0.025680
0.030243
0.034805
0.039366
0.043925
0.048483
0.053039
0.057593
0.062145
0.066695
0.071242
0.075787
0.080329
0.084869
0.089405
0.093937
0.098467
0.102992
0.107514
0.112032
0.116545
0.121054
0.125559
0.130059
0.134554
0.139044
0.143528
0.148007
0.152481
0.156948
0.161410
0.165866
0.170315
0.174757
0.179193
0.183622
0.188045
0.192459
0.196867
0.201267
0.205659
0.210043
0.214420
0.218788
0.223147
0.227498
0.231840
0.236174
0.240498
0.244813
0.249118
0.253414
0.257700
0.261976
0.266242
0.270497
0.274743
0.278977
0.283201
0.287414
0.291615
0.295806
0.299985
0.304152
0.308307
0.312451
0.316582
0.320701
0.324808
0.328902
0.332983
0.337052
0.341107
0.345149
0.349178
0.353193
0.357194
0.361182
0.365155
0.369114
0.373059
0.376990
0.380905
0.384806
0.388692
0.392563
0.396419
0.400259
0.404083
0.407892
0.411685
0.415462
0.419223
0.422967
0.426695
0.430406
0.434101
0.437779
0.441439
0.445082
0.448709
0.452317
0.455908
0.459481
0.463036
0.466574
0.470093
0.473593
0.477075
0.480539
0.483984
0.487410
0.490817
0.494204
0.497573
0.500922
0.504252
0.507561
0.510852
0.514122
0.517372
0.520602
0.523811
0.527000
0.530169
0.533316
0.536443
0.539549
0.542634
0.545698
0.548740
0.551761
0.554761
0.557738
0.560694
0.563628
0.566540
0.569430
0.572298
0.575143
0.577966
0.580766
0.583543
0.586298
0.589030
0.591738
0.594424
0.597086
0.599725
0.602340
0.604932
0.607500
0.610045
0.612565
0.615062
0.617534
0.619983
0.622407
0.624807
0.627182
0.629533
0.631859
0.634160
0.636436
0.638688
0.640914
0.643116
0.645292
0.647443
0.649569
0.651669
0.653743
0.655792
0.657816
0.659813
0.661785
0.663731
0.665650
0.667544
0.669411
0.671252
0.673067
0.674856
0.676618
0.678353
0.680062
0.681744
0.683400
0.685028
0.686630
0.688205
0.689753
0.691273
0.692767
0.694233
0.695673
0.697084
0.698469
0.699826
0.701156
0.702458
0.703732
0.704979
0.706198
0.707389
0.708553
0.709689
0.710797
0.711877
0.712929
0.713953
0.714948
0.715916
0.716856
0.717767
0.718651
0.719506
0.720332
0.721131
0.721901
0.722642
0.723355
0.724040
0.724696
0.725324
0.725923
0.726494
0.727036
0.727549
0.728034
0.728490
0.728918
0.729316
0.729686
0.730027
0.730340
0.730624
0.730879
0.731105
0.731302
0.731471
0.731610
0.731721
0.731803
0.731857
0.731881
0.731876
0.731843
0.731781
0.731690
0.731570
0.731421
0.731243
0.731037
0.730802
0.730537
0.730244
0.729923
0.729572
0.729192
0.728784
0.728347
0.727882
0.727387
0.726864
0.726312
0.725731
0.725122
0.724484
0.723818
0.723122
0.722399
0.721646
0.720866
0.720056
0.719219
0.718352
0.717458
0.716535
0.715584
0.714604
0.713596
0.712560
0.711496
0.710403
0.709283
0.708134
0.706958
0.705753
0.704520
0.703260
0.701972
0.700655
0.699312
0.697940
0.696541
0.695114
0.693660
0.692178
0.690669
0.689132
0.687568
0.685977
0.684359
0.682713
0.681041
0.679341
0.677615
0.675862
0.674082
0.672275
0.670441
0.668581
0.666694
0.664781
0.662842
0.660876
0.658884
0.656866
0.654821
0.652751
0.650655
0.648533
0.646385
0.644212
0.642013
0.639788
0.637539
0.635263
0.632963
0.630637
0.628287
0.625911
0.623510
0.621085
0.618635
0.616160
0.613661
0.611138
0.608590
0.606018
0.603422
0.600802
0.598158
0.595490
0.592799
0.590084
0.587345
0.584583
0.581798
0.578990
0.576159
0.573305
0.570427
0.567528
0.564605
0.561660
0.558693
0.555704
0.552692
0.549659
0.546603
0.543526
0.540427
0.537307
0.534165
0.531002
0.527818
0.524613
0.521386
0.518140
0.514872
0.511584
0.508275
0.504947
0.501598
0.498229
0.494841
0.491432
0.488004
0.484557
0.481090
0.477604
0.474099
0.470576
0.467033
0.463472
0.459892
0.456294
0.452678
0.449044
0.445392
0.441722
0.438035
0.434330
0.430608
0.426868
0.423112
0.419339
0.415549
0.411742
0.407919
0.404080
0.400225
0.396354
0.392467
0.388564
0.384646
0.380713
0.376764
0.372801
0.368822
0.364829
0.360821
0.356799
0.352763
0.348713
0.344649
0.340571
0.336480
0.332375
0.328257
0.324126
0.319982
0.315825
0.311656
0.307475
0.303281
0.299075
0.294857
0.290628
0.286387
0.282135
0.277871
0.273597
0.269311
0.265015
0.260709
0.256392
0.252065
0.247728
0.243381
0.239024
0.234659
0.230283
0.225899
0.221506
0.217104
0.212694
0.208275
0.203848
0.199413
0.194970
0.190519
0.186061
0.181596
0.177123
0.172644
0.168158
0.163665
0.159166
0.154660
0.150149
0.145632
0.141109
0.136581
0.132047
0.127508
0.122965
0.118416
0.113863
0.109306
0.104745
0.100179
0.095610
0.091037
0.086461
0.081881
0.077299
0.072713
0.068125
0.063535
0.058942
0.054347
0.049750
0.045151
0.040551
0.035949
0.031346
0.026742
0.022138
0.017532
0.012927
0.008321
0.003715
-0.000891
-0.005496
-0.010101
-0.014706
-0.019309
-0.023911
-0.028512
-0.033112
-0.037710
-0.042306
-0.046900
-0.051491
-0.056081
-0.060668
-0.065252
-0.069833
-0.074411
-0.078985
-0.083556
-0.088123
-0.092687
-0.097246
-0.101801
-0.106352
-0.110897
-0.115438
-0.119974
-0.124505
-0.129031
-0.133550
-0.138064
-0.142572
-0.147074
-0.151570
-0.156059
-0.160541
-0.165017
-0.169485
-0.173946
-0.178400
-0.182846
-0.187284
-0.191714
-0.196136
-0.200550
-0.204955
-0.209352
-0.213739
-0.218118
-0.222487
-0.226847
-0.231197
-0.235537
-0.239868
-0.244188
-0.248498
-0.252797
-0.257086
-0.261364
-0.265631
-0.269886
-0.274130
-0.278363
-0.282584
-0.286793
-0.290990
-0.295174
-0.299347
-0.303506
-0.307653
-0.311787
-0.315907
-0.320015
-0.324109
-0.328189
-0.332256
-0.336308
-0.340347
-0.344371
-0.348380
-0.352375
-0.356356
-0.360321
-0.364271
-0.368206
-0.372125
-0.376029
-0.379917
-0.383789
-0.387645
-0.391485
-0.395308
-0.399115
-0.402905
-0.406678
-0.410434
-0.414173
-0.417895
-0.421599
-0.425285
-0.428954
-0.432605
-0.436237
-0.439852
-0.443448
-0.447025
-0.450584
-0.454123
-0.457644
-0.461146
-0.464628
-0.468091
-0.471535
-0.474958
-0.478362
-0.481746
-0.485110
-0.488453
-0.491776
-0.495079
-0.498361
-0.501622
-0.504862
-0.508081
-0.511279
-0.514455
-0.517610
-0.520743
-0.523855
-0.526945
-0.530013
-0.533058
-0.536082
-0.539083
-0.542061
-0.545017
-0.547951
-0.550861
-0.553748
-0.556613
-0.559454
-0.562272
-0.565066
-0.567837
-0.570584
-0.573307
-0.576007
-0.578682
-0.581334
-0.583961
-0.586564
-0.589142
-0.591696
-0.594225
-0.596730
-0.599210
-0.601664
-0.604094
-0.606498
-0.608878
-0.611232
-0.613560
-0.615863
-0.618140
-0.620392
-0.622618
-0.624818
-0.626991
-0.629139
-0.631261
-0.633356
-0.635425
-0.637468
-0.639484
-0.641474
-0.643437
-0.645373
-0.647282
-0.649165
-0.651020
-0.652848
-0.654650
-0.656424
-0.658171
-0.659890
-0.661582
-0.663247
-0.664884
-0.666493
-0.668075
-0.669629
-0.671155
-0.672654
-0.674124
-0.675567
-0.676981
-0.678367
-0.679726
-0.681056
-0.682357
-0.683631
-0.684876
-0.686093
-0.687281
-0.688441
-0.689572
-0.690675
-0.691748
-0.692794
-0.693810
-0.694798
-0.695757
-0.696687
-0.697589
-0.698461
-0.699305
-0.700119
-0.700905
-0.701661
-0.702389
-0.703087
-0.703756
-0.704397
-0.705008
-0.705589
-0.706142
-0.706665
-0.707159
-0.707624
-0.708060
-0.708466
-0.708843
-0.709191
-0.709509
-0.709798
-0.710058
-0.710288
-0.710489
-0.710661
-0.710803
-0.710916
-0.710999
-0.711053
-0.711078
-0.711073
-0.711039
-0.710975
-0.710882
-0.710760
-0.710609
-0.710428
-0.710218
-0.709978
-0.709709
-0.709411
-0.709084
-0.708727
-0.708341
-0.707926
-0.707481
-0.707008
-0.706505
-0.705973
-0.705412
-0.704822
-0.704203
-0.703555
-0.702878
-0.702171
-0.701436
-0.700672
-0.699880
-0.699058
-0.698207
-0.697328
-0.696420
-0.695483
-0.694518
-0.693524
-0.692501
-0.691450
-0.690371
-0.689263
-0.688127
-0.686962
-0.685769
-0.684548
-0.683299
-0.682021
-0.680716
-0.679382
-0.678021
-0.676632
-0.675215
-0.673770
-0.672297
-0.670797
-0.669269
-0.667714
-0.666131
-0.664521
-0.662883
-0.661219
-0.659527
-0.657808
-0.656062
-0.654289
-0.652489
-0.650663
-0.648809
-0.646929
-0.645023
-0.643090
-0.641130
-0.639144
-0.637132
-0.635094
-0.633030
-0.630940
-0.628824
-0.626682
-0.624514
-0.622321
-0.620102
-0.617858
-0.615589
-0.613294
-0.610974
-0.608629
-0.606259
-0.603864
-0.601445
-0.599001
-0.596532
-0.594039
-0.591521
-0.588979
-0.586413
-0.583823
-0.581209
-0.578572
-0.575910
-0.573225
-0.570517
-0.567785
-0.565030
-0.562252
-0.559450
-0.556626
-0.553779
-0.550910
-0.548017
-0.545103
-0.542166
-0.539206
-0.536225
-0.533222
-0.530197
-0.527150
-0.524082
-0.520992
-0.517881
-0.514749
-0.511595
-0.508421
-0.505226
-0.502010
-0.498774
-0.495517
-0.492240
-0.488943
-0.485626
-0.482289
-0.478932
-0.475555
-0.472160
-0.468744
-0.465310
-0.461857
-0.458384
-0.454893
-0.451384
-0.447856
-0.444309
-0.440745
-0.437162
-0.433561
-0.429943
-0.426307
-0.422654
-0.418983
-0.415295
-0.411590
-0.407869
-0.404130
-0.400375
-0.396604
-0.392817
-0.389013
-0.385193
-0.381358
-0.377507
-0.373641
-0.369759
-0.365862
-0.361950
-0.358023
-0.354082
-0.350126
-0.346156
-0.342171
-0.338173
-0.334161
-0.330134
-0.326095
-0.322042
-0.317976
-0.313896
-0.309804
-0.305699
-0.301582
-0.297452
-0.293310
-0.289156
-0.284990
-0.280812
-0.276623
-0.272422
-0.268210
-0.263987
-0.259753
-0.255508
-0.251253
-0.246988
-0.242712
-0.238426
-0.234131
-0.229826
-0.225511
-0.221187
-0.216854
-0.212511
-0.208160
-0.203801
-0.199433
-0.195056
-0.190672
-0.186279
-0.181879
-0.177471
-0.173056
-0.168633
-0.164204
-0.159767
-0.155324
-0.150875
-0.146419
-0.141957
-0.137488
-0.133015
-0.128535
-0.124050
-0.119560
-0.115064
-0.110564
-0.106059
-0.101549
-0.097035
-0.092517
-0.087995
-0.083469
-0.078939
-0.074406
-0.069870
-0.065330
-0.060788
-0.056243
-0.051695
-0.047145
-0.042592
-0.038038
-0.033482
-0.028924
-0.024364
-0.019804
-0.015242
-0.010679
-0.006115
-0.001551
0.003013
0.007578
0.012143
0.016707
0.021272
0.025836
0.030399
0.034961
0.039522
0.044082
0.048640
0.053197
0.057753
0.062306
0.066857
0.071406
0.075952
0.080495
0.085036
0.089574
0.094108
0.098639
0.103167
0.107691
0.112210
0.116726
0.121238
0.125745
0.130247
0.134744
0.139237
0.143724
0.148206
0.152682
0.157153
0.161618
0.166077
0.170529
0.174975
0.179415
0.183848
0.188273
0.192692
0.197103
0.201507
0.205904
0.210292
0.214673
0.219045
0.223409
0.227764
0.232111
0.236449
0.240778
0.245098
0.249408
0.253709
0.258000
0.262281
0.266553
0.270814
0.275065
0.279305
0.283534
0.287753
0.291960
0.296156
0.300341
0.304515
0.308677
0.312826
0.316964
0.321090
0.325203
0.329304
0.333392
0.337467
0.341529
0.345578
0.349614
0.353636
0.357645
0.361640
0.365621
0.369588
0.373540
0.377478
0.381402
0.385310
0.389204
0.393083
0.396947
0.400795
0.404628
0.408445
0.412247
0.416032
0.419801
0.423555
0.427291
0.431011
0.434715
0.438402
0.442071
0.445724
0.449359
0.452977
0.456577
0.460160
0.463725
0.467271
0.470800
0.474311
0.477803
0.481276
0.484731
0.488167
0.491584
0.494982
0.498361
0.501720
0.505060
0.508381
0.511681
0.514962
0.518223
0.521464
0.524684
0.527884
0.531063
0.534222
0.537360
0.540478
0.543574
0.546649
0.549703
0.552735
0.555746
0.558735
0.561703
0.564649
0.567573
0.570474
0.573354
0.576211
0.579046
0.581858
0.584648
0.587415
0.590159
0.592880
0.595577
0.598252
0.600904
0.603532
0.606136
0.608717
0.611274
0.613808
0.616317
0.618803
0.621264
0.623701
0.626114
0.628502
0.630866
0.633205
0.635520
0.637810
0.640075
0.642315
0.644530
0.646720
0.648884
0.651023
0.653137
0.655226
0.657288
0.659325
0.661337
0.663322
0.665282
0.667216
0.669123
0.671005
0.672860
0.674689
0.676492
0.678268
0.680018
0.681741
0.683438
0.685108
0.686751
0.688367
0.689956
0.691519
0.693054
0.694562
0.696043
0.697497
0.698924
0.700323
0.701695
0.703039
0.704356
0.705646
0.706907
0.708141
0.709348
0.710526
0.711677
0.712800
0.713895
0.714962
0.716001
0.717012
0.717995
0.718950
0.719877
0.720775
0.721646
0.722488
0.723301
0.724087
0.724844
0.725572
0.726272
0.726944
0.727587
0.728202
0.728788
0.729345
0.729874
0.730374
0.730846
0.731289
0.731703
0.732089
0.732445
0.732773
0.733073
0.733343
0.733585
0.733798
0.733982
0.734137
0.734264
0.734361
0.734430
0.734470
0.734481
0.734464
0.734417
0.734341
0.734237
0.734104
0.733942
0.733751
0.733531
0.733283
0.733005
0.732699
0.732364
0.732000
0.731608
0.731186
0.730736
0.730257
0.729749
0.729213
0.728648
0.728054
0.727432
0.726781
0.726101
0.725393
0.724656
0.723890
0.723097
0.722274
0.721423
0.720544
0.719637
0.718701
0.717736
0.716744
0.715723
0.714674
0.713597
0.712491
0.711358
0.710196
0.709007
0.707789
0.706544
0.705271
0.703970
0.702641
0.701284
0.699900
0.698488
0.697049
0.695582
0.694087
0.692566
0.691016
0.689440
0.687836
0.686206
0.684548
0.682863
0.681151
0.679412
0.677646
0.675854
0.674035
0.672189
0.670317
0.668418
0.666492
0.664541
0.662563
0.660559
0.658529
0.656473
0.654390
0.652282
0.650148
0.647989
0.645804
0.643593
0.641357
0.639095
0.636808
0.634496
0.632159
0.629797
0.627410
0.624998
0.622561
0.620100
0.617614
0.615103
0.612569
0.610010
0.607427
0.604819
0.602188
0.599533
0.596855
0.594152
0.591426
0.588677
0.585904
0.583109
0.580290
0.577448
0.574583
0.571695
0.568785
0.565852
0.562897
0.559920
0.556920
0.553898
0.550854
0.547789
0.544701
0.541593
0.538462
0.535311
0.532138
0.528944
0.525729
0.522493
0.519237
0.515959
0.512662
0.509344
0.506006
0.502648
0.499270
0.495872
0.492455
0.489018
0.485561
0.482085
0.478591
0.475077
0.471544
0.467993
0.464423
0.460835
0.457229
0.453604
0.449962
0.446301
0.442623
0.438928
0.435215
0.431484
0.427737
0.423973
0.420192
0.416394
0.412580
0.408749
0.404903
0.401040
0.397161
0.393267
0.389357
0.385432
0.381491
0.377535
0.373565
0.369580
0.365580
0.361565
0.357536
0.353494
0.349437
0.345366
0.341282
0.337184
0.333073
0.328949
0.324812
0.320662
0.316499
0.312324
0.308137
0.303937
0.299726
0.295503
0.291268
0.287021
0.282764
0.278495
0.274215
0.269925
0.265624
0.261312
0.256990
0.252659
0.248317
0.243965
0.239604
0.235234
0.230855
0.226466
0.222069
0.217663
0.213248
0.208825
0.204394
0.199955
0.195509
0.191054
0.186593
0.182124
0.177648
0.173165
0.168676
0.164180
0.159678
0.155170
0.150655
0.146135
0.141610
0.137079
0.132543
0.128002
0.123456
0.118905
0.114350
0.109790
0.105227
0.100659
0.096088
0.091514
0.086936
0.082355
0.077771
0.073184
0.068594
0.064002
0.059408
0.054812
0.050214
0.045614
0.041013
0.036411
0.031808
0.027203
0.022598
0.017992
0.013386
0.008780
0.004174
-0.000431
-0.005037
-0.009642
-0.014246
-0.018849
-0.023451
-0.028051
-0.032650
-0.037247
-0.041842
-0.046436
-0.051026
-0.055615
-0.060200
-0.064783
-0.069363
-0.073939
-0.078512
-0.083082
-0.087648
-0.092209
-0.096767
-0.101320
-0.105868
-0.110412
-0.114951
-0.119484
-0.124013
-0.128536
-0.133053
-0.137564
-0.142070
-0.146569
-0.151061
-0.155547
-0.160027
-0.164499
-0.168964
-0.173422
-0.177872
-0.182315
-0.186749
-0.191176
-0.195594
-0.200004
-0.204405
-0.208798
-0.213181
-0.217555
-0.221920
-0.226276
-0.230621
-0.234957
-0.239283
-0.243598
-0.247904
-0.252198
-0.256482
-0.260755
-0.265016
-0.269267
-0.273505
-0.277733
-0.281948
-0.286151
-0.290343
-0.294521
-0.298688
-0.302841
-0.306982
-0.311110
-0.315224
-0.319326
-0.323413
-0.327487
-0.331547
-0.335593
-0.339625
-0.343642
-0.347645
-0.351633
-0.355607
-0.359565
-0.363508
-0.367435
-0.371348
-0.375244
-0.379125
-0.382989
-0.386838
-0.390670
-0.394485
-0.398284
-0.402066
-0.405831
-0.409579
-0.413310
-0.417024
-0.420719
-0.424398
-0.428058
-0.431700
-0.435324
-0.438930
-0.442517
-0.446085
-0.449635
-0.453166
-0.456678
-0.460170
-0.463644
-0.467097
-0.470531
-0.473946
-0.477340
-0.480715
-0.484069
-0.487403
-0.490716
-0.494009
-0.497281
-0.500532
-0.503762
-0.506971
-0.510158
-0.513325
-0.516469
-0.519592
-0.522694
-0.525773
-0.528830
-0.531865
-0.534878
-0.537869
-0.540836
-0.543782
-0.546704
-0.549603
-0.552480
-0.555333
-0.558163
-0.560970
-0.563753
-0.566513
-0.569248
-0.571960
-0.574648
-0.577312
-0.579952
-0.582568
-0.585159
-0.587726
-0.590268
-0.592785
-0.595278
-0.597746
-0.600188
-0.602606
-0.604998
-0.607365
-0.609707
-0.612023
-0.614314
-0.616579
-0.618818
-0.621032
-0.623219
-0.625381
-0.627516
-0.629625
-0.631708
-0.633764
-0.635794
-0.637797
-0.639774
-0.641724
-0.643647
-0.645544
-0.647413
-0.649256
-0.651071
-0.652859
-0.654620
-0.656354
-0.658060
-0.659739
-0.661390
-0.663014
-0.664610
-0.666179
-0.667719
-0.669232
-0.670717
-0.672174
-0.673603
-0.675004
-0.676377
-0.677721
-0.679038
-0.680326
-0.681586
-0.682817
-0.684020
-0.685195
-0.686341
-0.687458
-0.688547
-0.689607
-0.690638
-0.691641
-0.692615
-0.693560
-0.694476
-0.695364
-0.696222
-0.697052
-0.697852
-0.698624
-0.699366
-0.700079
-0.700764
-0.701419
-0.702045
-0.702642
-0.703209
-0.703748
-0.704257
-0.704737
-0.705188
-0.705609
-0.706001
-0.706364
-0.706697
-0.707002
-0.707276
-0.707522
-0.707738
-0.707924
-0.708082
-0.708210
-0.708308
-0.708377
-0.708417
-0.708428
-0.708409
-0.708360
-0.708283
-0.708175
-0.708039
-0.707873
-0.707678
-0.707454
-0.707200
-0.706917
-0.706604
-0.706263
-0.705892
-0.705492
-0.705062
-0.704604
-0.704116
-0.703599
-0.703053
-0.702478
-0.701874
-0.701241
-0.700578
-0.699887
-0.699167
-0.698418
-0.697640
-0.696833
-0.695997
-0.695132
-0.694239
-0.693317
-0.692367
-0.691387
-0.690379
-0.689343
-0.688278
-0.687185
-0.686063
-0.684913
-0.683735
-0.682528
-0.681293
-0.680030
-0.678739
-0.677420
-0.676073
-0.674698
-0.673295
-0.671865
-0.670406
-0.668920
-0.667407
-0.665865
-0.664297
-0.662701
-0.661077
-0.659426
-0.657748
-0.656043
-0.654311
-0.652552
-0.650766
-0.648953
-0.647114
-0.645247
-0.643354
-0.641435
-0.639489
-0.637517
-0.635518
-0.633493
-0.631443
-0.629366
-0.627263
-0.625134
-0.622980
-0.620800
-0.618594
-0.616363
-0.614106
-0.611825
-0.609518
-0.607185
-0.604828
-0.602446
-0.600039
-0.597608
-0.595152
-0.592671
-0.590166
-0.587637
-0.585083
-0.582505
-0.579904
-0.577278
-0.574629
-0.571956
-0.569260
-0.566540
-0.563797
-0.561030
-0.558241
-0.555428
-0.552593
-0.549735
-0.546854
-0.543951
-0.541025
-0.538078
-0.535108
-0.532116
-0.529102
-0.526066
-0.523009
-0.519930
-0.516830
-0.513709
-0.510566
-0.507402
-0.504218
-0.501013
-0.497787
-0.494541
-0.491274
-0.487987
-0.484680
-0.481353
-0.478007
-0.474640
-0.471255
-0.467849
-0.464425
-0.460981
-0.457519
-0.454037
-0.450537
-0.447018
-0.443481
-0.439926
-0.436352
-0.432761
-0.429152
-0.425525
-0.421881
-0.418219
-0.414540
-0.410844
-0.407131
-0.403401
-0.399654
-0.395891
-0.392112
-0.388317
-0.384505
-0.380678
-0.376835
-0.372977
-0.369103
-0.365214
-0.361310
-0.357390
-0.353457
-0.349508
-0.345545
-0.341568
-0.337577
-0.333571
-0.329552
-0.325520
-0.321474
-0.317414
-0.313342
-0.309256
-0.305158
-0.301047
-0.296923
-0.292787
-0.288639
-0.284479
-0.280308
-0.276124
-0.271929
-0.267723
-0.263506
-0.259277
-0.255038
-0.250789
-0.246529
-0.242258
-0.237978
-0.233687
-0.229387
-0.225077
-0.220758
-0.216429
-0.212091
-0.207745
-0.203390
-0.199026
-0.194654
-0.190273
-0.185885
-0.181489
-0.177085
-0.172673
-0.168254
-0.163829
-0.159396
-0.154956
-0.150510
-0.146057
-0.141598
-0.137133
-0.132662
-0.128185
-0.123703
-0.119216
-0.114723
-0.110225
-0.105722
-0.101215
-0.096704
-0.092188
-0.087667
-0.083143
-0.078616
-0.074084
-0.069549
-0.065012
-0.060471
-0.055927
-0.051380
-0.046831
-0.042280
-0.037727
-0.033171
-0.028614
-0.024056
-0.019495
-0.014934
-0.010372
-0.005809
-0.001245
0.003319
0.007884
0.012449
0.017014
0.021578
0.026142
0.030706
0.035268
0.039830
0.044391
0.048950
0.053508
0.058064
0.062618
0.067170
0.071720
0.076268
0.080812
0.085355
0.089894
0.094430
0.098963
0.103492
0.108018
0.112540
0.117058
0.121571
0.126081
0.130585
0.135085
0.139580
0.144070
0.148555
0.153034
0.157508
0.161976
0.166438
0.170893
0.175343
0.179786
0.184222
0.188651
0.193074
0.197489
0.201896
0.206297
0.210689
0.215074
0.219450
0.223819
0.228178
0.232530
0.236872
0.241206
0.245530
0.249846
0.254151
0.258448
0.262734
0.267010
0.271277
0.275533
0.279778
0.284013
0.288237
0.292451
0.296653
0.300844
0.305023
0.309191
0.313347
0.317491
0.321623
0.325742
0.329849
0.333944
0.338026
0.342095
0.346151
0.350193
0.354223
0.358238
0.362240
0.366228
0.370202
0.374162
0.378108
0.382039
0.385955
0.389857
0.393743
0.397615
0.401471
0.405312
0.409137
0.412947
0.416740
0.420518
0.424280
0.428025
0.431754
0.435466
0.439161
0.442839
0.446501
0.450145
0.453772
0.457381
0.460973
0.464547
0.468103
0.471641
0.475161
0.478663
0.482146
0.485610
0.489056
0.492483
0.495891
0.499279
0.502649
0.505999
0.509329
0.512640
0.515931
0.519202
0.522453
0.525684
0.528895
0.532085
0.535254
0.538403
0.541531
0.544638
0.547724
0.550789
0.553833
0.556855
0.559855
0.562834
0.565791
0.568726
0.571639
0.574530
0.577399
0.580245
0.583069
0.585871
0.588649
0.591405
0.594138
0.596848
0.599535
0.602198
0.604838
0.607455
0.610048
0.612617
0.615163
0.617685
0.620183
0.622657
0.625106
0.627532
0.629933
0.632309
0.634661
0.636988
0.639291
0.641569
0.643822
0.646050
0.648253
0.650430
0.652582
0.654709
0.656811
0.658887
0.660937
0.662962
0.664961
0.666934
0.668881
0.670802
0.672697
0.674566
0.676409
0.678225
0.680015
0.681779
0.683516
0.685226
0.686910
0.688567
0.690197
0.691800
0.693376
0.694926
0.696448
0.697943
0.699411
0.700852
0.702265
0.703651
0.705010
0.706341
0.707644
0.708921
0.710169
0.711390
0.712583
0.713748
0.714885
0.715995
0.717076
0.718130
0.719155
0.720153
0.721122
0.722063
0.722977
0.723861
0.724718
0.725546
0.726346
0.727118
0.727861
0.728576
0.729262
0.729920
0.730550
0.731151
0.731723
0.732267
0.732782
0.733268
0.733726
0.734155
0.734555
0.734927
0.735270
0.735584
0.735869
0.736126
0.736354
0.736553
0.736723
0.736865
0.736977
0.737061
0.737116
0.737142
0.737139
0.737107
0.737047
0.736957
0.736839
0.736692
0.736516
0.736311
0.736078
0.735815
0.735524
0.735204
0.734855
0.734477
0.734071
0.733635
0.733171
0.732679
0.732157
0.731607
0.731028
0.730420
0.729784
0.729119
0.728426
0.727704
0.726953
0.726174
0.725366
0.724530
0.723666
0.722773
0.721852
0.720902
0.719924
0.718918
0.717883
0.716821
0.715730
0.714611
0.713464
0.712289
0.711086
0.709855
0.708597
0.707310
0.705995
0.704653
0.703283
0.701886
0.700461
0.699008
0.697528
0.696020
0.694485
0.692923
0.691333
0.689717
0.688073
0.686402
0.684704
0.682979
0.681227
0.679449
0.677643
0.675811
0.673953
0.672068
0.670156
0.668218
0.666254
0.664263
0.662247
0.660204
0.658135
0.656041
0.653920
0.651774
0.649602
0.647404
0.645181
0.642933
0.640659
0.638360
0.636036
0.633687
0.631313
0.628913
0.626490
0.624041
0.621568
0.619070
0.616548
0.614002
0.611431
0.608836
0.606218
0.603575
0.600909
0.598219
0.595505
0.592768
0.590007
0.587223
0.584416
0.581586
0.578733
0.575858
0.572959
0.570038
0.567094
0.564128
0.561140
0.558130
0.555098
0.552043
0.548967
0.545870
0.542750
0.539610
0.536448
0.533265
0.530061
0.526836
0.523590
0.520324
0.517037
0.513729
0.510402
0.507054
0.503686
0.500299
0.496891
0.493464
0.490018
0.486552
0.483068
0.479564
0.476041
0.472499
0.468939
0.465360
0.461763
0.458148
0.454515
0.450864
0.447195
0.443508
0.439804
0.436083
0.432345
0.428589
0.424817
0.421028
0.417222
0.413400
0.409561
0.405707
0.401837
0.397950
0.394049
0.390131
0.386199
0.382251
0.378288
0.374310
0.370318
0.366311
0.362289
0.358254
0.354204
0.350141
0.346064
0.341973
0.337869
0.333751
0.329621
0.325478
0.321322
0.317153
0.312972
0.308779
0.304573
0.300356
0.296127
0.291887
0.287635
0.283372
0.279098
0.274813
0.270517
0.266211
0.261894
0.257568
0.253231
0.248885
0.244529
0.240163
0.235788
0.231404
0.227012
0.222610
0.218200
0.213781
0.209354
0.204920
0.200477
0.196027
0.191569
0.187104
0.182631
0.178152
0.173666
0.169173
0.164674
0.160169
0.155658
0.151141
0.146618
0.142090
0.137556
0.133018
0.128474
0.123926
0.119373
0.114816
0.110254
0.105689
0.101120
0.096547
0.091971
0.087391
0.082808
0.078223
0.073635
0.069044
0.064451
0.059856
0.055259
0.050660
0.046059
0.041458
0.036855
0.032251
0.027646
0.023040
0.018434
0.013828
0.009222
0.004616
0.000010
-0.004595
-0.009199
-0.013803
-0.018405
-0.023007
-0.027607
-0.032205
-0.036801
-0.041395
-0.045988
-0.050577
-0.055165
-0.059749
-0.064330
-0.068909
-0.073484
-0.078055
-0.082623
-0.087186
-0.091746
-0.096302
-0.100853
-0.105399
-0.109940
-0.114477
-0.119008
-0.123534
-0.128054
-0.132569
-0.137077
-0.141580
-0.146076
-0.150566
-0.155048
-0.159524
-0.163993
-0.168455
-0.172909
-0.177356
-0.181795
-0.186226
-0.190648
-0.195063
-0.199469
-0.203866
-0.208254
-0.212633
-0.217003
-0.221364
-0.225715
-0.230056
-0.234387
-0.238708
-0.243018
-0.247318
-0.251608
-0.255887
-0.260154
-0.264410
-0.268655
-0.272889
-0.277110
-0.281320
-0.285518
-0.289703
-0.293876
-0.298037
-0.302184
-0.306319
-0.310440
-0.314549
-0.318644
-0.322725
-0.326792
-0.330846
-0.334885
-0.338910
-0.342920
-0.346916
-0.350897
-0.354864
-0.358815
-0.362751
-0.366671
-0.370576
-0.374465
-0.378338
-0.382195
-0.386035
-0.389860
-0.393667
-0.397458
-0.401232
-0.404990
-0.408729
-0.412452
-0.416157
-0.419845
-0.423514
-0.427166
-0.430800
-0.434415
-0.438012
-0.441590
-0.445150
-0.448691
-0.452213
-0.455715
-0.459199
-0.462663
-0.466107
-0.469532
-0.472937
-0.476322
-0.479687
-0.483031
-0.486356
-0.489659
-0.492942
-0.496204
-0.499445
-0.502666
-0.505864
-0.509042
-0.512198
-0.515333
-0.518445
-0.521536
-0.524605
-0.527652
-0.530677
-0.533679
-0.536658
-0.539616
-0.542550
-0.545462
-0.548350
-0.551216
-0.554058
-0.556877
-0.559672
-0.562444
-0.565193
-0.567917
-0.570618
-0.573295
-0.575947
-0.578575
-0.581180
-0.583759
-0.586314
-0.588845
-0.591350
-0.593831
-0.596287
-0.598718
-0.601124
-0.603504
-0.605859
-0.608189
-0.610493
-0.612771
-0.615024
-0.617251
-0.619452
-0.621627
-0.623776
-0.625899
-0.627996
-0.630066
-0.632110
-0.634127
-0.636118
-0.638082
-0.640020
-0.641930
-0.643814
-0.645671
-0.647500
-0.649303
-0.651078
-0.652826
-0.654547
-0.656240
-0.657906
-0.659544
-0.661155
-0.662738
-0.664293
-0.665821
-0.667320
-0.668792
-0.670235
-0.671651
-0.673039
-0.674398
-0.675729
-0.677032
-0.678307
-0.679553
-0.680771
-0.681961
-0.683122
-0.684254
-0.685358
-0.686433
-0.687480
-0.688498
-0.689487
-0.690447
-0.691378
-0.692281
-0.693154
-0.693999
-0.694815
-0.695602
-0.696359
-0.697088
-0.697788
-0.698458
-0.699100
-0.699712
-0.700295
-0.700849
-0.701373
-0.701868
-0.702334
-0.702771
-0.703179
-0.703557
-0.703906
-0.704225
-0.704516
-0.704776
-0.705008
-0.705210
-0.705383
-0.705526
-0.705640
-0.705725
-0.705780
-0.705806
-0.705802
-0.705769
-0.705707
-0.705615
-0.705494
-0.705344
-0.705164
-0.704955
-0.704717
-0.704449
-0.704152
-0.703826
-0.703470
-0.703085
-0.702671
-0.702228
-0.701756
-0.701254
-0.700724
-0.700164
-0.699575
-0.698957
-0.698310
-0.697634
-0.696929
-0.696195
-0.695432
-0.694640
-0.693819
-0.692970
-0.692092
-0.691185
-0.690249
-0.689285
-0.688292
-0.687271
-0.686221
-0.685143
-0.684036
-0.682901
-0.681737
-0.680545
-0.679325
-0.678077
-0.676801
-0.675497
-0.674164
-0.672804
-0.671416
-0.670000
-0.668556
-0.667084
-0.665585
-0.664058
-0.662504
-0.660922
-0.659313
-0.657677
-0.656013
-0.654322
-0.652605
-0.650860
-0.649088
-0.647289
-0.645463
-0.643611
-0.641732
-0.639827
-0.637895
-0.635936
-0.633951
-0.631940
-0.629903
-0.627840
-0.625751
-0.623636
-0.621495
-0.619328
-0.617136
-0.614918
-0.612675
-0.610407
-0.608113
-0.605794
-0.603450
-0.601081
-0.598687
-0.596269
-0.593825
-0.591357
-0.588865
-0.586349
-0.583808
-0.581243
-0.578654
-0.576041
-0.573404
-0.570744
-0.568059
-0.565352
-0.562621
-0.559867
-0.557089
-0.554289
-0.551466
-0.548620
-0.545751
-0.542859
-0.539946
-0.537010
-0.534051
-0.531071
-0.528069
-0.525044
-0.521998
-0.518931
-0.515842
-0.512732
-0.509600
-0.506448
-0.503274
-0.500080
-0.496865
-0.493630
-0.490374
-0.487097
-0.483801
-0.480485
-0.477148
-0.473792
-0.470417
-0.467022
-0.463607
-0.460174
-0.456721
-0.453250
-0.449759
-0.446251
-0.442723
-0.439177
-0.435614
-0.432032
-0.428432
-0.424814
-0.421179
-0.417526
-0.413856
-0.410169
-0.406465
-0.402744
-0.399007
-0.395252
-0.391482
-0.387695
-0.383892
-0.380073
-0.376238
-0.372388
-0.368522
-0.364641
-0.360745
-0.356834
-0.352908
-0.348967
-0.345012
-0.341042
-0.337058
-0.333060
-0.329048
-0.325023
-0.320984
-0.316932
-0.312866
-0.308787
-0.304696
-0.300591
-0.296474
-0.292345
-0.288204
-0.284050
-0.279884
-0.275707
-0.271518
-0.267318
-0.263107
-0.258884
-0.254651
-0.250407
-0.246152
-0.241887
-0.237612
-0.233327
-0.229032
-0.224727
-0.220413
-0.216089
-0.211756
-0.207415
-0.203064
-0.198705
-0.194337
-0.189961
-0.185577
-0.181185
-0.176785
-0.172378
-0.167963
-0.163541
-0.159112
-0.154676
-0.150233
-0.145784
-0.141328
-0.136866
-0.132399
-0.127925
-0.123446
-0.118961
-0.114471
-0.109976
-0.105476
-0.100971
-0.096462
-0.091948
-0.087431
-0.082909
-0.078383
-0.073854
-0.069321
-0.064785
-0.060245
-0.055703
-0.051158
-0.046611
-0.042061
-0.037508
-0.032954
-0.028398
-0.023841
-0.019281
-0.014721
-0.010159
-0.005597
-0.001033
0.003531
0.008095
0.012660
0.017224
0.021789
0.026353
0.030916
0.035479
0.040042
0.044603
0.049162
0.053721
0.058278
0.062833
0.067386
0.071937
0.076485
0.081032
0.085575
0.090116
0.094653
0.099188
0.103719
0.108246
0.112770
0.117290
0.121805
0.126317
0.130824
0.135326
0.139823
0.144316
0.148803
0.153285
0.157762
0.162232
0.166697
0.171156
0.175609
0.180055
0.184494
0.188927
0.193353
0.197772
0.202183
0.206587
0.210983
0.215372
0.219752
0.224125
0.228489
0.232845
0.237191
0.241530
0.245859
0.250179
0.254489
0.258790
0.263081
0.267363
0.271634
0.275895
0.280146
0.284387
0.288616
0.292835
0.297043
0.301239
0.305424
0.309598
0.313760
0.317910
0.322048
0.326174
0.330287
0.334388
0.338477
0.342552
0.346615
0.350664
0.354700
0.358722
0.362731
0.366726
0.370708
0.374675
0.378628
0.382566
0.386490
0.390399
0.394293
0.398172
0.402036
0.405885
0.409718
0.413536
0.417337
0.421123
0.424893
0.428646
0.432383
0.436104
0.439808
0.443495
0.447165
0.450818
0.454453
0.458072
0.461672
0.465255
0.468820
0.472368
0.475897
0.479408
0.482900
0.486374
0.489829
0.493266
0.496683
0.500082
0.503461
0.506821
0.510161
0.513482
0.516783
0.520064
0.523326
0.526567
0.529788
0.532988
0.536168
0.539328
0.542466
0.545584
0.548681
0.551756
0.554810
0.557843
0.560855
0.563845
0.566813
0.569759
0.572683
0.575586
0.578466
0.581324
0.584159
0.586972
0.589762
0.592529
0.595274
0.597995
0.600694
0.603369
0.606021
0.608650
0.611255
0.613836
0.616394
0.618928
0.621438
0.623924
0.626386
0.628824
0.631237
0.633626
0.635991
0.638331
0.640646
0.642936
0.645202
0.647442
0.649658
0.651848
0.654013
0.656153
0.658268
0.660357
0.662420
0.664458
0.666470
0.668456
0.670417
0.672351
0.674259
0.676141
0.677997
0.679827
0.681630
0.683407
0.685158
0.686882
0.688579
0.690249
0.691893
0.693510
0.695100
0.696663
0.698199
0.699708
0.701190
0.702644
0.704072
0.705472
0.706844
0.708189
0.709507
0.710797
0.712059
0.713294
0.714501
0.715680
0.716832
0.717956
0.719051
0.720119
0.721159
0.722171
0.723154
0.724110
0.725037
0.725936
0.726807
0.727650
0.728464
0.729251
0.730008
0.730737
0.731438
0.732111
0.732754
0.733370
0.733957
0.734515
0.735044
0.735545
0.736018
0.736461
0.736876
0.737262
0.737620
0.737949
0.738249
0.738520
0.738763
0.738976
0.739161
0.739317
0.739444
0.739543
0.739612
0.739653
0.739665
0.739648
0.739602
0.739527
0.739423
0.739291
0.739130
0.738939
0.738720
0.738473
0.738196
0.737890
0.737556
0.737193
0.736801
0.736380
0.735931
0.735453
0.734946
0.734410
0.733846
0.733253
0.732631
0.731981
0.731302
0.730594
0.729858
0.729093
0.728300
0.727479
0.726629
0.725750
0.724843
0.723908
0.722944
0.721952
0.720932
0.719884
0.718808
0.717703
0.716570
0.715409
0.714221
0.713004
0.711759
0.710487
0.709186
0.707858
0.706502
0.705119
0.703708
0.702269
0.700803
0.699309
0.697788
0.696239
0.694664
0.693061
0.691431
0.689773
0.688089
0.686378
0.684640
0.682875
0.681083
0.679265
0.677420
0.675548
0.673650
0.671725
0.669774
0.667797
0.665794
0.663764
0.661709
0.659627
0.657520
0.655386
0.653228
0.651043
0.648833
0.646597
0.644336
0.642050
0.639739
0.637402
0.635041
0.632654
0.630243
0.627807
0.625346
0.622861
0.620351
0.617817
0.615259
0.612676
0.610070
0.607439
0.604785
0.602107
0.599405
0.596680
0.593931
0.591159
0.588364
0.585546
0.582704
0.579840
0.576953
0.574043
0.571111
0.568157
0.565180
0.562181
0.559159
0.556116
0.553051
0.549965
0.546856
0.543727
0.540576
0.537403
0.534210
0.530995
0.527760
0.524504
0.521228
0.517931
0.514613
0.511276
0.507918
0.504541
0.501144
0.497727
0.494290
0.490834
0.487359
0.483865
0.480352
0.476820
0.473269
0.469700
0.466112
0.462506
0.458882
0.455240
0.451580
0.447902
0.444207
0.440495
0.436765
0.433018
0.429254
0.425474
0.421676
0.417863
0.414033
0.410186
0.406324
0.402446
0.398552
0.394643
0.390718
0.386778
0.382822
0.378852
0.374867
0.370868
0.366854
0.362825
0.358783
0.354727
0.350656
0.346572
0.342475
0.338364
0.334241
0.330104
0.325954
0.321792
0.317617
0.313430
0.309231
0.305020
0.300797
0.296562
0.292316
0.288059
0.283790
0.279511
0.275221
0.270920
0.266609
0.262287
0.257956
0.253614
0.249263
0.244902
0.240532
0.236153
0.231765
0.227368
0.222962
0.218547
0.214125
0.209694
0.205255
0.200809
0.196355
0.191894
0.187425
0.182949
0.178467
0.173977
0.169482
0.164980
0.160471
0.155957
0.151437
0.146912
0.142381
0.137845
0.133304
0.128758
0.124208
0.119652
0.115093
0.110530
0.105962
0.101391
0.096817
0.092239
0.087658
0.083074
0.078487
0.073897
0.069305
0.064711
0.060115
0.055517
0.050918
0.046316
0.041714
0.037110
0.032506
0.027901
0.023295
0.018689
0.014083
0.009477
0.004871
0.000265
-0.004339
-0.008944
-0.013547
-0.018149
-0.022749
-0.027348
-0.031946
-0.036541
-0.041135
-0.045726
-0.050314
-0.054900
-0.059483
-0.064063
-0.068640
-0.073213
-0.077783
-0.082349
-0.086911
-0.091468
-0.096022
-0.100570
-0.105114
-0.109654
-0.114188
-0.118716
-0.123240
-0.127757
-0.132269
-0.136775
-0.141274
-0.145767
-0.150254
-0.154733
-0.159206
-0.163671
-0.168130
-0.172580
-0.177023
-0.181458
-0.185885
-0.190304
-0.194715
-0.199116
-0.203509
-0.207893
-0.212268
-0.216633
-0.220989
-0.225336
-0.229672
-0.233998
-0.238315
-0.242620
-0.246915
-0.251200
-0.255473
-0.259735
-0.263986
-0.268226
-0.272454
-0.276670
-0.280874
-0.285066
-0.289245
-0.293412
-0.297567
-0.301708
-0.305837
-0.309952
-0.314054
-0.318142
-0.322217
-0.326278
-0.330325
-0.334357
-0.338376
-0.342379
-0.346368
-0.350342
-0.354301
-0.358245
-0.362174
-0.366087
-0.369984
-0.373866
-0.377731
-0.381580
-0.385413
-0.389230
-0.393030
-0.396813
-0.400579
-0.404328
-0.408060
-0.411774
-0.415471
-0.419150
-0.422812
-0.426455
-0.430080
-0.433687
-0.437275
-0.440845
-0.444395
-0.447927
-0.451440
-0.454934
-0.458409
-0.461863
-0.465299
-0.468714
-0.472110
-0.475485
-0.478841
-0.482176
-0.485490
-0.488784
-0.492058
-0.495310
-0.498541
-0.501752
-0.504941
-0.508108
-0.511254
-0.514379
-0.517481
-0.520562
-0.523620
-0.526657
-0.529671
-0.532663
-0.535632
-0.538579
-0.541502
-0.544403
-0.547281
-0.550136
-0.552967
-0.555775
-0.558560
-0.561321
-0.564058
-0.566772
-0.569461
-0.572127
-0.574768
-0.577385
-0.579978
-0.582546
-0.585090
-0.587609
-0.590103
-0.592572
-0.595017
-0.597436
-0.599830
-0.602199
-0.604542
-0.606860
-0.609152
-0.611419
-0.613660
-0.615875
-0.618064
-0.620227
-0.622364
-0.624475
-0.626559
-0.628617
-0.630649
-0.632654
-0.634632
-0.636584
-0.638509
-0.640407
-0.642279
-0.644123
-0.645940
-0.647730
-0.649493
-0.651228
-0.652936
-0.654617
-0.656270
-0.657896
-0.659494
-0.661064
-0.662606
-0.664121
-0.665608
-0.667067
-0.668498
-0.669900
-0.671275
-0.672621
-0.673940
-0.675230
-0.676491
-0.677725
-0.678930
-0.680106
-0.681254
-0.682373
-0.683464
-0.684526
-0.685559
-0.686564
-0.687540
-0.688487
-0.689405
-0.690295
-0.691155
-0.691987
-0.692789
-0.693563
-0.694307
-0.695022
-0.695709
-0.696366
-0.696994
-0.697593
-0.698162
-0.698703
-0.699214
-0.699696
-0.700149
-0.700572
-0.700966
-0.701331
-0.701667
-0.701973
-0.702250
-0.702497
-0.702715
-0.702904
-0.703063
-0.703193
-0.703294
-0.703365
-0.703407
-0.703419
-0.703402
-0.703356
-0.703281
-0.703176
-0.703041
-0.702877
-0.702684
-0.702462
-0.702210
-0.701929
-0.701619
-0.701279
-0.700911
-0.700513
-0.700085
-0.699629
-0.699143
-0.698628
-0.698084
-0.697511
-0.696909
-0.696278
-0.695618
-0.694929
-0.694211
-0.693464
-0.692688
-0.691883
-0.691049
-0.690187
-0.689295
-0.688376
-0.687427
-0.686450
-0.685444
-0.684410
-0.683347
-0.682256
-0.681136
-0.679988
-0.678812
-0.677607
-0.676374
-0.675114
-0.673825
-0.672507
-0.671162
-0.669790
-0.668389
-0.666960
-0.665504
-0.664020
-0.662508
-0.660969
-0.659402
-0.657808
-0.656187
-0.654538
-0.652862
-0.651159
-0.649429
-0.647672
-0.645888
-0.644077
-0.642239
-0.640375
-0.638484
-0.636566
-0.634623
-0.632652
-0.630656
-0.628633
-0.626584
-0.624509
-0.622408
-0.620281
-0.618129
-0.615951
-0.613747
-0.611518
-0.609263
-0.606983
-0.604678
-0.602348
-0.599993
-0.597613
-0.595208
-0.592778
-0.590324
-0.587845
-0.585341
-0.582814
-0.580262
-0.577686
-0.575087
-0.572463
-0.569815
-0.567144
-0.564450
-0.561732
-0.558990
-0.556225
-0.553438
-0.550627
-0.547793
-0.544937
-0.542058
-0.539157
-0.536233
-0.533287
-0.530319
-0.527328
-0.524316
-0.521282
-0.518227
-0.515149
-0.512051
-0.508931
-0.505790
-0.502628
-0.499445
-0.496242
-0.493018
-0.489773
-0.486508
-0.483222
-0.479917
-0.476592
-0.473247
-0.469882
-0.466497
-0.463094
-0.459671
-0.456229
-0.452767
-0.449287
-0.445789
-0.442272
-0.438736
-0.435182
-0.431610
-0.428020
-0.424412
-0.420787
-0.417144
-0.413483
-0.409806
-0.406111
-0.402399
-0.398671
-0.394926
-0.391164
-0.387386
-0.383592
-0.379782
-0.375956
-0.372114
-0.368257
-0.364384
-0.360496
-0.356593
-0.352675
-0.348743
-0.344795
-0.340834
-0.336858
-0.332867
-0.328863
-0.324845
-0.320814
-0.316769
-0.312710
-0.308639
-0.304554
-0.300457
-0.296347
-0.292225
-0.288090
-0.283943
-0.279784
-0.275613
-0.271431
-0.267237
-0.263032
-0.258815
-0.254588
-0.250350
-0.246101
-0.241842
-0.237572
-0.233292
-0.229003
-0.224703
-0.220394
-0.216076
-0.211748
-0.207411
-0.203066
-0.198711
-0.194348
-0.189977
-0.185597
-0.181209
-0.176814
-0.172411
-0.168000
-0.163582
-0.159157
-0.154725
-0.150286
-0.145840
-0.141388
-0.136929
-0.132465
-0.127995
-0.123519
-0.119037
-0.114550
-0.110058
-0.105561
-0.101058
-0.096552
-0.092041
-0.087525
-0.083005
-0.078482
-0.073955
-0.069424
-0.064889
-0.060352
-0.055811
-0.051268
-0.046722
-0.042173
-0.037622
-0.033069
-0.028514
-0.023958
-0.019399
-0.014840
-0.010279
-0.005717
-0.001154
0.003410
0.007974
0.012538
0.017103
0.021667
0.026231
0.030795
0.035358
0.039921
0.044482
0.049043
0.053602
0.058159
0.062715
0.067269
0.071821
0.076371
0.080919
0.085463
0.090006
0.094545
0.099081
0.103614
0.108143
0.112668
0.117190
0.121708
0.126222
0.130731
0.135236
0.139736
0.144231
0.148721
0.153205
0.157685
0.162158
0.166626
0.171088
0.175544
0.179993
0.184436
0.188873
0.193302
0.197725
0.202140
0.206548
0.210948
0.215341
0.219725
0.224102
0.228471
0.232831
0.237182
0.241525
0.245859
0.250183
0.254499
0.258805
0.263101
0.267388
0.271664
0.275931
0.280187
0.284433
0.288668
0.292893
0.297106
0.301309
0.305500
0.309679
0.313848
0.318004
0.322148
0.326280
0.330400
0.334508
0.338603
0.342685
0.346754
0.350811
0.354854
0.358883
0.362899
0.366902
0.370890
0.374864
0.378825
0.382771
0.386702
0.390619
0.394521
0.398408
0.402280
0.406137
0.409978
0.413804
0.417613
0.421408
0.425186
0.428948
0.432693
0.436422
0.440135
0.443831
0.447510
0.451172
0.454816
0.458444
0.462054
0.465646
0.469220
0.472777
0.476315
0.479836
0.483338
0.486821
0.490286
0.493733
0.497160
0.500568
0.503958
0.507328
0.510678
0.514009
0.517321
0.520612
0.523884
0.527136
0.530367
0.533578
0.536769
0.539939
0.543088
0.546217
0.549324
0.552411
0.555476
0.558520
0.561543
0.564544
0.567523
0.570481
0.573417
0.576330
0.579222
0.582091
0.584938
0.587763
0.590565