0.066432
0.062470
0.058507
0.054543
0.050578
0.046612
0.042646
0.038679
0.034711
0.030743
0.026774
0.022805
0.018835
0.014866
0.010896
0.006925
0.002955
-0.001015
-0.004986
-0.008956
-0.012926
-0.016896
-0.020866
-0.024835
-0.028804
-0.032773
-0.036741
-0.040708
-0.044675
-0.048641
-0.052606
-0.056570
-0.060534
-0.064496
-0.068458
-0.072418
-0.076377
-0.080335
-0.084292
-0.088247
-0.092201
-0.096153
-0.100104
-0.104053
-0.108001
-0.111947
-0.115891
-0.119833
-0.123774
-0.127712
-0.131648
-0.135582
-0.139514
-0.143444
-0.147371
-0.151296
-0.155219
-0.159139
-0.163057
-0.166972
-0.170884
-0.174793
-0.178700
-0.182604
-0.186505
-0.190403
-0.194298
-0.198190
-0.202078
-0.205963
-0.209846
-0.213724
-0.217599
-0.221471
-0.225339
-0.229204
-0.233065
-0.236922
-0.240775
-0.244625
-0.248470
-0.252312
-0.256149
-0.259983
-0.263812
-0.267637
-0.271458
-0.275274
-0.279086
-0.282893
-0.286696
-0.290495
-0.294288
-0.298077
-0.301861
-0.305640
-0.309415
-0.313184
-0.316949
-0.320708
-0.324462
-0.328211
-0.331955
-0.335693
-0.339426
-0.343154
-0.346876
-0.350592
-0.354303
-0.358008
-0.361707
-0.365401
-0.369089
-0.372771
-0.376446
-0.380116
-0.383780
-0.387437
-0.391089
-0.394734
-0.398372
-0.402005
-0.405631
-0.409250
-0.412863
-0.416469
-0.420069
-0.423661
-0.427247
-0.430826
-0.434399
-0.437964
-0.441522
-0.445073
-0.448617
-0.452154
-0.455684
-0.459206
-0.462721
-0.466229
-0.469729
-0.473221
-0.476706
-0.480183
-0.483653
-0.487115
-0.490569
-0.494015
-0.497454
-0.500884
-0.504306
-0.507720
-0.511126
-0.514524
-0.517914
-0.521295
-0.524669
-0.528033
-0.531389
-0.534737
-0.538076
-0.541407
-0.544729
-0.548042
-0.551346
-0.554642
-0.557928
-0.561206
-0.564475
-0.567735
-0.570985
-0.574227
-0.577459
-0.580682
-0.583896
-0.587101
-0.590296
-0.593481
-0.596658
-0.599824
-0.602981
-0.606129
-0.609267
-0.612395
-0.615513
-0.618621
-0.621720
-0.624808
-0.627887
-0.630956
-0.634014
-0.637063
-0.640101
-0.643129
-0.646147
-0.649154
-0.652151
-0.655138
-0.658114
-0.661080
-0.664035
-0.666979
-0.669913
-0.672837
-0.675749
-0.678651
-0.681542
-0.684422
-0.687291
-0.690149
-0.692997
-0.695833
-0.698658
-0.701472
-0.704275
-0.707066
-0.709846
-0.712615
-0.715373
-0.718119
-0.720854
-0.723578
-0.726290
-0.728990
-0.731679
-0.734356
-0.737021
-0.739675
-0.742316
-0.744947
-0.747565
-0.750171
-0.752766
-0.755348
-0.757919
-0.760477
-0.763023
-0.765557
-0.768080
-0.770589
-0.773087
-0.775572
-0.778045
-0.780506
-0.782954
-0.785390
-0.787814
-0.790224
-0.792623
-0.795009
-0.797382
-0.799742
-0.802090
-0.804425
-0.806748
-0.809057
-0.811354
-0.813638
-0.815909
-0.818167
-0.820412
-0.822644
-0.824863
-0.827069
-0.829262
-0.831442
-0.833609
-0.835762
-0.837903
-0.840030
-0.842143
-0.844244
-0.846331
-0.848404
-0.850465
-0.852511
-0.854545
-0.856565
-0.858571
-0.860564
-0.862543
-0.864508
-0.866460
-0.868398
-0.870323
-0.872233
-0.874130
-0.876014
-0.877883
-0.879738
-0.881580
-0.883408
-0.885222
-0.887021
-0.888807
-0.890579
-0.892337
-0.894081
-0.895810
-0.897526
-0.899227
-0.900915
-0.902588
-0.904247
-0.905891
-0.907522
-0.909138
-0.910740
-0.912327
-0.913900
-0.915459
-0.917003
-0.918533
-0.920049
-0.921550
-0.923036
-0.924509
-0.925966
-0.927409
-0.928838
-0.930252
-0.931651
-0.933036
-0.934406
-0.935761
-0.937102
-0.938428
-0.939739
-0.941036
-0.942317
-0.943584
-0.944837
-0.946074
-0.947297
-0.948504
-0.949697
-0.950876
-0.952039
-0.953187
-0.954320
-0.955439
-0.956542
-0.957631
-0.958704
-0.959763
-0.960807
-0.961835
-0.962849
-0.963847
-0.964831
-0.965799
-0.966752
-0.967691
-0.968614
-0.969522
-0.970414
-0.971292
-0.972155
-0.973002
-0.973834
-0.974651
-0.975453
-0.976240
-0.977011
-0.977768
-0.978509
-0.979234
-0.979945
-0.980640
-0.981320
-0.981985
-0.982634
-0.983268
-0.983887
-0.984491
-0.985079
-0.985652
-0.986210
-0.986752
-0.987279
-0.987791
-0.988287
-0.988768
-0.989233
-0.989684
-0.990118
-0.990538
-0.990942
-0.991331
-0.991704
-0.992062
-0.992405
-0.992732
-0.993044
-0.993341
-0.993622
-0.993888
-0.994138
-0.994373
-0.994593
-0.994797
-0.994986
-0.995159
-0.995317
-0.995460
-0.995587
-0.995699
-0.995795
-0.995876
-0.995942
-0.995992
-0.996027
-0.996047
-0.996051
-0.996040
-0.996013
-0.995971
-0.995914
-0.995841
-0.995753
-0.995650
-0.995531
-0.995397
-0.995248
-0.995083
-0.994903
-0.994707
-0.994497
-0.994271
-0.994029
-0.993773
-0.993501
-0.993214
-0.992911
-0.992594
-0.992261
-0.991913
-0.991549
-0.991171
-0.990777
-0.990368
-0.989943
-0.989504
-0.989049
-0.988579
-0.988094
-0.987594
-0.987079
-0.986548
-0.986003
-0.985442
-0.984866
-0.984275
-0.983669
-0.983048
-0.982412
-0.981761
-0.981095
-0.980414
-0.979718
-0.979007
-0.978280
-0.977539
-0.976783
-0.976012
-0.975227
-0.974426
-0.973610
-0.972780
-0.971934
-0.971074
-0.970199
-0.969309
-0.968405
-0.967485
-0.966551
-0.965602
-0.964639
-0.963660
-0.962667
-0.961660
-0.960637
-0.959601
-0.958549
-0.957483
-0.956402
-0.955307
-0.954197
-0.953073
-0.951934
-0.950781
-0.949613
-0.948431
-0.947234
-0.946023
-0.944798
-0.943558
-0.942304
-0.941036
-0.939753
-0.938456
-0.937145
-0.935820
-0.934480
-0.933126
-0.931759
-0.930377
-0.928980
-0.927570
-0.926146
-0.924708
-0.923256
-0.921789
-0.920309
-0.918815
-0.917307
-0.915785
-0.914249
-0.912700
-0.911136
-0.909559
-0.907968
-0.906364
-0.904745
-0.903113
-0.901468
-0.899808
-0.898135
-0.896449
-0.894749
-0.893036
-0.891309
-0.889568
-0.887815
-0.886048
-0.884267
-0.882473
-0.880666
-0.878846
-0.877012
-0.875165
-0.873305
-0.871432
-0.869546
-0.867646
-0.865734
-0.863808
-0.861870
-0.859918
-0.857954
-0.855977
-0.853987
-0.851984
-0.849968
-0.847939
-0.845898
-0.843844
-0.841777
-0.839698
-0.837606
-0.835502
-0.833385
-0.831255
-0.829113
-0.826959
-0.824792
-0.822613
-0.820422
-0.818218
-0.816002
-0.813774
-0.811533
-0.809281
-0.807016
-0.804739
-0.802450
-0.800149
-0.797837
-0.795512
-0.793175
-0.790827
-0.788466
-0.786094
-0.783710
-0.781315
-0.778908
-0.776489
-0.774058
-0.771616
-0.769163
-0.766698
-0.764221
-0.761733
-0.759234
-0.756723
-0.754202
-0.751669
-0.749124
-0.746569
-0.744002
-0.741424
-0.738836
-0.736236
-0.733625
-0.731004
-0.728371
-0.725728
-0.723074
-0.720409
-0.717733
-0.715047
-0.712350
-0.709642
-0.706924
-0.704196
-0.701456
-0.698707
-0.695947
-0.693177
-0.690396
-0.687606
-0.684805
-0.681993
-0.679172
-0.676341
-0.673499
-0.670648
-0.667787
-0.664915
-0.662034
-0.659143
-0.656243
-0.653332
-0.650412
-0.647482
-0.644543
-0.641594
-0.638636
-0.635668
-0.632691
-0.629704
-0.626708
-0.623703
-0.620688
-0.617665
-0.614632
-0.611590
-0.608539
-0.605479
-0.602410
-0.599332
-0.596246
-0.593150
-0.590046
-0.586933
-0.583811
-0.580681
-0.577542
-0.574395
-0.571239
-0.568075
-0.564902
-0.561721
-0.558532
-0.555335
-0.552129
-0.548915
-0.545693
-0.542463
-0.539225
-0.535979
-0.532725
-0.529464
-0.526194
-0.522917
-0.519632
-0.516339
-0.513039
-0.509731
-0.506416
-0.503093
-0.499763
-0.496426
-0.493081
-0.489729
-0.486369
-0.483003
-0.479630
-0.476249
-0.472861
-0.469467
-0.466065
-0.462657
-0.459242
-0.455820
-0.452392
-0.448956
-0.445515
-0.442066
-0.438611
-0.435150
-0.431683
-0.428209
-0.424728
-0.421242
-0.417749
-0.414250
-0.410745
-0.407234
-0.403717
-0.400195
-0.396666
-0.393131
-0.389591
-0.386045
-0.382493
-0.378936
-0.375373
-0.371805
-0.368231
-0.364652
-0.361067
-0.357478
-0.353883
-0.350282
-0.346677
-0.343067
-0.339451
-0.335831
-0.332205
-0.328575
-0.324940
-0.321300
-0.317656
-0.314007
-0.310353
-0.306695
-0.303032
-0.299365
-0.295693
-0.292017
-0.288337
-0.284653
-0.280964
-0.277272
-0.273575
-0.269874
-0.266169
-0.262461
-0.258749
-0.255032
-0.251312
-0.247589
-0.243862
-0.240131
-0.236397
-0.232659
-0.228918
-0.225174
-0.221426
-0.217675
-0.213921
-0.210163
-0.206403
-0.202640
-0.198873
-0.195104
-0.191332
-0.187557
-0.183780
-0.179999
-0.176217
-0.172431
-0.168643
-0.164853
-0.161060
-0.157265
-0.153467
-0.149667
-0.145865
-0.142061
-0.138255
-0.134447
-0.130637
-0.126825
-0.123011
-0.119195
-0.115378
-0.111559
-0.107738
-0.103916
-0.100092
-0.096267
-0.092440
-0.088612
-0.084783
-0.080953
-0.077121
-0.073288
-0.069454
-0.065619
-0.061783
-0.057947
-0.054109
-0.050270
-0.046431
-0.042591
-0.038751
-0.034910
-0.031068
-0.027227
-0.023384
-0.019541
-0.015698
-0.011855
-0.008012
-0.004168
-0.000325
0.003519
0.007363
0.011206
0.015049
0.018892
0.022735
0.026578
0.030420
0.034261
0.038103
0.041943
0.045783
0.049623
0.053461
0.057299
0.061136
0.064972
0.068808
0.072642
0.076475
0.080307
0.084138
0.087967
0.091796
0.095623
0.099449
0.103273
0.107096
0.110917
0.114736
0.118554
0.122370
0.126185
0.129997
0.133808
0.137617
0.141424
0.145228
0.149031
0.152831
0.156630
0.160426
0.164219
0.168011
0.171799
0.175586
0.179370
0.183151
0.186929
0.190705
0.194478
0.198248
0.202016
0.205780
0.209542
0.213300
0.217055
0.220808
0.224557
0.228302
0.232045
0.235784
0.239519
0.243251
0.246980
0.250705
0.254426
0.258144
0.261858
0.265568
0.269275
0.272977
0.276675
0.280370
0.284060
0.287746
0.291429
0.295106
0.298780
0.302449
0.306114
0.309774
0.313430
0.317082
0.320728
0.324370
0.328008
0.331640
0.335268
0.338891
0.342509
0.346122
0.349730
0.353333
0.356931
0.360524
0.364111
0.367693
0.371270
0.374842
0.378408
0.381968
0.385523
0.389072
0.392616
0.396154
0.399686
0.403213
0.406733
0.410248
0.413757
0.417259
0.420756
0.424246
0.427731
0.431209
0.434681
0.438146
0.441606
0.445058
0.448505
0.451945
0.455378
0.458804
0.462224
0.465638
0.469044
0.472444
0.475837
0.479222
0.482601
0.485973
0.489338
0.492696
0.496046
0.499390
0.502726
0.506055
0.509376
0.512690
0.515996
0.519296
0.522587
0.525871
0.529147
0.532416
0.535676
0.538929
0.542175
0.545412
0.548641
0.551863
0.555076
0.558281
0.561478
0.564667
0.567848
0.571020
0.574184
0.577340
0.580487
0.583626
0.586757
0.589879
0.592992
0.596097
0.599192
0.602280
0.605358
0.608428
0.611488
0.614540
0.617583
0.620617
0.623642
0.626658
0.629664
0.632661
0.635650
0.638629
0.641598
0.644558
0.647509
0.650451
0.653382
0.656305
0.659218
0.662121
0.665014
0.667898
0.670772
0.673636
0.676491
0.679335
0.682170
0.684994
0.687809
0.690614
0.693408
0.696193
0.698967
0.701731
0.704484
0.707228
0.709961
0.712684
0.715396
0.718098
0.720789
0.723470
0.726140
0.728799
0.731448
0.734087
0.736714
0.739331
0.741936
0.744531
0.747116
0.749689
0.752251
0.754802
0.757342
0.759871
0.762389
0.764896
0.767391
0.769875
0.772348
0.774810
0.777260
0.779699
0.782127
0.784543
0.786947
0.789340
0.791721
0.794091
0.796449
0.798795
0.801130
0.803453
0.805764
0.808063
0.810351
0.812626
0.814890
0.817141
0.819381
0.821608
0.823824
0.826027
0.828219
0.830398
0.832564
0.834719
0.836861
0.838991
0.841109
0.843214
0.845307
0.847388
0.849455
0.851511
0.853554
0.855584
0.857602
0.859607
0.861599
0.863579
0.865546
0.867501
0.869442
0.871371
0.873287
0.875189
0.877079
0.878957
0.880821
0.882672
0.884510
0.886335
0.888147
0.889946
0.891732
0.893504
0.895263
0.897010
0.898742
0.900462
0.902168
0.903861
0.905541
0.907207
0.908860
0.910499
0.912125
0.913738
0.915336
0.916922
0.918493
0.920052
0.921596
0.923127
0.924644
0.926148
0.927638
0.929114
0.930576
0.932024
0.933459
0.934880
0.936287
0.937680
0.939059
0.940424
0.941776
0.943113
0.944436
0.945746
0.947041
0.948322
0.949589
0.950842
0.952081
0.953306
0.954516
0.955713
0.956895
0.958063
0.959217
0.960356
0.961481
0.962592
0.963689
0.964771
0.965839
0.966892
0.967931
0.968956
0.969966
0.970961
0.971943
0.972909
0.973862
0.974799
0.975723
0.976631
0.977525
0.978405
0.979270
0.980120
0.980956
0.981777
0.982583
0.983375
0.984152
0.984914
0.985662
0.986395
0.987113
0.987816
0.988505
0.989178
0.989837
0.990481
0.991111
0.991725
0.992325
0.992910
0.993480
0.994035
0.994575
0.995100
0.995611
0.996106
0.996587
0.997052
0.997503
0.997938
0.998359
0.998765
0.999156
0.999531
0.999892
1.000238
1.000568
1.000884
1.001185
1.001470
1.001741
1.001996
1.002236
1.002462
1.002672
1.002867
1.003047
1.003212
1.003362
1.003497
1.003617
1.003721
1.003810
1.003885
1.003944
1.003988
1.004017
1.004031
1.004029
1.004013
1.003981
1.003934
1.003872
1.003795
1.003703
1.003596
1.003473
1.003335
1.003182
1.003014
1.002831
1.002633
1.002419
1.002190
1.001947
1.001688
1.001413
1.001124
1.000820
1.000500
1.000165
0.999815
0.999450
0.999070
0.998675
0.998264
0.997838
0.997398
0.996942
0.996471
0.995985
0.995483
0.994967
0.994436
0.993889
0.993327
0.992751
0.992159
0.991552
0.990930
0.990293
0.989641
0.988974
0.988291
0.987594
0.986882
0.986155
0.985412
0.984655
0.983883
0.983095
0.982293
0.981476
0.980644
0.979797
0.978935
0.978058
0.977166
0.976259
0.975337
0.974401
0.973449
0.972483
0.971502
0.970506
0.969495
0.968469
0.967429
0.966374
0.965304
0.964219
0.963119
0.962005
0.960876
0.959732
0.958574
0.957401
0.956213
0.955011
0.953794
0.952562
0.951316
0.950056
0.948780
0.947490
0.946186
0.944867
0.943534
0.942186
0.940823
0.939447
0.938055
0.936650
0.935230
0.933796
0.932347
0.930884
0.929406
0.927915
0.926409
0.924889
0.923354
0.921806
0.920243
0.918666
0.917075
0.915470
0.913851
0.912217
0.910570
0.908908
0.907233
0.905543
0.903840
0.902123
0.900391
0.898646
0.896887
0.895114
0.893328
0.891527
0.889713
0.887885
0.886043
0.884188
0.882319
0.880436
0.878540
0.876630
0.874707
0.872770
0.870819
0.868855
0.866878
0.864887
0.862883
0.860866
0.858835
0.856790
0.854733
0.852662
0.850578
0.848481
0.846371
0.844248
0.842111
0.839962
0.837799
0.835623
0.833435
0.831233
0.829019
0.826792
0.824552
0.822299
0.820033
0.817755
0.815463
0.813160
0.810843
0.808514
0.806172
0.803818
0.801452
0.799072
0.796681
0.794277
0.791860
0.789432
0.786991
0.784537
0.782072
0.779594
0.777104
0.774602
0.772088
0.769562
0.767024
0.764474
0.761912
0.759338
0.756752
0.754155
0.751545
0.748924
0.746292
0.743647
0.740991
0.738323
0.735644
0.732954
0.730251
0.727538
0.724813
0.722077
0.719329
0.716570
0.713800
0.711019
0.708227
0.705423
0.702609
0.699783
0.696947
0.694099
0.691241
0.688372
0.685492
0.682602
0.679700
0.676788
0.673866
0.670932
0.667989
0.665035
0.662070
0.659095
0.656110
0.653114
0.650108
0.647092
0.644065
0.641029
0.637982
0.634926
0.631859
0.628783
0.625696
0.622600
0.619494
0.616379
0.613253
0.610118
0.606973
0.603819
0.600655
0.597482
0.594299
0.591107
0.587906
0.584696
0.581476
0.578247
0.575009
0.571762
0.568506
0.565240
0.561966
0.558684
0.555392
0.552091
0.548782
0.545464
0.542138
0.538803
0.535459
0.532107
0.528747
0.525378
0.522001
0.518616
0.515223
0.511821
0.508411
0.504994
0.501568
0.498134
0.494693
0.491243
0.487786
0.484321
0.480849
0.477369
0.473881
0.470386
0.466883
0.463373
0.459856
0.456331
0.452799
0.449260
0.445714
0.442161
0.438601
0.435034
0.431460
0.427879
0.424291
0.420697
0.417096
0.413488
0.409874
0.406253
0.402626
0.398992
0.395352
0.391706
0.388054
0.384395
0.380731
0.377060
0.373383
0.369701
0.366012
0.362318
0.358618
0.354912
0.351201
0.347484
0.343762
0.340034
0.336300
0.332562
0.328818
0.325069
0.321314
0.317555
0.313790
0.310021
0.306246
0.302467
0.298683
0.294894
0.291101
0.287302
0.283500
0.279693
0.275881
0.272065
0.268244
0.264420
0.260591
0.256758
0.252921
0.249080
0.245234
0.241385
0.237533
0.233676
0.229816
0.225952
0.222084
0.218213
0.214338
0.210460
0.206579
0.202694
0.198806
0.194915
0.191021
0.187124
0.183224
0.179321
0.175415
0.171506
0.167595
0.163681
0.159764
0.155845
0.151923
0.147999
0.144072
0.140143
0.136212
0.132279
0.128344
0.124406
0.120467
0.116526
0.112583
0.108638
0.104691
0.100743
0.096793
0.092842
0.088889
0.084934
0.080979
0.077022
0.073064
0.069104
0.065144
0.061183
0.057220
0.053257
0.049293
0.045328
0.041362
0.037396
0.033429
0.029461
0.025494
0.021525
0.017557
0.013588
0.009619
0.005650
0.001680
-0.002289
-0.006258
-0.010227
-0.014196
-0.018165
-0.022133
-0.026102
-0.030069
-0.034036
-0.038003
-0.041969
-0.045934
-0.049899
-0.053862
-0.057825
-0.061787
-0.065748
-0.069708
-0.073666
-0.077624
-0.081580
-0.085535
-0.089489
-0.093441
-0.097391
-0.101340
-0.105287
-0.109233
-0.113177
-0.117119
-0.121059
-0.124997
-0.128934
-0.132868
-0.136800
-0.140729
-0.144657
-0.148582
-0.152505
-0.156425
-0.160343
-0.164258
-0.168171
-0.172080
-0.175987
-0.179892
-0.183793
-0.187691
-0.191587
-0.195479
-0.199368
-0.203254
-0.207136
-0.211016
-0.214891
-0.218764
-0.222633
-0.226498
-0.230360
-0.234218
-0.238072
-0.241922
-0.245768
-0.249611
-0.253449
-0.257284
-0.261114
-0.264940
-0.268762
-0.272579
-0.276392
-0.280201
-0.284005
-0.287804
-0.291599
-0.295389
-0.299175
-0.302955
-0.306731
-0.310502
-0.314268
-0.318028
-0.321784
-0.325535
-0.329280
-0.333020
-0.336754
-0.340483
-0.344207
-0.347925
-0.351638
-0.355345
-0.359046
-0.362741
-0.366431
-0.370114
-0.373792
-0.377464
-0.381130
-0.384789
-0.388442
-0.392089
-0.395730
-0.399365
-0.402993
-0.406614
-0.410229
-0.413838
-0.417439
-0.421035
-0.424623
-0.428204
-0.431779
-0.435347
-0.438907
-0.442461
-0.446007
-0.449547
-0.453079
-0.456604
-0.460121
-0.463631
-0.467134
-0.470629
-0.474117
-0.477597
-0.481069
-0.484534
-0.487991
-0.491440
-0.494881
-0.498314
-0.501739
-0.505157
-0.508566
-0.511967
-0.515359
-0.518744
-0.522120
-0.525488
-0.528847
-0.532198
-0.535540
-0.538874
-0.542199
-0.545515
-0.548823
-0.552122
-0.555412
-0.558693
-0.561965
-0.565229
-0.568483
-0.571728
-0.574964
-0.578190
-0.581408
-0.584616
-0.587814
-0.591004
-0.594184
-0.597354
-0.600515
-0.603666
-0.606807
-0.609939
-0.613061
-0.616173
-0.619276
-0.622368
-0.625451
-0.628523
-0.631586
-0.634638
-0.637681
-0.640713
-0.643734
-0.646746
-0.649747
-0.652738
-0.655718
-0.658688
-0.661647
-0.664596
-0.667534
-0.670462
-0.673379
-0.676285
-0.679180
-0.682065
-0.684938
-0.687801
-0.690652
-0.693493
-0.696323
-0.699141
-0.701948
-0.704744
-0.707529
-0.710303
-0.713065
-0.715816
-0.718555
-0.721284
-0.724000
-0.726705
-0.729398
-0.732080
-0.734750
-0.737409
-0.740056
-0.742690
-0.745314
-0.747925
-0.750524
-0.753111
-0.755687
-0.758250
-0.760801
-0.763341
-0.765868
-0.768383
-0.770885
-0.773376
-0.775854
-0.778320
-0.780773
-0.783214
-0.785642
-0.788059
-0.790462
-0.792853
-0.795231
-0.797597
-0.799950
-0.802291
-0.804618
-0.806933
-0.809235
-0.811525
-0.813801
-0.816065
-0.818315
-0.820553
-0.822777
-0.824989
-0.827187
-0.829372
-0.831545
-0.833704
-0.835849
-0.837982
-0.840101
-0.842207
-0.844300
-0.846379
-0.848445
-0.850497
-0.852536
-0.854562
-0.856574
-0.858572
-0.860557
-0.862528
-0.864486
-0.866430
-0.868360
-0.870277
-0.872179
-0.874068
-0.875944
-0.877805
-0.879653
-0.881486
-0.883306
-0.885112
-0.886903
-0.888681
-0.890445
-0.892195
-0.893930
-0.895652
-0.897359
-0.899052
-0.900732
-0.902396
-0.904047
-0.905684
-0.907306
-0.908914
-0.910507
-0.912086
-0.913651
-0.915202
-0.916738
-0.918260
-0.919767
-0.921260
-0.922738
-0.924202
-0.925651
-0.927085
-0.928506
-0.929911
-0.931302
-0.932678
-0.934040
-0.935387
-0.936719
-0.938037
-0.939340
-0.940628
-0.941901
-0.943160
-0.944403
-0.945632
-0.946846
-0.948046
-0.949230
-0.950400
-0.951554
-0.952694
-0.953819
-0.954929
-0.956024
-0.957104
-0.958169
-0.959219
-0.960254
-0.961274
-0.962279
-0.963269
-0.964243
-0.965203
-0.966148
-0.967077
-0.967992
-0.968891
-0.969775
-0.970645
-0.971498
-0.972337
-0.973161
-0.973969
-0.974762
-0.975540
-0.976303
-0.977050
-0.977783
-0.978500
-0.979202
-0.979888
-0.980559
-0.981215
-0.981856
-0.982482
-0.983092
-0.983686
-0.984266
-0.984830
-0.985379
-0.985913
-0.986431
-0.986934
-0.987421
-0.987893
-0.988350
-0.988792
-0.989218
-0.989629
-0.990024
-0.990404
-0.990769
-0.991118
-0.991452
-0.991770
-0.992073
-0.992361
-0.992634
-0.992890
-0.993132
-0.993358
-0.993569
-0.993764
-0.993944
-0.994109
-0.994258
-0.994392
-0.994511
-0.994614
-0.994701
-0.994774
-0.994830
-0.994872
-0.994898
-0.994909
-0.994904
-0.994884
-0.994849
-0.994798
-0.994732
-0.994651
-0.994554
-0.994442
-0.994314
-0.994171
-0.994013
-0.993840
-0.993651
-0.993447
-0.993227
-0.992993
-0.992743
-0.992477
-0.992197
-0.991901
-0.991590
-0.991263
-0.990922
-0.990565
-0.990193
-0.989805
-0.989403
-0.988985
-0.988552
-0.988104
-0.987640
-0.987162
-0.986668
-0.986159
-0.985635
-0.985096
-0.984542
-0.983972
-0.983388
-0.982788
-0.982174
-0.981544
-0.980899
-0.980240
-0.979565
-0.978875
-0.978170
-0.977451
-0.976716
-0.975966
-0.975202
-0.974422
-0.973628
-0.972819
-0.971994
-0.971155
-0.970301
-0.969433
-0.968549
-0.967651
-0.966738
-0.965810
-0.964867
-0.963910
-0.962938
-0.961951
-0.960950
-0.959934
-0.958903
-0.957857
-0.956797
-0.955723
-0.954634
-0.953530
-0.952412
-0.951279
-0.950132
-0.948970
-0.947794
-0.946604
-0.945399
-0.944180
-0.942946
-0.941698
-0.940436
-0.939159
-0.937868
-0.936563
-0.935244
-0.933910
-0.932562
-0.931200
-0.929824
-0.928434
-0.927030
-0.925612
-0.924179
-0.922733
-0.921272
-0.919798
-0.918310
-0.916808
-0.915292
-0.913762
-0.912218
-0.910660
-0.909089
-0.907504
-0.905905
-0.904292
-0.902666
-0.901026
-0.899372
-0.897705
-0.896024
-0.894330
-0.892622
-0.890901
-0.889166
-0.887418
-0.885656
-0.883881
-0.882093
-0.880291
-0.878476
-0.876648
-0.874807
-0.872952
-0.871085
-0.869204
-0.867310
-0.865403
-0.863483
-0.861549
-0.859603
-0.857644
-0.855672
-0.853688
-0.851690
-0.849679
-0.847656
-0.845620
-0.843571
-0.841510
-0.839436
-0.837349
-0.835250
-0.833138
-0.831013
-0.828877
-0.826727
-0.824566
-0.822391
-0.820205
-0.818006
-0.815795
-0.813572
-0.811336
-0.809089
-0.806829
-0.804557
-0.802273
-0.799977
-0.797669
-0.795349
-0.793017
-0.790674
-0.788318
-0.785951
-0.783572
-0.781181
-0.778778
-0.776364
-0.773938
-0.771501
-0.769052
-0.766591
-0.764120
-0.761636
-0.759142
-0.756635
-0.754118
-0.751590
-0.749050
-0.746499
-0.743936
-0.741363
-0.738779
-0.736183
-0.733577
-0.730960
-0.728332
-0.725692
-0.723043
-0.720382
-0.717710
-0.715028
-0.712336
-0.709632
-0.706918
-0.704194
-0.701459
-0.698713
-0.695957
-0.693191
-0.690415
-0.687628
-0.684831
-0.682024
-0.679206
-0.676379
-0.673541
-0.670694
-0.667836
-0.664969
-0.662091
-0.659204
-0.656307
-0.653401
-0.650484
-0.647558
-0.644622
-0.641677
-0.638722
-0.635758
-0.632784
-0.629801
-0.626809
-0.623807
-0.620796
-0.617776
-0.614747
-0.611708
-0.608661
-0.605604
-0.602538
-0.599464
-0.596381
-0.593288
-0.590187
-0.587078
-0.583959
-0.580832
-0.577697
-0.574552
-0.571400
-0.568238
-0.565069
-0.561891
-0.558705
-0.555510
-0.552307
-0.549096
-0.545877
-0.542650
-0.539415
-0.536172
-0.532921
-0.529662
-0.526395
-0.523121
-0.519839
-0.516549
-0.513251
-0.509946
-0.506633
-0.503313
-0.499986
-0.496651
-0.493308
-0.489959
-0.486602
-0.483238
-0.479867
-0.476489
-0.473104
-0.469711
-0.466312
-0.462906
-0.459494
-0.456074
-0.452648
-0.449215
-0.445775
-0.442329
-0.438876
-0.435417
-0.431951
-0.428479
-0.425001
-0.421517
-0.418026
-0.414529
-0.411026
-0.407517
-0.404002
-0.400481
-0.396954
-0.393421
-0.389883
-0.386339
-0.382789
-0.379233
-0.375672
-0.372105
-0.368533
-0.364955
-0.361373
-0.357784
-0.354191
-0.350592
-0.346988
-0.343379
-0.339765
-0.336146
-0.332522
-0.328893
-0.325259
-0.321621
-0.317978
-0.314330
-0.310677
-0.307020
-0.303358
-0.299692
-0.296022
-0.292347
-0.288668
-0.284985
-0.281297
-0.277605
-0.273910
-0.270210
-0.266506
-0.262798
-0.259087
-0.255371
-0.251652
-0.247929
-0.244203
-0.240473
-0.236739
-0.233002
-0.229262
-0.225518
-0.221771
-0.218020
-0.214267
-0.210510
-0.206750
-0.202987
-0.199221
-0.195452
-0.191681
-0.187906
-0.184129
-0.180349
-0.176566
-0.172781
-0.168993
-0.165203
-0.161410
-0.157615
-0.153818
-0.150018
-0.146216
-0.142412
-0.138606
-0.134798
-0.130988
-0.127175
-0.123361
-0.119546
-0.115728
-0.111909
-0.108088
-0.104265
-0.100441
-0.096616
-0.092789
-0.088960
-0.085131
-0.081300
-0.077467
-0.073634
-0.069800
-0.065964
-0.062128
-0.058290
-0.054452
-0.050613
-0.046773
-0.042933
-0.039092
-0.035250
-0.031408
-0.027565
-0.023722
-0.019878
-0.016034
-0.012190
-0.008345
-0.004501
-0.000656
0.003188
0.007033
0.010877
0.014722
0.018566
0.022410
0.026254
0.030097
0.033940
0.037782
0.041624
0.045466
0.049306
0.053146
0.056986
0.060824
0.064662
0.068498
0.072334
0.076169
0.080002
0.083835
0.087666
0.091496
0.095325
0.099152
0.102978
0.106803
0.110626
0.114447
0.118267
0.122085
0.125901
0.129716
0.133528
0.137339
0.141148
0.144954
0.148759
0.152562
0.156362
0.160160
0.163956
0.167749
0.171540
0.175329
0.179115
0.182898
0.186679
0.190457
0.194233
0.198005
0.201775
0.205542
0.209306
0.213067
0.216825
0.220579
0.224331
0.228079
0.231824
0.235566
0.239304
0.243039
0.246770
0.250498
0.254222
0.257943
0.261660
0.265373
0.269082
0.272787
0.276489
0.280186
0.283879
0.287569
0.291254
0.294935
0.298611
0.302284
0.305952
0.309615
0.313274
0.316929
0.320579
0.324224
0.327865
0.331501
0.335132
0.338758
0.342380
0.345996
0.349608
0.353214
0.356816
0.360412
0.364003
0.367588
0.371169
0.374744
0.378313
0.381878
0.385436
0.388989
0.392537
0.396078
0.399614
0.403145
0.406669
0.410188
0.413700
0.417207
0.420708
0.424202
0.427690
0.431173
0.434649
0.438118
0.441581
0.445038
0.448489
0.451933
0.455370
0.458801
0.462225
0.465643
0.469054
0.472458
0.475855
0.479245
0.482628
0.486005
0.489374
0.492736
0.496091
0.499439
0.502780
0.506113
0.509439
0.512757
0.516069
0.519372
0.522668
0.525957
0.529238
0.532511
0.535777
0.539035
0.542285
0.545527
0.548761
0.551987
0.555205
0.558415
0.561617
0.564811
0.567997
0.571175
0.574344
0.577505
0.580657
0.583801
0.586936
0.590063
0.593182
0.596292
0.599393
0.602485
0.605569
0.608644
0.611710
0.614767
0.617815
0.620855
0.623885
0.626906
0.629918
0.632921
0.635914
0.638899
0.641874
0.644840
0.647796
0.650743
0.653681
0.656609
0.659527
0.662436
0.665335
0.668225
0.671104
0.673974
0.676834
0.679685
0.682525
0.685356
0.688176
0.690987
0.693787
0.696577
0.699357
0.702127
0.704887
0.707636
0.710376
0.713104
0.715823
0.718530
0.721228
0.723915
0.726591
0.729257
0.731912
0.734556
0.737190
0.739813
0.742425
0.745026
0.747617
0.750196
0.752765
0.755322
0.757868
0.760404
0.762928
0.765441
0.767943
0.770434
0.772913
0.775381
0.777838
0.780284
0.782718
0.785140
0.787551
0.789951
0.792339
0.794715
0.797080
0.799433
0.801774
0.804104
0.806422
0.808728
0.811022
0.813304
0.815574
0.817833
0.820079
0.822314
0.824536
0.826746
0.828944
0.831130
0.833304
0.835466
0.837615
0.839752
0.841876
0.843989
0.846089
0.848176
0.850251
0.852314
0.854364
0.856401
0.858426
0.860438
0.862438
0.864425
0.866399
0.868360
0.870309
0.872245
0.874168
0.876078
0.877976
0.879860
0.881731
0.883590
0.885435
0.887268
0.889087
0.890893
0.892686
0.894466
0.896233
0.897987
0.899727
0.901454
0.903168
0.904868
0.906555
0.908229
0.909889
0.911536
0.913169
0.914789
0.916396
0.917989
0.919568
0.921134
0.922686
0.924225
0.925749
0.927261
0.928758
0.930242
0.931712
0.933168
0.934610
0.936039
0.937454
0.938854
0.940241
0.941614
0.942973
0.944319
0.945650
0.946967
0.948270
0.949559
0.950834
0.952095
0.953341
0.954574
0.955792
0.956997
0.958187
0.959363
0.960524
0.961672
0.962805
0.963923
0.965028
0.966118
0.967194
0.968255
0.969302
0.970335
0.971353
0.972357
0.973346
0.974321
0.975281
0.976227
0.977158
0.978075
0.978977
0.979865
0.980738
0.981596
0.982440
0.983269
0.984083
0.984883
0.985668
0.986439
0.987195
0.987936
0.988662
0.989373
0.990070
0.990752
0.991419
0.992071
0.992709
0.993332
0.993940
0.994533
0.995111
0.995674
0.996222
0.996756
0.997275
0.997778
0.998267
0.998741
0.999200
0.999644
1.000073
1.000487
1.000886
1.001269
1.001638
1.001992
1.002331
1.002655
1.002964
1.003258
1.003537
1.003801
1.004049
1.004283
1.004502
1.004705
1.004893
1.005067
1.005225
1.005368
1.005496
1.005609
1.005707
1.005789
1.005857
1.005909
1.005946
1.005968
1.005975
1.005967
1.005944
1.005905
1.005852
1.005783
1.005699
1.005600
1.005486
1.005356
1.005212
1.005052
1.004877
1.004687
1.004482
1.004262
1.004026
1.003775
1.003509
1.003228
1.002932
1.002621
1.002295
1.001953
1.001596
1.001224
1.000837
1.000435
1.000018
0.999585
0.999138
0.998675
0.998197
0.997704
0.997196
0.996673
0.996135
0.995581
0.995013
0.994429
0.993831
0.993217
0.992588
0.991944
0.991286
0.990612
0.989923
0.989219
0.988500
0.987766
0.987017
0.986252
0.985473
0.984679
0.983870
0.983046
0.982208
0.981354
0.980485
0.979601
0.978703
0.977789
0.976861
0.975917
0.974959
0.973986
0.972998
0.971996
0.970978
0.969946
0.968899
0.967837
0.966760
0.965669
0.964562
0.963442
0.962306
0.961156
0.959991
0.958811
0.957617
0.956408
0.955184
0.953946
0.952693
0.951426
0.950144
0.948848
0.947537
0.946211
0.944871
0.943517
0.942148
0.940765
0.939367
0.937955
0.936529
0.935088
0.933633
0.932163
0.930679
0.929181
0.927669
0.926142
0.924602
0.923047
0.921478
0.919894
0.918297
0.916685
0.915060
0.913420
0.911766
0.910098
0.908417
0.906721
0.905011
0.903288
0.901550
0.899799
0.898034
0.896254
0.894462
0.892655
0.890835
0.889000
0.887153
0.885291
0.883416
0.881527
0.879625
0.877709
0.875779
0.873836
0.871880
0.869910
0.867926
0.865929
0.863919
0.861896
0.859859
0.857809
0.855745
0.853669
0.851579
0.849476
0.847360
0.845230
0.843088
0.840933
0.838764
0.836583
0.834389
0.832181
0.829961
0.827728
0.825482
0.823224
0.820952
0.818668
0.816371
0.814062
0.811740
0.809405
0.807058
0.804698
0.802326
0.799941
0.797544
0.795134
0.792712
0.790278
0.787832
0.785373
0.782902
0.780419
0.777923
0.775416
0.772897
0.770365
0.767822
0.765266
0.762699
0.760120
0.757529
0.754926
0.752312
0.749685
0.747047
0.744398
0.741737
0.739064
0.736380
0.733684
0.730977
0.728258
0.725528
0.722787
0.720034
0.717271
0.714496
0.711709
0.708912
0.706104
0.703285
0.700454
0.697613
0.694761
0.691898
0.689024
0.686139
0.683244
0.680338
0.677421
0.674494
0.671556
0.668608
0.665649
0.662680
0.659700
0.656710
0.653710
0.650700
0.647679
0.644649
0.641608
0.638557
0.635496
0.632425
0.629344
0.626254
0.623153
0.620043
0.616923
0.613793
0.610654
0.607505
0.604347
0.601179
0.598002
0.594815
0.591619
0.588414
0.585199
0.581976
0.578743
0.575501
0.572250
0.568990
0.565721
0.562443
0.559156
0.555861
0.552557
0.549244
0.545923
0.542592
0.539254
0.535907
0.532551
0.529187
0.525815
0.522435
0.519046
0.515649
0.512244
0.508831
0.505410
0.501981
0.498544
0.495099
0.491647
0.488186
0.484718
0.481243
0.477759
0.474269
0.470770
0.467265
0.463752
0.460231
0.456704
0.453169
0.449627
0.446078
0.442522
0.438959
0.435389
0.431812
0.428229
0.424638
0.421041
0.417438
0.413827
0.410210
0.406587
0.402957
0.399321
0.395679
0.392030
0.388376
0.384715
0.381048
0.377375
0.373696
0.370011
0.366320
0.362624
0.358922
0.355214
0.351500
0.347781
0.344057
0.340327
0.336592
0.332851
0.329105
0.325354
0.321598
0.317837
0.314070
0.310299
0.306523
0.302742
0.298956
0.295166
0.291370
0.287571
0.283766
0.279958
0.276145
0.272327
0.268505
0.264679
0.260849
0.257015
0.253176
0.249334
0.245487
0.241637
0.237783
0.233925
0.230064
0.226199
0.222330
0.218458
0.214583
0.210704
0.206821
0.202936
0.199047
0.195155
0.191260
0.187362
0.183461
0.179558
0.175651
0.171742
0.167830
0.163915
0.159998
0.156078
0.152156
0.148231
0.144304
0.140375
0.136444
0.132510
0.128575
0.124637
0.120698
0.116756
0.112813
0.108868
0.104921
0.100973
0.097023
0.093072
0.089119
0.085165
0.081209
0.077252
0.073294
0.069335
0.065375
0.061414
0.057452
0.053489
0.049525
0.045561
0.041596
0.037630
0.033664
0.029697
0.025730
0.021762
0.017794
0.013826
0.009857
0.005889
0.001921
-0.002048
-0.006016
-0.009984
-0.013952
-0.017920
-0.021888
-0.025855
-0.029821
-0.033787
-0.037753
-0.041717
-0.045681
-0.049645
-0.053607
-0.057569
-0.061529
-0.065489
-0.069447
-0.073404
-0.077360
-0.081315
-0.085268
-0.089220
-0.093171
-0.097120
-0.101067
-0.105012
-0.108956
-0.112898
-0.116839
-0.120777
-0.124713
-0.128648
-0.132580
-0.136510
-0.140437
-0.144363
-0.148286
-0.152206
-0.156125
-0.160040
-0.163953
-0.167863
-0.171771
-0.175676
-0.179577
-0.183476
-0.187372
-0.191265
-0.195155
-0.199041
-0.202925
-0.206805
-0.210681
-0.214554
-0.218424
-0.222290
-0.226153
-0.230012
-0.233867
-0.237718
-0.241565
-0.245409
-0.249248
-0.253084
-0.256915
-0.260742
-0.264565
-0.268384
-0.272198
-0.276008
-0.279813
-0.283614
-0.287410
-0.291202
-0.294989
-0.298771
-0.302548
-0.306320
-0.310087
-0.313850
-0.317607
-0.321359
-0.325106
-0.328847
-0.332584
-0.336314
-0.340040
-0.343760
-0.347474
-0.351183
-0.354886
-0.358583
-0.362275
-0.365960
-0.369640
-0.373314
-0.376981
-0.380643
-0.384298
-0.387947
-0.391590
-0.395227
-0.398857
-0.402481
-0.406098
-0.409709
-0.413313
-0.416910
-0.420501
-0.424084
-0.427661
-0.431231
-0.434795
-0.438351
-0.441900
-0.445442
-0.448976
-0.452504
-0.456024
-0.459536
-0.463042
-0.466540
-0.470030
-0.473513
-0.476988
-0.480455
-0.483915
-0.487367
-0.490811
-0.494247
-0.497675
-0.501095
-0.504507
-0.507911
-0.511307
-0.514694
-0.518073
-0.521444
-0.524807
-0.528161
-0.531506
-0.534843
-0.538171
-0.541491
-0.544802
-0.548104
-0.551397
-0.554682
-0.557957
-0.561224
-0.564481
-0.567730
-0.570969
-0.574199
-0.577420
-0.580632
-0.583834
-0.587027
-0.590210
-0.593384
-0.596549
-0.599704
-0.602849
-0.605984
-0.609110
-0.612226
-0.615332
-0.618428
-0.621515
-0.624591
-0.627657
-0.630714
-0.633760
-0.636796
-0.639822
-0.642837
-0.645842
-0.648837
-0.651821
-0.654795
-0.657759
-0.660712
-0.663654
-0.666586
-0.669507
-0.672417
-0.675316
-0.678205
-0.681083
-0.683950
-0.686806
-0.689651
-0.692484
-0.695307
-0.698119
-0.700919
-0.703709
-0.706487
-0.709253
-0.712009
-0.714753
-0.717485
-0.720206
-0.722916
-0.725614
-0.728300
-0.730975
-0.733638
-0.736290
-0.738929
-0.741557
-0.744173
-0.746777
-0.749369
-0.751949
-0.754517
-0.757073
-0.759617
-0.762149
-0.764669
-0.767177
-0.769672
-0.772155
-0.774626
-0.777084
-0.779530
-0.781963
-0.784385
-0.786793
-0.789189
-0.791573
-0.793943
-0.796302
-0.798647
-0.800980
-0.803300
-0.805607
-0.807902
-0.810183
-0.812452
-0.814708
-0.816951
-0.819180
-0.821397
-0.823601
-0.825791
-0.827969
-0.830133
-0.832284
-0.834422
-0.836547
-0.838658
-0.840756
-0.842841
-0.844912
-0.846970
-0.849015
-0.851046
-0.853063
-0.855067
-0.857058
-0.859034
-0.860998
-0.862947
-0.864883
-0.866805
-0.868713
-0.870608
-0.872489
-0.874356
-0.876209
-0.878048
-0.879874
-0.881685
-0.883483
-0.885266
-0.887036
-0.888791
-0.890533
-0.892260
-0.893973
-0.895672
-0.897357
-0.899028
-0.900685
-0.902327
-0.903955
-0.905569
-0.907168
-0.908753
-0.910324
-0.911880
-0.913423
-0.914950
-0.916463
-0.917962
-0.919446
-0.920916
-0.922371
-0.923812
-0.925238
-0.926650
-0.928047
-0.929429
-0.930797
-0.932150
-0.933488
-0.934812
-0.936121
-0.937415
-0.938694
-0.939959
-0.941209
-0.942444
-0.943664
-0.944870
-0.946061
-0.947236
-0.948397
-0.949543
-0.950674
-0.951790
-0.952891
-0.953978
-0.955049
-0.956105
-0.957146
-0.958173
-0.959184
-0.960180
-0.961161
-0.962127
-0.963078
-0.964014
-0.964935
-0.965840
-0.966731
-0.967606
-0.968467
-0.969312
-0.970142
-0.970956
-0.971756
-0.972540
-0.973309
-0.974063
-0.974802
-0.975525
-0.976233
-0.976926
-0.977604
-0.978266
-0.978914
-0.979545
-0.980162
-0.980763
-0.981349
-0.981920
-0.982475
-0.983015
-0.983540
-0.984049
-0.984543
-0.985022
-0.985485
-0.985933
-0.986366
-0.986783
-0.987185
-0.987571
-0.987942
-0.988298
-0.988638
-0.988963
-0.989273
-0.989567
-0.989846
-0.990109
-0.990357
-0.990590
-0.990807
-0.991009
-0.991196
-0.991367
-0.991523
-0.991663
-0.991788
-0.991897
-0.991992
-0.992070
-0.992134
-0.992182
-0.992214
-0.992232
-0.992234
-0.992220
-0.992191
-0.992147
-0.992087
-0.992013
-0.991922
-0.991817
-0.991696
-0.991559
-0.991408
-0.991241
-0.991058
-0.990861
-0.990648
-0.990419
-0.990176
-0.989917
-0.989643
-0.989354
-0.989049
-0.988729
-0.988394
-0.988043
-0.987678
-0.987297
-0.986901
-0.986489
-0.986063
-0.985621
-0.985164
-0.984692
-0.984205
-0.983702
-0.983185
-0.982652
-0.982104
-0.981541
-0.980963
-0.980370
-0.979762
-0.979138
-0.978500
-0.977847
-0.977178
-0.976495
-0.975797
-0.975083
-0.974355
-0.973612
-0.972853
-0.972080
-0.971292
-0.970489
-0.969671
-0.968839
-0.967991
-0.967129
-0.966251
-0.965359
-0.964452
-0.963531
-0.962594
-0.961643
-0.960678
-0.959697
-0.958702
-0.957692
-0.956667
-0.955628
-0.954574
-0.953506
-0.952423
-0.951326
-0.950214
-0.949087
-0.947946
-0.946791
-0.945621
-0.944436
-0.943238
-0.942024
-0.940797
-0.939555
-0.938299
-0.937028
-0.935743
-0.934444
-0.933131
-0.931803
-0.930462
-0.929106
-0.927736
-0.926351
-0.924953
-0.923541
-0.922114
-0.920674
-0.919220
-0.917751
-0.916269
-0.914772
-0.913262
-0.911738
-0.910200
-0.908648
-0.907083
-0.905504
-0.903910
-0.902304
-0.900683
-0.899049
-0.897401
-0.895740
-0.894065
-0.892376
-0.890674
-0.888959
-0.887229
-0.885487
-0.883731
-0.881962
-0.880179
-0.878383
-0.876574
-0.874751
-0.872915
-0.871066
-0.869204
-0.867329
-0.865440
-0.863539
-0.861624
-0.859697
-0.857756
-0.855803
-0.853836
-0.851857
-0.849864
-0.847859
-0.845841
-0.843811
-0.841767
-0.839711
-0.837642
-0.835561
-0.833467
-0.831360
-0.829241
-0.827110
-0.824966
-0.822809
-0.820640
-0.818459
-0.816265
-0.814060
-0.811841
-0.809611
-0.807368
-0.805114
-0.802847
-0.800568
-0.798277
-0.795974
-0.793659
-0.791332
-0.788994
-0.786643
-0.784281
-0.781906
-0.779520
-0.777123
-0.774713
-0.772292
-0.769860
-0.767416
-0.764960
-0.762493
-0.760014
-0.757524
-0.755023
-0.752510
-0.749986
-0.747451
-0.744905
-0.742347
-0.739779
-0.737199
-0.734608
-0.732006
-0.729393
-0.726770
-0.724135
-0.721490
-0.718834
-0.716167
-0.713489
-0.710800
-0.708101
-0.705392
-0.702672
-0.699941
-0.697200
-0.694448
-0.691686
-0.688914
-0.686131
-0.683339
-0.680536
-0.677722
-0.674899
-0.672066
-0.669222
-0.666369
-0.663505
-0.660632
-0.657749
-0.654856
-0.651953
-0.649041
-0.646118
-0.643187
-0.640245
-0.637294
-0.634334
-0.631364
-0.628385
-0.625396
-0.622398
-0.619391
-0.616374
-0.613349
-0.610314
-0.607270
-0.604217
-0.601155
-0.598084
-0.595004
-0.591915
-0.588818
-0.585712
-0.582597
-0.579473
-0.576341
-0.573200
-0.570051
-0.566893
-0.563726
-0.560552
-0.557369
-0.554178
-0.550978
-0.547770
-0.544554
-0.541330
-0.538098
-0.534858
-0.531611
-0.528355
-0.525091
-0.521819
-0.518540
-0.515253
-0.511959
-0.508656
-0.505347
-0.502029
-0.498705
-0.495372
-0.492033
-0.488686
-0.485332
-0.481971
-0.478602
-0.475227
-0.471844
-0.468455
-0.465058
-0.461655
-0.458245
-0.454827
-0.451404
-0.447973
-0.444536
-0.441092
-0.437642
-0.434185
-0.430722
-0.427252
-0.423776
-0.420294
-0.416805
-0.413311
-0.409810
-0.406303
-0.402790
-0.399271
-0.395747
-0.392216
-0.388679
-0.385137
-0.381589
-0.378036
-0.374476
-0.370912
-0.367341
-0.363765
-0.360184
-0.356598
-0.353006
-0.349409
-0.345807
-0.342200
-0.338587
-0.334970
-0.331347
-0.327720
-0.324088
-0.320451
-0.316809
-0.313163
-0.309512
-0.305856
-0.302196
-0.298531
-0.294862
-0.291189
-0.287511
-0.283829
-0.280142
-0.276452
-0.272757
-0.269059
-0.265356
-0.261649
-0.257939
-0.254225
-0.250507
-0.246785
-0.243059
-0.239330
-0.235598
-0.231861
-0.228122
-0.224379
-0.220632
-0.216883
-0.213130
-0.209374
-0.205615
-0.201852
-0.198087
-0.194319
-0.190548
-0.186774
-0.182997
-0.179218
-0.175436
-0.171651
-0.167863
-0.164073
-0.160281
-0.156486
-0.152689
-0.148890
-0.145088
-0.141284
-0.137479
-0.133670
-0.129860
-0.126048
-0.122235
-0.118419
-0.114601
-0.110782
-0.106961
-0.103139
-0.099314
-0.095489
-0.091662
-0.087833
-0.084003
-0.080172
-0.076340
-0.072506
-0.068671
-0.064836
-0.060999
-0.057161
-0.053322
-0.049483
-0.045643
-0.041802
-0.037960
-0.034118
-0.030275
-0.026431
-0.022588
-0.018743
-0.014899
-0.011054
-0.007209
-0.003364
0.000482
0.004327
0.008173
0.012018
0.015863
0.019709
0.023554
0.027398
0.031243
0.035086
0.038930
0.042773
0.046615
0.050457
0.054298
0.058139
0.061979
0.065817
0.069655
0.073492
0.077328
0.081163
0.084997
0.088830
0.092662
0.096492
0.100321
0.104148
0.107974
0.111799
0.115622
0.119443
0.123263
0.127081
0.130897
0.134711
0.138524
0.142335
0.146143
0.149950
0.153754
0.157556
0.161356
0.165154
0.168950
0.172743
0.176533
0.180321
0.184107
0.187890
0.191670
0.195448
0.199223
0.202995
0.206764
0.210530
0.214293
0.218054
0.221811
0.225565
0.229315
0.233063
0.236807
0.240548
0.244285
0.248019
0.251749
0.255476
0.259199
0.262919
0.266635
0.270347
0.274055
0.277759
0.281459
0.285155
0.288847
0.292535
0.296219
0.299899
0.303574
0.307245
0.310912
0.314574
0.318231
0.321884
0.325533
0.329177
0.332816
0.336450
0.340080
0.343705
0.347324
0.350939
0.354549
0.358154
0.361753
0.365348
0.368937
0.372521
0.376099
0.379672
0.383240
0.386802
0.390359
0.393910
0.397455
0.400995
0.404529
0.408057
0.411579
0.415096
0.418606
0.422111
0.425609
0.429101
0.432587
0.436067
0.439541
0.443008
0.446469
0.449924
0.453372
0.456813
0.460248
0.463676
0.467098
0.470513
0.473921
0.477323
0.480717
0.484105
0.487485
0.490859
0.494225
0.497585
0.500937
0.504282
0.507620
0.510950
0.514273
0.517589
0.520897
0.524198
0.527491
0.530777
0.534055
0.537325
0.540587
0.543842
0.547089
0.550328
0.553559
0.556782
0.559997
0.563204
0.566402
0.569593
0.572775
0.575950
0.579115
0.582273
0.585422
0.588562
0.591694
0.594818
0.597933
0.601039
0.604137
0.607226
0.610306
0.613377
0.616439
0.619493
0.622537
0.625573
0.628599
0.631617
0.634625
0.637624
0.640614
0.643594
0.646566
0.649528
0.652480
0.655423
0.658357
0.661281
0.664195
0.667100
0.669995
0.672880
0.675756
0.678622
0.681478
0.684324
0.687160
0.689986
0.692803
0.695609
0.698405
0.701191
0.703967
0.706732
0.709488
0.712233
0.714968
0.717692
0.720406
0.723109
0.725802
0.728484
0.731156
0.733817
0.736468
0.739108
0.741737
0.744355
0.746963
0.749559
0.752145
0.754720
0.757283
0.759836
0.762378
0.764908
0.767428
0.769936
0.772433
0.774919
0.777394
0.779857
0.782309
0.784749
0.787178
0.789596
0.792002
0.794396
0.796779
0.799151
0.801510
0.803858
0.806195
0.808519
0.810832
0.813133
0.815422
0.817699
0.819964
0.822217
0.824458
0.826687
0.828904
0.831109
0.833302
0.835483
0.837651
0.839807
0.841951
0.844083
0.846202
0.848309
0.850403
0.852485
0.854555
0.856612
0.858656
0.860688
0.862707
0.864714
0.866708
0.868689
0.870658
0.872614
0.874557
0.876487
0.878404
0.880309
0.882201
0.884079
0.885945
0.887798
0.889637
0.891464
0.893277
0.895078
0.896865
0.898639
0.900400
0.902148
0.903882
0.905603
0.907311
0.909006
0.910687
0.912354
0.914009
0.915650
0.917277
0.918891
0.920491
0.922078
0.923652
0.925211
0.926757
0.928290
0.929808
0.931314
0.932805
0.934282
0.935746
0.937196
0.938633
0.940055
0.941463
0.942858
0.944239
0.945605
0.946958
0.948297
0.949622
0.950933
0.952230
0.953512
0.954781
0.956035
0.957276
0.958502
0.959714
0.960912
0.962096
0.963265
0.964420
0.965561
0.966688
0.967800
0.968898
0.969982
0.971051
0.972106
0.973147
0.974173
0.975185
0.976182
0.977164
0.978133
0.979087
0.980026
0.980950
0.981861
0.982756
0.983637
0.984504
0.985355
0.986193
0.987015
0.987823
0.988616
0.989394
0.990158
0.990907
0.991642
0.992361
0.993066
0.993756
0.994431
0.995092
0.995737
0.996368
0.996984
0.997585
0.998172
0.998743
0.999300
0.999841
1.000368
1.000880
1.001377
1.001859
1.002326
1.002778
1.003215
1.003637
1.004044
1.004436
1.004814
1.005176
1.005523
1.005855
1.006172
1.006474
1.006761
1.007033
1.007290
1.007532
1.007759
1.007970
1.008167
1.008348
1.008515
1.008666
1.008802
1.008923
1.009029
1.009120
1.009196
1.009257
1.009302
1.009332
1.009348
1.009348
1.009333
1.009302
1.009257
1.009196
1.009121
1.009030
1.008924
1.008803
1.008666
1.008515
1.008348
1.008166
1.007970
1.007757
1.007530
1.007288
1.007030
1.006757
1.006469
1.006166
1.005848
1.005515
1.005166
1.004802
1.004424
1.004030
1.003621
1.003196
1.002757
1.002302
1.001833
1.001348
1.000848
1.000333
0.999803
0.999258
0.998698
0.998122
0.997532
0.996926
0.996306
0.995670
0.995019
0.994354
0.993673
0.992977
0.992266
0.991540
0.990799
0.990043
0.989273
0.988487
0.987686
0.986870
0.986039
0.985193
0.984333
0.983457
0.982567
0.981661
0.980741
0.979805
0.978855
0.977890
0.976911
0.975916
0.974906
0.973882
0.972843
0.971789
0.970721
0.969637
0.968539
0.967426
0.966298
0.965156
0.963999
0.962827
0.961641
0.960440
0.959224
0.957994
0.956749
0.955490
0.954216
0.952927
0.951624
0.950307
0.948975
0.947628
0.946267
0.944892
0.943502
0.942097
0.940679
0.939246
0.937798
0.936337
0.934861
0.933370
0.931866
0.930347
0.928814
0.927267
0.925705
0.924129
0.922540
0.920936
0.919318
0.917686
0.916040
0.914379
0.912705
0.911017
0.909315
0.907599
0.905869
0.904125
0.902367
0.900596
0.898811
0.897011
0.895198
0.893372
0.891531
0.889677
0.887809
0.885928
0.884033
0.882124
0.880202
0.878267
0.876317
0.874355
0.872379
0.870389
0.868386
0.866370
0.864340
0.862297
0.860241
0.858172
0.856089
0.853993
0.851884
0.849762
0.847627
0.845479
0.843317
0.841143
0.838956
0.836756
0.834542
0.832316
0.830078
0.827826
0.825561
0.823284
0.820994
0.818692
0.816377
0.814049
0.811708
0.809355
0.806990
0.804612
0.802222
0.799819
0.797404
0.794976
0.792536
0.790084
0.787620
0.785143
0.782655
0.780154
0.777641
0.775116
0.772580
0.770031
0.767470
0.764897
0.762313
0.759716
0.757108
0.754488
0.751857
0.749214
0.746559
0.743893
0.741215
0.738525
0.735824
0.733112
0.730388
0.727653
0.724907
0.722149
0.719380
0.716600
0.713809
0.711007
0.708194
0.705369
0.702534
0.699688
0.696831
0.693963
0.691084
0.688195
0.685295
0.682384
0.679463
0.676531
0.673588
0.670635
0.667672
0.664698
0.661714
0.658719
0.655714
0.652699
0.649674
0.646639
0.643594
0.640538
0.637473
0.634398
0.631313
0.628218
0.625113
0.621998
0.618874
0.615740
0.612597
0.609444
0.606281
0.603109
0.599928
0.596737
0.593537
0.590327
0.587109
0.583881
0.580644
0.577398
0.574143
0.570879
0.567607
0.564325
0.561034
0.557735
0.554427
0.551111
0.547785
0.544451
0.541109
0.537758
0.534399
0.531032
0.527656
0.524272
0.520880
0.517479
0.514071
0.510654
0.507230
0.503797
0.500357
0.496909
0.493453
0.489989
0.486518
0.483039
0.479552
0.476058
0.472557
0.469048
0.465532
0.462009
0.458478
0.454940
0.451395
0.447843
0.444284
0.440718
0.437146
0.433566
0.429979
0.426386
0.422786
0.419180
0.415567
0.411947
0.408322
0.404689
0.401051
0.397406
0.393754
0.390097
0.386434
0.382764
0.379089
0.375407
0.371720
0.368027
0.364328
0.360624
0.356914
0.353198
0.349477
0.345750
0.342018
0.338281
0.334538
0.330790
0.327037
0.323279
0.319515
0.315747
0.311974
0.308196
0.304413
0.300626
0.296833
0.293036
0.289235
0.285429
0.281618
0.277804
0.273985
0.270161
0.266333
0.262502
0.258666
0.254826
0.250982
0.247134
0.243283
0.239428
0.235568
0.231706
0.227839
0.223970
0.220096
0.216220
0.212339
0.208456
0.204570
0.200680
0.196787
0.192891
0.188992
0.185090
0.181186
0.177278
0.173368
0.169455
0.165540
0.161622
0.157702
0.153779
0.149853
0.145926
0.141996
0.138064
0.134130
0.130194
0.126256
0.122316
0.118375
0.114431
0.110486
0.106539
0.102590
0.098640
0.094689
0.090736
0.086781
0.082826
0.078869
0.074911
0.070952
0.066992
0.063031
0.059069
0.055106
0.051142
0.047178
0.043213
0.039248
0.035282
0.031315
0.027348
0.023381
0.019414
0.015446
0.011478
0.007510
0.003542
-0.000425
-0.004393
-0.008361
-0.012328
-0.016295
-0.020262
-0.024228
-0.028194
-0.032159
-0.036123
-0.040087
-0.044050
-0.048013
-0.051974
-0.055934
-0.059894
-0.063852
-0.067809
-0.071766
-0.075720
-0.079674
-0.083626
-0.087576
-0.091526
-0.095473
-0.099419
-0.103363
-0.107306
-0.111246
-0.115185
-0.119122
-0.123056
-0.126989
-0.130919
-0.134848
-0.138774
-0.142697
-0.146619
-0.150537
-0.154454
-0.158367
-0.162278
-0.166187
-0.170092
-0.173995
-0.177895
-0.181791
-0.185685
-0.189576
-0.193464
-0.197348
-0.201229
-0.205107
-0.208981
-0.212852
-0.216719
-0.220583
-0.224443
-0.228299
-0.232152
-0.236001
-0.239845
-0.243686
-0.247523
-0.251356
-0.255185
-0.259009
-0.262829
-0.266645
-0.270457
-0.274264
-0.278066
-0.281864
-0.285657
-0.289446
-0.293230
-0.297009
-0.300783
-0.304552
-0.308316
-0.312075
-0.315829
-0.319578
-0.323322
-0.327060
-0.330793
-0.334521
-0.338243
-0.341959
-0.345670
-0.349375
-0.353075
-0.356769
-0.360456
-0.364138
-0.367815
-0.371485
-0.375149
-0.378806
-0.382458
-0.386104
-0.389743
-0.393375
-0.397002
-0.400622
-0.404235
-0.407842
-0.411442
-0.415035
-0.418622
-0.422202
-0.425774
-0.429340
-0.432899
-0.436451
-0.439996
-0.443534
-0.447064
-0.450587
-0.454103
-0.457612
-0.461112
-0.464606
-0.468092
-0.471570
-0.475041
-0.478504
-0.481959
-0.485406
-0.488846
-0.492277
-0.495701
-0.499116
-0.502523
-0.505923
-0.509313
-0.512696
-0.516071
-0.519437
-0.522794
-0.526143
-0.529484
-0.532816
-0.536139
-0.539454
-0.542760
-0.546057
-0.549345
-0.552624
-0.555895
-0.559156
-0.562408
-0.565652
-0.568886
-0.572110
-0.575326
-0.578532
-0.581729
-0.584917
-0.588095
-0.591263
-0.594422
-0.597572
-0.600711
-0.603841
-0.606962
-0.610072
-0.613173
-0.616263
-0.619344
-0.622415
-0.625475
-0.628526
-0.631566
-0.634596
-0.637616
-0.640626
-0.643625
-0.646614
-0.649593
-0.652561
-0.655518
-0.658465
-0.661402
-0.664327
-0.667242
-0.670147
-0.673040
-0.675923
-0.678794
-0.681655
-0.684505
-0.687344
-0.690171
-0.692988
-0.695793
-0.698588
-0.701371
-0.704142
-0.706903
-0.709652
-0.712389
-0.715115
-0.717830
-0.720533
-0.723225
-0.725905
-0.728573
-0.731229
-0.733874
-0.736507
-0.739128
-0.741738
-0.744335
-0.746921
-0.749494
-0.752056
-0.754605
-0.757142
-0.759668
-0.762180
-0.764681
-0.767170
-0.769646
-0.772110
-0.774561
-0.777000
-0.779427
-0.781841
-0.784243
-0.786632
-0.789008
-0.791372
-0.793724
-0.796062
-0.798388
-0.800701
-0.803001
-0.805288
-0.807563
-0.809824
-0.812073
-0.814309
-0.816531
-0.818741
-0.820937
-0.823121
-0.825291
-0.827448
-0.829592
-0.831723
-0.833840
-0.835944
-0.838035
-0.840112
-0.842176
-0.844227
-0.846264
-0.848287
-0.850297
-0.852294
-0.854277
-0.856246
-0.858202
-0.860144
-0.862072
-0.863987
-0.865888
-0.867775
-0.869648
-0.871507
-0.873353
-0.875185
-0.877002
-0.878806
-0.880596
-0.882372
-0.884134
-0.885882
-0.887615
-0.889335
-0.891041
-0.892732
-0.894409
-0.896072
-0.897721
-0.899355
-0.900976
-0.902582
-0.904173
-0.905751
-0.907314
-0.908862
-0.910396
-0.911916
-0.913421
-0.914912
-0.916389
-0.917851
-0.919298
-0.920731
-0.922149
-0.923553
-0.924942
-0.926316
-0.927676
-0.929021
-0.930351
-0.931667
-0.932968
-0.934254
-0.935525
-0.936782
-0.938024
-0.939251
-0.940463
-0.941661
-0.942843
-0.944011
-0.945164
-0.946302
-0.947425
-0.948533
-0.949626
-0.950704
-0.951767
-0.952815
-0.953848
-0.954866
-0.955869
-0.956857
-0.957830
-0.958788
-0.959731
-0.960659
-0.961571
-0.962469
-0.963351
-0.964218
-0.965070
-0.965907
-0.966729
-0.967535
-0.968327
-0.969103
-0.969864
-0.970609
-0.971340
-0.972055
-0.972755
-0.973440
-0.974109
-0.974763
-0.975402
-0.976026
-0.976634
-0.977227
-0.977805
-0.978367
-0.978914
-0.979446
-0.979962
-0.980463
-0.980949
-0.981419
-0.981874
-0.982314
-0.982738
-0.983147
-0.983541
-0.983919
-0.984282
-0.984629
-0.984961
-0.985278
-0.985579
-0.985865
-0.986136
-0.986391
-0.986631
-0.986855
-0.987064
-0.987258
-0.987436
-0.987599
-0.987746
-0.987878
-0.987995
-0.988096
-0.988182
-0.988253
-0.988308
-0.988347
-0.988372
-0.988381
-0.988374
-0.988353
-0.988316
-0.988263
-0.988195
-0.988112
-0.988013
-0.987900
-0.987770
-0.987626
-0.987466
-0.987291
-0.987100
-0.986894
-0.986673
-0.986437
-0.986185
-0.985918
-0.985635
-0.985338
-0.985025
-0.984697
-0.984353
-0.983995
-0.983621
-0.983232
-0.982827
-0.982408
-0.981973
-0.981523
-0.981058
-0.980578
-0.980082
-0.979572
-0.979046
-0.978505
-0.977949
-0.977378
-0.976792
-0.976191
-0.975575
-0.974943
-0.974297
-0.973636
-0.972959
-0.972268
-0.971561
-0.970840
-0.970103
-0.969352
-0.968586
-0.967805
-0.967009
-0.966198
-0.965372
-0.964531
-0.963675
-0.962805
-0.961920
-0.961020
-0.960105
-0.959176
-0.958231
-0.957272
-0.956299
-0.955310
-0.954307
-0.953289
-0.952257
-0.951210
-0.950148
-0.949072
-0.947981
-0.946876
-0.945756
-0.944622
-0.943473
-0.942310
-0.941132
-0.939940
-0.938733
-0.937512
-0.936277
-0.935028
-0.933764
-0.932485
-0.931193
-0.929886
-0.928565
-0.927230
-0.925881
-0.924517
-0.923139
-0.921748
-0.920342
-0.918922
-0.917488
-0.916040
-0.914578
-0.913102
-0.911612
-0.910108
-0.908591
-0.907059
-0.905514
-0.903955
-0.902382
-0.900795
-0.899194
-0.897580
-0.895952
-0.894311
-0.892656
-0.890987
-0.889304
-0.887609
-0.885899
-0.884176
-0.882440
-0.880690
-0.878927
-0.877151
-0.875361
-0.873558
-0.871741
-0.869911
-0.868068
-0.866212
-0.864343
-0.862461
-0.860565
-0.858656
-0.856735
-0.854800
-0.852853
-0.850892
-0.848918
-0.846932
-0.844933
-0.842921
-0.840896
-0.838858
-0.836808
-0.834745
-0.832670
-0.830581
-0.828481
-0.826367
-0.824241
-0.822103
-0.819952
-0.817789
-0.815613
-0.813425
-0.811225
-0.809012
-0.806788
-0.804551
-0.802301
-0.800040
-0.797767
-0.795481
-0.793184
-0.790874
-0.788553
-0.786220
-0.783874
-0.781517
-0.779148
-0.776768
-0.774376
-0.771971
-0.769556
-0.767128
-0.764690
-0.762239
-0.759777
-0.757304
-0.754819
-0.752323
-0.749815
-0.747296
-0.744766
-0.742225
-0.739673
-0.737109
-0.734534
-0.731948
-0.729351
-0.726744
-0.724125
-0.721495
-0.718855
-0.716203
-0.713541
-0.710868
-0.708185
-0.705490
-0.702785
-0.700070
-0.697344
-0.694608
-0.691861
-0.689103
-0.686336
-0.683558
-0.680769
-0.677971
-0.675162
-0.672343
-0.669515
-0.666676
-0.663827
-0.660968
-0.658099
-0.655220
-0.652331
-0.649433
-0.646525
-0.643607
-0.640679
-0.637742
-0.634796
-0.631839
-0.628874
-0.625898
-0.622914
-0.619920
-0.616917
-0.613904
-0.610883
-0.607852
-0.604812
-0.601763
-0.598705
-0.595638
-0.592562
-0.589477
-0.586384
-0.583281
-0.580170
-0.577050
-0.573922
-0.570785
-0.567639
-0.564485
-0.561322
-0.558151
-0.554972
-0.551784
-0.548588
-0.545384
-0.542172
-0.538951
-0.535723
-0.532486
-0.529242
-0.525989
-0.522729
-0.519461
-0.516185
-0.512901
-0.509610
-0.506311
-0.503004
-0.499690
-0.496368
-0.493039
-0.489703
-0.486359
-0.483008
-0.479650
-0.476285
-0.472912
-0.469533
-0.466146
-0.462752
-0.459352
-0.455944
-0.452530
-0.449109
-0.445681
-0.442247
-0.438806
-0.435358
-0.431904
-0.428444
-0.424977
-0.421503
-0.418024
-0.414538
-0.411046
-0.407547
-0.404043
-0.400532
-0.397016
-0.393493
-0.389965
-0.386431
-0.382891
-0.379345
-0.375794
-0.372237
-0.368674
-0.365106
-0.361533
-0.357954
-0.354369
-0.350780
-0.347185
-0.343585
-0.339979
-0.336369
-0.332753
-0.329133
-0.325507
-0.321877
-0.318242
-0.314602
-0.310957
-0.307308
-0.303654
-0.299996
-0.296333
-0.292665
-0.288993
-0.285317
-0.281637
-0.277952
-0.274263
-0.270570
-0.266873
-0.263171
-0.259466
-0.255757
-0.252044
-0.248327
-0.244607
-0.240883
-0.237155
-0.233423
-0.229688
-0.225950
-0.222208
-0.218463
-0.214714
-0.210962
-0.207207
-0.203449
-0.199688
-0.195923
-0.192156
-0.188386
-0.184613
-0.180837
-0.177058
-0.173277
-0.169493
-0.165706
-0.161917
-0.158125
-0.154331
-0.150534
-0.146736
-0.142935
-0.139131
-0.135326
-0.131518
-0.127709
-0.123897
-0.120084
-0.116268
-0.112451
-0.108632
-0.104811
-0.100989
-0.097165
-0.093340
-0.089513
-0.085684
-0.081854
-0.078023
-0.074191
-0.070357
-0.066523
-0.062687
-0.058850
-0.055012
-0.051174
-0.047334
-0.043493
-0.039652
-0.035810
-0.031968
-0.028125
-0.024281
-0.020437
-0.016592
-0.012747
-0.008902
-0.005056
-0.001211
0.002635
0.006481
0.010327
0.014173
0.018019
0.021865
0.025711
0.029556
0.033401
0.037246
0.041090
0.044934
0.048777
0.052620
0.056462
0.060303
0.064144
0.067984
0.071823
0.075661
0.079498
0.083334
0.087169
0.091003
0.094835
0.098667
0.102497
0.106326
0.110153
0.113979
0.117803
0.121626
0.125447
0.129266
0.133084
0.136900
0.140714
0.144526
0.148336
0.152144
0.155950
0.159754
0.163556
0.167355
0.171152
0.174947
0.178739
0.182529
0.186317
0.190102
0.193884
0.197663
0.201440
0.205214
0.208985
0.212753
0.216519
0.220281
0.224040
0.227796
0.231549
0.235299
0.239045
0.242788
0.246528
0.250264
0.253996
0.257725
0.261451
0.265173
0.268891
0.272605
0.276316
0.280022
0.283725
0.287424
0.291118
0.294809
0.298495
0.302178
0.305856
0.309529
0.313198
0.316863
0.320524
0.324180
0.327831
0.331478
0.335120
0.338757
0.342389
0.346017
0.349640
0.353257
0.356870
0.360478
0.364080
0.367678
0.371270
0.374857
0.378439
0.382015
0.385586
0.389151
0.392711
0.396266
0.399814
0.403357
0.406895
0.410426
0.413952
0.417472
0.420986
0.424493
0.427995
0.431491
0.434981
0.438464
0.441941
0.445412
0.448877
0.452335
0.455786
0.459232
0.462670
0.466102
0.469528
0.472947
0.476359
0.479764
0.483162
0.486554
0.489938
0.493316
0.496686
0.500050
0.503406
0.506755
0.510097
0.513431
0.516758
0.520078
0.523391
0.526695
0.529993
0.533283
0.536565
0.539839
0.543106
0.546365
0.549616
0.552859
0.556095
0.559322
0.562541
0.565753
0.568956
0.572151
0.575338
0.578516
0.581687
0.584849
0.588002
0.591148
0.594284
0.597412
0.600532
0.603643
0.606745
0.609839
0.612924
0.616000
0.619067
0.622125
0.625174
0.628215
0.631246
0.634268
0.637282
0.640285
0.643280
0.646266
0.649242
0.652209
0.655166
0.658114
0.661053
0.663982
0.666902
0.669812
0.672712
0.675602
0.678483
0.681354
0.684216
0.687067
0.689908
0.692740
0.695562
0.698373
0.701175
0.703966
0.706747
0.709518
0.712279
0.715029
0.717769
0.720499
0.723219
0.725927
0.728626
0.731314
0.733991
0.736658
0.739314
0.741959
0.744594
0.747218
0.749831
0.752433
0.755025
0.757605
0.760175
0.762733
0.765281
0.767817
0.770342
0.772857
0.775359
0.777851
0.780332
0.782801
0.785258
0.787705
0.790140
0.792563
0.794975
0.797376
0.799765
0.802142
0.804508
0.806862
0.809204
0.811535
0.813854
0.816160
0.818456
0.820739
0.823010
0.825269
0.827517
0.829752
0.831975
0.834187
0.836386
0.838572
0.840747
0.842910
0.845060
0.847198
0.849323
0.851436
0.853537
0.855626
0.857702
0.859765
0.861816
0.863854
0.865880
0.867893
0.869894
0.871881
0.873856
0.875819
0.877768
0.879705
0.881629
0.883540
0.885438
0.887324
0.889196
0.891055
0.892901
0.894735
0.896555
0.898362
0.900156
0.901937
0.903704
0.905459
0.907200
0.908928
0.910642
0.912343
0.914031
0.915706
0.917367
0.919015
0.920649
0.922270
0.923877
0.925471
0.927051
0.928617
0.930170
0.931710
0.933235
0.934747
0.936246
0.937730
0.939201
0.940658
0.942101
0.943530
0.944946
0.946347
0.947735
0.949109
0.950469
0.951815
0.953146
0.954464
0.955768
0.957058
0.958334
0.959595
0.960843
0.962076
0.963295
0.964500
0.965691
0.966868
0.968030
0.969178
0.970312
0.971432
0.972537
0.973628
0.974704
0.975766
0.976814
0.977847
0.978866
0.979871
0.980861
0.981836
0.982797
0.983744
0.984676
0.985593
0.986496
0.987384
0.988258
0.989117
0.989961
0.990791
0.991606
0.992407
0.993193
0.993964
0.994720
0.995462
0.996189
0.996901
0.997598
0.998281
0.998949
0.999602
1.000240
1.000863
1.001472
1.002066
1.002644
1.003208
1.003757
1.004291
1.004811
1.005315
1.005804
1.006279
1.006738
1.007183
1.007613
1.008027
1.008427
1.008811
1.009181
1.009536
1.009875
1.010200
1.010509
1.010804
1.011083
1.011348
1.011597
1.011831
1.012050
1.012254
1.012443
1.012617
1.012776
1.012920
1.013048
1.013162
1.013260
1.013343
1.013411
1.013464
1.013502
1.013525
1.013532
1.013525
1.013502
1.013464
1.013411
1.013343
1.013260
1.013161
1.013047
1.012919
1.012775
1.012616
1.012441
1.012252
1.012047
1.011827
1.011592
1.011342
1.011077
1.010797
1.010501
1.010190
1.009864
1.009523
1.009167
1.008796
1.008409
1.008008
1.007591
1.007159
1.006712
1.006250
1.005773
1.005280
1.004773
1.004250
1.003712
1.003160
1.002592
1.002009
1.001411
1.000798
1.000169
0.999526
0.998868
0.998194
0.997506
0.996802
0.996084
0.995350
0.994602
0.993838
0.993060
0.992266
0.991458
0.990635
0.989796
0.988943
0.988075
0.987192
0.986293
0.985380
0.984453
0.983510
0.982552
0.981580
0.980592
0.979590
0.978573
0.977541
0.976495
0.975433
0.974357
0.973266
0.972161
0.971041
0.969905
0.968756
0.967591
0.966412
0.965218
0.964010
0.962787
0.961549
0.960297
0.959030
0.957749
0.956453
0.955143
0.953818
0.952478
0.951125
0.949756
0.948373
0.946976
0.945565
0.944139
0.942699
0.941244
0.939775
0.938292
0.936794
0.935282
0.933756
0.932216
0.930662
0.929093
0.927510
0.925913
0.924302
0.922677
0.921038
0.919385
0.917718
0.916036
0.914341
0.912632
0.910909
0.909172
0.907421
0.905656
0.903878
0.902086
0.900279
0.898460
0.896626
0.894779
0.892918
0.891043
0.889155
0.887253
0.885338
0.883409
0.881466
0.879510
0.877541
0.875558
0.873562
0.871552
0.869529
0.867493
0.865443
0.863380
0.861304
0.859215
0.857112
0.854997
0.852868
0.850726
0.848571
0.846404
0.844223
0.842029
0.839822
0.837603
0.835370
0.833125
0.830867
0.828596
0.826312
0.824016
0.821707
0.819386
0.817051
0.814705
0.812346
0.809974
0.807590
0.805193
0.802784
0.800363
0.797929
0.795483
0.793025
0.790555
0.788072
0.785577
0.783071
0.780552
0.778021
0.775478
0.772923
0.770356
0.767778
0.765187
0.762585
0.759971
0.757346
0.754708
0.752059
0.749399
0.746726
0.744043
0.741348
0.738641
0.735923
0.733194
0.730453
0.727701
0.724938
0.722163
0.719378
0.716581
0.713774
0.710955
0.708125
0.705284
0.702433
0.699570
0.696697
0.693813
0.690918
0.688013
0.685097
0.682170
0.679233
0.676285
0.673327
0.670359
0.667380
0.664390
0.661391
0.658381
0.655361
0.652331
0.649291
0.646240
0.643180
0.640110
0.637030
0.633940
0.630840
0.627730
0.624611
0.621482
0.618343
0.615195
0.612037
0.608870
0.605693
0.602507
0.599312
0.596107
0.592894
0.589670
0.586438
0.583197
0.579947
0.576687
0.573419
0.570142
0.566856
0.563561
0.560258
0.556945
0.553624
0.550295
0.546957
0.543611
0.540256
0.536893
0.533521
0.530141
0.526753
0.523357
0.519952
0.516540
0.513120
0.509691
0.506255
0.502811
0.499359
0.495899
0.492432
0.488957
0.485474
0.481984
0.478487
0.474982
0.471470
0.467950
0.464423
0.460889
0.457348
0.453799
0.450244
0.446682
0.443112
0.439536
0.435953
0.432364
0.428767
0.425164
0.421555
0.417939
0.414316
0.410687
0.407052
0.403410
0.399762
0.396108
0.392448
0.388782
0.385109
0.381431
0.377747
0.374057
0.370361
0.366660
0.362953
0.359240
0.355521
0.351798
0.348068
0.344334
0.340594
0.336849
0.333099
0.329343
0.325582
0.321817
0.318046
0.314271
0.310491
0.306706
0.302916
0.299121
0.295322
0.291519
0.287711
0.283898
0.280082
0.276261
0.272435
0.268606
0.264772
0.260935
0.257093
0.253247
0.249398
0.245545
0.241688
0.237827
0.233963
0.230095
0.226223
0.222348
0.218470
0.214589
0.210704
0.206816
0.202925
0.199031
0.195134
0.191233
0.187330
0.183425
0.179516
0.175605
0.171691
0.167774
0.163855
0.159934
0.156010
0.152084
0.148156
0.144225
0.140292
0.136357
0.132421
0.128482
0.124541
0.120599
0.116655
0.112709
0.108761
0.104812
0.100861
0.096909
0.092956
0.089001
0.085045
0.081088
0.077130
0.073171
0.069210
0.065249
0.061287
0.057324
0.053360
0.049396
0.045431
0.041465
0.037499
0.033533
0.029566
0.025599
0.021631
0.017664
0.013696
0.009729
0.005761
0.001793
-0.002174
-0.006141
-0.010108
-0.014075
-0.018041
-0.022007
-0.025972
-0.029936
-0.033900
-0.037864
-0.041826
-0.045788
-0.049748
-0.053708
-0.057667
-0.061624
-0.065581
-0.069536
-0.073490
-0.077442
-0.081393
-0.085343
-0.089291
-0.093237
-0.097182
-0.101125
-0.105067
-0.109006
-0.112943
-0.116879
-0.120812
-0.124744
-0.128673
-0.132600
-0.136524
-0.140446
-0.144366
-0.148283
-0.152198
-0.156110
-0.160020
-0.163926
-0.167830
-0.171731
-0.175629
-0.179524
-0.183416
-0.187305
-0.191191
-0.195073
-0.198952
-0.202828
-0.206701
-0.210569
-0.214435
-0.218296
-0.222154
-0.226009
-0.229859
-0.233705
-0.237548
-0.241387
-0.245221
-0.249052
-0.252878
-0.256700
-0.260518
-0.264331
-0.268140
-0.271945
-0.275745
-0.279540
-0.283331
-0.287117
-0.290898
-0.294674
-0.298446
-0.302212
-0.305973
-0.309730
-0.313481
-0.317227
-0.320967
-0.324703
-0.328433
-0.332157
-0.335876
-0.339590
-0.343298
-0.347000
-0.350696
-0.354387
-0.358071
-0.361750
-0.365423
-0.369090
-0.372750
-0.376405
-0.380053
-0.383695
-0.387331
-0.390960
-0.394583
-0.398199
-0.401809
-0.405412
-0.409009
-0.412599
-0.416181
-0.419758
-0.423327
-0.426889
-0.430444
-0.433992
-0.437533
-0.441067
-0.444593
-0.448113
-0.451625
-0.455129
-0.458626
-0.462115
-0.465597
-0.469072
-0.472538
-0.475997
-0.479448
-0.482891
-0.486326
-0.489753
-0.493172
-0.496584
-0.499987
-0.503381
-0.506768
-0.510146
-0.513516
-0.516878
-0.520231
-0.523575
-0.526911
-0.530239
-0.533557
-0.536867
-0.540169
-0.543461
-0.546745
-0.550019
-0.553285
-0.556541
-0.559789
-0.563027
-0.566257
-0.569477
-0.572687
-0.575889
-0.579081
-0.582263
-0.585436
-0.588600
-0.591754
-0.594898
-0.598032
-0.601157
-0.604272
-0.607378
-0.610473
-0.613558
-0.616634
-0.619699
-0.622755
-0.625800
-0.628835
-0.631860
-0.634874
-0.637878
-0.640872
-0.643856
-0.646829
-0.649791
-0.652743
-0.655685
-0.658616
-0.661536
-0.664445
-0.667344
-0.670231
-0.673108
-0.675974
-0.678829
-0.681673
-0.684506
-0.687328
-0.690139
-0.692938
-0.695727
-0.698504
-0.701270
-0.704024
-0.706767
-0.709499
-0.712219
-0.714928
-0.717625
-0.720310
-0.722984
-0.725646
-0.728297
-0.730935
-0.733562
-0.736177
-0.738780
-0.741371
-0.743951
-0.746518
-0.749073
-0.751616
-0.754147
-0.756666
-0.759173
-0.761667
-0.764149
-0.766619
-0.769076
-0.771521
-0.773954
-0.776374
-0.778782
-0.781177
-0.783559
-0.785929
-0.788287
-0.790631
-0.792963
-0.795282
-0.797589
-0.799882
-0.802163
-0.804431
-0.806685
-0.808927
-0.811156
-0.813372
-0.815575
-0.817765
-0.819941
-0.822105
-0.824255
-0.826392
-0.828516
-0.830626
-0.832723
-0.834807
-0.836877
-0.838934
-0.840978
-0.843008
-0.845025
-0.847028
-0.849017
-0.850993
-0.852955
-0.854904
-0.856839
-0.858760
-0.860668
-0.862561
-0.864441
-0.866307
-0.868160
-0.869998
-0.871823
-0.873633
-0.875430
-0.877212
-0.878981
-0.880736
-0.882476
-0.884203
-0.885915
-0.887613
-0.889297
-0.890967
-0.892623
-0.894264
-0.895891
-0.897504
-0.899103
-0.900687
-0.902257
-0.903812
-0.905354
-0.906880
-0.908393
-0.909890
-0.911374
-0.912843
-0.914297
-0.915737
-0.917162
-0.918573
-0.919969
-0.921350
-0.922717
-0.924069
-0.925407
-0.926730
-0.928038
-0.929331
-0.930610
-0.931873
-0.933123
-0.934357
-0.935576
-0.936781
-0.937971
-0.939145
-0.940305
-0.941451
-0.942581
-0.943696
-0.944796
-0.945882
-0.946952
-0.948007
-0.949048
-0.950073
-0.951084
-0.952079
-0.953059
-0.954024
-0.954974
-0.955909
-0.956829
-0.957734
-0.958624
-0.959498
-0.960358
-0.961202
-0.962031
-0.962845
-0.963644
-0.964427
-0.965195
-0.965948
-0.966686
-0.967409
-0.968116
-0.968808
-0.969485
-0.970147
-0.970793
-0.971424
-0.972040
-0.972640
-0.973225
-0.973795
-0.974350
-0.974889
-0.975412
-0.975921
-0.976414
-0.976892
-0.977354
-0.977802
-0.978233
-0.978650
-0.979051
-0.979436
-0.979807
-0.980162
-0.980501
-0.980825
-0.981134
-0.981428
-0.981706
-0.981968
-0.982215
-0.982447
-0.982664
-0.982865
-0.983051
-0.983221
-0.983376
-0.983515
-0.983639
-0.983748
-0.983842
-0.983920
-0.983982
-0.984029
-0.984061
-0.984078
-0.984079
-0.984065
-0.984035
-0.983990
-0.983929
-0.983854
-0.983763
-0.983656
-0.983534
-0.983397
-0.983245
-0.983077
-0.982894
-0.982696
-0.982482
-0.982253
-0.982009
-0.981749
-0.981474
-0.981184
-0.980878
-0.980558
-0.980222
-0.979871
-0.979504
-0.979122
-0.978726
-0.978313
-0.977886
-0.977444
-0.976986
-0.976513
-0.976025
-0.975522
-0.975003
-0.974470
-0.973921
-0.973358
-0.972779
-0.972185
-0.971576
-0.970952
-0.970313
-0.969659
-0.968990
-0.968306
-0.967607
-0.966892
-0.966163
-0.965419
-0.964660
-0.963886
-0.963098
-0.962294
-0.961475
-0.960642
-0.959793
-0.958930
-0.958052
-0.957160
-0.956252
-0.955330
-0.954393
-0.953441
-0.952474
-0.951493
-0.950497
-0.949487
-0.948461
-0.947421
-0.946367
-0.945298
-0.944214
-0.943116
-0.942003
-0.940876
-0.939734
-0.938578
-0.937407
-0.936222
-0.935023
-0.933809
-0.932581
-0.931338
-0.930081
-0.928810
-0.927524
-0.926225
-0.924911
-0.923582
-0.922240
-0.920883
-0.919513
-0.918128
-0.916729
-0.915316
-0.913889
-0.912447
-0.910992
-0.909523
-0.908040
-0.906543
-0.905032
-0.903507
-0.901969
-0.900416
-0.898850
-0.897270
-0.895676
-0.894069
-0.892448
-0.890813
-0.889164
-0.887502
-0.885827
-0.884137
-0.882435
-0.880718
-0.878989
-0.877245
-0.875489
-0.873719
-0.871936
-0.870139
-0.868329
-0.866506
-0.864669
-0.862820
-0.860957
-0.859081
-0.857192
-0.855289
-0.853374
-0.851446
-0.849505
-0.847550
-0.845583
-0.843603
-0.841610
-0.839605
-0.837586
-0.835555
-0.833511
-0.831454
-0.829385
-0.827302
-0.825208
-0.823101
-0.820981
-0.818849
-0.816704
-0.814547
-0.812377
-0.810195
-0.808001
-0.805795
-0.803576
-0.801345
-0.799102
-0.796846
-0.794579
-0.792299
-0.790008
-0.787704
-0.785389
-0.783061
-0.780722
-0.778370
-0.776007
-0.773633
-0.771246
-0.768848
-0.766438
-0.764016
-0.761583
-0.759138
-0.756682
-0.754214
-0.751735
-0.749244
-0.746742
-0.744229
-0.741705
-0.739169
-0.736622
-0.734064
-0.731494
-0.728914
-0.726322
-0.723720
-0.721107
-0.718482
-0.715847
-0.713201
-0.710544
-0.707877
-0.705198
-0.702509
-0.699810
-0.697099
-0.694379
-0.691647
-0.688906
-0.686153
-0.683391
-0.680618
-0.677835
-0.675041
-0.672238
-0.669424
-0.666600
-0.663766
-0.660922
-0.658068
-0.655204
-0.652330
-0.649446
-0.646553
-0.643649
-0.640736
-0.637814
-0.634881
-0.631939
-0.628988
-0.626027
-0.623056
-0.620076
-0.617087
-0.614088
-0.611080
-0.608063
-0.605037
-0.602002
-0.598957
-0.595904
-0.592841
-0.589770
-0.586689
-0.583600
-0.580502
-0.577395
-0.574279
-0.571155
-0.568022
-0.564881
-0.561731
-0.558573
-0.555406
-0.552231
-0.549047
-0.545855
-0.542655
-0.539447
-0.536230
-0.533006
-0.529773
-0.526533
-0.523284
-0.520028
-0.516763
-0.513491
-0.510211
-0.506924
-0.503629
-0.500326
-0.497016
-0.493698
-0.490373
-0.487040
-0.483700
-0.480352
-0.476998
-0.473636
-0.470267
-0.466891
-0.463508
-0.460118
-0.456721
-0.453317
-0.449906
-0.446488
-0.443064
-0.439633
-0.436195
-0.432751
-0.429300
-0.425842
-0.422379
-0.418908
-0.415432
-0.411949
-0.408460
-0.404965
-0.401463
-0.397956
-0.394443
-0.390923
-0.387398
-0.383867
-0.380330
-0.376787
-0.373238
-0.369684
-0.366124
-0.362559
-0.358988
-0.355412
-0.351830
-0.348243
-0.344651
-0.341053
-0.337451
-0.333843
-0.330230
-0.326612
-0.322989
-0.319361
-0.315729
-0.312091
-0.308449
-0.304802
-0.301150
-0.297494
-0.293833
-0.290168
-0.286498
-0.282824
-0.279146
-0.275463
-0.271777
-0.268086
-0.264391
-0.260691
-0.256988
-0.253281
-0.249570
-0.245855
-0.242137
-0.238414
-0.234688
-0.230959
-0.227226
-0.223489
-0.219749
-0.216005
-0.212258
-0.208508
-0.204755
-0.200998
-0.197239
-0.193476
-0.189710
-0.185941
-0.182170
-0.178395
-0.174618
-0.170838
-0.167055
-0.163270
-0.159482
-0.155692
-0.151899
-0.148104
-0.144306
-0.140506
-0.136704
-0.132900
-0.129094
-0.125285
-0.121475
-0.117662
-0.113848
-0.110032
-0.106214
-0.102394
-0.098572
-0.094749
-0.090925
-0.087099
-0.083271
-0.079442
-0.075612
-0.071780
-0.067947
-0.064113
-0.060278
-0.056442
-0.052604
-0.048766
-0.044927
-0.041087
-0.037246
-0.033405
-0.029563
-0.025720
-0.021877
-0.018033
-0.014189
-0.010344
-0.006499
-0.002654
0.001192
0.005038
0.008884
0.012729
0.016575
0.020421
0.024267
0.028112
0.031958
0.035803
0.039648
0.043492
0.047336
0.051179
0.055022
0.058865
0.062706
0.066547
0.070387
0.074226
0.078065
0.081902
0.085739
0.089574
0.093408
0.097241
0.101073
0.104904
0.108733
0.112561
0.116388
0.120213
0.124036
0.127858
0.131678
0.135496
0.139313
0.143128
0.146941
0.150752
0.154561
0.158367
0.162172
0.165975
0.169775
0.173573
0.177369
0.181163
0.184954
0.188742
0.192528
0.196311
0.200092
0.203870
0.207645
0.211418
0.215187
0.218954
0.222717
0.226478
0.230235
0.233990
0.237741
0.241489
0.245233
0.248974
0.252712
0.256446
0.260177
0.263904
0.267628
0.271347
0.275063
0.278776
0.282484
0.286188
0.289889
0.293586
0.297278
0.300966
0.304650
0.308330
0.312006
0.315677
0.319344
0.323007
0.326664
0.330318
0.333967
0.337611
0.341250
0.344885
0.348515
0.352140
0.355760
0.359375
0.362985
0.366590
0.370190
0.373784
0.377374
0.380958
0.384537
0.388110
0.391678
0.395240
0.398797
0.402349
0.405894
0.409434
0.412968
0.416497
0.420019
0.423536
0.427047
0.430551
0.434050
0.437542
0.441029
0.444509
0.447983
0.451450
0.454911
0.458366
0.461814
0.465256
0.468691
0.472120
0.475541
0.478957
0.482365
0.485766
0.489161
0.492549
0.495930
0.499303
0.502670
0.506030
0.509382
0.512727
0.516065
0.519396
0.522719
0.526035
0.529343
0.532644
0.535938
0.539223
0.542501
0.545772
0.549034
0.552289
0.555536
0.558775
0.562006
0.565229
0.568444
0.571652
0.574850
0.578041
0.581224
0.584398
0.587564
0.590721
0.593870
0.597011
0.600143
0.603267
0.606382
0.609488
0.612586
0.615675
0.618755
0.621826
0.624889
0.627942
0.630987
0.634022
0.637049
0.640066
0.643075
0.646074
0.649064
0.652044
0.655015
0.657977
0.660930
0.663873
0.666806
0.669730
0.672645
0.675550
0.678445
0.681330
0.684206
0.687072
0.689928
0.692774
0.695610
0.698437
0.701253
0.704059
0.706855
0.709641
0.712417
0.715182
0.717938
0.720683
0.723417
0.726142
0.728855
0.731559
0.734252
0.736934
0.739606
0.742267
0.744917
0.747557
0.750186
0.752804
0.755412
0.758008
0.760594
0.763169
0.765732
0.768285
0.770827
0.773357
0.775876
0.778385
0.780882
0.783367
0.785842
0.788305
0.790757
0.793197
0.795626
0.798043
0.800449
0.802844
0.805227
0.807598
0.809957
0.812305
0.814641
0.816965
0.819278
0.821579
0.823868
0.826144
0.828409
0.830662
0.832903
0.835132
0.837349
0.839554
0.841747
0.843927
0.846095
0.848251
0.850395
0.852526
0.854645
0.856752
0.858846
0.860928
0.862997
0.865054
0.867099
0.869130
0.871149
0.873156
0.875150
0.877131
0.879099
0.881055
0.882997
0.884927
0.886845
0.888749
0.890640
0.892519
0.894384
0.896236
0.898076
0.899902
0.901715
0.903516
0.905303
0.907076
0.908837
0.910584
0.912319
0.914039
0.915747
0.917441
0.919122
0.920789
0.922443
0.924084
0.925711
0.927325
0.928925
0.930511
0.932084
0.933644
0.935190
0.936722
0.938240
0.939745
0.941236
0.942713
0.944177
0.945626
0.947062
0.948484
0.949892
0.951287
0.952667
0.954033
0.955386
0.956724
0.958049
0.959359
0.960656
0.961938
0.963206
0.964460
0.965701
0.966926
0.968138
0.969336
0.970519
0.971688
0.972843
0.973983
0.975110
0.976222
0.977319
0.978402
0.979471
0.980526
0.981566
0.982592
0.983603
0.984600
0.985582
0.986550
0.987503
0.988442
0.989366
0.990276
0.991171
0.992052
0.992918
0.993769
0.994606
0.995428
0.996235
0.997028
0.997806
0.998570
0.999318
1.000052
1.000771
1.001476
1.002165
1.002840
1.003500
1.004145
1.004775
1.005391
1.005992
1.006578
1.007148
1.007705
1.008246
1.008772
1.009283
1.009780
1.010261
1.010728
1.011179
1.011616
1.012038
1.012444
1.012836
1.013213
1.013575
1.013921
1.014253
1.014569
1.014871
1.015158
1.015429
1.015685
1.015927
1.016153
1.016364
1.016560
1.016741
1.016907
1.017058
1.017194
1.017314
1.017420
1.017510
1.017585
1.017646
1.017690
1.017720
1.017735
1.017735
1.017719
1.017688
1.017642
1.017581
1.017505
1.017414
1.017307
1.017186
1.017049
1.016897
1.016730
1.016547
1.016350
1.016137
1.015909
1.015666
1.015408
1.015135
1.014846
1.014543
1.014224
1.013890
1.013541
1.013177
1.012798
1.012403
1.011993
1.011569
1.011129
1.010674
1.010204
1.009718
1.009218
1.008702
1.008172
1.007626
1.007065
1.006489
1.005898
1.005292
1.004671
1.004035
1.003384
1.002718
1.002036
1.001340
1.000628
0.999902
0.999161
0.998404
0.997633
0.996846
0.996045
0.995228
0.994397
0.993551
0.992690
0.991813
0.990922
0.990016
0.989095
0.988160
0.987209
0.986244
0.985263
0.984268
0.983258
0.982233
0.981194
0.980139
0.979070
0.977986
0.976887
0.975774
0.974646
0.973503
0.972345
0.971173
0.969986
0.968785
0.967569
0.966338
0.965092
0.963832
0.962558
0.961269
0.959965
0.958647
0.957315
0.955968
0.954606
0.953230
0.951840
0.950435
0.949016
0.947582
0.946134
0.944672
0.943195
0.941705
0.940199
0.938680
0.937147
0.935599
0.934037
0.932461
0.930870
0.929266
0.927647
0.926015
0.924368
0.922708
0.921033
0.919344
0.917642
0.915925
0.914195
0.912450
0.910692
0.908920
0.907134
0.905334
0.903521
0.901694
0.899853
0.897998
0.896130
0.894248
0.892353
0.890444
0.888521
0.886585
0.884635
0.882672
0.880696
0.878706
0.876702
0.874685
0.872655
0.870612
0.868555
0.866485
0.864402
0.862306
0.860196
0.858074
0.855938
0.853789
0.851628
0.849453
0.847265
0.845064
0.842851
0.840624
0.838385
0.836133
0.833868
0.831590
0.829300
0.826997
0.824681
0.822353
0.820012
0.817659
0.815293
0.812914
0.810524
0.808120
0.805705
0.803277
0.800837
0.798384
0.795919
0.793442
0.790953
0.788452
0.785939
0.783414
0.780876
0.778327
0.775766
0.773193
0.770608
0.768011
0.765403
0.762782
0.760150
0.757507
0.754852
0.752185
0.749506
0.746817
0.744115
0.741403
0.738678
0.735943
0.733196
0.730438
0.727669
0.724889
0.722097
0.719294
0.716481
0.713656
0.710820
0.707974
0.705117
0.702248
0.699369
0.696479
0.693579
0.690668
0.687746
0.684814
0.681871
0.678917
0.675954
0.672979
0.669995
0.667000
0.663995
0.660979
0.657954
0.654918
0.651873
0.648817
0.645751
0.642676
0.639590
0.636495
0.633390
0.630275
0.627150
0.624016
0.620872
0.617719
0.614556
0.611384
0.608202
0.605011
0.601810
0.598601
0.595382
0.592154
0.588916
0.585670
0.582415
0.579151
0.575877
0.572595
0.569305
0.566005
0.562697
0.559380
0.556054
0.552720
0.549378
0.546026
0.542667
0.539299
0.535923
0.532539
0.529146
0.525745
0.522337
0.518920
0.515495
0.512062
0.508622
0.505173
0.501717
0.498253
0.494781
0.491302
0.487816
0.484321
0.480820
0.477311
0.473794
0.470270
0.466740
0.463202
0.459656
0.456104
0.452545
0.448979
0.445406
0.441826
0.438239
0.434645
0.431045
0.427439
0.423825
0.420206
0.416579
0.412947
0.409308
0.405663
0.402011
0.398354
0.394690
0.391020
0.387345
0.383663
0.379976
0.376282
0.372583
0.368879
0.365168
0.361452
0.357731
0.354004
0.350272
0.346534
0.342791
0.339043
0.335290
0.331531
0.327768
0.323999
0.320226
0.316448
0.312665
0.308877
0.305084
0.301287
0.297485
0.293679
0.289869
0.286054
0.282234
0.278411
0.274583
0.270751
0.266915
0.263075
0.259231
0.255383
0.251531
0.247675
0.243816
0.239953
0.236087
0.232217
0.228343
0.224466
0.220586
0.216703
0.212816
0.208926
0.205033
0.201137
0.197238
0.193336
0.189431
0.185523
0.181613
0.177700
0.173784
0.169866
0.165946
0.162023
0.158097
0.154170
0.150240
0.146308
0.142374
0.138437
0.134499
0.130559
0.126617
0.122673
0.118728
0.114781
0.110832
0.106882
0.102930
0.098977
0.095023
0.091067
0.087110
0.083152
0.079193
0.075232
0.071271
0.067309
0.063346
0.059382
0.055418
0.051453
0.047487
0.043521
0.039555
0.035588
0.031620
0.027653
0.023685
0.019717
0.015749
0.011781
0.007813
0.003845
-0.000123
-0.004090
-0.008057
-0.012024
-0.015991
-0.019956
-0.023922
-0.027886
-0.031850
-0.035813
-0.039776
-0.043737
-0.047698
-0.051658
-0.055616
-0.059573
-0.063530
-0.067484
-0.071438
-0.075390
-0.079341
-0.083290
-0.087238
-0.091184
-0.095128
-0.099071
-0.103011
-0.106950
-0.110887
-0.114822
-0.118754
-0.122685
-0.126613
-0.130539
-0.134463
-0.138385
-0.142303
-0.146220
-0.150134
-0.154045
-0.157953
-0.161859
-0.165762
-0.169661
-0.173558
-0.177452
-0.181343
-0.185231
-0.189115
-0.192996
-0.196874
-0.200748
-0.204619
-0.208487
-0.212351
-0.216211
-0.220067
-0.223920
-0.227769
-0.231614
-0.235455
-0.239292
-0.243124
-0.246953
-0.250778
-0.254598
-0.258414
-0.262225
-0.266032
-0.269835
-0.273633
-0.277426
-0.281215
-0.284999
-0.288778
-0.292552
-0.296321
-0.300086
-0.303845
-0.307599
-0.311348
-0.315092
-0.318830
-0.322563
-0.326290
-0.330013
-0.333729
-0.337440
-0.341145
-0.344845
-0.348539
-0.352227
-0.355909
-0.359585
-0.363255
-0.366919
-0.370577
-0.374229
-0.377874
-0.381513
-0.385146
-0.388773
-0.392392
-0.396006
-0.399613
-0.403213
-0.406806
-0.410393
-0.413973
-0.417546
-0.421112
-0.424671
-0.428222
-0.431767
-0.435305
-0.438835
-0.442359
-0.445874
-0.449383
-0.452884
-0.456377
-0.459863
-0.463342
-0.466812
-0.470275
-0.473730
-0.477178
-0.480617
-0.484049
-0.487472
-0.490888
-0.494295
-0.497694
-0.501085
-0.504468
-0.507842
-0.511208
-0.514566
-0.517915
-0.521255
-0.524587
-0.527911
-0.531225
-0.534531
-0.537828
-0.541117
-0.544396
-0.547666
-0.550928
-0.554180
-0.557423
-0.560657
-0.563882
-0.567098
-0.570304
-0.573501
-0.576688
-0.579867
-0.583035
-0.586194
-0.589343
-0.592483
-0.595613
-0.598733
-0.601844
-0.604944
-0.608035
-0.611115
-0.614186
-0.617247
-0.620297
-0.623338
-0.626368
-0.629388
-0.632397
-0.635397
-0.638386
-0.641364
-0.644332
-0.647290
-0.650236
-0.653173
-0.656098
-0.659013
-0.661918
-0.664811
-0.667693
-0.670565
-0.673426
-0.676275
-0.679114
-0.681942
-0.684758
-0.687564
-0.690358
-0.693141
-0.695912
-0.698673
-0.701422
-0.704159
-0.706885
-0.709600
-0.712303
-0.714995
-0.717674
-0.720343
-0.722999
-0.725644
-0.728277
-0.730898
-0.733507
-0.736104
-0.738690
-0.741263
-0.743825
-0.746374
-0.748911
-0.751436
-0.753949
-0.756450
-0.758938
-0.761414
-0.763878
-0.766330
-0.768769
-0.771195
-0.773609
-0.776011
-0.778400
-0.780776
-0.783140
-0.785491
-0.787829
-0.790155
-0.792468
-0.794768
-0.797055
-0.799330
-0.801591
-0.803840
-0.806075
-0.808298
-0.810507
-0.812703
-0.814887
-0.817057
-0.819214
-0.821358
-0.823488
-0.825605
-0.827709
-0.829800
-0.831877
-0.833941
-0.835991
-0.838028
-0.840052
-0.842062
-0.844058
-0.846041
-0.848010
-0.849966
-0.851907
-0.853836
-0.855750
-0.857651
-0.859538
-0.861411
-0.863270
-0.865116
-0.866947
-0.868765
-0.870568
-0.872358
-0.874134
-0.875895
-0.877643
-0.879377
-0.881096
-0.882801
-0.884493
-0.886170
-0.887832
-0.889481
-0.891115
-0.892736
-0.894341
-0.895933
-0.897510
-0.899073
-0.900621
-0.902155
-0.903675
-0.905180
-0.906671
-0.908147
-0.909609
-0.911056
-0.912488
-0.913906
-0.915310
-0.916699
-0.918073
-0.919432
-0.920777
-0.922107
-0.923423
-0.924724
-0.926010
-0.927281
-0.928537
-0.929779
-0.931006
-0.932218
-0.933415
-0.934598
-0.935765
-0.936918
-0.938055
-0.939178
-0.940286
-0.941379
-0.942457
-0.943519
-0.944567
-0.945600
-0.946618
-0.947621
-0.948609
-0.949582
-0.950539
-0.951482
-0.952409
-0.953322
-0.954219
-0.955101
-0.955968
-0.956820
-0.957657
-0.958478
-0.959284
-0.960075
-0.960851
-0.961612
-0.962357
-0.963088
-0.963803
-0.964502
-0.965187
-0.965856
-0.966510
-0.967149
-0.967772
-0.968380
-0.968973
-0.969550
-0.970112
-0.970659
-0.971191
-0.971707
-0.972208
-0.972693
-0.973163
-0.973618
-0.974057
-0.974481
-0.974890
-0.975284
-0.975661
-0.976024
-0.976371
-0.976703
-0.977020
-0.977321
-0.977606
-0.977877
-0.978132
-0.978371
-0.978595
-0.978804
-0.978997
-0.979175
-0.979338
-0.979485
-0.979617
-0.979733
-0.979834
-0.979920
-0.979990
-0.980045
-0.980085
-0.980109
-0.980118
-0.980111
-0.980089
-0.980052
-0.979999
-0.979931
-0.979847
-0.979749
-0.979635
-0.979505
-0.979360
-0.979200
-0.979025
-0.978834
-0.978628
-0.978406
-0.978170
-0.977918
-0.977650
-0.977368
-0.977070
-0.976757
-0.976429
-0.976085
-0.975726
-0.975352
-0.974963
-0.974558
-0.974138
-0.973703
-0.973253
-0.972788
-0.972307
-0.971812
-0.971301
-0.970775
-0.970234
-0.969678
-0.969107
-0.968520
-0.967919
-0.967302
-0.966671
-0.966024
-0.965363
-0.964686
-0.963994
-0.963288
-0.962566
-0.961829
-0.961078
-0.960311
-0.959530
-0.958734
-0.957923
-0.957096
-0.956256
-0.955400
-0.954529
-0.953644
-0.952744
-0.951829
-0.950899
-0.949954
-0.948995
-0.948021
-0.947033
-0.946030
-0.945012
-0.943979
-0.942932
-0.941870
-0.940794
-0.939703
-0.938597
-0.937477
-0.936343
-0.935194
-0.934030
-0.932853
-0.931660
-0.930454
-0.929232
-0.927997
-0.926747
-0.925483
-0.924205
-0.922912
-0.921605
-0.920284
-0.918949
-0.917599
-0.916236
-0.914858
-0.913466
-0.912060
-0.910640
-0.909206
-0.907758
-0.906295
-0.904819
-0.903329
-0.901825
-0.900308
-0.898776
-0.897230
-0.895671
-0.894098
-0.892511
-0.890911
-0.889296
-0.887668
-0.886027
-0.884371
-0.882703
-0.881020
-0.879324
-0.877615
-0.875892
-0.874155
-0.872406
-0.870642
-0.868866
-0.867076
-0.865272
-0.863456
-0.861626
-0.859783
-0.857927
-0.856058
-0.854175
-0.852279
-0.850371
-0.848449
-0.846514
-0.844567
-0.842606
-0.840633
-0.838646
-0.836647
-0.834635
-0.832610
-0.830572
-0.828522
-0.