8.834561
8.834075
8.833589
8.833102
8.832616
8.832129
8.831642
8.831155
8.830668
8.830180
8.829693
8.829205
8.828717
8.828229
8.827741
8.827252
8.826764
8.826275
8.825786
8.825297
8.824808
8.824319
8.823829
8.823339
8.822849
8.822359
8.821869
8.821379
8.820888
8.820398
8.819907
8.819416
8.818925
8.818433
8.817942
8.817450
8.816958
8.816466
8.815974
8.815482
8.814989
8.814497
8.814004
8.813511
8.813018
8.812524
8.812031
8.811537
8.811043
8.810549
8.810055
8.809561
8.809066
8.808572
8.808077
8.807582
8.807087
8.806592
8.806096
8.805601
8.805105
8.804609
8.804113
8.803617
8.803120
8.802624
8.802127
8.801630
8.801133
8.800636
8.800138
8.799641
8.799143
8.798645
8.798147
8.797649
8.797150
8.796652
8.796153
8.795654
8.795155
8.794656
8.794157
8.793657
8.793157
8.792657
8.792157
8.791657
8.791157
8.790656
8.790156
8.789655
8.789154
8.788653
8.788151
8.787650
8.787148
8.786646
8.786144
8.785642
8.785140
8.784638
8.784135
8.783632
8.783129
8.782626
8.782123
8.781619
8.781116
8.780612
8.780108
8.779604
8.779099
8.778595
8.778090
8.777586
8.777081
8.776576
8.776070
8.775565
8.775059
8.774554
8.774048
8.773542
8.773035
8.772529
8.772023
8.771516
8.771009
8.770502
8.769995
8.769487
8.768980
8.768472
8.767964
8.767456
8.766948
8.766440
8.765931
8.765422
8.764914
8.764405
8.763895
8.763386
8.762877
8.762367
8.761857
8.761347
8.760837
8.760327
8.759816
8.759306
8.758795
8.758284
8.757773
8.757261
8.756750
8.756238
8.755727
8.755215
8.754702
8.754190
8.753678
8.753165
8.752652
8.752139
8.751626
8.751113
8.750600
8.750086
8.749572
8.749059
8.748544
8.748030
8.747516
8.747001
8.746487
8.745972
8.745457
8.744941
8.744426
8.743911
8.743395
8.742879
8.742363
8.741847
8.741330
8.740814
8.740297
8.739780
8.739263
8.738746
8.738229
8.737712
8.737194
8.736676
8.736158
8.735640
8.735122
8.734603
8.734085
8.733566
8.733047
8.732528
8.732008
8.731489
8.730969
8.730450
8.729930
8.729410
8.728889
8.728369
8.727848
8.727328
8.726807
8.726286
8.725764
8.725243
8.724722
8.724200
8.723678
8.723156
8.722634
8.722111
8.721589
8.721066
8.720543
8.720020
8.719497
8.718974
8.718450
8.717927
8.717403
8.716879
8.716355
8.715830
8.715306
8.714781
8.714256
8.713731
8.713206
8.712681
8.712155
8.711630
8.711104
8.710578
8.710052
8.709526
8.708999
8.708473
8.707946
8.707419
8.706892
8.706365
8.705837
8.705310
8.704782
8.704254
8.703726
8.703198
8.702670
8.702141
8.701612
8.701083
8.700554
8.700025
8.699496
8.698966
8.698437
8.697907
8.697377
8.696847
8.696316
8.695786
8.695255
8.694724
8.694193
8.693662
8.693131
8.692599
8.692068
8.691536
8.691004
8.690472
8.689940
8.689407
8.688875
8.688342
8.687809
8.687276
8.686743
8.686209
8.685676
8.685142
8.684608
8.684074
8.683540
8.683005
8.682471
8.681936
8.681401
8.680866
8.680331
8.679796
8.679260
8.678724
8.678189
8.677653
8.677116
8.676580
8.676044
8.675507
8.674970
8.674433
8.673896
8.673359
8.672821
8.672284
8.671746
8.671208
8.670670
8.670131
8.669593
8.669054
8.668516
8.667977
8.667438
8.666898
8.666359
8.665819
8.665280
8.664740
8.664200
8.663660
8.663119
8.662579
8.662038
8.661497
8.660956
8.660415
8.659873
8.659332
8.658790
8.658248
8.657706
8.657164
8.656622
8.656080
8.655537
8.654994
8.654451
8.653908
8.653365
8.652821
8.652278
8.651734
8.651190
8.650646
8.650101
8.649557
8.649012
8.648468
8.647923
8.647378
8.646833
8.646287
8.645742
8.645196
8.644650
8.644104
8.643558
8.643011
8.642465
8.641918
8.641371
8.640824
8.640277
8.639730
8.639182
8.638635
8.638087
8.637539
8.636991
8.636442
8.635894
8.635345
8.634796
8.634247
8.633698
8.633149
8.632600
8.632050
8.631500
8.630950
8.630400
8.629850
8.629300
8.628749
8.628198
8.627647
8.627096
8.626545
8.625994
8.625442
8.624891
8.624339
8.623787
8.623235
8.622682
8.622130
8.621577
8.621024
8.620471
8.619918
8.619365
8.618811
8.618258
8.617704
8.617150
8.616596
8.616041
8.615487
8.614932
8.614378
8.613823
8.613268
8.612712
8.612157
8.611601
8.611046
8.610490
8.609934
8.609378
8.608821
8.608265
8.607708
8.607151
8.606594
8.606037
8.605480
8.604922
8.604364
8.603807
8.603249
8.602690
8.602132
8.601574
8.601015
8.600456
8.599897
8.599338
8.598779
8.598219
8.597660
8.597100
8.596540
8.595980
8.595420
8.594859
8.594299
8.593738
8.593177
8.592616
8.592055
8.591494
8.590932
8.590370
8.589808
8.589246
8.588684
8.588122
8.587559
8.586997
8.586434
8.585871
8.585308
8.584745
8.584181
8.583617
8.583054
8.582490
8.581926
8.581361
8.580797
8.580232
8.579668
8.579103
8.578538
8.577972
8.577407
8.576841
8.576276
8.575710
8.575144
8.574578
8.574011
8.573445
8.572878
8.572311
8.571744
8.571177
8.570610
8.570042
8.569475
8.568907
8.568339
8.567771
8.567202
8.566634
8.566065
8.565497
8.564928
8.564359
8.563789
8.563220
8.562650
8.562081
8.561511
8.560941
8.560370
8.559800
8.559230
8.558659
8.558088
8.557517
8.556946
8.556374
8.555803
8.555231
8.554659
8.554087
8.553515
8.552943
8.552371
8.551798
8.551225
8.550652
8.550079
8.549506
8.548932
8.548359
8.547785
8.547211
8.546637
8.546063
8.545488
8.544914
8.544339
8.543764
8.543189
8.542614
8.542039
8.541463
8.540888
8.540312
8.539736
8.539160
8.538583
8.538007
8.537430
8.536853
8.536276
8.535699
8.535122
8.534545
8.533967
8.533389
8.532811
8.532233
8.531655
8.531077
8.530498
8.529919
8.529341
8.528761
8.528182
8.527603
8.527023
8.526444
8.525864
8.525284
8.524704
8.524123
8.523543
8.522962
8.522381
8.521801
8.521219
8.520638
8.520057
8.519475
8.518893
8.518311
8.517729
8.517147
8.516565
8.515982
8.515399
8.514817
8.514234
8.513650
8.513067
8.512483
8.511900
8.511316
8.510732
8.510148
8.509563
8.508979
8.508394
8.507810
8.507225
8.506639
8.506054
8.505469
8.504883
8.504297
8.503711
8.503125
8.502539
8.501953
8.501366
8.500779
8.500193
8.499606
8.499018
8.498431
8.497844
8.497256
8.496668
8.496080
8.495492
8.494904
8.494315
8.493726
8.493138
8.492549
8.491960
8.491370
8.490781
8.490191
8.489602
8.489012
8.488422
8.487831
8.487241
8.486650
8.486060
8.485469
8.484878
8.484287
8.483695
8.483104
8.482512
8.481920
8.481328
8.480736
8.480144
8.479551
8.478959
8.478366
8.477773
8.477180
8.476587
8.475993
8.475400
8.474806
8.474212
8.473618
8.473024
8.472429
8.471835
8.471240
8.470645
8.470050
8.469455
8.468860
8.468264
8.467669
8.467073
8.466477
8.465881
8.465284
8.464688
8.464091
8.463495
8.462898
8.462300
8.461703
8.461106
8.460508
8.459911
8.459313
8.458715
8.458116
8.457518
8.456920
8.456321
8.455722
8.455123
8.454524
8.453925
8.453325
8.452725
8.452126
8.451526
8.450926
8.450325
8.449725
8.449124
8.448524
8.447923
8.447322
8.446720
8.446119
8.445517
8.444916
8.444314
8.443712
8.443110
8.442507
8.441905
8.441302
8.440699
8.440096
8.439493
8.438890
8.438286
8.437683
8.437079
8.436475
8.435871
8.435267
8.434662
8.434058
8.433453
8.432848
8.432243
8.431638
8.431033
8.430427
8.429821
8.429216
8.428610
8.428003
8.427397
8.426791
8.426184
8.425577
8.424970
8.424363
8.423756
8.423148
8.422541
8.421933
8.421325
8.420717
8.420109
8.419501
8.418892
8.418283
8.417675
8.417066
8.416456
8.415847
8.415238
8.414628
8.414018
8.413408
8.412798
8.412188
8.411577
8.410967
8.410356
8.409745
8.409134
8.408523
8.407911
8.407300
8.406688
8.406076
8.405464
8.404852
8.404240
8.403627
8.403014
8.402402
8.401789
8.401176
8.400562
8.399949
8.399335
8.398721
8.398108
8.397493
8.396879
8.396265
8.395650
8.395035
8.394421
8.393806
8.393190
8.392575
8.391960
8.391344
8.390728
8.390112
8.389496
8.388880
8.388263
8.387647
8.387030
8.386413
8.385796
8.385178
8.384561
8.383943
8.383326
8.382708
8.382090
8.381472
8.380853
8.380235
8.379616
8.378997
8.378378
8.377759
8.377140
8.376520
8.375901
8.375281
8.374661
8.374041
8.373421
8.372800
8.372180
8.371559
8.370938
8.370317
8.369696
8.369074
8.368453
8.367831
8.367209
8.366587
8.365965
8.365343
8.364720
8.364098
8.363475
8.362852
8.362229
8.361606
8.360982
8.360359
8.359735
8.359111
8.358487
8.357863
8.357238
8.356614
8.355989
8.355364
8.354739
8.354114
8.353489
8.352864
8.352238
8.351612
8.350986
8.350360
8.349734
8.349107
8.348481
8.347854
8.347227
8.346600
8.345973
8.345346
8.344718
8.344090
8.343463
8.342835
8.342206
8.341578
8.340950
8.340321
8.339692
8.339063
8.338434
8.337805
8.337176
8.336546
8.335916
8.335286
8.334656
8.334026
8.333396
8.332765
8.332135
8.331504
8.330873
8.330242
8.329610
8.328979
8.328347
8.327716
8.327084
8.326451
8.325819
8.325187
8.324554
8.323922
8.323289
8.322656
8.322022
8.321389
8.320756
8.320122
8.319488
8.318854
8.318220
8.317586
8.316951
8.316317
8.315682
8.315047
8.314412
8.313777
8.313141
8.312506
8.311870
8.311234
8.310598
8.309962
8.309326
8.308689
8.308052
8.307416
8.306779
8.306142
8.305504
8.304867
8.304229
8.303592
8.302954
8.302316
8.301677
8.301039
8.300400
8.299762
8.299123
8.298484
8.297845
8.297205
8.296566
8.295926
8.295286
8.294647
8.294006
8.293366
8.292726
8.292085
8.291444
8.290804
8.290163
8.289521
8.288880
8.288238
8.287597
8.286955
8.286313
8.285671
8.285028
8.284386
8.283743
8.283101
8.282458
8.281815
8.281171
8.280528
8.279884
8.279241
8.278597
8.277953
8.277309
8.276664
8.276020
8.275375
8.274730
8.274085
8.273440
8.272795
8.272150
8.271504
8.270858
8.270212
8.269566
8.268920
8.268274
8.267627
8.266980
8.266334
8.265687
8.265039
8.264392
8.263745
8.263097
8.262449
8.261801
8.261153
8.260505
8.259856
8.259208
8.258559
8.257910
8.257261
8.256612
8.255963
8.255313
8.254664
8.254014
8.253364
8.252714
8.252063
8.251413
8.250762
8.250112
8.249461
8.248810
8.248158
8.247507
8.246855
8.246204
8.245552
8.244900
8.244248
8.243595
8.242943
8.242290
8.241637
8.240984
8.240331
8.239678
8.239025
8.238371
8.237717
8.237064
8.236409
8.235755
8.235101
8.234446
8.233792
8.233137
8.232482
8.231827
8.231172
8.230516
8.229861
8.229205
8.228549
8.227893
8.227237
8.226580
8.225924
8.225267
8.224610
8.223953
8.223296
8.222639
8.221981
8.221324
8.220666
8.220008
8.219350
8.218691
8.218033
8.217374
8.216716
8.216057
8.215398
8.214739
8.214079
8.213420
8.212760
8.212100
8.211440
8.210780
8.210120
8.209460
8.208799
8.208138
8.207477
8.206816
8.206155
8.205494
8.204832
8.204170
8.203509
8.202847
8.202184
8.201522
8.200860
8.200197
8.199534
8.198871
8.198208
8.197545
8.196882
8.196218
8.195554
8.194891
8.194227
8.193562
8.192898
8.192234
8.191569
8.190904
8.190239
8.189574
8.188909
8.188243
8.187578
8.186912
8.186246
8.185580
8.184914
8.184248
8.183581
8.182915
8.182248
8.181581
8.180914
8.180246
8.179579
8.178911
8.178244
8.177576
8.176908
8.176239
8.175571
8.174903
8.174234
8.173565
8.172896
8.172227
8.171558
8.170888
8.170219
8.169549
8.168879
8.168209
8.167539
8.166868
8.166198
8.165527
8.164856
8.164185
8.163514
8.162843
8.162171
8.161500
8.160828
8.160156
8.159484
8.158812
8.158139
8.157467
8.156794
8.156121
8.155448
8.154775
8.154101
8.153428
8.152754
8.152081
8.151407
8.150732
8.150058
8.149384
8.148709
8.148035
8.147360
8.146685
8.146009
8.145334
8.144659
8.143983
8.143307
8.142631
8.141955
8.141279
8.140602
8.139926
8.139249
8.138572
8.137895
8.137218
8.136541
8.135863
8.135185
8.134508
8.133830
8.133151
8.132473
8.131795
8.131116
8.130437
8.129758
8.129079
8.128400
8.127721
8.127041
8.126362
8.125682
8.125002
8.124322
8.123641
8.122961
8.122280
8.121600
8.120919
8.120238
8.119556
8.118875
8.118193
8.117512
8.116830
8.116148
8.115466
8.114784
8.114101
8.113418
8.112736
8.112053
8.111370
8.110686
8.110003
8.109320
8.108636
8.107952
8.107268
8.106584
8.105900
8.105215
8.104530
8.103846
8.103161
8.102476
8.101790
8.101105
8.100420
8.099734
8.099048
8.098362
8.097676
8.096990
8.096303
8.095616
8.094930
8.094243
8.093556
8.092868
8.092181
8.091493
8.090806
8.090118
8.089430
8.088742
8.088053
8.087365
8.086676
8.085988
8.085299
8.084610
8.083920
8.083231
8.082541
8.081852
8.081162
8.080472
8.079782
8.079091
8.078401
8.077710
8.077019
8.076329
8.075637
8.074946
8.074255
8.073563
8.072872
8.072180
8.071488
8.070796
8.070103
8.069411
8.068718
8.068025
8.067332
8.066639
8.065946
8.065253
8.064559
8.063865
8.063172
8.062478
8.061783
8.061089
8.060395
8.059700
8.059005
8.058310
8.057615
8.056920
8.056225
8.055529
8.054833
8.054138
8.053442
8.052745
8.052049
8.051353
8.050656
8.049959
8.049262
8.048565
8.047868
8.047171
8.046473
8.045775
8.045078
8.044380
8.043681
8.042983
8.042285
8.041586
8.040887
8.040188
8.039489
8.038790
8.038091
8.037391
8.036691
8.035992
8.035292
8.034591
8.033891
8.033191
8.032490
8.031789
8.031088
8.030387
8.029686
8.028985
8.028283
8.027582
8.026880
8.026178
8.025476
8.024773
8.024071
8.023368
8.022666
8.021963
8.021260
8.020556
8.019853
8.019150
8.018446
8.017742
8.017038
8.016334
8.015630
8.014925
8.014221
8.013516
8.012811
8.012106
8.011401
8.010696
8.009990
8.009284
8.008579
8.007873
8.007167
8.006460
8.005754
8.005047
8.004341
8.003634
8.002927
8.002219
8.001512
8.000805
8.000097
7.999389
7.998681
7.997973
7.997265
7.996557
7.995848
7.995139
7.994430
7.993721
7.993012
7.992303
7.991593
7.990884
7.990174
7.989464
7.988754
7.988044
7.987333
7.986623
7.985912
7.985201
7.984490
7.983779
7.983068
7.982356
7.981645
7.980933
7.980221
7.979509
7.978797
7.978085
7.977372
7.976659
7.975947
7.975234
7.974520
7.973807
7.973094
7.972380
7.971666
7.970952
7.970238
7.969524
7.968810
7.968095
7.967381
7.966666
7.965951
7.965236
7.964521
7.963805
7.963090
7.962374
7.961658
7.960942
7.960226
7.959510
7.958793
7.958076
7.957360
7.956643
7.955926
7.955208
7.954491
7.953773
7.953056
7.952338
7.951620
7.950902
7.950184
7.949465
7.948746
7.948028
7.947309
7.946590
7.945871
7.945151
7.944432
7.943712
7.942992
7.942272
7.941552
7.940832
7.940111
7.939391
7.938670
7.937949
7.937228
7.936507
7.935786
7.935064
7.934342
7.933621
7.932899
7.932177
7.931454
7.930732
7.930009
7.929287
7.928564
7.927841
7.927118
7.926394
7.925671
7.924947
7.924224
7.923500
7.922776
7.922051
7.921327
7.920602
7.919878
7.919153
7.918428
7.917703
7.916978
7.916252
7.915527
7.914801
7.914075
7.913349
7.912623
7.911896
7.911170
7.910443
7.909716
7.908990
7.908262
7.907535
7.906808
7.906080
7.905353
7.904625
7.903897
7.903169
7.902440
7.901712
7.900983
7.900254
7.899525
7.898796
7.898067
7.897338
7.896608
7.895879
7.895149
7.894419
7.893689
7.892958
7.892228
7.891497
7.890767
7.890036
7.889305
7.888574
7.887842
7.887111
7.886379
7.885647
7.884916
7.884183
7.883451
7.882719
7.881986
7.881254
7.880521
7.879788
7.879055
7.878321
7.877588
7.876854
7.876121
7.875387
7.874653
7.873918
7.873184
7.872450
7.871715
7.870980
7.870245
7.869510
7.868775
7.868039
7.867304
7.866568
7.865832
7.865096
7.864360
7.863624
7.862887
7.862151
7.861414
7.860677
7.859940
7.859203
7.858465
7.857728
7.856990
7.856252
7.855515
7.854776
7.854038
7.853300
7.852561
7.851822
7.851084
7.850345
7.849605
7.848866
7.848127
7.847387
7.846647
7.845907
7.845167
7.844427
7.843687
7.842946
7.842205
7.841465
7.840724
7.839983
7.839241
7.838500
7.837758
7.837017
7.836275
7.835533
7.834791
7.834048
7.833306
7.832563
7.831820
7.831077
7.830334
7.829591
7.828848
7.828104
7.827361
7.826617
7.825873
7.825129
7.824384
7.823640
7.822895
7.822151
7.821406
7.820661
7.819916
7.819170
7.818425
7.817679
7.816933
7.816187
7.815441
7.814695
7.813949
7.813202
7.812456
7.811709
7.810962
7.810215
7.809467
7.808720
7.807972
7.807225
7.806477
7.805729
7.804981
7.804232
7.803484
7.802735
7.801986
7.801237
7.800488
7.799739
7.798990
7.798240
7.797491
7.796741
7.795991
7.795241
7.794490
7.793740
7.792989
7.792239
7.791488
7.790737
7.789986
7.789234
7.788483
7.787731
7.786980
7.786228
7.785476
7.784723
7.783971
7.783219
7.782466
7.781713
7.780960
7.780207
7.779454
7.778700
7.777947
7.777193
7.776439
7.775685
7.774931
7.774177
7.773422
7.772668
7.771913
7.771158
7.770403
7.769648
7.768892
7.768137
7.767381
7.766626
7.765870
7.765113
7.764357
7.763601
7.762844
7.762088
7.761331
7.760574
7.759817
7.759059
7.758302
7.757544
7.756787
7.756029
7.755271
7.754513
7.753754
7.752996
7.752237
7.751478
7.750719
7.749960
7.749201
7.748442
7.747682
7.746923
7.746163
7.745403
7.744643
7.743882
7.743122
7.742361
7.741601
7.740840
7.740079
7.739318
7.738556
7.737795
7.737033
7.736272
7.735510
7.734748
7.733985
7.733223
7.732461
7.731698
7.730935
7.730172
7.729409
7.728646
7.727883
7.727119
7.726355
7.725592
7.724828
7.724063
7.723299
7.722535
7.721770
7.721005
7.720241
7.719476
7.718710
7.717945
7.717180
7.716414
7.715648
7.714882
7.714116
7.713350
7.712584
7.711817
7.711051
7.710284
7.709517
7.708750
7.707982
7.707215
7.706448
7.705680
7.704912
7.704144
7.703376
7.702608
7.701839
7.701071
7.700302
7.699533
7.698764
7.697995
7.697225
7.696456
7.695686
7.694917
7.694147
7.693377
7.692606
7.691836
7.691066
7.690295
7.689524
7.688753
7.687982
7.687211
7.686439
7.685668
7.684896
7.684124
7.683352
7.682580
7.681808
7.681036
7.680263
7.679490
7.678717
7.677944
7.677171
7.676398
7.675625
7.674851
7.674077
7.673303
7.672529
7.671755
7.670981
7.670206
7.669432
7.668657
7.667882
7.667107
7.666331
7.665556
7.664781
7.664005
7.663229
7.662453
7.661677
7.660901
7.660124
7.659348
7.658571
7.657794
7.657017
7.656240
7.655463
7.654685
7.653908
7.653130
7.652352
7.651574
7.650796
7.650018
7.649239
7.648460
7.647682
7.646903
7.646124
7.645344
7.644565
7.643786
7.643006
7.642226
7.641446
7.640666
7.639886
7.639106
7.638325
7.637544
7.636763
7.635982
7.635201
7.634420
7.633639
7.632857
7.632075
7.631294
7.630512
7.629729
7.628947
7.628165
7.627382
7.626599
7.625816
7.625033
7.624250
7.623467
7.622683
7.621900
7.621116
7.620332
7.619548
7.618764
7.617979
7.617195
7.616410
7.615625
7.614841
7.614055
7.613270
7.612485
7.611699
7.610914
7.610128
7.609342
7.608556
7.607769
7.606983
7.606196
7.605410
7.604623
7.603836
7.603049
7.602261
7.601474
7.600686
7.599899
7.599111
7.598323
7.597535
7.596746
7.595958
7.595169
7.594380
7.593592
7.592802
7.592013
7.591224
7.590434
7.589645
7.588855
7.588065
7.587275
7.586485
7.585694
7.584904
7.584113
7.583322
7.582532
7.581740
7.580949
7.580158
7.579366
7.578575
7.577783
7.576991
7.576199
7.575406
7.574614
7.573821
7.573029
7.572236
7.571443
7.570650
7.569856
7.569063
7.568269
7.567476
7.566682
7.565888
7.565094
7.564299
7.563505
7.562710
7.561915
7.561121
7.560325
7.559530
7.558735
7.557939
7.557144
7.556348
7.555552
7.554756
7.553960
7.553164
7.552367
7.551570
7.550774
7.549977
7.549180
7.548382
7.547585
7.546787
7.545990
7.545192
7.544394
7.543596
7.542798
7.541999
7.541201
7.540402
7.539603
7.538804
7.538005
7.537206
7.536406
7.535607
7.534807
7.534007
7.533207
7.532407
7.531607
7.530806
7.530006
7.529205
7.528404
7.527603
7.526802
7.526001
7.525199
7.524398
7.523596
7.522794
7.521992
7.521190
7.520388
7.519585
7.518782
7.517980
7.517177
7.516374
7.515571
7.514767
7.513964
7.513160
7.512356
7.511552
7.510748
7.509944
7.509140
7.508335
7.507531
7.506726
7.505921
7.505116
7.504311
7.503505
7.502700
7.501894
7.501088
7.500282
7.499476
7.498670
7.497864
7.497057
7.496250
7.495443
7.494637
7.493829
7.493022
7.492215
7.491407
7.490599
7.489792
7.488984
7.488176
7.487367
7.486559
7.485750
7.484942
7.484133
7.483324
7.482515
7.481705
7.480896
7.480086
7.479277
7.478467
7.477657
7.476847
7.476036
7.475226
7.474415
7.473605
7.472794
7.471983
7.471172
7.470360
7.469549
7.468737
7.467925
7.467114
7.466301
7.465489
7.464677
7.463865
7.463052
7.462239
7.461426
7.460613
7.459800
7.458987
7.458173
7.457360
7.456546
7.455732
7.454918
7.454104
7.453289
7.452475
7.451660
7.450846
7.450031
7.449216
7.448400
7.447585
7.446769
7.445954
7.445138
7.444322
7.443506
7.442690
7.441874
7.441057
7.440240
7.439424
7.438607
7.437790
7.436972
7.436155
7.435337
7.434520
7.433702
7.432884
7.432066
7.431248
7.430429
7.429611
7.428792
7.427973
7.427154
7.426335
7.425516
7.424697
7.423877
7.423058
7.422238
7.421418
7.420598
7.419778
7.418957
7.418137
7.417316
7.416495
7.415674
7.414853
7.414032
7.413210
7.412389
7.411567
7.410745
7.409923
7.409101
7.408279
7.407457
7.406634
7.405811
7.404989
7.404166
7.403343
7.402519
7.401696
7.400872
7.400049
7.399225
7.398401
7.397577
7.396752
7.395928
7.395104
7.394279
7.393454
7.392629
7.391804
7.390979
7.390153
7.389328
7.388502
7.387676
7.386850
7.386024
7.385198
7.384371
7.383545
7.382718
7.381891
7.381064
7.380237
7.379410
7.378583
7.377755
7.376927
7.376100
7.375272
7.374443
7.373615
7.372787
7.371958
7.371129
7.370301
7.369472
7.368643
7.367813
7.366984
7.366154
7.365325
7.364495
7.363665
7.362835
7.362004
7.361174
7.360343
7.359513
7.358682
7.357851
7.357020
7.356189
7.355357
7.354526
7.353694
7.352862
7.352030
7.351198
7.350366
7.349533
7.348701
7.347868
7.347035
7.346202
7.345369
7.344536
7.343703
7.342869
7.342035
7.341201
7.340367
7.339533
7.338699
7.337865
7.337030
7.336195
7.335361
7.334526
7.333691
7.332855
7.332020
7.331184
7.330349
7.329513
7.328677
7.327841
7.327005
7.326168
7.325332
7.324495
7.323658
7.322821
7.321984
7.321147
7.320309
7.319472
7.318634
7.317796
7.316959
7.316120
7.315282
7.314444
7.313605
7.312767
7.311928
7.311089
7.310250
7.309411
7.308571
7.307732
7.306892
7.306052
7.305212
7.304372
7.303532
7.302692
7.301851
7.301010
7.300170
7.299329
7.298488
7.297646
7.296805
7.295964
7.295122
7.294280
7.293438
7.292596
7.291754
7.290912
7.290069
7.289226
7.288384
7.287541
7.286698
7.285855
7.285011
7.284168
7.283324
7.282480
7.281636
7.280792
7.279948
7.279104
7.278259
7.277415
7.276570
7.275725
7.274880
7.274035
7.273190
7.272344
7.271499
7.270653
7.269807
7.268961
7.268115
7.267268
7.266422
7.265575
7.264729
7.263882
7.263035
7.262188
7.261340
7.260493
7.259645
7.258798
7.257950
7.257102
7.256254
7.255405
7.254557
7.253708
7.252860
7.252011
7.251162
7.250313
7.249463
7.248614
7.247764
7.246915
7.246065
7.245215
7.244365
7.243515
7.242664
7.241814
7.240963
7.240112
7.239261
7.238410
7.237559
7.236707
7.235856
7.235004
7.234152
7.233300
7.232448
7.231596
7.230744
7.229891
7.229039
7.228186
7.227333
7.226480
7.225627
7.224773
7.223920
7.223066
7.222212
7.221359
7.220504
7.219650
7.218796
7.217941
7.217087
7.216232
7.215377
7.214522
7.213667
7.212812
7.211956
7.211101
7.210245
7.209389
7.208533
7.207677
7.206821
7.205964
7.205108
7.204251
7.203394
7.202537
7.201680
7.200823
7.199965
7.199108
7.198250
7.197392
7.196534
7.195676
7.194818
7.193959
7.193101
7.192242
7.191383
7.190524
7.189665
7.188806
7.187947
7.187087
7.186227
7.185368
7.184508
7.183648
7.182787
7.181927
7.181066
7.180206
7.179345
7.178484
7.177623
7.176762
7.175901
7.175039
7.174177
7.173316
7.172454
7.171592
7.170730
7.169867
7.169005
7.168142
7.167280
7.166417
7.165554
7.164690
7.163827
7.162964
7.162100
7.161236
7.160373
7.159509
7.158645
7.157780
7.156916
7.156051
7.155187
7.154322
7.153457
7.152592
7.151726
7.150861
7.149996
7.149130
7.148264
7.147398
7.146532
7.145666
7.144800
7.143933
7.143066
7.142200
7.141333
7.140466
7.139598
7.138731
7.137864
7.136996
7.136128
7.135260
7.134392
7.133524
7.132656
7.131788
7.130919
7.130050
7.129181
7.128312
7.127443
7.126574
7.125705
7.124835
7.123965
7.123095
7.122226
7.121355
7.120485
7.119615
7.118744
7.117874
7.117003
7.116132
7.115261
7.114390
7.113518
7.112647
7.111775
7.110903
7.110031
7.109159
7.108287
7.107415
7.106542
7.105670
7.104797
7.103924
7.103051
7.102178
7.101305
7.100431
7.099558
7.098684
7.097810
7.096936
7.096062
7.095188
7.094313
7.093439
7.092564
7.091689
7.090814
7.089939
7.089064
7.088189
7.087313
7.086437
7.085562
7.084686
7.083810
7.082933
7.082057
7.081181
7.080304
7.079427
7.078550
7.077673
7.076796
7.075919
7.075041
7.074164
7.073286
7.072408
7.071530
7.070652
7.069774
7.068895
7.068017
7.067138
7.066259
7.065380
7.064501
7.063622
7.062743
7.061863
7.060984
7.060104
7.059224
7.058344
7.057464
7.056583
7.055703
7.054822
7.053941
7.053061
7.052179
7.051298
7.050417
7.049536
7.048654
7.047772
7.046890
7.046008
7.045126
7.044244
7.043362
7.042479
7.041596
7.040714
7.039831
7.038948
7.038064
7.037181
7.036297
7.035414
7.034530
7.033646
7.032762
7.031878
7.030994
7.030109
7.029225
7.028340
7.027455
7.026570
7.025685
7.024799
7.023914
7.023028
7.022143
7.021257
7.020371
7.019485
7.018599
7.017712
7.016826
7.015939
7.015052
7.014165
7.013278
7.012391
7.011504
7.010616
7.009729
7.008841
7.007953
7.007065
7.006177
7.005288
7.004400
7.003511
7.002623
7.001734
7.000845
6.999956
6.999067
6.998177
6.997288
6.996398
6.995508
6.994618
6.993728
6.992838
6.991948
6.991057
6.990166
6.989276
6.988385
6.987494
6.986603
6.985711
6.984820
6.983928
6.983036
6.982145
6.981253
6.980360
6.979468
6.978576
6.977683
6.976791
6.975898
6.975005
6.974112
6.973219
6.972325
6.971432
6.970538
6.969644
6.968750
6.967856
6.966962
6.966068
6.965173
6.964279
6.963384
6.962489
6.961594
6.960699
6.959804
6.958909
6.958013
6.957117
6.956222
6.955326
6.954429
6.953533
6.952637
6.951740
6.950844
6.949947
6.949050
6.948153
6.947256
6.946359
6.945461
6.944564
6.943666
6.942768
6.941870
6.940972
6.940074
6.939175
6.938277
6.937378
6.936479
6.935580
6.934681
6.933782
6.932883
6.931983
6.931084
6.930184
6.929284
6.928384
6.927484
6.926584
6.925683
6.924783
6.923882
6.922981
6.922080
6.921179
6.920278
6.919377
6.918475
6.917573
6.916672
6.915770
6.914868
6.913965
6.913063
6.912161
6.911258
6.910355
6.909453
6.908550
6.907646
6.906743
6.905840
6.904936
6.904033
6.903129
6.902225
6.901321
6.900416
6.899512
6.898608
6.897703
6.896798
6.895893
6.894988
6.894083
6.893178
6.892273
6.891367
6.890461
6.889555
6.888649
6.887743
6.886837
6.885931
6.885024
6.884118
6.883211
6.882304
6.881397
6.880490
6.879582
6.878675
6.877767
6.876860
6.875952
6.875044
6.874136
6.873227
6.872319
6.871410
6.870502
6.869593
6.868684
6.867775
6.866866
6.865957
6.865047
6.864137
6.863228
6.862318
6.861408
6.860498
6.859587
6.858677
6.857766
6.856856
6.855945
6.855034
6.854123
6.853212
6.852300
6.851389
6.850477
6.849566
6.848654
6.847742
6.846829
6.845917
6.845005
6.844092
6.843179
6.842267
6.841354
6.840441
6.839527
6.838614
6.837701
6.836787
6.835873
6.834959
6.834045
6.833131
6.832217
6.831302
6.830388
6.829473
6.828558
6.827643
6.826728
6.825813
6.824898
6.823982
6.823066
6.822151
6.821235
6.820319
6.819402
6.818486
6.817570
6.816653
6.815736
6.814820
6.813903
6.812986
6.812068
6.811151
6.810233
6.809316
6.808398
6.807480
6.806562
6.805644
6.804726
6.803807
6.802889
6.801970
6.801051
6.800132
6.799213
6.798294
6.797374
6.796455
6.795535
6.794615
6.793695
6.792775
6.791855
6.790935
6.790014
6.789094
6.788173
6.787252
6.786331
6.785410
6.784489
6.783568
6.782646
6.781724
6.780803
6.779881
6.778959
6.778037
6.777114
6.776192
6.775269
6.774347
6.773424
6.772501
6.771578
6.770654
6.769731
6.768807
6.767884
6.766960
6.766036
6.765112
6.764188
6.763264
6.762339
6.761415
6.760490
6.759565
6.758640
6.757715
6.756790
6.755864
6.754939
6.754013
6.753088
6.752162
6.751236
6.750310
6.749383
6.748457
6.747530
6.746604
6.745677
6.744750
6.743823
6.742895
6.741968
6.741041
6.740113
6.739185
6.738257
6.737329
6.736401
6.735473
6.734545
6.733616
6.732687
6.731759
6.730830
6.729901
6.728971
6.728042
6.727113
6.726183
6.725253
6.724323
6.723393
6.722463
6.721533
6.720603
6.719672
6.718741
6.717811
6.716880
6.715949
6.715017
6.714086
6.713155
6.712223
6.711291
6.710360
6.709428
6.708495
6.707563
6.706631
6.705698
6.704766
6.703833
6.702900
6.701967
6.701034
6.700101
6.699167
6.698234
6.697300
6.696366
6.695432
6.694498
6.693564
6.692630
6.691695
6.690760
6.689826
6.688891
6.687956
6.687021
6.686085
6.685150
6.684214
6.683279
6.682343
6.681407
6.680471
6.679535
6.678599
6.677662
6.676726
6.675789
6.674852
6.673915
6.672978
6.672041
6.671103
6.670166
6.669228
6.668290
6.667353
6.666415
6.665476
6.664538
6.663600
6.662661
6.661722
6.660784
6.659845
6.658906
6.657966
6.657027
6.656088
6.655148
6.654208
6.653268
6.652328
6.651388
6.650448
6.649508
6.648567
6.647627
6.646686
6.645745
6.644804
6.643863
6.642921
6.641980
6.641038
6.640097
6.639155
6.638213
6.637271
6.636329
6.635386
6.634444
6.633501
6.632559
6.631616
6.630673
6.629730
6.628786
6.627843
6.626899
6.625956
6.625012
6.624068
6.623124
6.622180
6.621236
6.620291
6.619347
6.618402
6.617457
6.616512
6.615567
6.614622
6.613677
6.612731
6.611785
6.610840
6.609894
6.608948
6.608002
6.607056
6.606109
6.605163
6.604216
6.603269
6.602322
6.601375
6.600428
6.599481
6.598533
6.597586
6.596638
6.595690
6.594742
6.593794
6.592846
6.591898
6.590949
6.590001
6.589052
6.588103
6.587154
6.586205
6.585256
6.584307
6.583357
6.582407
6.581458
6.580508
6.579558
6.578608
6.577657
6.576707
6.575756
6.574806
6.573855
6.572904
6.571953
6.571002
6.570050
6.569099
6.568147
6.567196
6.566244
6.565292
6.564340
6.563388
6.562435
6.561483
6.560530
6.559578
6.558625
6.557672
6.556719
6.555765
6.554812
6.553858
6.552905
6.551951
6.550997
6.550043
6.549089
6.548135
6.547180
6.546226
6.545271
6.544316
6.543361
6.542406
6.541451
6.540496
6.539540
6.538585
6.537629
6.536673
6.535717
6.534761
6.533805
6.532849
6.531892
6.530936
6.529979
6.529022
6.528065
6.527108
6.526151
6.525193
6.524236
6.523278
6.522320
6.521362
6.520404
6.519446
6.518488
6.517530
6.516571
6.515612
6.514654
6.513695
6.512736
6.511776
6.510817
6.509858
6.508898
6.507938
6.506979
6.506019
6.505059
6.504098
6.503138
6.502178
6.501217
6.500256
6.499296
6.498335
6.497373
6.496412
6.495451
6.494489
6.493528
6.492566
6.491604
6.490642
6.489680
6.488718
6.487755
6.486793
6.485830
6.484868
6.483905
6.482942
6.481978
6.481015
6.480052
6.479088
6.478125
6.477161
6.476197
6.475233
6.474269
6.473304
6.472340
6.471375
6.470411
6.469446
6.468481
6.467516
6.466551
6.465585
6.464620
6.463654
6.462689
6.461723
6.460757
6.459791
6.458825
6.457858
6.456892
6.455925
6.454958
6.453992
6.453025
6.452058
6.451090
6.450123
6.449155
6.448188
6.447220
6.446252
6.445284
6.444316
6.443348
6.442379
6.441411
6.440442
6.439474
6.438505
6.437536
6.436567
6.435597
6.434628
6.433658
6.432689
6.431719
6.430749
6.429779
6.428809
6.427839
6.426868
6.425898
6.424927
6.423956
6.422985
6.422014
6.421043
6.420072
6.419100
6.418129
6.417157
6.416185
6.415213
6.414241
6.413269
6.412297
6.411324
6.410352
6.409379
6.408406
6.407433
6.406460
6.405487
6.404514
6.403540
6.402567
6.401593
6.400619
6.399645
6.398671
6.397697
6.396723
6.395748
6.394773
6.393799
6.392824
6.391849
6.390874
6.389899
6.388923
6.387948
6.386972
6.385996
6.385021
6.384045
6.383069
6.382092
6.381116
6.380139
6.379163
6.378186
6.377209
6.376232
6.375255
6.374278
6.373301
6.372323
6.371345
6.370368
6.369390
6.368412
6.367434
6.366455
6.365477
6.364499
6.363520
6.362541
6.361562
6.360583
6.359604
6.358625
6.357646
6.356666
6.355686
6.354707
6.353727
6.352747
6.351767
6.350786
6.349806
6.348825
6.347845
6.346864
6.345883
6.344902
6.343921
6.342940
6.341958
6.340977
6.339995
6.339013
6.338032
6.337049
6.336067
6.335085
6.334103
6.333120
6.332138
6.331155
6.330172
6.329189
6.328206
6.327222
6.326239
6.325256
6.324272
6.323288
6.322304
6.321320
6.320336
6.319352
6.318367
6.317383
6.316398
6.315413
6.314429
6.313444
6.312458
6.311473
6.310488
6.309502
6.308517
6.307531
6.306545
6.305559
6.304573
6.303586
6.302600
6.301614
6.300627
6.299640
6.298653
6.297666
6.296679
6.295692
6.294704
6.293717
6.292729
6.291741
6.290754
6.289766
6.288777
6.287789
6.286801
6.285812
6.284824
6.283835
6.282846
6.281857
6.280868
6.279879
6.278889
6.277900
6.276910
6.275920
6.274930
6.273940
6.272950
6.271960
6.270970
6.269979
6.268988
6.267998
6.267007
6.266016
6.265025
6.264033
6.263042
6.262051
6.261059
6.260067
6.259075
6.258083
6.257091
6.256099
6.255107
6.254114
6.253122
6.252129
6.251136
6.250143
6.249150
6.248157
6.247163
6.246170
6.245176
6.244183
6.243189
6.242195
6.241201
6.240206
6.239212
6.238218
6.237223
6.236228
6.235233
6.234238
6.233243
6.232248
6.231253
6.230257
6.229262
6.228266
6.227270
6.226274
6.225278
6.224282
6.223286
6.222289
6.221293
6.220296
6.219299
6.218302
6.217305
6.216308
6.215311
6.214313
6.213316
6.212318
6.211320
6.210322
6.209324
6.208326
6.207328
6.206329
6.205331
6.204332
6.203333
6.202335
6.201336
6.200336
6.199337
6.198338
6.197338
6.196339
6.195339
6.194339
6.193339
6.192339
6.191338
6.190338
6.189338
6.188337
6.187336
6.186335
6.185334
6.184333
6.183332
6.182331
6.181329
6.180328
6.179326
6.178324
6.177322
6.176320
6.175318
6.174315
6.173313
6.172310
6.171308
6.170305
6.169302
6.168299
6.167295
6.166292
6.165289
6.164285
6.163281
6.162278
6.161274
6.160270
6.159265
6.158261
6.157257
6.156252
6.155248
6.154243
6.153238
6.152233
6.151228
6.150222
6.149217
6.148211
6.147206
6.146200
6.145194
6.144188
6.143182
6.142176
6.141169
6.140163
6.139156
6.138150
6.137143
6.136136
6.135129
6.134121
6.133114
6.132107
6.131099
6.130091
6.129083
6.128075
6.127067
6.126059
6.125051
6.124042
6.123034
6.122025
6.121016
6.120007
6.118998
6.117989
6.116980
6.115970
6.114961
6.113951
6.112941
6.111932
6.110922
6.109911
6.108901
6.107891
6.106880
6.105870
6.104859
6.103848
6.102837
6.101826
6.100815
6.099803
6.098792
6.097780
6.096768
6.095757
6.094745
6.093733
6.092720
6.091708
6.090696
6.089683
6.088670
6.087658
6.086645
6.085632
6.084618
6.083605
6.082592
6.081578
6.080564
6.079551
6.078537
6.077523
6.076509
6.075494
6.074480
6.073465
6.072451
6.071436
6.070421
6.069406
6.068391
6.067376
6.066361
6.065345
6.064330
6.063314
6.062298
6.061282
6.060266
6.059250
6.058233
6.057217
6.056200
6.055184
6.054167
6.053150
6.052133
6.051116
6.050099
6.049081
6.048064
6.047046
6.046028
6.045010
6.043992
6.042974
6.041956
6.040938
6.039919
6.038901
6.037882
6.036863
6.035844
6.034825
6.033806
6.032787
6.031767
6.030748
6.029728
6.028708
6.027688
6.026668
6.025648
6.024628
6.023607
6.022587
6.021566
6.020545
6.019525
6.018504
6.017483
6.016461
6.015440
6.014418
6.013397
6.012375
6.011353
6.010331
6.009309
6.008287
6.007265
6.006242
6.005220
6.004197
6.003174
6.002151
6.001128
6.000105
5.999082
5.998059
5.997035
5.996012
5.994988
5.993964
5.992940
5.991916
5.990892
5.989867
5.988843
5.987818
5.986794
5.985769
5.984744
5.983719
5.982694
5.981668
5.980643
5.979617
5.978592
5.977566
5.976540
5.975514
5.974488
5.973462
5.972435
5.971409
5.970382
5.969356
5.968329
5.967302
5.966275
5.965247
5.964220
5.963193
5.962165
5.961138
5.960110
5.959082
5.958054
5.957026
5.955997
5.954969
5.953941
5.952912
5.951883
5.950854
5.949825
5.948796
5.947767
5.946738
5.945708
5.944679
5.943649
5.942619
5.941589
5.940559
5.939529
5.938499
5.937468
5.936438
5.935407
5.934377
5.933346
5.932315
5.931284
5.930252
5.929221
5.928190
5.927158
5.926126
5.925095
5.924063
5.923031
5.921998
5.920966
5.919934
5.918901
5.917869
5.916836
5.915803
5.914770
5.913737
5.912704
5.911670
5.910637
5.909603
5.908570
5.907536
5.906502
5.905468
5.904434
5.903399
5.902365
5.901330
5.900296
5.899261
5.898226
5.897191
5.896156
5.895121
5.894085
5.893050
5.892014
5.890979
5.889943
5.888907
5.887871
5.886835
5.885798
5.884762
5.883726
5.882689
5.881652
5.880615
5.879578
5.878541
5.877504
5.876467
5.875429
5.874392
5.873354
5.872316
5.871278
5.870240
5.869202
5.868164
5.867125
5.866087
5.865048
5.864010
5.862971
5.861932
5.860893
5.859853
5.858814
5.857775
5.856735
5.855695
5.854656
5.853616
5.852576
5.851536
5.850495
5.849455
5.848414
5.847374
5.846333
5.845292
5.844251
5.843210
5.842169
5.841128
5.840086
5.839045
5.838003
5.836961
5.835919
5.834877
5.833835
5.832793
5.831751
5.830708
5.829666
5.828623
5.827580
5.826537
5.825494
5.824451
5.823408
5.822364
5.821321
5.820277
5.819233
5.818189
5.817145
5.816101
5.815057
5.814013
5.812968
5.811924
5.810879
5.809834
5.808789
5.807744
5.806699
5.805654
5.804609
5.803563
5.802518
5.801472
5.800426
5.799380
5.798334
5.797288
5.796241
5.795195
5.794149
5.793102
5.792055
5.791008
5.789961
5.788914
5.787867
5.786820
5.785772
5.784725
5.783677
5.782629
5.781581
5.780533
5.779485
5.778437
5.777388
5.776340
5.775291
5.774242
5.773194
5.772145
5.771096
5.770046
5.768997
5.767948
5.766898
5.765849
5.764799
5.763749
5.762699
5.761649
5.760599
5.759548
5.758498
5.757447
5.756397
5.755346
5.754295
5.753244
5.752193
5.751141
5.750090
5.749039
5.747987
5.746935
5.745883
5.744831
5.743779
5.742727
5.741675
5.740623
5.739570
5.738517
5.737465
5.736412
5.735359
5.734306
5.733252
5.732199
5.731146
5.730092
5.729038
5.727985
5.726931
5.725877
5.724823
5.723768
5.722714
5.721660
5.720605
5.719550
5.718496
5.717441
5.716386
5.715330
5.714275
5.713220
5.712164
5.711109
5.710053
5.708997
5.707941
5.706885
5.705829
5.704773
5.703716
5.702660
5.701603
5.700546
5.699489
5.698432
5.697375
5.696318
5.695261
5.694203
5.693146
5.692088
5.691030
5.689973
5.688915
5.687856
5.686798
5.685740
5.684681
5.683623
5.682564
5.681505
5.680446
5.679387
5.678328
5.677269
5.676210
5.675150
5.674091
5.673031
5.671971
5.670911
5.669851
5.668791
5.667731
5.666670
5.665610
5.664549
5.663488
5.662428
5.661367
5.660306
5.659244
5.658183
5.657122
5.656060
5.654999
5.653937
5.652875
5.651813
5.650751
5.649689
5.648626
5.647564
5.646501
5.645439
5.644376
5.643313
5.642250
5.641187
5.640124
5.639061
5.637997
5.636934
5.635870
5.634806
5.633742
5.632678
5.631614
5.630550
5.629486
5.628421
5.627357
5.626292
5.625227
5.624162
5.623097
5.622032
5.620967
5.619901
5.618836
5.617770
5.616705
5.615639
5.614573
5.613507
5.612441
5.611375
5.610308
5.609242
5.608175
5.607108
5.606042
5.604975
5.603908
5.602841
5.601773
5.600706
5.599638
5.598571
5.597503
5.596435
5.595367
5.594299
5.593231
5.592163
5.591095
5.590026
5.588957
5.587889
5.586820
5.585751
5.584682
5.583613
5.582543
5.581474
5.580405
5.579335
5.578265
5.577195
5.576125
5.575055
5.573985
5.572915
5.571845
5.570774
5.569703
5.568633
5.567562
5.566491
5.565420
5.564349
5.563277
5.562206
5.561134
5.560063
5.558991
5.557919
5.556847
5.555775
5.554703
5.553631
5.552558
5.551486
5.550413
5.549341
5.548268
5.547195
5.546122
5.545048
5.543975
5.542902
5.541828
5.540755
5.539681
5.538607
5.537533
5.536459
5.535385
5.534311
5.533236
5.532162
5.531087
5.530012
5.528938
5.527863
5.526787
5.525712
5.524637
5.523562
5.522486
5.521411
5.520335
5.519259
5.518183
5.517107
5.516031
5.514955
5.513878
5.512802
5.511725
5.510648
5.509571
5.508495
5.507417
5.506340
5.505263
5.504186
5.503108
5.502031
5.500953
5.499875
5.498797
5.497719
5.496641
5.495563
5.494484
5.493406
5.492327
5.491248
5.490170
5.489091
5.488012
5.486932
5.485853
5.484774
5.483694
5.482615
5.481535
5.480455
5.479375
5.478295
5.477215
5.476135
5.475055
5.473974
5.472894
5.471813
5.470732
5.469651
5.468570
5.467489
5.466408
5.465326
5.464245
5.463163
5.462082
5.461000
5.459918
5.458836
5.457754
5.456672
5.455589
5.454507
5.453424
5.452342
5.451259
5.450176
5.449093
5.448010
5.446927
5.445844
5.444760
5.443677
5.442593
5.441509
5.440425
5.439341
5.438257
5.437173
5.436089
5.435004
5.433920
5.432835
5.431751
5.430666
5.429581
5.428496
5.427411
5.426325
5.425240
5.424154
5.423069
5.421983
5.420897
5.419811
5.418725
5.417639
5.416553
5.415467
5.414380
5.413293
5.412207
5.411120
5.410033
5.408946
5.407859
5.406772
5.405684
5.404597
5.403509
5.402422
5.401334
5.400246
5.399158
5.398070
5.396982
5.395893
5.394805
5.393716
5.392628
5.391539
5.390450
5.389361
5.388272
5.387183
5.386094
5.385004
5.383915
5.382825
5.381735
5.380646
5.379556
5.378466
5.377375
5.376285
5.375195
5.374104
5.373014
5.371923
5.370832
5.369741
5.368650
5.367559
5.366468
5.365377
5.364285
5.363194
5.362102
5.361010
5.359918
5.358826
5.357734
5.356642
5.355550
5.354457
5.353365
5.352272
5.351179
5.350087
5.348994
5.347901
5.346807
5.345714
5.344621
5.343527
5.342434
5.341340
5.340246
5.339152
5.338058
5.336964
5.335870
5.334775
5.333681
5.332586
5.331492
5.330397
5.329302
5.328207
5.327112
5.326017
5.324921
5.323826
5.322730
5.321635
5.320539
5.319443
5.318347
5.317251
5.316155
5.315059
5.313962
5.312866
5.311769
5.310673
5.309576
5.308479
5.307382
5.306285
5.305187
5.304090
5.302993
5.301895
5.300797
5.299700
5.298602
5.297504
5.296406
5.295308
5.294209
5.293111
5.292012
5.290914
5.289815
5.288716
5.287617
5.286518
5.285419
5.284320
5.283220
5.282121
5.281021
5.279922
5.278822
5.277722
5.276622
5.275522
5.274422
5.273321
5.272221
5.271120
5.270020
5.268919
5.267818
5.266717
5.265616
5.264515
5.263414
5.262312
5.261211
5.260109
5.259007
5.257906
5.256804
5.255702
5.254600
5.253497
5.252395
5.251293
5.250190
5.249087
5.247985
5.246882
5.245779
5.244676
5.243573
5.242469
5.241366
5.240262
5.239159
5.238055
5.236951
5.235847
5.234743
5.233639
5.232535
5.231431
5.230326
5.229222
5.228117
5.227012
5.225907
5.224802
5.223697
5.222592
5.221487
5.220381
5.219276
5.218170
5.217065
5.215959
5.214853
5.213747
5.212641
5.211535
5.210428
5.209322
5.208215
5.207109
5.206002
5.204895
5.203788
5.202681
5.201574
5.200467
5.199359
5.198252
5.197144
5.196036
5.194929
5.193821
5.192713
5.191605
5.190496
5.189388
5.188280
5.187171
5.186062
5.184954
5.183845
5.182736
5.181627
5.180518
5.179408
5.178299
5.177190
5.176080
5.174970
5.173861
5.172751
5.171641
5.170531
5.169420
5.168310
5.167200
5.166089
5.164979
5.163868
5.162757
5.161646
5.160535
5.159424
5.158313
5.157201
5.156090
5.154978
5.153867
5.152755
5.151643
5.150531
5.149419
5.148307
5.147195
5.146082
5.144970
5.143857
5.142744
5.141632
5.140519
5.139406
5.138293
5.137179
5.136066
5.134953
5.133839
5.132726
5.131612
5.130498
5.129384
5.128270
5.127156
5.126042
5.124927
5.123813
5.122698
5.121584
5.120469
5.119354
5.118239
5.117124
5.116009
5.114894
5.113778
5.112663
5.111547
5.110431
5.109316
5.108200
5.107084
5.105968
5.104851
5.103735
5.102619
5.101502
5.100386
5.099269
5.098152
5.097035
5.095918
5.094801
5.093684
5.092566
5.091449
5.090331
5.089214
5.088096
5.086978
5.085860
5.084742
5.083624
5.082506
5.081387
5.080269
5.079150
5.078032
5.076913
5.075794
5.074675
5.073556
5.072437
5.071318
5.070198
5.069079
5.067959
5.066839
5.065720
5.064600
5.063480
5.062360
5.061240
5.060119
5.058999
5.057878
5.056758
5.055637
5.054516
5.053395
5.052274
5.051153
5.050032
5.048911
5.047789
5.046668
5.045546
5.044424
5.043302
5.042181
5.041059
5.039936
5.038814
5.037692
5.036569
5.035447
5.034324
5.033201
5.032079
5.030956
5.029833
5.028709
5.027586
5.026463
5.025339
5.024216
5.023092
5.021968
5.020845
5.019721
5.018597
5.017472
5.016348
5.015224
5.014099
5.012975
5.011850
5.010725
5.009600
5.008475
5.007350
5.006225
5.005100
5.003975
5.002849
5.001724
5.000598
4.999472
4.998346
4.997220
4.996094
4.994968
4.993842
4.992715
4.991589
4.990462
4.989336
4.988209
4.987082
4.985955
4.984828
4.983701
4.982573
4.981446
4.980318
4.979191
4.978063
4.976935
4.975807
4.974679
4.973551
4.972423
4.971295
4.970166
4.969038
4.967909
4.966781
4.965652
4.964523
4.963394
4.962265
4.961136
4.960006
4.958877
4.957748
4.956618
4.955488
4.954358
4.953229
4.952099
4.950968
4.949838
4.948708
4.947578
4.946447
4.945316
4.944186
4.943055
4.941924
4.940793
4.939662
4.938531
4.937399
4.936268
4.935137
4.934005
4.932873
4.931742
4.930610
4.929478
4.928346
4.927213
4.926081
4.924949
4.923816
4.922684
4.921551
4.920418
4.919285
4.918152
4.917019
4.915886
4.914753
4.913619
4.912486
4.911352
4.910219
4.909085
4.907951
4.906817
4.905683
4.904549
4.903414
4.902280
4.901146
4.900011
4.898876
4.897741
4.896607
4.895472
4.894337
4.893201
4.892066
4.890931
4.889795
4.888660
4.887524
4.886388
4.885252
4.884117
4.882980
4.881844
4.880708
4.879572
4.878435
4.877299
4.876162
4.875025
4.873888
4.872751
4.871614
4.870477
4.869340
4.868203
4.867065
4.865928
4.864790
4.863652
4.862515
4.861377
4.860239
4.859100
4.857962
4.856824
4.855686
4.854547
4.853408
4.852270
4.851131
4.849992
4.848853
4.847714
4.846575
4.845435
4.844296
4.843156
4.842017
4.840877
4.839737
4.838597
4.837458
4.836317
4.835177
4.834037
4.832897
4.831756
4.830616
4.829475
4.828334
4.827193
4.826052
4.824911
4.823770
4.822629
4.821487
4.820346
4.819204
4.818063
4.816921
4.815779
4.814637
4.813495
4.812353
4.811211
4.810069
4.808926
4.807784
4.806641
4.805498
4.804355
4.803213
4.802070
4.800926
4.799783
4.798640
4.797497
4.796353
4.795209
4.794066
4.792922
4.791778
4.790634
4.789490
4.788346
4.787202
4.786057
4.784913
4.783768
4.782624
4.781479
4.780334
4.779189
4.778044
4.776899
4.775754
4.774608
4.773463
4.772317
4.771172
4.770026
4.768880
4.767734
4.766588
4.765442
4.764296
4.763150
4.762003
4.760857
4.759710
4.758563
4.757417
4.756270
4.755123
4.753976
4.752829
4.751681
4.750534
4.749387
4.748239
4.747091
4.745944
4.744796
4.743648
4.742500
4.741352
4.740203
4.739055
4.737907
4.736758
4.735610
4.734461
4.733312
4.732163
4.731014
4.729865
4.728716
4.727567
4.726417
4.725268
4.724118
4.722969
4.721819
4.720669
4.719519
4.718369
4.717219
4.716069
4.714918
4.713768
4.712617
4.711467
4.710316
4.709165
4.708014
4.706863
4.705712
4.704561
4.703410
4.702258
4.701107
4.699955
4.698804
4.697652
4.696500
4.695348
4.694196
4.693044
4.691892
4.690739
4.689587
4.688435
4.687282
4.686129
4.684976
4.683823
4.682670
4.681517
4.680364
4.679211
4.678058
4.676904
4.675751
4.674597
4.673443
4.672289
4.671135
4.669981
4.668827
4.667673
4.666519
4.665364
4.664210
4.663055
4.661900
4.660746
4.659591
4.658436
4.657281
4.656126
4.654970
4.653815
4.652659
4.651504
4.650348
4.649193
4.648037
4.646881
4.645725
4.644569
4.643413
4.642256
4.641100
4.639943
4.638787
4.637630
4.636473
4.635316
4.634159
4.633002
4.631845
4.630688
4.629531
4.628373
4.627216
4.626058
4.624900
4.623743
4.622585
4.621427
4.620269
4.619111
4.617952
4.616794
4.615635
4.614477
4.613318
4.612160
4.611001
4.609842
4.608683
4.607524
4.606364
4.605205
4.604046
4.602886
4.601727
4.600567
4.599407
4.598247
4.597087
4.595927
4.594767
4.593607
4.592447
4.591286
4.590126
4.588965
4.587805
4.586644
4.585483
4.584322
4.583161
4.582000
4.580838
4.579677
4.578516
4.577354
4.576192
4.575031
4.573869
4.572707
4.571545
4.570383
4.569221
4.568059
4.566896
4.565734
4.564571
4.563408
4.562246
4.561083
4.559920
4.558757
4.557594
4.556431
4.555267
4.554104
4.552941
4.551777
4.550613
4.549450
4.548286
4.547122
4.545958
4.544794
4.543629
4.542465
4.541301
4.540136
4.538972
4.537807
4.536642
4.535477
4.534312
4.533147
4.531982
4.530817
4.529652
4.528486
4.527321
4.526155
4.524989
4.523824
4.522658
4.521492
4.520326
4.519160
4.517993
4.516827
4.515661
4.514494
4.513328
4.512161
4.510994
4.509827
4.508660
4.507493
4.506326
4.505159
4.503991
4.502824
4.501657
4.500489
4.499321
4.498153
4.496986
4.495818
4.494650
4.493481
4.492313
4.491145
4.489976
4.488808
4.487639
4.486471
4.485302
4.484133
4.482964
4.481795
4.480626
4.479456
4.478287
4.477118
4.475948
4.474779
4.473609
4.472439
4.471269
4.470099
4.468929
4.467759
4.466589
4.465418
4.464248
4.463077
4.461907
4.460736
4.459565
4.458394
4.457223
4.456052
4.454881
4.453710
4.452539
4.451367
4.450196
4.449024
4.447852
4.446681
4.445509
4.444337
4.443165
4.441993
4.440820
4.439648
4.438476
4.437303
4.436131
4.434958
4.433785
4.432612
4.431439
4.430266
4.429093
4.427920
4.426746
4.425573
4.424400
4.423226
4.422052
4.420879
4.419705
4.418531
4.417357
4.416183
4.415008
4.413834
4.412660
4.411485
4.410311
4.409136
4.407961
4.406786
4.405611
4.404436
4.403261
4.402086
4.400911
4.399735
4.398560
4.397384
4.396209
4.395033
4.393857
4.392681
4.391505
4.390329
4.389153
4.387977
4.386800
4.385624
4.384447
4.383271
4.382094
4.380917
4.379740
4.378563
4.377386
4.376209
4.375032
4.373855
4.372677
4.371500
4.370322
4.369144
4.367966
4.366789
4.365611
4.364433
4.363254
4.362076
4.360898
4.359720
4.358541
4.357362
4.356184
4.355005
4.353826
4.352647
4.351468
4.350289
4.349110
4.347931
4.346751
4.345572
4.344392
4.343213
4.342033
4.340853
4.339673
4.338493
4.337313
4.336133
4.334953
4.333772
4.332592
4.331411
4.330231
4.329050
4.327869
4.326688
4.325507
4.324326
4.323145
4.321964
4.320783
4.319601
4.318420
4.317238
4.316056
4.314875
4.313693
4.312511
4.311329
4.310147
4.308965
4.307782
4.306600
4.305417
4.304235
4.303052
4.301870
4.300687
4.299504
4.298321
4.297138
4.295955
4.294771
4.293588
4.292405
4.291221
4.290038
4.288854
4.287670
4.286486
4.285302
4.284118
4.282934
4.281750
4.280566
4.279381
4.278197
4.277012
4.275828
4.274643
4.273458
4.272273
4.271088
4.269903
4.268718
4.267533
4.266347
4.265162
4.263977
4.262791
4.261605
4.260419
4.259234
4.258048
4.256862
4.255676
4.254489
4.253303
4.252117
4.250930
4.249744
4.248557
4.247370
4.246184
4.244997
4.243810
4.242623
4.241435
4.240248
4.239061
4.237873
4.236686
4.235498
4.234311
4.233123
4.231935
4.230747
4.229559
4.228371
4.227183
4.225995
4.224806
4.223618
4.222429
4.221241
4.220052
4.218863
4.217674
4.216485
4.215296
4.214107
4.212918
4.211729
4.210539
4.209350
4.208160
4.206971
4.205781
4.204591
4.203401
4.202211
4.201021
4.199831
4.198641
4.197450
4.196260
4.195070
4.193879
4.192688
4.191497
4.190307
4.189116
4.187925
4.186734
4.185542
4.184351
4.183160
4.181968
4.180777
4.179585
4.178394
4.177202
4.176010
4.174818
4.173626
4.172434
4.171242
4.170049
4.168857
4.167665
4.166472
4.165279
4.164087
4.162894
4.161701
4.160508
4.159315
4.158122
4.156929
4.155735
4.154542
4.153348
4.152155
4.150961
4.149767
4.148574
4.147380
4.146186
4.144992
4.143798
4.142603
4.141409
4.140215
4.139020
4.137826
4.136631
4.135436
4.134241
4.133046
4.131851
4.130656
4.129461
4.128266
4.127071
4.125875
4.124680
4.123484
4.122288
4.121093
4.119897
4.118701
4.117505
4.116309
4.115113
4.113916
4.112720
4.111524
4.110327
4.109131
4.107934
4.106737
4.105540
4.104343
4.103146
4.101949
4.100752
4.099555
4.098358
4.097160
4.095963
4.094765
4.093567
4.092370
4.091172
4.089974
4.088776
4.087578
4.086380
4.085181
4.083983
4.082785
4.081586
4.080388
4.079189
4.077990
4.076791
4.075592
4.074393
4.073194
4.071995
4.070796
4.069596
4.068397
4.067198
4.065998
4.064798
4.063599
4.062399
4.061199
4.059999
4.058799
4.057599
4.056398
4.055198
4.053998
4.052797
4.051596
4.050396
4.049195
4.047994
4.046793
4.045592
4.044391
4.043190
4.041989
4.040788
4.039586
4.038385
4.037183
4.035981
4.034780
4.033578
4.032376
4.031174
4.029972
4.028770
4.027568
4.026365
4.025163
4.023960
4.022758
4.021555
4.020353
4.019150
4.017947
4.016744
4.015541
4.014338
4.013135
4.011931
4.010728
4.009524
4.008321
4.007117
4.005914
4.004710
4.003506
4.002302
4.001098
3.999894
3.998690
3.997485
3.996281
3.995077
3.993872
3.992667
3.991463
3.990258
3.989053
3.987848
3.986643
3.985438
3.984233
3.983028
3.981822
3.980617
3.979412
3.978206
3.977000
3.975795
3.974589
3.973383
3.972177
3.970971
3.969765
3.968558
3.967352
3.966146
3.964939
3.963733
3.962526
3.961319
3.960113
3.958906
3.957699
3.956492
3.955285
3.954078
3.952870
3.951663
3.950455
3.949248
3.948040
3.946833
3.945625
3.944417
3.943209
3.942001
3.940793
3.939585
3.938377
3.937168
3.935960
3.934752
3.933543
3.932334
3.931126
3.929917
3.928708
3.927499
3.926290
3.925081
3.923872
3.922662
3.921453
3.920244
3.919034
3.917824
3.916615
3.915405
3.914195
3.912985
3.911775
3.910565
3.909355
3.908145
3.906934
3.905724
3.904514
3.903303
3.902092
3.900882
3.899671
3.898460
3.897249
3.896038
3.894827
3.893616
3.892404
3.891193
3.889982
3.888770
3.887558
3.886347
3.885135
3.883923
3.882711
3.881499
3.880287
3.879075
3.877863
3.876651
3.875438
3.874226
3.873013
3.871801
3.870588
3.869375
3.868162
3.866949
3.865736
3.864523
3.863310
3.862097
3.860883
3.859670
3.858457
3.857243
3.856029
3.854816
3.853602
3.852388
3.851174
3.849960
3.848746
3.847532
3.846317
3.845103
3.843889
3.842674
3.841459
3.840245
3.839030
3.837815
3.836600
3.835385
3.834170
3.832955
3.831740
3.830525
3.829309
3.828094
3.826878
3.825663
3.824447
3.823231
3.822015
3.820799
3.819583
3.818367
3.817151
3.815935
3.814719
3.813502
3.812286
3.811069
3.809853
3.808636
3.807419
3.806202
3.804985
3.803768
3.802551
3.801334
3.800117
3.798900
3.797682
3.796465
3.795247
3.794030
3.792812
3.791594
3.790376
3.789158
3.787940
3.786722
3.785504
3.784286
3.783067
3.781849
3.780631
3.779412
3.778193
3.776975
3.775756
3.774537
3.773318
3.772099
3.770880
3.769661
3.768441
3.767222
3.766003
3.764783
3.763564
3.762344
3.761124
3.759905
3.758685
3.757465
3.756245
3.755025
3.753804
3.752584
3.751364
3.750143
3.748923
3.747702
3.746482
3.745261
3.744040
3.742819
3.741598
3.740377
3.739156
3.737935
3.736714
3.735493
3.734271
3.733050
3.731828
3.730607
3.729385
3.728163
3.726941
3.725719
3.724497
3.723275
3.722053
3.720831
3.719608
3.718386
3.717164
3.715941
3.714718
3.713496
3.712273
3.711050
3.709827
3.708604
3.707381
3.706158
3.704935
3.703712
3.702488
3.701265
3.700041
3.698818
3.697594
3.696370
3.695146
3.693922
3.692698
3.691474
3.690250
3.689026
3.687802
3.686577
3.685353
3.684128
3.682904
3.681679
3.680454
3.679230
3.678005
3.676780
3.675555
3.674330
3.673104
3.671879
3.670654
3.669428
3.668203
3.666977
3.665752
3.664526
3.663300
3.662074
3.660849
3.659622
3.658396
3.657170
3.655944
3.654718
3.653491
3.652265
3.651038
3.649812
3.648585
3.647358
3.646131
3.644905
3.643678
3.642451
3.641223
3.639996
3.638769
3.637542
3.636314
3.635087
3.633859
3.632631
3.631404
3.630176
3.628948
3.627720
3.626492
3.625264
3.624036
3.622808
3.621579
3.620351
3.619122
3.617894
3.616665
3.615437
3.614208
3.612979
3.611750
3.610521
3.609292
3.608063
3.606834
3.605604
3.604375
3.603146
3.601916
3.600686
3.599457
3.598227
3.596997
3.595767
3.594538
3.593307
3.592077
3.590847
3.589617
3.588387
3.587156
3.585926
3.584695
3.583465
3.582234
3.581003
3.579772
3.578542
3.577311
3.576080
3.574848
3.573617
3.572386
3.571155
3.569923
3.568692
3.567460
3.566229
3.564997
3.563765
3.562533
3.561301
3.560069
3.558837
3.557605
3.556373
3.555141
3.553908
3.552676
3.551443
3.550211
3.548978
3.547745
3.546513
3.545280
3.544047
3.542814
3.541581
3.540348
3.539114
3.537881
3.536648
3.535414
3.534181
3.532947
3.531714
3.530480
3.529246
3.528012
3.526778
3.525544
3.524310
3.523076
3.521842
3.520607
3.519373
3.518138
3.516904
3.515669
3.514435
3.513200
3.511965
3.510730
3.509495
3.508260
3.507025
3.505790
3.504555
3.503319
3.502084
3.500849
3.499613
3.498377
3.497142
3.495906
3.494670
3.493434
3.492198
3.490962
3.489726
3.488490
3.487254
3.486017
3.484781
3.483545
3.482308
3.481071
3.479835
3.478598
3.477361
3.476124
3.474887
3.473650
3.472413
3.471176
3.469939
3.468701
3.467464
3.466227
3.464989
3.463752
3.462514
3.461276
3.460038
3.458800
3.457562
3.456324
3.455086
3.453848
3.452610
3.451372
3.450133
3.448895
3.447656
3.446418
3.445179
3.443940
3.442701
3.441463
3.440224
3.438985
3.437746
3.436506
3.435267
3.434028
3.432789
3.431549
3.430310
3.429070
3.427830
3.426591
3.425351
3.424111
3.422871
3.421631
3.420391
3.419151
3.417911
3.416670
3.415430
3.414190
3.412949
3.411709
3.410468
3.409227
3.407986
3.406746
3.405505
3.404264
3.403023
3.401782
3.400540
3.399299
3.398058
3.396816
3.395575
3.394333
3.393092
3.391850
3.390608
3.389367
3.388125
3.386883
3.385641
3.384399
3.383157
3.381914
3.380672
3.379430
3.378187
3.376945
3.375702
3.374459
3.373217
3.371974
3.370731
3.369488
3.368245
3.367002
3.365759
3.364516
3.363273
3.362029
3.360786
3.359542
3.358299
3.357055
3.355812
3.354568
3.353324
3.352080
3.350836
3.349592
3.348348
3.347104
3.345860
3.344615
3.343371
3.342127
3.340882
3.339637
3.338393
3.337148
3.335903
3.334659
3.333414
3.332169
3.330924
3.329678
3.328433
3.327188
3.325943
3.324697
3.323452
3.322206
3.320961
3.319715
3.318469
3.317224
3.315978
3.314732
3.313486
3.312240
3.310994
3.309747
3.308501
3.307255
3.306008
3.304762
3.303515
3.302269
3.301022
3.299775
3.298528
3.297282
3.296035
3.294788
3.293540
3.292293
3.291046
3.289799
3.288551
3.287304
3.286057
3.284809
3.283561
3.282314
3.281066
3.279818
3.278570
3.277322
3.276074
3.274826
3.273578
3.272330
3.271081
3.269833
3.268585
3.267336
3.266088
3.264839
3.263590
3.262341
3.261093
3.259844
3.258595
3.257346
3.256097
3.254847
3.253598
3.252349
3.251100
3.249850
3.248601
3.247351
3.246101
3.244852
3.243602
3.242352
3.241102
3.239852
3.238602
3.237352
3.236102
3.234852
3.233601
3.232351
3.231101
3.229850
3.228600
3.227349
3.226098
3.224847
3.223597
3.222346
3.221095
3.219844
3.218593
3.217341
3.216090
3.214839
3.213588
3.212336
3.211085
3.209833
3.208582
3.207330
3.206078
3.204826
3.203574
3.202322
3.201070
3.199818
3.198566
3.197314
3.196062
3.194809
3.193557
3.192304
3.191052
3.189799
3.188547
3.187294
3.186041
3.184788
3.183535
3.182282
3.181029
3.179776
3.178523
3.177270
3.176016
3.174763
3.173510
3.172256
3.171002
3.169749
3.168495
3.167241
3.165987
3.164734
3.163480
3.162226
3.160971
3.159717
3.158463
3.157209
3.155954
3.154700
3.153445
3.152191
3.150936
3.149682
3.148427
3.147172
3.145917
3.144662
3.143407
3.142152
3.140897
3.139642
3.138386
3.137131
3.135876
3.134620
3.133365
3.132109
3.130854
3.129598
3.128342
3.127086
3.125830
3.124574
3.123318
3.122062
3.120806
3.119550
3.118293
3.117037
3.115781
3.114524
3.113268
3.112011
3.110754
3.109498
3.108241
3.106984
3.105727
3.104470
3.103213
3.101956
3.100699
3.099441
3.098184
3.096927
3.095669
3.094412
3.093154
3.091897
3.090639
3.089381
3.088123
3.086865
3.085607
3.084349
3.083091
3.081833
3.080575
3.079317
3.078058
3.076800
3.075542
3.074283
3.073024
3.071766
3.070507
3.069248
3.067989
3.066731
3.065472
3.064213
3.062954
3.061694
3.060435
3.059176
3.057917
3.056657
3.055398
3.054138
3.052879
3.051619
3.050359
3.049099
3.047840
3.046580
3.045320
3.044060
3.042800
3.041539
3.040279
3.039019
3.037759
3.036498
3.035238
3.033977
3.032717
3.031456
3.030195
3.028934
3.027674
3.026413
3.025152
3.023891
3.022630
3.021369
3.020107
3.018846
3.017585
3.016323
3.015062
3.013800
3.012539
3.011277
3.010015
3.008754
3.007492
3.006230
3.004968
3.003706
3.002444
3.001182
2.999920
2.998657
2.997395
2.996133
2.994870
2.993608
2.992345
2.991082
2.989820
2.988557
2.987294
2.986031
2.984768
2.983505
2.982242
2.980979
2.979716
2.978453
2.977189
2.975926
2.974663
2.973399
2.972136
2.970872
2.969608
2.968345
2.967081
2.965817
2.964553
2.963289
2.962025
2.960761
2.959497
2.958233
2.956968
2.955704
2.954439
2.953175
2.951910
2.950646
2.949381
2.948117
2.946852
2.945587
2.944322
2.943057
2.941792
2.940527
2.939262
2.937997
2.936731
2.935466
2.934201
2.932935
2.931670
2.930404
2.929139
2.927873
2.926607
2.925342
2.924076
2.922810
2.921544
2.920278
2.919012
2.917746
2.916479
2.915213
2.913947
2.912680
2.911414
2.910147
2.908881
2.907614
2.906347
2.905081
2.903814
2.902547
2.901280
2.900013
2.898746
2.897479
2.896212
2.894945
2.893677
2.892410
2.891143
2.889875
2.888608
2.887340
2.886072
2.884805
2.883537
2.882269
2.881001
2.879733
2.878465
2.877197
2.875929
2.874661
2.873393
2.872124
2.870856
2.869588
2.868319
2.867051
2.865782
2.864513
2.863245
2.861976
2.860707
2.859438
2.858169
2.856900
2.855631
2.854362
2.853093
2.851824
2.850554
2.849285
2.848016
2.846746
2.845477
2.844207
2.842937
2.841668
2.840398
2.839128
2.837858
2.836588
2.835318
2.834048
2.832778
2.831508
2.830238
2.828967
2.827697
2.826427
2.825156
2.823886
2.822615
2.821344
2.820074
2.818803
2.817532
2.816261
2.814990
2.813719
2.812448
2.811177
2.809906
2.808635
2.807364
2.806092
2.804821
2.803549
2.802278
2.801006
2.799735
2.798463
2.797191
2.795920
2.794648
2.793376
2.792104
2.790832
2.789560
2.788288
2.787015
2.785743
2.784471
2.783199
2.781926
2.780654
2.779381
2.778108
2.776836
2.775563
2.774290
2.773018
2.771745
2.770472
2.769199
2.767926
2.766653
2.765379
2.764106
2.762833
2.761560
2.760286
2.759013
2.757739
2.756466
2.755192
2.753918
2.752645
2.751371
2.750097
2.748823
2.747549
2.746275
2.745001
2.743727
2.742453
2.741179
2.739904
2.738630
2.737355
2.736081
2.734807
2.733532
2.732257
2.730983
2.729708
2.728433
2.727158
2.725883
2.724608
2.723333
2.722058
2.720783
2.719508
2.718233
2.716957
2.715682
2.714407
2.713131
2.711856
2.710580
2.709304
2.708029
2.706753
2.705477
2.704201
2.702925
2.701649
2.700373
2.699097
2.697821
2.696545
2.695269
2.693992
2.692716
2.691439
2.690163
2.688886
2.687610
2.686333
2.685057
2.683780
2.682503
2.681226
2.679949
2.678672
2.677395
2.676118
2.674841
2.673564
2.672287
2.671009
2.669732
2.668455
2.667177
2.665900
2.664622
2.663344
2.662067
2.660789
2.659511
2.658233
2.656955
2.655677
2.654399
2.653121
2.651843
2.650565
2.649287
2.648008
2.646730
2.645452
2.644173
2.642895
2.641616
2.640338
2.639059
2.637780
2.636501
2.635223
2.633944
2.632665
2.631386
2.630107
2.628828
2.627548
2.626269
2.624990
2.623711
2.622431
2.621152
2.619872
2.618593
2.617313
2.616034
2.614754
2.613474
2.612194
2.610915
2.609635
2.608355
2.607075
2.605795
2.604514
2.603234
2.601954
2.600674
2.599393
2.598113
2.596833
2.595552
2.594272
2.592991
2.591710
2.590430
2.589149
2.587868
2.586587
2.585306
2.584025
2.582744
2.581463
2.580182
2.578901
2.577620
2.576338
2.575057
2.573775
2.572494
2.571212
2.569931
2.568649
2.567368
2.566086
2.564804
2.563522
2.562240
2.560958
2.559677
2.558394
2.557112
2.555830
2.554548
2.553266
2.551983
2.550701
2.549419
2.548136
2.546854
2.545571
2.544289
2.543006
2.541723
2.540440
2.539158
2.537875
2.536592
2.535309
2.534026
2.532743
2.531460
2.530176
2.528893
2.527610
2.526326
2.525043
2.523760
2.522476
2.521193
2.519909
2.518625
2.517342
2.516058
2.514774
2.513490
2.512206
2.510922
2.509638
2.508354
2.507070
2.505786
2.504502
2.503217
2.501933
2.500649
2.499364
2.498080
2.496795
2.495511
2.494226
2.492941
2.491657
2.490372
2.489087
2.487802
2.486517
2.485232
2.483947
2.482662
2.481377
2.480092
2.478806
2.477521
2.476236
2.474950
2.473665
2.472379
2.471094
2.469808
2.468522
2.467237
2.465951
2.464665
2.463379
2.462093
2.460807
2.459521
2.458235
2.456949
2.455663
2.454377
2.453091
2.451804
2.450518
2.449231
2.447945
2.446658
2.445372
2.444085
2.442799
2.441512
2.440225
2.438938
2.437651
2.436364
2.435077
2.433790
2.432503
2.431216
2.429929
2.428642
2.427355
2.426067
2.424780
2.423492
2.422205
2.420917
2.419630
2.418342
2.417055
2.415767
2.414479
2.413191
2.411903
2.410615
2.409327
2.408039
2.406751
2.405463
2.404175
2.402887
2.401599
2.400310
2.399022
2.397733
2.396445
2.395156
2.393868
2.392579
2.391291
2.390002
2.388713
2.387424
2.386135
2.384847
2.383558
2.382269
2.380980
2.379690
2.378401
2.377112
2.375823
2.374533
2.373244
2.371955
2.370665
2.369376
2.368086
2.366797
2.365507
2.364217
2.362928
2.361638
2.360348
2.359058
2.357768
2.356478
2.355188
2.353898
2.352608
2.351318
2.350027
2.348737
2.347447
2.346156
2.344866
2.343576
2.342285
2.340994
2.339704
2.338413
2.337123
2.335832
2.334541
2.333250
2.331959
2.330668
2.329377
2.328086
2.326795
2.325504
2.324213
2.322921
2.321630
2.320339
2.319047
2.317756
2.316465
2.315173
2.313881
2.312590
2.311298
2.310006
2.308715
2.307423
2.306131
2.304839
2.303547
2.302255
2.300963
2.299671
2.298379
2.297087
2.295794
2.294502
2.293210
2.291917
2.290625
2.289333
2.288040
2.286747
2.285455
2.284162
2.282869
2.281577
2.280284
2.278991
2.277698
2.276405
2.275112
2.273819
2.272526
2.271233
2.269940
2.268647
2.267353
2.266060
2.264767
2.263473
2.262180
2.260886
2.259593
2.258299
2.257005
2.255712
2.254418
2.253124
2.251830
2.250536
2.249243
2.247949
2.246655
2.245360
2.244066
2.242772
2.241478
2.240184
2.238889
2.237595
2.236301
2.235006
2.233712
2.232417
2.231123
2.229828
2.228533
2.227239
2.225944
2.224649
2.223354
2.222059
2.220764
2.219469
2.218174
2.216879
2.215584
2.214289
2.212994
2.211699
2.210403
2.209108
2.207813
2.206517
2.205222
2.203926
2.202630
2.201335
2.200039
2.198743
2.197448
2.196152
2.194856
2.193560
2.192264
2.190968
2.189672
2.188376
2.187080
2.185784
2.184488
2.183191
2.181895
2.180599
2.179302
2.178006
2.176709
2.175413
2.174116
2.172820
2.171523
2.170226
2.168930
2.167633
2.166336
2.165039
2.163742
2.162445
2.161148
2.159851
2.158554
2.157257
2.155960
2.154662
2.153365
2.152068
2.150770
2.149473
2.148176
2.146878
2.145580
2.144283
2.142985
2.141688
2.140390
2.139092
2.137794
2.136496
2.135198
2.133900
2.132603
2.131304
2.130006
2.128708
2.127410
2.126112
2.124814
2.123515
2.122217
2.120919
2.119620
2.118322
2.117023
2.115725
2.114426
2.113127
2.111829
2.110530
2.109231
2.107932
2.106633
2.105335
2.104036
2.102737
2.101438
2.100138
2.098839
2.097540
2.096241
2.094942
2.093642
2.092343
2.091044
2.089744
2.088445
2.087145
2.085846
2.084546
2.083246
2.081947
2.080647
2.079347
2.078047
2.076748
2.075448
2.074148
2.072848
2.071548
2.070248
2.068948
2.067647
2.066347
2.065047
2.063747
2.062446
2.061146
2.059846
2.058545
2.057245
2.055944
2.054643
2.053343
2.052042
2.050741
2.049441
2.048140
2.046839
2.045538
2.044237
2.042936
2.041635
2.040334
2.039033
2.037732
2.036431
2.035130
2.033828
2.032527
2.031226
2.029924
2.028623
2.027321
2.026020
2.024718
2.023417
2.022115
2.020813
2.019512
2.018210
2.016908
2.015606
2.014304
2.013003
2.011701
2.010399
2.009096
2.007794
2.006492
2.005190
2.003888
2.002586
2.001283
1.999981
1.998679
1.997376
1.996074
1.994771
1.993469
1.992166
1.990863
1.989561
1.988258
1.986955
1.985653
1.984350
1.983047
1.981744
1.980441
1.979138
1.977835
1.976532
1.975229
1.973926
1.972622
1.971319
1.970016
1.968712
1.967409
1.966106
1.964802
1.963499
1.962195
1.960892
1.959588
1.958284
1.956981
1.955677
1.954373
1.953069
1.951766
1.950462
1.949158
1.947854
1.946550
1.945246
1.943942
1.942638
1.941333
1.940029
1.938725
1.937421
1.936116
1.934812
1.933507
1.932203
1.930899
1.929594
1.928289
1.926985
1.925680
1.924376
1.923071
1.921766
1.920461
1.919156
1.917851
1.916547
1.915242
1.913937
1.912632
1.911326
1.910021
1.908716
1.907411
1.906106
1.904800
1.903495
1.902190
1.900884
1.899579
1.898273
1.896968
1.895662
1.894357
1.893051
1.891745
1.890440
1.889134
1.887828
1.886522
1.885216
1.883911
1.882605
1.881299
1.879993
1.878687
1.877380
1.876074
1.874768
1.873462
1.872156
1.870849
1.869543
1.868237
1.866930
1.865624
1.864317
1.863011
1.861704
1.860398
1.859091
1.857784
1.856478
1.855171
1.853864
1.852557
1.851250
1.849943
1.848636
1.847329
1.846022
1.844715
1.843408
1.842101
1.840794
1.839487
1.838180
1.836872
1.835565
1.834258
1.832950
1.831643
1.830335
1.829028
1.827720
1.826413
1.825105
1.823797
1.822490
1.821182
1.819874
1.818566
1.817258
1.815950
1.814643
1.813335
1.812027
1.810719
1.809410
1.808102
1.806794
1.805486
1.804178
1.802869
1.801561
1.800253
1.798944
1.797636
1.796328
1.795019
1.793711
1.792402
1.791093
1.789785
1.788476
1.787167
1.785859
1.784550
1.783241
1.781932
1.780623
1.779314
1.778005
1.776696
1.775387
1.774078
1.772769
1.771460
1.770151
1.768842
1.767532
1.766223
1.764914
1.763604
1.762295
1.760985
1.759676
1.758366
1.757057
1.755747
1.754438
1.753128
1.751818
1.750509
1.749199
1.747889
1.746579
1.745269
1.743959
1.742649
1.741339
1.740029
1.738719
1.737409
1.736099
1.734789
1.733479
1.732169
1.730858
1.729548
1.728238
1.726927
1.725617
1.724306
1.722996
1.721685
1.720375
1.719064
1.717754
1.716443
1.715132
1.713821
1.712511
1.711200
1.709889
1.708578
1.707267
1.705956
1.704645
1.703334
1.702023
1.700712
1.699401
1.698090
1.696779
1.695467
1.694156
1.692845
1.691534
1.690222
1.688911
1.687599
1.686288
1.684976
1.683665
1.682353
1.681042
1.679730
1.678418
1.677107
1.675795
1.674483
1.673171
1.671859
1.670548
1.669236
1.667924
1.666612
1.665300
1.663988
1.662675
1.661363
1.660051
1.658739
1.657427
1.656114
1.654802
1.653490
1.652177
1.650865
1.649553
1.648240
1.646928
1.645615
1.644303
1.642990
1.641677
1.640365
1.639052
1.637739
1.636426
1.635114
1.633801
1.632488
1.631175
1.629862
1.628549
1.627236
1.625923
1.624610
1.623297
1.621984
1.620670
1.619357
1.618044
1.616731
1.615417
1.614104
1.612791
1.611477
1.610164
1.608850
1.607537
1.606223
1.604910
1.603596
1.602282
1.600969
1.599655
1.598341
1.597028
1.595714
1.594400
1.593086
1.591772
1.590458
1.589144
1.587830
1.586516
1.585202
1.583888
1.582574
1.581260
1.579945
1.578631
1.577317
1.576003
1.574688
1.573374
1.572060
1.570745
1.569431
1.568116
1.566802
1.565487
1.564172
1.562858
1.561543
1.560228
1.558914
1.557599
1.556284
1.554969
1.553655
1.552340
1.551025
1.549710
1.548395
1.547080
1.545765
1.544450
1.543135
1.541819
1.540504
1.539189
1.537874
1.536559
1.535243
1.533928
1.532613
1.531297
1.529982
1.528666
1.527351
1.526035
1.524720
1.523404
1.522089
1.520773
1.519457
1.518142
1.516826
1.515510
1.514194
1.512878
1.511563
1.510247
1.508931
1.507615
1.506299
1.504983
1.503667
1.502351
1.501034
1.499718
1.498402
1.497086
1.495770
1.494453
1.493137
1.491821
1.490504
1.489188
1.487872
1.486555
1.485239
1.483922
1.482606
1.481289
1.479972
1.478656
1.477339
1.476022
1.474706
1.473389
1.472072
1.470755
1.469439
1.468122
1.466805
1.465488
1.464171
1.462854
1.461537
1.460220
1.458903
1.457586
1.456268
1.454951
1.453634
1.452317
1.450999
1.449682
1.448365
1.447047
1.445730
1.444413
1.443095
1.441778
1.440460
1.439143
1.437825
1.436508
1.435190
1.433872
1.432555
1.431237
1.429919
1.428601
1.427284
1.425966
1.424648
1.423330
1.422012
1.420694
1.419376
1.418058
1.416740
1.415422
1.414104
1.412786
1.411468
1.410149
1.408831
1.407513
1.406195
1.404876
1.403558
1.402240
1.400921
1.399603
1.398284
1.396966
1.395647
1.394329
1.393010
1.391692
1.390373
1.389054
1.387736
1.386417
1.385098
1.383780
1.382461
1.381142
1.379823
1.378504
1.377185
1.375866
1.374547
1.373228
1.371909
1.370590
1.369271
1.367952
1.366633
1.365314
1.363995
1.362675
1.361356
1.360037
1.358718
1.357398
1.356079
1.354760
1.353440
1.352121
1.350801
1.349482
1.348162
1.346843
1.345523
1.344203
1.342884
1.341564
1.340244
1.338925
1.337605
1.336285
1.334965
1.333646
1.332326
1.331006
1.329686
1.328366
1.327046
1.325726
1.324406
1.323086
1.321766
1.320446
1.319126
1.317805
1.316485
1.315165
1.313845
1.312525
1.311204
1.309884
1.308564
1.307243
1.305923
1.304602
1.303282
1.301961
1.300641
1.299320
1.298000
1.296679
1.295359
1.294038
1.292717
1.291397
1.290076
1.288755
1.287434
1.286114
1.284793
1.283472
1.282151
1.280830
1.279509
1.278188
1.276867
1.275546
1.274225
1.272904
1.271583
1.270262
1.268941
1.267620
1.266298
1.264977
1.263656
1.262335
1.261013
1.259692
1.258371
1.257049
1.255728
1.254406
1.253085
1.251763
1.250442
1.249120
1.247799
1.246477
1.245156
1.243834
1.242512
1.241191
1.239869
1.238547
1.237225
1.235904
1.234582
1.233260
1.231938
1.230616
1.229294
1.227972
1.226650
1.225328
1.224006
1.222684
1.221362
1.220040
1.218718
1.217396
1.216074
1.214751
1.213429
1.212107
1.210785
1.209462
1.208140
1.206818
1.205495
1.204173
1.202851
1.201528
1.200206
1.198883
1.197561
1.196238
1.194915
1.193593
1.192270
1.190948
1.189625
1.188302
1.186980
1.185657
1.184334
1.183011
1.181688
1.180366
1.179043
1.177720
1.176397
1.175074
1.173751
1.172428
1.171105
1.169782
1.168459
1.167136
1.165813
1.164490
1.163166
1.161843
1.160520
1.159197
1.157874
1.156550
1.155227
1.153904
1.152580
1.151257
1.149934
1.148610
1.147287
1.145963
1.144640
1.143316
1.141993
1.140669
1.139346
1.138022
1.136698
1.135375
1.134051
1.132727
1.131404
1.130080
1.128756
1.127432
1.126108
1.124785
1.123461
1.122137
1.120813
1.119489
1.118165
1.116841
1.115517
1.114193
1.112869
1.111545
1.110221
1.108897
1.107573
1.106248
1.104924
1.103600
1.102276
1.100951
1.099627
1.098303
1.096979
1.095654
1.094330
1.093005
1.091681
1.090357
1.089032
1.087708
1.086383
1.085059
1.083734
1.082410
1.081085
1.079760
1.078436
1.077111
1.075786
1.074462
1.073137
1.071812
1.070487
1.069163
1.067838
1.066513
1.065188
1.063863
1.062538
1.061213
1.059888
1.058563
1.057238
1.055913
1.054588
1.053263
1.051938
1.050613
1.049288
1.047963
1.046638
1.045313
1.043987
1.042662
1.041337
1.040012
1.038686
1.037361
1.036036
1.034710
1.033385
1.032060
1.030734
1.029409
1.028083
1.026758
1.025432
1.024107
1.022781
1.021456
1.020130
1.018804
1.017479
1.016153
1.014827
1.013502
1.012176
1.010850
1.009525
1.008199
1.006873
1.005547
1.004221
1.002895
1.001570
1.000244
0.998918
0.997592
0.996266
0.994940
0.993614
0.992288
0.990962
0.989636
0.988310
0.986984
0.985657
0.984331
0.983005
0.981679
0.980353
0.979026
0.977700
0.976374
0.975048
0.973721
0.972395
0.971069
0.969742
0.968416
0.967089
0.965763
0.964437
0.963110
0.961784
0.960457
0.959131
0.957804
0.956477
0.955151
0.953824
0.952498
0.951171
0.949844
0.948518
0.947191
0.945864
0.944537
0.943211
0.941884
0.940557
0.939230
0.937903
0.936577
0.935250
0.933923
0.932596
0.931269
0.929942
0.928615
0.927288
0.925961
0.924634
0.923307
0.921980
0.920653
0.919326
0.917999
0.916671
0.915344
0.914017
0.912690
0.911363
0.910035
0.908708
0.907381
0.906054
0.904726
0.903399
0.902071
0.900744
0.899417
0.898089
0.896762
0.895434
0.894107
0.892779
0.891452
0.890124
0.888797
0.887469
0.886142
0.884814
0.883487
0.882159
0.880831
0.879504
0.878176
0.876848
0.875521
0.874193
0.872865
0.871537
0.870209
0.868882
0.867554
0.866226
0.864898
0.863570
0.862242
0.860914
0.859586
0.858259
0.856931
0.855603
0.854275
0.852947
0.851618
0.850290
0.848962
0.847634
0.846306
0.844978
0.843650
0.842322
0.840994
0.839665
0.838337
0.837009
0.835681
0.834352
0.833024
0.831696
0.830367
0.829039
0.827711
0.826382
0.825054
0.823726
0.822397
0.821069
0.819740
0.818412
0.817083
0.815755
0.814426
0.813098
0.811769
0.810441
0.809112
0.807783
0.806455
0.805126
0.803798
0.802469
0.801140
0.799811
0.798483
0.797154
0.795825
0.794496
0.793168
0.791839
0.790510
0.789181
0.787852
0.786523
0.785195
0.783866
0.782537
0.781208
0.779879
0.778550
0.777221
0.775892
0.774563
0.773234
0.771905
0.770576
0.769247
0.767918
0.766589
0.765259
0.763930
0.762601
0.761272
0.759943
0.758614
0.757284
0.755955
0.754626
0.753297
0.751967
0.750638
0.749309
0.747979
0.746650
0.745321
0.743991
0.742662
0.741332
0.740003
0.738674
0.737344
0.736015
0.734685
0.733356
0.732026
0.730697
0.729367
0.728038
0.726708
0.725378
0.724049
0.722719
0.721390
0.720060
0.718730
0.717401
0.716071
0.714741
0.713411
0.712082
0.710752
0.709422
0.708092
0.706763
0.705433
0.704103
0.702773
0.701443
0.700113
0.698784
0.697454
0.696124
0.694794
0.693464
0.692134
0.690804
0.689474
0.688144
0.686814
0.685484
0.684154
0.682824
0.681494
0.680164
0.678834
0.677504
0.676173
0.674843
0.673513
0.672183
0.670853
0.669523
0.668192
0.666862
0.665532
0.664202
0.662872
0.661541
0.660211
0.658881
0.657550
0.656220
0.654890
0.653559
0.652229
0.650899
0.649568
0.648238
0.646907
0.645577
0.644247
0.642916
0.641586
0.640255
0.638925
0.637594
0.636264
0.634933
0.633602
0.632272
0.630941
0.629611
0.628280
0.626950
0.625619
0.624288
0.622958
0.621627
0.620296
0.618966
0.617635
0.616304
0.614973
0.613643
0.612312
0.610981
0.609650
0.608320
0.606989
0.605658
0.604327
0.602996
0.601665
0.600335
0.599004
0.597673
0.596342
0.595011
0.593680
0.592349
0.591018
0.589687
0.588356
0.587025
0.585694
0.584363
0.583032
0.581701
0.580370
0.579039
0.577708
0.576377
0.575046
0.573715
0.572384
0.571052
0.569721
0.568390
0.567059
0.565728
0.564397
0.563065
0.561734
0.560403
0.559072
0.557740
0.556409
0.555078
0.553747
0.552415
0.551084
0.549753
0.548421
0.547090
0.545759
0.544427
0.543096
0.541765
0.540433
0.539102
0.537770
0.536439
0.535107
0.533776
0.532445
0.531113
0.529782
0.528450
0.527119
0.525787
0.524456
0.523124
0.521792
0.520461
0.519129
0.517798
0.516466
0.515135
0.513803
