12.291643
12.292338
12.293034
12.293729
12.294424
12.295119
12.295815
12.296510
12.297205
12.297900
12.298595
12.299290
12.299985
12.300680
12.301375
12.302070
12.302765
12.303460
12.304155
12.304850
12.305545
12.306240
12.306934
12.307629
12.308324
12.309019
12.309713
12.310408
12.311103
12.311797
12.312492
12.313187
12.313881
12.314576
12.315270
12.315965
12.316659
12.317354
12.318048
12.318742
12.319437
12.320131
12.320825
12.321520
12.322214
12.322908
12.323603
12.324297
12.324991
12.325685
12.326379
12.327073
12.327767
12.328461
12.329156
12.329850
12.330544
12.331237
12.331931
12.332625
12.333319
12.334013
12.334707
12.335401
12.336095
12.336788
12.337482
12.338176
12.338869
12.339563
12.340257
12.340950
12.341644
12.342338
12.343031
12.343725
12.344418
12.345112
12.345805
12.346499
12.347192
12.347885
12.348579
12.349272
12.349965
12.350659
12.351352
12.352045
12.352738
12.353432
12.354125
12.354818
12.355511
12.356204
12.356897
12.357590
12.358283
12.358976
12.359669
12.360362
12.361055
12.361748
12.362441
12.363134
12.363827
12.364519
12.365212
12.365905
12.366598
12.367290
12.367983
12.368676
12.369368
12.370061
12.370754
12.371446
12.372139
12.372831
12.373524
12.374216
12.374909
12.375601
12.376293
12.376986
12.377678
12.378370
12.379063
12.379755
12.380447
12.381140
12.381832
12.382524
12.383216
12.383908
12.384600
12.385292
12.385984
12.386676
12.387368
12.388060
12.388752
12.389444
12.390136
12.390828
12.391520
12.392212
12.392904
12.393595
12.394287
12.394979
12.395671
12.396362
12.397054
12.397746
12.398437
12.399129
12.399820
12.400512
12.401204
12.401895
12.402586
12.403278
12.403969
12.404661
12.405352
12.406043
12.406735
12.407426
12.408117
12.408809
12.409500
12.410191
12.410882
12.411573
12.412265
12.412956
12.413647
12.414338
12.415029
12.415720
12.416411
12.417102
12.417793
12.418484
12.419175
12.419865
12.420556
12.421247
12.421938
12.422629
12.423319
12.424010
12.424701
12.425392
12.426082
12.426773
12.427463
12.428154
12.428845
12.429535
12.430226
12.430916
12.431607
12.432297
12.432987
12.433678
12.434368
12.435058
12.435749
12.436439
12.437129
12.437820
12.438510
12.439200
12.439890
12.440580
12.441270
12.441960
12.442650
12.443341
12.444031
12.444721
12.445411
12.446100
12.446790
12.447480
12.448170
12.448860
12.449550
12.450240
12.450929
12.451619
12.452309
12.452999
12.453688
12.454378
12.455068
12.455757
12.456447
12.457136
12.457826
12.458515
12.459205
12.459894
12.460584
12.461273
12.461962
12.462652
12.463341
12.464030
12.464720
12.465409
12.466098
12.466787
12.467477
12.468166
12.468855
12.469544
12.470233
12.470922
12.471611
12.472300
12.472989
12.473678
12.474367
12.475056
12.475745
12.476434
12.477123
12.477812
12.478500
12.479189
12.479878
12.480567
12.481255
12.481944
12.482633
12.483321
12.484010
12.484699
12.485387
12.486076
12.486764
12.487453
12.488141
12.488829
12.489518
12.490206
12.490895
12.491583
12.492271
12.492960
12.493648
12.494336
12.495024
12.495712
12.496401
12.497089
12.497777
12.498465
12.499153
12.499841
12.500529
12.501217
12.501905
12.502593
12.503281
12.503969
12.504657
12.505345
12.506032
12.506720
12.507408
12.508096
12.508783
12.509471
12.510159
12.510846
12.511534
12.512222
12.512909
12.513597
12.514284
12.514972
12.515659
12.516347
12.517034
12.517722
12.518409
12.519096
12.519784
12.520471
12.521158
12.521846
12.522533
12.523220
12.523907
12.524594
12.525282
12.525969
12.526656
12.527343
12.528030
12.528717
12.529404
12.530091
12.530778
12.531465
12.532152
12.532838
12.533525
12.534212
12.534899
12.535586
12.536272
12.536959
12.537646
12.538333
12.539019
12.539706
12.540392
12.541079
12.541766
12.542452
12.543139
12.543825
12.544512
12.545198
12.545884
12.546571
12.547257
12.547943
12.548630
12.549316
12.550002
12.550688
12.551375
12.552061
12.552747
12.553433
12.554119
12.554805
12.555491
12.556177
12.556863
12.557549
12.558235
12.558921
12.559607
12.560293
12.560979
12.561665
12.562351
12.563036
12.563722
12.564408
12.565094
12.565779
12.566465
12.567151
12.567836
12.568522
12.569208
12.569893
12.570579
12.571264
12.571950
12.572635
12.573320
12.574006
12.574691
12.575377
12.576062
12.576747
12.577432
12.578118
12.578803
12.579488
12.580173
12.580858
12.581544
12.582229
12.582914
12.583599
12.584284
12.584969
12.585654
12.586339
12.587024
12.587709
12.588394
12.589078
12.589763
12.590448
12.591133
12.591818
12.592502
12.593187
12.593872
12.594556
12.595241
12.595926
12.596610
12.597295
12.597979
12.598664
12.599348
12.600033
12.600717
12.601402
12.602086
12.602770
12.603455
12.604139
12.604823
12.605508
12.606192
12.606876
12.607560
12.608244
12.608929
12.609613
12.610297
12.610981
12.611665
12.612349
12.613033
12.613717
12.614401
12.615085
12.615769
12.616453
12.617136
12.617820
12.618504
12.619188
12.619872
12.620555
12.621239
12.621923
12.622606
12.623290
12.623974
12.624657
12.625341
12.626024
12.626708
12.627391
12.628075
12.628758
12.629442
12.630125
12.630808
12.631492
12.632175
12.632858
12.633541
12.634225
12.634908
12.635591
12.636274
12.636957
12.637640
12.638324
12.639007
12.639690
12.640373
12.641056
12.641739
12.642422
12.643104
12.643787
12.644470
12.645153
12.645836
12.646519
12.647201
12.647884
12.648567
12.649250
12.649932
12.650615
12.651297
12.651980
12.652663
12.653345
12.654028
12.654710
12.655393
12.656075
12.656758
12.657440
12.658122
12.658805
12.659487
12.660169
12.660852
12.661534
12.662216
12.662898
12.663580
12.664263
12.664945
12.665627
12.666309
12.666991
12.667673
12.668355
12.669037
12.669719
12.670401
12.671083
12.671765
12.672446
12.673128
12.673810
12.674492
12.675174
12.675855
12.676537
12.677219
12.677900
12.678582
12.679264
12.679945
12.680627
12.681308
12.681990
12.682671
12.683353
12.684034
12.684715
12.685397
12.686078
12.686760
12.687441
12.688122
12.688803
12.689485
12.690166
12.690847
12.691528
12.692209
12.692890
12.693571
12.694253
12.694934
12.695615
12.696296
12.696977
12.697657
12.698338
12.699019
12.699700
12.700381
12.701062
12.701743
12.702423
12.703104
12.703785
12.704465
12.705146
12.705827
12.706507
12.707188
12.707869
12.708549
12.709230
12.709910
12.710591
12.711271
12.711951
12.712632
12.713312
12.713992
12.714673
12.715353
12.716033
12.716714
12.717394
12.718074
12.718754
12.719434
12.720114
12.720795
12.721475
12.722155
12.722835
12.723515
12.724195
12.724875
12.725554
12.726234
12.726914
12.727594
12.728274
12.728954
12.729633
12.730313
12.730993
12.731673
12.732352
12.733032
12.733712
12.734391
12.735071
12.735750
12.736430
12.737109
12.737789
12.738468
12.739148
12.739827
12.740506
12.741186
12.741865
12.742544
12.743224
12.743903
12.744582
12.745261
12.745940
12.746620
12.747299
12.747978
12.748657
12.749336
12.750015
12.750694
12.751373
12.752052
12.752731
12.753410
12.754089
12.754767
12.755446
12.756125
12.756804
12.757483
12.758161
12.758840
12.759519
12.760197
12.760876
12.761555
12.762233
12.762912
12.763590
12.764269
12.764947
12.765626
12.766304
12.766982
12.767661
12.768339
12.769018
12.769696
12.770374
12.771052
12.771731
12.772409
12.773087
12.773765
12.774443
12.775121
12.775799
12.776477
12.777156
12.777834
12.778511
12.779189
12.779867
12.780545
12.781223
12.781901
12.782579
12.783257
12.783934
12.784612
12.785290
12.785968
12.786645
12.787323
12.788001
12.788678
12.789356
12.790033
12.790711
12.791388
12.792066
12.792743
12.793421
12.794098
12.794775
12.795453
12.796130
12.796807
12.797485
12.798162
12.798839
12.799516
12.800194
12.800871
12.801548
12.802225
12.802902
12.803579
12.804256
12.804933
12.805610
12.806287
12.806964
12.807641
12.808318
12.808995
12.809672
12.810348
12.811025
12.811702
12.812379
12.813055
12.813732
12.814409
12.815085
12.815762
12.816438
12.817115
12.817792
12.818468
12.819145
12.819821
12.820497
12.821174
12.821850
12.822527
12.823203
12.823879
12.824555
12.825232
12.825908
12.826584
12.827260
12.827937
12.828613
12.829289
12.829965
12.830641
12.831317
12.831993
12.832669
12.833345
12.834021
12.834697
12.835373
12.836048
12.836724
12.837400
12.838076
12.838752
12.839427
12.840103
12.840779
12.841454
12.842130
12.842806
12.843481
12.844157
12.844832
12.845508
12.846183
12.846859
12.847534
12.848210
12.848885
12.849560
12.850236
12.850911
12.851586
12.852261
12.852937
12.853612
12.854287
12.854962
12.855637
12.856312
12.856988
12.857663
12.858338
12.859013
12.859688
12.860363
12.861037
12.861712
12.862387
12.863062
12.863737
12.864412
12.865087
12.865761
12.866436
12.867111
12.867785
12.868460
12.869135
12.869809
12.870484
12.871158
12.871833
12.872507
12.873182
12.873856
12.874531
12.875205
12.875880
12.876554
12.877228
12.877903
12.878577
12.879251
12.879925
12.880600
12.881274
12.881948
12.882622
12.883296
12.883970
12.884644
12.885318
12.885992
12.886666
12.887340
12.888014
12.888688
12.889362
12.890036
12.890710
12.891383
12.892057
12.892731
12.893405
12.894078
12.894752
12.895426
12.896099
12.896773
12.897446
12.898120
12.898793
12.899467
12.900140
12.900814
12.901487
12.902161
12.902834
12.903507
12.904181
12.904854
12.905527
12.906201
12.906874
12.907547
12.908220
12.908893
12.909566
12.910240
12.910913
12.911586
12.912259
12.912932
12.913605
12.914278
12.914950
12.915623
12.916296
12.916969
12.917642
12.918315
12.918987
12.919660
12.920333
12.921006
12.921678
12.922351
12.923024
12.923696
12.924369
12.925041
12.925714
12.926386
12.927059
12.927731
12.928404
12.929076
12.929748
12.930421
12.931093
12.931765
12.932438
12.933110
12.933782
12.934454
12.935126
12.935799
12.936471
12.937143
12.937815
12.938487
12.939159
12.939831
12.940503
12.941175
12.941847
12.942519
12.943190
12.943862
12.944534
12.945206
12.945878
12.946549
12.947221
12.947893
12.948564
12.949236
12.949908
12.950579
12.951251
12.951922
12.952594
12.953265
12.953937
12.954608
12.955280
12.955951
12.956622
12.957294
12.957965
12.958636
12.959308
12.959979
12.960650
12.961321
12.961992
12.962663
12.963335
12.964006
12.964677
12.965348
12.966019
12.966690
12.967361
12.968032
12.968702
12.969373
12.970044
12.970715
12.971386
12.972057
12.972727
12.973398
12.974069
12.974739
12.975410
12.976081
12.976751
12.977422
12.978092
12.978763
12.979433
12.980104
12.980774
12.981445
12.982115
12.982786
12.983456
12.984126
12.984797
12.985467
12.986137
12.986807
12.987477
12.988148
12.988818
12.989488
12.990158
12.990828
12.991498
12.992168
12.992838
12.993508
12.994178
12.994848
12.995518
12.996188
12.996858
12.997527
12.998197
12.998867
12.999537
13.000206
13.000876
13.001546
13.002215
13.002885
13.003555
13.004224
13.004894
13.005563
13.006233
13.006902
13.007572
13.008241
13.008910
13.009580
13.010249
13.010918
13.011588
13.012257
13.012926
13.013595
13.014265
13.014934
13.015603
13.016272
13.016941
13.017610
13.018279
13.018948
13.019617
13.020286
13.020955
13.021624
13.022293
13.022962
13.023630
13.024299
13.024968
13.025637
13.026305
13.026974
13.027643
13.028311
13.028980
13.029649
13.030317
13.030986
13.031654
13.032323
13.032991
13.033660
13.034328
13.034997
13.035665
13.036333
13.037002
13.037670
13.038338
13.039006
13.039675
13.040343
13.041011
13.041679
13.042347
13.043015
13.043683
13.044351
13.045019
13.045687
13.046355
13.047023
13.047691
13.048359
13.049027
13.049695
13.050363
13.051030
13.051698
13.052366
13.053034
13.053701
13.054369
13.055037
13.055704
13.056372
13.057039
13.057707
13.058374
13.059042
13.059709
13.060377
13.061044
13.061712
13.062379
13.063046
13.063714
13.064381
13.065048
13.065715
13.066383
13.067050
13.067717
13.068384
13.069051
13.069718
13.070385
13.071052
13.071719
13.072386
13.073053
13.073720
13.074387
13.075054
13.075721
13.076388
13.077054
13.077721
13.078388
13.079055
13.079721
13.080388
13.081055
13.081721
13.082388
13.083054
13.083721
13.084387
13.085054
13.085720
13.086387
13.087053
13.087720
13.088386
13.089052
13.089719
13.090385
13.091051
13.091717
13.092384
13.093050
13.093716
13.094382
13.095048
13.095714
13.096380
13.097046
13.097712
13.098378
13.099044
13.099710
13.100376
13.101042
13.101708
13.102374
13.103039
13.103705
13.104371
13.105037
13.105702
13.106368
13.107034
13.107699
13.108365
13.109031
13.109696
13.110362
13.111027
13.111693
13.112358
13.113023
13.113689
13.114354
13.115020
13.115685
13.116350
13.117015
13.117681
13.118346
13.119011
13.119676
13.120341
13.121006
13.121672
13.122337
13.123002
13.123667
13.124332
13.124997
13.125662
13.126326
13.126991
13.127656
13.128321
13.128986
13.129651
13.130315
13.130980
13.131645
13.132309
13.132974
13.133639
13.134303
13.134968
13.135632
13.136297
13.136961
13.137626
13.138290
13.138955
13.139619
13.140284
13.140948
13.141612
13.142277
13.142941
13.143605
13.144269
13.144933
13.145598
13.146262
13.146926
13.147590
13.148254
13.148918
13.149582
13.150246
13.150910
13.151574
13.152238
13.152902
13.153566
13.154229
13.154893
13.155557
13.156221
13.156885
13.157548
13.158212
13.158876
13.159539
13.160203
13.160866
13.161530
13.162194
13.162857
13.163520
13.164184
13.164847
13.165511
13.166174
13.166837
13.167501
13.168164
13.168827
13.169491
13.170154
13.170817
13.171480
13.172143
13.172806
13.173470
13.174133
13.174796
13.175459
13.176122
13.176785
13.177448
13.178110
13.178773
13.179436
13.180099
13.180762
13.181425
13.182087
13.182750
13.183413
13.184076
13.184738
13.185401
13.186063
13.186726
13.187389
13.188051
13.188714
13.189376
13.190039
13.190701
13.191363
13.192026
13.192688
13.193350
13.194013
13.194675
13.195337
13.195999
13.196662
13.197324
13.197986
13.198648
13.199310
13.199972
13.200634
13.201296
13.201958
13.202620
13.203282
13.203944
13.204606
13.205268
13.205930
13.206591
13.207253
13.207915
13.208577
13.209238
13.209900
13.210562
13.211223
13.211885
13.212547
13.213208
13.213870
13.214531
13.215193
13.215854
13.216515
13.217177
13.217838
13.218500
13.219161
13.219822
13.220483
13.221145
13.221806
13.222467
13.223128
13.223789
13.224451
13.225112
13.225773
13.226434
13.227095
13.227756
13.228417
13.229078
13.229739
13.230399
13.231060
13.231721
13.232382
13.233043
13.233703
13.234364
13.235025
13.235686
13.236346
13.237007
13.237667
13.238328
13.238989
13.239649
13.240310
13.240970
13.241631
13.242291
13.242951
13.243612
13.244272
13.244932
13.245593
13.246253
13.246913
13.247573
13.248234
13.248894
13.249554
13.250214
13.250874
13.251534
13.252194
13.252854
13.253514
13.254174
13.254834
13.255494
13.256154
13.256814
13.257473
13.258133
13.258793
13.259453
13.260113
13.260772
13.261432
13.262092
13.262751
13.263411
13.264070
13.264730
13.265389
13.266049
13.266708
13.267368
13.268027
13.268687
13.269346
13.270005
13.270665
13.271324
13.271983
13.272642
13.273302
13.273961
13.274620
13.275279
13.275938
13.276597
13.277256
13.277915
13.278574
13.279233
13.279892
13.280551
13.281210
13.281869
13.282528
13.283187
13.283845
13.284504
13.285163
13.285822
13.286480
13.287139
13.287798
13.288456
13.289115
13.289773
13.290432
13.291090
13.291749
13.292407
13.293066
13.293724
13.294383
13.295041
13.295699
13.296358
13.297016
13.297674
13.298332
13.298991
13.299649
13.300307
13.300965
13.301623
13.302281
13.302939
13.303597
13.304255
13.304913
13.305571
13.306229
13.306887
13.307545
13.308203
13.308861
13.309518
13.310176
13.310834
13.311492
13.312149
13.312807
13.313464
13.314122
13.314780
13.315437
13.316095
13.316752
13.317410
13.318067
13.318725
13.319382
13.320039
13.320697
13.321354
13.322011
13.322669
13.323326
13.323983
13.324640
13.325297
13.325955
13.326612
13.327269
13.327926
13.328583
13.329240
13.329897
13.330554
13.331211
13.331868
13.332525
13.333181
13.333838
13.334495
13.335152
13.335809
13.336465
13.337122
13.337779
13.338435
13.339092
13.339749
13.340405
13.341062
13.341718
13.342375
13.343031
13.343688
13.344344
13.345000
13.345657
13.346313
13.346969
13.347626
13.348282
13.348938
13.349594
13.350251
13.350907
13.351563
13.352219
13.352875
13.353531
13.354187
13.354843
13.355499
13.356155
13.356811
13.357467
13.358123
13.358779
13.359434
13.360090
13.360746
13.361402
13.362057
13.362713
13.363369
13.364024
13.364680
13.365336
13.365991
13.366647
13.367302
13.367958
13.368613
13.369269
13.369924
13.370579
13.371235
13.371890
13.372545
13.373201
13.373856
13.374511
13.375166
13.375821
13.376477
13.377132
13.377787
13.378442
13.379097
13.379752
13.380407
13.381062
13.381717
13.382372
13.383027
13.383681
13.384336
13.384991
13.385646
13.386301
13.386955
13.387610
13.388265
13.388919
13.389574
13.390229
13.390883
13.391538
13.392192
13.392847
13.393501
13.394156
13.394810
13.395464
13.396119
13.396773
13.397427
13.398082
13.398736
13.399390
13.400044
13.400699
13.401353
13.402007
13.402661
13.403315
13.403969
13.404623
13.405277
13.405931
13.406585
13.407239
13.407893
13.408547
13.409201
13.409854
13.410508
13.411162
13.411816
13.412469
13.413123
13.413777
13.414430
13.415084
13.415738
13.416391
13.417045
13.417698
13.418352
13.419005
13.419658
13.420312
13.420965
13.421619
13.422272
13.422925
13.423578
13.424232
13.424885
13.425538
13.426191
13.426844
13.427498
13.428151
13.428804
13.429457
13.430110
13.430763
13.431416
13.432069
13.432721
13.433374
13.434027
13.434680
13.435333
13.435986
13.436638
13.437291
13.437944
13.438596
13.439249
13.439902
13.440554
13.441207
13.441859
13.442512
13.443164
13.443817
13.444469
13.445122
13.445774
13.446426
13.447079
13.447731
13.448383
13.449036
13.449688
13.450340
13.450992
13.451644
13.452296
13.452949
13.453601
13.454253
13.454905
13.455557
13.456209
13.456861
13.457512
13.458164
13.458816
13.459468
13.460120
13.460772
13.461423
13.462075
13.462727
13.463378
13.464030
13.464682
13.465333
13.465985
13.466636
13.467288
13.467939
13.468591
13.469242
13.469894
13.470545
13.471197
13.471848
13.472499
13.473151
13.473802
13.474453
13.475104
13.475755
13.476407
13.477058
13.477709
13.478360
13.479011
13.479662
13.480313
13.480964
13.481615
13.482266
13.482917
13.483567
13.484218
13.484869
13.485520
13.486171
13.486821
13.487472
13.488123
13.488773
13.489424
13.490075
13.490725
13.491376
13.492026
13.492677
13.493327
13.493978
13.494628
13.495279
13.495929
13.496579
13.497230
13.497880
13.498530
13.499180
13.499831
13.500481
13.501131
13.501781
13.502431
13.503081
13.503731
13.504381
13.505031
13.505681
13.506331
13.506981
13.507631
13.508281
13.508931
13.509581
13.510230
13.510880
13.511530
13.512180
13.512829
13.513479
13.514129
13.514778
13.515428
13.516077
13.516727
13.517376
13.518026
13.518675
13.519325
13.519974
13.520623
13.521273
13.521922
13.522571
13.523221
13.523870
13.524519
13.525168
13.525818
13.526467
13.527116
13.527765
13.528414
13.529063
13.529712
13.530361
13.531010
13.531659
13.532308
13.532957
13.533605
13.534254
13.534903
13.535552
13.536201
13.536849
13.537498
13.538147
13.538795
13.539444
13.540092
13.540741
13.541389
13.542038
13.542686
13.543335
13.543983
13.544632
13.545280
13.545928
13.546577
13.547225
13.547873
13.548522
13.549170
13.549818
13.550466
13.551114
13.551762
13.552410
13.553059
13.553707
13.554355
13.555003
13.555651
13.556298
13.556946
13.557594
13.558242
13.558890
13.559538
13.560185
13.560833
13.561481
13.562129
13.562776
13.563424
13.564071
13.564719
13.565367
13.566014
13.566662
13.567309
13.567957
13.568604
13.569251
13.569899
13.570546
13.571193
13.571841
13.572488
13.573135
13.573782
13.574430
13.575077
13.575724
13.576371
13.577018
13.577665
13.578312
13.578959
13.579606
13.580253
13.580900
13.581547
13.582194
13.582841
13.583488
13.584134
13.584781
13.585428
13.586075
13.586721
13.587368
13.588015
13.588661
13.589308
13.589954
13.590601
13.591247
13.591894
13.592540
13.593187
13.593833
13.594479
13.595126
13.595772
13.596418
13.597065
13.597711
13.598357
13.599003
13.599649
13.600296
13.600942
13.601588
13.602234
13.602880
13.603526
13.604172
13.604818
13.605464
13.606110
13.606755
13.607401
13.608047
13.608693
13.609339
13.609984
13.610630
13.611276
13.611921
13.612567
13.613213
13.613858
13.614504
13.615149
13.615795
13.616440
13.617086
13.617731
13.618377
13.619022
13.619667
13.620313
13.620958
13.621603
13.622248
13.622894
13.623539
13.624184
13.624829
13.625474
13.626119
13.626764
13.627409
13.628054
13.628699
13.629344
13.629989
13.630634
13.631279
13.631924
13.632569
13.633213
13.633858
13.634503
13.635148
13.635792
13.636437
13.637082
13.637726
13.638371
13.639015
13.639660
13.640304
13.640949
13.641593
13.642238
13.642882
13.643526
13.644171
13.644815
13.645459
13.646104
13.646748
13.647392
13.648036
13.648680
13.649324
13.649969
13.650613
13.651257
13.651901
13.652545
13.653189
13.653833
13.654477
13.655120
13.655764
13.656408
13.657052
13.657696
13.658339
13.658983
13.659627
13.660271
13.660914
13.661558
13.662201
13.662845
13.663489
13.664132
13.664776
13.665419
13.666062
13.666706
13.667349
13.667993
13.668636
13.669279
13.669923
13.670566
13.671209
13.671852
13.672495
13.673139
13.673782
13.674425
13.675068
13.675711
13.676354
13.676997
13.677640
13.678283
13.678926
13.679568
13.680211
13.680854
13.681497
13.682140
13.682782
13.683425
13.684068
13.684711
13.685353
13.685996
13.686638
13.687281
13.687924
13.688566
13.689209
13.689851
13.690493
13.691136
13.691778
13.692421
13.693063
13.693705
13.694347
13.694990
13.695632
13.696274
13.696916
13.697558
13.698200
13.698843
13.699485
13.700127
13.700769
13.701411
13.702053
13.702694
13.703336
13.703978
13.704620
13.705262
13.705904
13.706545
13.707187
13.707829
13.708471
13.709112
13.709754
13.710396
13.711037
13.711679
13.712320
13.712962
13.713603
13.714245
13.714886
13.715527
13.716169
13.716810
13.717451
13.718093
13.718734
13.719375
13.720016
13.720658
13.721299
13.721940
13.722581
13.723222
13.723863
13.724504
13.725145
13.725786
13.726427
13.727068
13.727709
13.728350
13.728990
13.729631
13.730272
13.730913
13.731554
13.732194
13.732835
13.733476
13.734116
13.734757
13.735397
13.736038
13.736678
13.737319
13.737959
13.738600
13.739240
13.739881
13.740521
13.741161
13.741802
13.742442
13.743082
13.743722
13.744363
13.745003
13.745643
13.746283
13.746923
13.747563
13.748203
13.748843
13.749483
13.750123
13.750763
13.751403
13.752043
13.752683
13.753322
13.753962
13.754602
13.755242
13.755881
13.756521
13.757161
13.757800
13.758440
13.759080
13.759719
13.760359
13.760998
13.761638
13.762277
13.762917
13.763556
13.764195
13.764835
13.765474
13.766113
13.766753
13.767392
13.768031
13.768670
13.769309
13.769948
13.770588
13.771227
13.771866
13.772505
13.773144
13.773783
13.774422
13.775060
13.775699
13.776338
13.776977
13.777616
13.778255
13.778893
13.779532
13.780171
13.780810
13.781448
13.782087
13.782725
13.783364
13.784002
13.784641
13.785279
13.785918
13.786556
13.787195
13.787833
13.788472
13.789110
13.789748
13.790386
13.791025
13.791663
13.792301
13.792939
13.793577
13.794215
13.794854
13.795492
13.796130
13.796768
13.797406
13.798044
13.798682
13.799319
13.799957
13.800595
13.801233
13.801871
13.802509
13.803146
13.803784
13.804422
13.805059
13.805697
13.806335
13.806972
13.807610
13.808247
13.808885
13.809522
13.810160
13.810797
13.811434
13.812072
13.812709
13.813346
13.813984
13.814621
13.815258
13.815895
13.816533
13.817170
13.817807
13.818444
13.819081
13.819718
13.820355
13.820992
13.821629
13.822266
13.822903
13.823540
13.824177
13.824813
13.825450
13.826087
13.826724
13.827361
13.827997
13.828634
13.829271
13.829907
13.830544
13.831180
13.831817
13.832453
13.833090
13.833726
13.834363
13.834999
13.835635
13.836272
13.836908
13.837544
13.838181
13.838817
13.839453
13.840089
13.840725
13.841362
13.841998
13.842634
13.843270
13.843906
13.844542
13.845178
13.845814
13.846450
13.847086
13.847721
13.848357
13.848993
13.849629
13.850265
13.850900
13.851536
13.852172
13.852807
13.853443
13.854079
13.854714
13.855350
13.855985
13.856621
13.857256
13.857892
13.858527
13.859162
13.859798
13.860433
13.861068
13.861704
13.862339
13.862974
13.863609
13.864244
13.864880
13.865515
13.866150
13.866785
13.867420
13.868055
13.868690
13.869325
13.869960
13.870595
13.871230
13.871864
13.872499
13.873134
13.873769
13.874403
13.875038
13.875673
13.876308
13.876942
13.877577
13.878211
13.878846
13.879480
13.880115
13.880749
13.881384
13.882018
13.882653
13.883287
13.883921
13.884556
13.885190
13.885824
13.886458
13.887093
13.887727
13.888361
13.888995
13.889629
13.890263
13.890897
13.891531
13.892165
13.892799
13.893433
13.894067
13.894701
13.895335
13.895968
13.896602
13.897236
13.897870
13.898503
13.899137
13.899771
13.900404
13.901038
13.901672
13.902305
13.902939
13.903572
13.904206
13.904839
13.905473
13.906106
13.906739
13.907373
13.908006
13.908639
13.909273
13.909906
13.910539
13.911172
13.911805
13.912438
13.913071
13.913705
13.914338
13.914971
13.915604
13.916237
13.916869
13.917502
13.918135
13.918768
13.919401
13.920034
13.920667
13.921299
13.921932
13.922565
13.923197
13.923830
13.924463
13.925095
13.925728
13.926360
13.926993
13.927625
13.928258
13.928890
13.929522
13.930155
13.930787
13.931419
13.932052
13.932684
13.933316
13.933948
13.934581
13.935213
13.935845
13.936477
13.937109
13.937741
13.938373
13.939005
13.939637
13.940269
13.940901
13.941533
13.942165
13.942796
13.943428
13.944060
13.944692
13.945324
13.945955
13.946587
13.947219
13.947850
13.948482
13.949113
13.949745
13.950376
13.951008
13.951639
13.952271
13.952902
13.953533
13.954165
13.954796
13.955427
13.956059
13.956690
13.957321
13.957952
13.958583
13.959215
13.959846
13.960477
13.961108
13.961739
13.962370
13.963001
13.963632
13.964263
13.964893
13.965524
13.966155
13.966786
13.967417
13.968047
13.968678
13.969309
13.969939
13.970570
13.971201
13.971831
13.972462
13.973092
13.973723
13.974353
13.974984
13.975614
13.976245
13.976875
13.977505
13.978136
13.978766
13.979396
13.980026
13.980657
13.981287
13.981917
13.982547
13.983177
13.983807
13.984437
13.985067
13.985697
13.986327
13.986957
13.987587
13.988217
13.988847
13.989477
13.990106
13.990736
13.991366
13.991996
13.992625
13.993255
13.993885
13.994514
13.995144
13.995773
13.996403
13.997032
13.997662
13.998291
13.998921
13.999550
14.000180
14.000809
14.001438
14.002068
14.002697
14.003326
14.003955
14.004584
14.005214
14.005843
14.006472
14.007101
14.007730
14.008359
14.008988
14.009617
14.010246
14.010875
14.011504
14.012132
14.012761
14.013390
14.014019
14.014647
14.015276
14.015905
14.016534
14.017162
14.017791
14.018419
14.019048
14.019676
14.020305
14.020933
14.021562
14.022190
14.022819
14.023447
14.024075
14.024704
14.025332
14.025960
14.026588
14.027217
14.027845
14.028473
14.029101
14.029729
14.030357
14.030985
14.031613
14.032241
14.032869
14.033497
14.034125
14.034753
14.035381
14.036009
14.036636
14.037264
14.037892
14.038520
14.039147
14.039775
14.040403
14.041030
14.041658
14.042285
14.042913
14.043540
14.044168
14.044795
14.045423
14.046050
14.046677
14.047305
14.047932
14.048559
14.049186
14.049814
14.050441
14.051068
14.051695
14.052322
14.052949
14.053576
14.054203
14.054831
14.055457
14.056084
14.056711
14.057338
14.057965
14.058592
14.059219
14.059846
14.060472
14.061099
14.061726
14.062352
14.062979
14.063606
14.064232
14.064859
14.065485
14.066112
14.066738
14.067365
14.067991
14.068618
14.069244
14.069870
14.070497
14.071123
14.071749
14.072376
14.073002
14.073628
14.074254
14.074880
14.075506
14.076132
14.076758
14.077385
14.078011
14.078636
14.079262
14.079888
14.080514
14.081140
14.081766
14.082392
14.083018
14.083643
14.084269
14.084895
14.085520
14.086146
14.086772
14.087397
14.088023
14.088648
14.089274
14.089899
14.090525
14.091150
14.091776
14.092401
14.093026
14.093652
14.094277
14.094902
14.095527
14.096153
14.096778
14.097403
14.098028
14.098653
14.099278
14.099903
14.100528
14.101153
14.101778
14.102403
14.103028
14.103653
14.104278
14.104903
14.105527
14.106152
14.106777
14.107402
14.108026
14.108651
14.109276
14.109900
14.110525
14.111149
14.111774
14.112398
14.113023
14.113647
14.114272
14.114896
14.115520
14.116145
14.116769
14.117393
14.118018
14.118642
14.119266
14.119890
14.120514
14.121138
14.121763
14.122387
14.123011
14.123635
14.124259
14.124883
14.125506
14.126130
14.126754
14.127378
14.128002
14.128626
14.129249
14.129873
14.130497
14.131121
14.131744
14.132368
14.132991
14.133615
14.134239
14.134862
14.135486
14.136109
14.136732
14.137356
14.137979
14.138603
14.139226
14.139849
14.140472
14.141096
14.141719
14.142342
14.142965
14.143588
14.144211
14.144835
14.145458
14.146081
14.146704
14.147327
14.147950
14.148572
14.149195
14.149818
14.150441
14.151064
14.151687
14.152309
14.152932
14.153555
14.154177
14.154800
14.155423
14.156045
14.156668
14.157290
14.157913
14.158535
14.159158
14.159780
14.160403
14.161025
14.161647
14.162270
14.162892
14.163514
14.164136
14.164759
14.165381
14.166003
14.166625
14.167247
14.167869
14.168491
14.169113
14.169735
14.170357
14.170979
14.171601
14.172223
14.172845
14.173466
14.174088
14.174710
14.175332
14.175953
14.176575
14.177197
14.177818
14.178440
14.179062
14.179683
14.180305
14.180926
14.181548
14.182169
14.182790
14.183412
14.184033
14.184654
14.185276
14.185897
14.186518
14.187139
14.187761
14.188382
14.189003
14.189624
14.190245
14.190866
14.191487
14.192108
14.192729
14.193350
14.193971
14.194592
14.195213
14.195834
14.196454
14.197075
14.197696
14.198317
14.198937
14.199558
14.200179
14.200799
14.201420
14.202040
14.202661
14.203281
14.203902
14.204522
14.205143
14.205763
14.206384
14.207004
14.207624
14.208244
14.208865
14.209485
14.210105
14.210725
14.211345
14.211966
14.212586
14.213206
14.213826
14.214446
14.215066
14.215686
14.216306
14.216925
14.217545
14.218165
14.218785
14.219405
14.220025
14.220644
14.221264
14.221884
14.222503
14.223123
14.223743
14.224362
14.224982
14.225601
14.226221
14.226840
14.227459
14.228079
14.228698
14.229318
14.229937
14.230556
14.231175
14.231795
14.232414
14.233033
14.233652
14.234271
14.234890
14.235510
14.236129
14.236748
14.237367
14.237986
14.238604
14.239223
14.239842
14.240461
14.241080
14.241699
14.242318
14.242936
14.243555
14.244174
14.244792
14.245411
14.246030
14.246648
14.247267
14.247885
14.248504
14.249122
14.249741
14.250359
14.250977
14.251596
14.252214
14.252832
14.253451
14.254069
14.254687
14.255305
14.255923
14.256542
14.257160
14.257778
14.258396
14.259014
14.259632
14.260250
14.260868
14.261486
14.262104
14.262721
14.263339
14.263957
14.264575
14.265193
14.265810
14.266428
14.267046
14.267663
14.268281
14.268898
14.269516
14.270134
14.270751
14.271369
14.271986
14.272603
14.273221
14.273838
14.274455
14.275073
14.275690
14.276307
14.276925
14.277542
14.278159
14.278776
14.279393
14.280010
14.280627
14.281244
14.281861
14.282478
14.283095
14.283712
14.284329
14.284946
14.285563
14.286180
14.286796
14.287413
14.288030
14.288647
14.289263
14.289880
14.290497
14.291113
14.291730
14.292346
14.292963
14.293579
14.294196
14.294812
14.295428
14.296045
14.296661
14.297277
14.297894
14.298510
14.299126
14.299742
14.300359
14.300975
14.301591
14.302207
14.302823
14.303439
14.304055
14.304671
14.305287
14.305903
14.306519
14.307135
14.307751
14.308366
14.308982
14.309598
14.310214
14.310829
14.311445
14.312061
14.312676
14.313292
14.313907
14.314523
14.315139
14.315754
14.316369
14.316985
14.317600
14.318216
14.318831
14.319446
14.320062
14.320677
14.321292
14.321907
14.322523
14.323138
14.323753
14.324368
14.324983
14.325598
14.326213
14.326828
14.327443
14.328058
14.328673
14.329288
14.329903
14.330517
14.331132
14.331747
14.332362
14.332976
14.333591
14.334206
14.334820
14.335435
14.336049
14.336664
14.337279
14.337893
14.338508
14.339122
14.339736
14.340351
14.340965
14.341579
14.342194
14.342808
14.343422
14.344036
14.344651
14.345265
14.345879
14.346493
14.347107
14.347721
14.348335
14.348949
14.349563
14.350177
14.350791
14.351405
14.352019
14.352632
14.353246
14.353860
14.354474
14.355087
14.355701
14.356315
14.356928
14.357542
14.358156
14.358769
14.359383
14.359996
14.360610
14.361223
14.361836
14.362450
14.363063
14.363677
14.364290
14.364903
14.365516
14.366130
14.366743
14.367356
14.367969
14.368582
14.369195
14.369808
14.370421
14.371034
14.371647
14.372260
14.372873
14.373486
14.374099
14.374712
14.375324
14.375937
14.376550
14.377163
14.377775
14.378388
14.379001
14.379613
14.380226
14.380838
14.381451
14.382063
14.382676
14.383288
14.383901
14.384513
14.385125
14.385738
14.386350
14.386962
14.387575
14.388187
14.388799
14.389411
14.390023
14.390635
14.391247
14.391859
14.392471
14.393083
14.393695
14.394307
14.394919
14.395531
14.396143
14.396755
14.397367
14.397978
14.398590
14.399202
14.399813
14.400425
14.401037
14.401648
14.402260
14.402871
14.403483
14.404095
14.404706
14.405317
14.405929
14.406540
14.407152
14.407763
14.408374
14.408985
14.409597
14.410208
14.410819
14.411430
14.412041
14.412652
14.413264
14.413875
14.414486
14.415097
14.415708
14.416318
14.416929
14.417540
14.418151
14.418762
14.419373
14.419983
14.420594
14.421205
14.421816
14.422426
14.423037
14.423648
14.424258
14.424869
14.425479
14.426090
14.426700
14.427311
14.427921
14.428531
14.429142
14.429752
14.430362
14.430973
14.431583
14.432193
14.432803
14.433413
14.434023
14.434634
14.435244
14.435854
14.436464
14.437074
14.437684
14.438294
14.438903
14.439513
14.440123
14.440733
14.441343
14.441953
14.442562
14.443172
14.443782
14.444391
14.445001
14.445611
14.446220
14.446830
14.447439
14.448049
14.448658
14.449268
14.449877
14.450486
14.451096
14.451705
14.452314
14.452924
14.453533
14.454142
14.454751
14.455360
14.455969
14.456579
14.457188
14.457797
14.458406
14.459015
14.459624
14.460233
14.460841
14.461450
14.462059
14.462668
14.463277
14.463885
14.464494
14.465103
14.465712
14.466320
14.466929
14.467537
14.468146
14.468755
14.469363
14.469972
14.470580
14.471188
14.471797
14.472405
14.473014
14.473622
14.474230
14.474838
14.475447
14.476055
14.476663
14.477271
14.477879
14.478487
14.479095
14.479703
14.480311
14.480919
14.481527
14.482135
14.482743
14.483351
14.483959
14.484567
14.485174
14.485782
14.486390
14.486998
14.487605
14.488213
14.488821
14.489428
14.490036
14.490643
14.491251
14.491858
14.492466
14.493073
14.493680
14.494288
14.494895
14.495502
14.496110
14.496717
14.497324
14.497931
14.498539
14.499146
14.499753
14.500360
14.500967
14.501574
14.502181
14.502788
14.503395
14.504002
14.504609
14.505216
14.505822
14.506429
14.507036
14.507643
14.508249
14.508856
14.509463
14.510069
14.510676
14.511283
14.511889
14.512496
14.513102
14.513709
14.514315
14.514922
14.515528
14.516134
14.516741
14.517347
14.517953
14.518559
14.519166
14.519772
14.520378
14.520984
14.521590
14.522196
14.522802
14.523408
14.524014
14.524620
14.525226
14.525832
14.526438
14.527044
14.527650
14.528255
14.528861
14.529467
14.530073
14.530678
14.531284
14.531890
14.532495
14.533101
14.533706
14.534312
14.534917
14.535523
14.536128
14.536734
14.537339
14.537944
14.538550
14.539155
14.539760
14.540365
14.540971
14.541576
14.542181
14.542786
14.543391
14.543996
14.544601
14.545206
14.545811
14.546416
14.547021
14.547626
14.548231
14.548836
14.549441
14.550045
14.550650
14.551255
14.551860
14.552464
14.553069
14.553673
14.554278
14.554883
14.555487
14.556092
14.556696
14.557301
14.557905
14.558509
14.559114
14.559718
14.560322
14.560927
14.561531
14.562135
14.562739
14.563344
14.563948
14.564552
14.565156
14.565760
14.566364
14.566968
14.567572
14.568176
14.568780
14.569384
14.569987
14.570591
14.571195
14.571799
14.572403
14.573006
14.573610
14.574214
14.574817
14.575421
14.576025
14.576628
14.577232
14.577835
14.578439
14.579042
14.579645
14.580249
14.580852
14.581455
14.582059
14.582662
14.583265
14.583868
14.584472
14.585075
14.585678
14.586281
14.586884
14.587487
14.588090
14.588693
14.589296
14.589899
14.590502
14.591105
14.591708
14.592310
14.592913
14.593516
14.594119
14.594721
14.595324
14.595927
14.596529
14.597132
14.597735
14.598337
14.598940
14.599542
14.600145
14.600747
14.601349
14.601952
14.602554
14.603156
14.603759
14.604361
14.604963
14.605565
14.606167
14.606770
14.607372
14.607974
14.608576
14.609178
14.609780
14.610382
14.610984
14.611586
14.612188
14.612789
14.613391
14.613993
14.614595
14.615197
14.615798
14.616400
14.617002
14.617603
14.618205
14.618807
14.619408
14.620010
14.620611
14.621213
14.621814
14.622415
14.623017
14.623618
14.624219
14.624821
14.625422
14.626023
14.626624
14.627226
14.627827
14.628428
14.629029
14.629630
14.630231
14.630832
14.631433
14.632034
14.632635
14.633236
14.633837
14.634438
14.635038
14.635639
14.636240
14.636841
14.637441
14.638042
14.638643
14.639243
14.639844
14.640445
14.641045
14.641646
14.642246
14.642846
14.643447
14.644047
14.644648
14.645248
14.645848
14.646449
14.647049
14.647649
14.648249
14.648849
14.649450
14.650050
14.650650
14.651250
14.651850
14.652450
14.653050
14.653650
14.654250
14.654850
14.655449
14.656049
14.656649
14.657249
14.657849
14.658448
14.659048
14.659648
14.660247
14.660847
14.661446
14.662046
14.662645
14.663245
14.663844
14.664444
14.665043
14.665643
14.666242
14.666841
14.667441
14.668040
14.668639
14.669238
14.669837
14.670437
14.671036
14.671635
14.672234
14.672833
14.673432
14.674031
14.674630
14.675229
14.675828
14.676426
14.677025
14.677624
14.678223
14.678822
14.679420
14.680019
14.680618
14.681216
14.681815
14.682414
14.683012
14.683611
14.684209
14.684808
14.685406
14.686004
14.686603
14.687201
14.687800
14.688398
14.688996
14.689594
14.690193
14.690791
14.691389
14.691987
14.692585
14.693183
14.693781
14.694379
14.694977
14.695575
14.696173
14.696771
14.697369
14.697967
14.698565
14.699162
14.699760
14.700358
14.700956
14.701553
14.702151
14.702749
14.703346
14.703944
14.704541
14.705139
14.705736
14.706334
14.706931
14.707529
14.708126
14.708723
14.709321
14.709918
14.710515
14.711112
14.711709
14.712307
14.712904
14.713501
14.714098
14.714695
14.715292
14.715889
14.716486
14.717083
14.717680
14.718277
14.718874
14.719470
14.720067
14.720664
14.721261
14.721857
14.722454
14.723051
14.723647
14.724244
14.724841
14.725437
14.726034
14.726630
14.727227
14.727823
14.728419
14.729016
14.729612
14.730208
14.730805
14.731401
14.731997
14.732593
14.733190
14.733786
14.734382
14.734978
14.735574
14.736170
14.736766
14.737362
14.737958
14.738554
14.739150
14.739746
14.740341
14.740937
14.741533
14.742129
14.742724
14.743320
14.743916
14.744511
14.745107
14.745703
14.746298
14.746894
14.747489
14.748085
14.748680
14.749276
14.749871
14.750466
14.751062
14.751657
14.752252
14.752847
14.753443
14.754038
14.754633
14.755228
14.755823
14.756418
14.757013
14.757608
14.758203
14.758798
14.759393
14.759988
14.760583
14.761178
14.761772
14.762367
14.762962
14.763557
14.764151
14.764746
14.765341
14.765935
14.766530
14.767124
14.767719
14.768313
14.768908
14.769502
14.770097
14.770691
14.771286
14.771880
14.772474
14.773068
14.773663
14.774257
14.774851
14.775445
14.776039
14.776633
14.777228
14.777822
14.778416
14.779010
14.779604
14.780197
14.780791
14.781385
14.781979
14.782573
14.783167
14.783760
14.784354
14.784948
14.785541
14.786135
14.786729
14.787322
14.787916
14.788509
14.789103
14.789696
14.790290
14.790883
14.791477
14.792070
14.792663
14.793257
14.793850
14.794443
14.795036
14.795630
14.796223
14.796816
14.797409
14.798002
14.798595
14.799188
14.799781
14.800374
14.800967
14.801560
14.802153
14.802746
14.803338
14.803931
14.804524
14.805117
14.805709
14.806302
14.806895
14.807487
14.808080
14.808672
14.809265
14.809857
14.810450
14.811042
14.811635
14.812227
14.812820
14.813412
14.814004
14.814596
14.815189
14.815781
14.816373
14.816965
14.817557
14.818149
14.818742
14.819334
14.819926
14.820518
14.821110
14.821701
14.822293
14.822885
14.823477
14.824069
14.824661
14.825252
14.825844
14.826436
14.827028
14.827619
14.828211
14.828802
14.829394
14.829985
14.830577
14.831168
14.831760
14.832351
14.832943
14.833534
14.834125
14.834717
14.835308
14.835899
14.836490
14.837082
14.837673
14.838264
14.838855
14.839446
14.840037
14.840628
14.841219
14.841810
14.842401
14.842992
14.843583
14.844174
14.844764
14.845355
14.845946
14.846537
14.847127
14.847718
14.848309
14.848899
14.849490
14.850081
14.850671
14.851262
14.851852
14.852442
14.853033
14.853623
14.854214
14.854804
14.855394
14.855985
14.856575
14.857165
14.857755
14.858345
14.858935
14.859526
14.860116
14.860706
14.861296
14.861886
14.862476
14.863066
14.863656
14.864245
14.864835
14.865425
14.866015
14.866605
14.867194
14.867784
14.868374
14.868963
14.869553
14.870143
14.870732
14.871322
14.871911
14.872501
14.873090
14.873679
14.874269
14.874858
14.875448
14.876037
14.876626
14.877215
14.877805
14.878394
14.878983
14.879572
14.880161
14.880750
14.881339
14.881928
14.882517
14.883106
14.883695
14.884284
14.884873
14.885462
14.886051
14.886639
14.887228
14.887817
14.888405
14.888994
14.889583
14.890171
14.890760
14.891349
14.891937
14.892526
14.893114
14.893702
14.894291
14.894879
14.895468
14.896056
14.896644
14.897233
14.897821
14.898409
14.898997
14.899585
14.900173
14.900762
14.901350
14.901938
14.902526
14.903114
14.903702
14.904289
14.904877
14.905465
14.906053
14.906641
14.907229
14.907816
14.908404
14.908992
14.909579
14.910167
14.910755
14.911342
14.911930
14.912517
14.913105
14.913692
14.914280
14.914867
14.915455
14.916042
14.916629
14.917217
14.917804
14.918391
14.918978
14.919565
14.920153
14.920740
14.921327
14.921914
14.922501
14.923088
14.923675
14.924262
14.924849
14.925436
14.926022
14.926609
14.927196
14.927783
14.928370
14.928956
14.929543
14.930130
14.930716
14.931303
14.931889
14.932476
14.933063
14.933649
14.934235
14.934822
14.935408
14.935995
14.936581
14.937167
14.937754
14.938340
14.938926
14.939512
14.940098
14.940685
14.941271
14.941857
14.942443
14.943029
14.943615
14.944201
14.944787
14.945373
14.945959
14.946544
14.947130
14.947716
14.948302
14.948888
14.949473
14.950059
14.950645
14.951230
14.951816
14.952401
14.952987
14.953572
14.954158
14.954743
14.955329
14.955914
14.956500
14.957085
14.957670
14.958256
14.958841
14.959426
14.960011
14.960596
14.961181
14.961767
14.962352
14.962937
14.963522
14.964107
14.964692
14.965277
14.965862
14.966446
14.967031
14.967616
14.968201
14.968786
14.969370
14.969955
14.970540
14.971124
14.971709
14.972294
14.972878
14.973463
14.974047
14.974632
14.975216
14.975801
14.976385
14.976969
14.977554
14.978138
14.978722
14.979306
14.979891
14.980475
14.981059
14.981643
14.982227
14.982811
14.983395
14.983979
14.984563
14.985147
14.985731
14.986315
14.986899
14.987483
14.988067
14.988650
14.989234
14.989818
14.990401
14.990985
14.991569
14.992152
14.992736
14.993320
14.993903
14.994487
14.995070
14.995653
14.996237
14.996820
14.997404
14.997987
14.998570
14.999153
14.999737
15.000320
15.000903
15.001486
15.002069
15.002652
15.003235
15.003818
15.004401
15.004984
15.005567
15.006150
15.006733
15.007316
15.007899
15.008482
15.009064
15.009647
15.010230
15.010813
15.011395
15.011978
15.012560
15.013143
15.013726
15.014308
15.014891
15.015473
15.016055
15.016638
15.017220
15.017803
15.018385
15.018967
15.019549
15.020132
15.020714
15.021296
15.021878
15.022460
15.023042
15.023624
15.024206
15.024788
15.025370
15.025952
15.026534
15.027116
15.027698
15.028280
15.028861
15.029443
15.030025
15.030607
15.031188
15.031770
15.032352
15.032933
15.033515
15.034096
15.034678
15.035259
15.035841
15.036422
15.037003
15.037585
15.038166
15.038747
15.039329
15.039910
15.040491
15.041072
15.041653
15.042235
15.042816
15.043397
15.043978
15.044559
15.045140
15.045721
15.046302
15.046883
15.047463
15.048044
15.048625
15.049206
15.049787
15.050367
15.050948
15.051529
15.052109
15.052690
15.053270
15.053851
15.054431
15.055012
15.055592
15.056173
15.056753
15.057334
15.057914
15.058494
15.059075
15.059655
15.060235
15.060815
15.061395
15.061976
15.062556
15.063136
15.063716
15.064296
15.064876
15.065456
15.066036
15.066616
15.067195
15.067775
15.068355
15.068935
15.069515
15.070094
15.070674
15.071254
15.071833
15.072413
15.072993
15.073572
15.074152
15.074731
15.075311
15.075890
15.076470
15.077049
15.077628
15.078208
15.078787
15.079366
15.079945
15.080525
15.081104
15.081683
15.082262
15.082841
15.083420
15.083999
15.084578
15.085157
15.085736
15.086315
15.086894
15.087473
15.088052
15.088631
15.089209
15.089788
15.090367
15.090945
15.091524
15.092103
15.092681
15.093260
15.093838
15.094417
15.094995
15.095574
15.096152
15.096731
15.097309
15.097887
15.098466
15.099044
15.099622
15.100201
15.100779
15.101357
15.101935
15.102513
15.103091
15.103669
15.104247
15.104825
15.105403
15.105981
15.106559
15.107137
15.107715
15.108293
15.108870
15.109448
15.110026
15.110604
15.111181
15.111759
15.112336
15.112914
15.113492
15.114069
15.114647
15.115224
15.115802
15.116379
15.116956
15.117534
15.118111
15.118688
15.119266
15.119843
15.120420
15.120997
15.121574
15.122151
15.122729
15.123306
15.123883
15.124460
15.125037
15.125614
15.126190
15.126767
15.127344
15.127921
15.128498
15.129075
15.129651
15.130228
15.130805
15.131381
15.131958
15.132535
15.133111
15.133688
15.134264
15.134841
15.135417
15.135994
15.136570
15.137146
15.137723
15.138299
15.138875
15.139452
15.140028
15.140604
15.141180
15.141756
15.142332
15.142908
15.143484
15.144060
15.144636
15.145212
15.145788
15.146364
15.146940
15.147516
15.148092
15.148667
15.149243
15.149819
15.150395
15.150970
15.151546
15.152122
15.152697
15.153273
15.153848
15.154424
15.154999
15.155575
15.156150
15.156725
15.157301
15.157876
15.158451
15.159027
15.159602
15.160177
15.160752
15.161327
15.161902
15.162477
15.163053
15.163628
15.164203
15.164777
15.165352
15.165927
15.166502
15.167077
15.167652
15.168227
15.168801
15.169376
15.169951
15.170526
15.171100
15.171675
15.172249
15.172824
15.173398
15.173973
15.174547
15.175122
15.175696
15.176271
15.176845
15.177419
15.177994
15.178568
15.179142
15.179716
15.180291
15.180865
15.181439
15.182013
15.182587
15.183161
15.183735
15.184309
15.184883
15.185457
15.186031
15.186605
15.187178
15.187752
15.188326
15.188900
15.189473
15.190047
15.190621
15.191194
15.191768
15.192341
15.192915
15.193489
15.194062
15.194635
15.195209
15.195782
15.196356
15.196929
15.197502
15.198076
15.198649
15.199222
15.199795
15.200368
15.200941
15.201515
15.202088
15.202661
15.203234
15.203807
15.204380
15.204952
15.205525
15.206098
15.206671
15.207244
15.207817
15.208389
15.208962
15.209535
15.210107
15.210680
15.211253
15.211825
15.212398
15.212970
15.213543
15.214115
15.214688
15.215260
15.215832
15.216405
15.216977
15.217549
15.218122
15.218694
15.219266
15.219838
15.220410
15.220982
15.221554
15.222127
15.222699
15.223271
15.223842
15.224414
15.224986
15.225558
15.226130
15.226702
15.227274
15.227845
15.228417
15.228989
15.229560
15.230132
15.230704
15.231275
15.231847
15.232418
15.232990
15.233561
15.234133
15.234704
15.235275
15.235847
15.236418
15.236989
15.237561
15.238132
15.238703
15.239274
15.239845
15.240416
15.240988
15.241559
15.242130
15.242701
15.243272
15.243843
15.244413
15.244984
15.245555
15.246126
15.246697
15.247267
15.247838
15.248409
15.248980
15.249550
15.250121
15.250691
15.251262
15.251832
15.252403
15.252973
15.253544
15.254114
15.254685
15.255255
15.255825
15.256396
15.256966
15.257536
15.258106
15.258676
15.259247
15.259817
15.260387
15.260957
15.261527
15.262097
15.262667
15.263237
15.263807
15.264377
15.264946
15.265516
15.266086
15.266656
15.267225
15.267795
15.268365
15.268934
15.269504
15.270074
15.270643
15.271213
15.271782
15.272352
15.272921
15.273491
15.274060
15.274629
15.275199
15.275768
15.276337
15.276906
15.277476
15.278045
15.278614
15.279183
15.279752
15.280321
15.280890
15.281459
15.282028
15.282597
15.283166
15.283735
15.284304
15.284873
15.285441
15.286010
15.286579
15.287147
15.287716
15.288285
15.288853
15.289422
15.289991
15.290559
15.291128
15.291696
15.292264
15.292833
15.293401
15.293970
15.294538
15.295106
15.295675
15.296243
15.296811
15.297379
15.297947
15.298515
15.299083
15.299652
15.300220
15.300788
15.301356
15.301923
15.302491
15.303059
15.303627
15.304195
15.304763
15.305330
15.305898
15.306466
15.307034
15.307601
15.308169
15.308736
15.309304
15.309871
15.310439
15.311006
15.311574
15.312141
15.312709
15.313276
15.313843
15.314411
15.314978
15.315545
15.316112
15.316680
15.317247
15.317814
15.318381
15.318948
15.319515
15.320082
15.320649
15.321216
15.321783
15.322350
15.322916
15.323483
15.324050
15.324617
15.325184
15.325750
15.326317
15.326884
15.327450
15.328017
15.328583
15.329150
15.329716
15.330283
15.330849
15.331416
15.331982
15.332548
15.333115
15.333681
15.334247
15.334814
15.335380
15.335946
15.336512
15.337078
15.337644
15.338210
15.338776
15.339342
15.339908
15.340474
15.341040
15.341606
15.342172
15.342738
15.343303
15.343869
15.344435
15.345001
15.345566
15.346132
15.346698
15.347263
15.347829
15.348394
15.348960
15.349525
15.350091
15.350656
15.351221
15.351787
15.352352
15.352917
15.353483
15.354048
15.354613
15.355178
15.355743
15.356308
15.356874
15.357439
15.358004
15.358569
15.359134
15.359699
15.360263
15.360828
15.361393
15.361958
15.362523
15.363088
15.363652
15.364217
15.364782
15.365346
15.365911
15.366475
15.367040
15.367605
15.368169
15.368733
15.369298
15.369862
15.370427
15.370991
15.371555
15.372120
15.372684
15.373248
15.373812
15.374376
15.374941
15.375505
15.376069
15.376633
15.377197
15.377761
15.378325
15.378889
15.379453
15.380017
15.380580
15.381144
15.381708
15.382272
15.382835
15.383399
15.383963
15.384526
15.385090
15.385654
15.386217
15.386781
15.387344
15.387908
15.388471
15.389034
15.389598
15.390161
15.390725
15.391288
15.391851
15.392414
15.392977
15.393541
15.394104
15.394667
15.395230
15.395793
15.396356
15.396919
15.397482
15.398045
15.398608
15.399171
15.399733
15.400296
15.400859
15.401422
15.401985
15.402547
15.403110
15.403672
15.404235
15.404798
15.405360
15.405923
15.406485
15.407048
15.407610
15.408172
15.408735
15.409297
15.409859
15.410422
15.410984
15.411546
15.412108
15.412671
15.413233
15.413795
15.414357
15.414919
15.415481
15.416043
15.416605
15.417167
15.417729
15.418291
15.418852
15.419414
15.419976
15.420538
15.421099
15.421661
15.422223
15.422784
15.423346
15.423908
15.424469
15.425031
15.425592
15.426153
15.426715
15.427276
15.427838
15.428399
15.428960
15.429522
15.430083
15.430644
15.431205
15.431766
15.432327
15.432889
15.433450
15.434011
15.434572
15.435133
15.435694
15.436254
15.436815
15.437376
15.437937
15.438498
15.439059
15.439619
15.440180
15.440741
15.441301
15.441862
15.442423
15.442983
15.443544
15.444104
15.444665
15.445225
15.445785
15.446346
15.446906
15.447467
15.448027
15.448587
15.449147
15.449708
15.450268
15.450828
15.451388
15.451948
15.452508
15.453068
15.453628
15.454188
15.454748
15.455308
15.455868
15.456428
15.456987
15.457547
15.458107
15.458667
15.459226
15.459786
15.460346
15.460905
15.461465
15.462024
15.462584
15.463143
15.463703
15.464262
15.464822
15.465381
15.465940
15.466500
15.467059
15.467618
15.468178
15.468737
15.469296
15.469855
15.470414
15.470973
15.471532
15.472091
15.472650
15.473209
15.473768
15.474327
15.474886
15.475445
15.476004
15.476562
15.477121
15.477680
15.478238
15.478797
15.479356
15.479914
15.480473
15.481031
15.481590
15.482148
15.482707
15.483265
15.483824
15.484382
15.484940
15.485499
15.486057
15.486615
15.487173
15.487732
15.488290
15.488848
15.489406
15.489964
15.490522
15.491080
15.491638
15.492196
15.492754
15.493312
15.493870
15.494428
15.494985
15.495543
15.496101
15.496659
15.497216
15.497774
15.498331
15.498889
15.499447
15.500004
15.500562
15.501119
15.501677
15.502234
15.502791
15.503349
15.503906
15.504463
15.505021
15.505578
15.506135
15.506692
15.507249
15.507806
15.508364
15.508921
15.509478
15.510035
15.510592
15.511149
15.511705
15.512262
15.512819
15.513376
15.513933
15.514489
15.515046
15.515603
15.516160
15.516716
15.517273
15.517829
15.518386
15.518942
15.519499
15.520055
15.520612
15.521168
15.521725
15.522281
15.522837
15.523394
15.523950
15.524506
15.525062
15.525618
15.526174
15.526731
15.527287
15.527843
15.528399
15.528955
15.529511
15.530067
15.530622
15.531178
15.531734
15.532290
15.532846
15.533401
15.533957
15.534513
15.535069
15.535624
15.536180
15.536735
15.537291
15.537846
15.538402
15.538957
15.539513
15.540068
15.540623
15.541179
15.541734
15.542289
15.542845
15.543400
15.543955
15.544510
15.545065
15.545620
15.546175
15.546730
15.547285
15.547840
15.548395
15.548950
15.549505
15.550060
15.550615
15.551170
15.551724
15.552279
15.552834
15.553388
15.553943
15.554498
15.555052
15.555607
15.556161
15.556716
15.557270
15.557825
15.558379
15.558933
15.559488
15.560042
15.560596
15.561151
15.561705
15.562259
15.562813
15.563367
15.563921
15.564476
15.565030
15.565584
15.566138
15.566692
15.567245
15.567799
15.568353
15.568907
15.569461
15.570015
15.570568
15.571122
15.571676
15.572229
15.572783
15.573337
15.573890
15.574444
15.574997
15.575551
15.576104
15.576658
15.577211
15.577764
15.578318
15.578871
15.579424
15.579977
15.580531
15.581084
15.581637
15.582190
15.582743
15.583296
15.583849
15.584402
15.584955
15.585508
15.586061
15.586614
15.587167
15.587720
15.588272
15.588825
15.589378
15.589931
15.590483
15.591036
15.591588
15.592141
15.592694
15.593246
15.593799
15.594351
15.594904
15.595456
15.596008
15.596561
15.597113
15.597665
15.598217
15.598770
15.599322
15.599874
15.600426
15.600978
15.601530
15.602082
15.602634
15.603186
15.603738
15.604290
15.604842
15.605394
15.605946
15.606498
15.607049
15.607601
15.608153
15.608705
15.609256
15.609808
15.610359
15.610911
15.611462
15.612014
15.612565
15.613117
15.613668
15.614220
15.614771
15.615322
15.615874
15.616425
15.616976
15.617527
15.618079
15.618630
15.619181
15.619732
15.620283
15.620834
15.621385
15.621936
15.622487
15.623038
15.623589
15.624139
15.624690
15.625241
15.625792
15.626343
15.626893
15.627444
15.627995
15.628545
15.629096
15.629646
15.630197
15.630747
15.631298
15.631848
15.632398
15.632949
15.633499
15.634049
15.634600
15.635150
15.635700
15.636250
15.636801
15.637351
15.637901
15.638451
15.639001
15.639551
15.640101
15.640651
15.641201
15.641751
15.642300
15.642850
15.643400
15.643950
15.644500
15.645049
15.645599
15.646149
15.646698
15.647248
15.647797
15.648347
15.648896
15.649446
15.649995
15.650545
15.651094
15.651643
15.652193
15.652742
15.653291
15.653840
15.654390
15.654939
15.655488
15.656037
15.656586
15.657135
15.657684
15.658233
15.658782
15.659331
15.659880
15.660429
15.660978
15.661526
15.662075
15.662624
15.663173
15.663721
15.664270
15.664819
15.665367
15.665916
15.666464
15.667013
15.667561
15.668110
15.668658
15.669207
15.669755
15.670303
15.670851
15.671400
15.671948
15.672496
15.673044
15.673592
15.674141
15.674689
15.675237
15.675785
15.676333
15.676881
15.677429
15.677977
15.678524
15.679072
15.679620
15.680168
15.680716
15.681263
15.681811
15.682359
15.682906
15.683454
15.684001
15.684549
15.685097
15.685644
15.686191
15.686739
15.687286
15.687834
15.688381
15.688928
15.689476
15.690023
15.690570
15.691117
15.691664
15.692211
15.692759
15.693306
15.693853
15.694400
15.694947
15.695494
15.696040
15.696587
15.697134
15.697681
15.698228
15.698775
15.699321
15.699868
15.700415
15.700961
15.701508
15.702054
15.702601
15.703148
15.703694
15.704240
15.704787
15.705333
15.705880
15.706426
15.706972
15.707519
15.708065
15.708611
15.709157
15.709703
15.710250
15.710796
15.711342
15.711888
15.712434
15.712980
15.713526
15.714072
15.714617
15.715163
15.715709
15.716255
15.716801
15.717346
15.717892
15.718438
15.718983
15.719529
15.720075
15.720620
15.721166
15.721711
15.722257
15.722802
15.723348
15.723893
15.724438
15.724984
15.725529
15.726074
15.726619
15.727165
15.727710
15.728255
15.728800
15.729345
15.729890
15.730435
15.730980
15.731525
15.732070
15.732615
15.733160
15.733705
15.734249
15.734794
15.735339
15.735884
15.736428
15.736973
15.737517
15.738062
15.738607
15.739151
15.739696
15.740240
15.740785
15.741329
15.741873
15.742418
15.742962
15.743506
15.744051
15.744595
15.745139
15.745683
15.746227
15.746771
15.747315
15.747860
15.748404
15.748948
15.749492
15.750035
15.750579
15.751123
15.751667
15.752211
15.752755
15.753298
15.753842
15.754386
15.754929
15.755473
15.756017
15.756560
15.757104
15.757647
15.758191
15.758734
15.759278
15.759821
15.760364
15.760908
15.761451
15.761994
15.762537
15.763081
15.763624
15.764167
15.764710
15.765253
15.765796
15.766339
15.766882
15.767425
15.767968
15.768511
15.769054
15.769597
15.770139
15.770682
15.771225
15.771768
15.772310
15.772853
15.773396
15.773938
15.774481
15.775023
15.775566
15.776108
15.776651
15.777193
15.777736
15.778278
15.778820
15.779363
15.779905
15.780447
15.780989
15.781531
15.782074
15.782616
15.783158
15.783700
15.784242
15.784784
15.785326
15.785868
15.786410
15.786952
15.787493
15.788035
15.788577
15.789119
15.789660
15.790202
15.790744
15.791285
15.791827
15.792369
15.792910
15.793452
15.793993
15.794535
15.795076
15.795617
15.796159
15.796700
15.797241
15.797783
15.798324
15.798865
15.799406
15.799947
15.800489
15.801030
15.801571
15.802112
15.802653
15.803194
15.803735
15.804276
15.804816
15.805357
15.805898
15.806439
15.806980
15.807520
15.808061
15.808602
15.809142
15.809683
15.810223
15.810764
15.811305
15.811845
15.812385
15.812926
15.813466
15.814007
15.814547
15.815087
15.815627
15.816168
15.816708
15.817248
15.817788
15.818328
15.818868
15.819409
15.819949
15.820489
15.821029
15.821568
15.822108
15.822648
15.823188
15.823728
15.824268
15.824807
15.825347
15.825887
15.826426
15.826966
15.827506
15.828045
15.828585
15.829124
15.829664
15.830203
15.830743
15.831282
15.831821
15.832361
15.832900
15.833439
15.833979
15.834518
15.835057
15.835596
15.836135
15.836674
15.837213
15.837752
15.838291
15.838830
15.839369
15.839908
15.840447
15.840986
15.841525
15.842063
15.842602
15.843141
15.843680
15.844218
15.844757
15.845296
15.845834
15.846373
15.846911
15.847450
15.847988
15.848526
15.849065
15.849603
15.850142
15.850680
15.851218
15.851756
15.852295
15.852833
15.853371
15.853909
15.854447
15.854985
15.855523
15.856061
15.856599
15.857137
15.857675
15.858213
15.858751
15.859288
15.859826
15.860364
15.860902
15.861439
15.861977
15.862515
15.863052
15.863590
15.864127
15.864665
15.865202
15.865740
15.866277
15.866815
15.867352
15.867889
15.868427
15.868964
15.869501
15.870038
15.870575
15.871113
15.871650
15.872187
15.872724
15.873261
15.873798
15.874335
15.874872
15.875409
15.875946
15.876482
15.877019
15.877556
15.878093
15.878629
15.879166
15.879703
15.880239
15.880776
15.881313
15.881849
15.882386
15.882922
15.883459
15.883995
15.884531
15.885068
15.885604
15.886140
15.886677
15.887213
15.887749
15.888285
15.888821
15.889357
15.889893
15.890429
15.890966
15.891501
15.892037
15.892573
15.893109
15.893645
15.894181
15.894717
15.895253
15.895788
15.896324
15.896860
15.897395
15.897931
15.898467
15.899002
15.899538
15.900073
15.900609
15.901144
15.901679
15.902215
15.902750
15.903286
15.903821
15.904356
15.904891
15.905426
15.905962
15.906497
15.907032
15.907567
15.908102
15.908637
15.909172
15.909707
15.910242
15.910777
15.911312
15.911846
15.912381
15.912916
15.913451
15.913985
15.914520
15.915055
15.915589
15.916124
15.916659
15.917193
15.917728
15.918262
15.918796
15.919331
15.919865
15.920400
15.920934
15.921468
15.922002
15.922537
15.923071
15.923605
15.924139
15.924673
15.925207
15.925741
15.926275
15.926809
15.927343
15.927877
15.928411
15.928945
15.929479
15.930013
15.930546
15.931080
15.931614
15.932147
15.932681
15.933215
15.933748
15.934282
15.934815
15.935349
15.935882
15.936416
15.936949
15.937482
15.938016
15.938549
15.939082
15.939616
15.940149
15.940682
15.941215
15.941748
15.942281
15.942814
15.943347
15.943880
15.944413
15.944946
15.945479
15.946012
15.946545
15.947078
15.947611
15.948143
15.948676
15.949209
15.949741
15.950274
15.950807
15.951339
15.951872
15.952404
15.952937
15.953469
15.954002
15.954534
15.955066
15.955599
15.956131
15.956663
15.957196
15.957728
15.958260
15.958792
15.959324
15.959856
15.960388
15.960920
15.961452
15.961984
15.962516
15.963048
15.963580
15.964112
15.964644
15.965175
15.965707
15.966239
15.966771
15.967302
15.967834
15.968365
15.968897
15.969429
15.969960
15.970492
15.971023
15.971554
15.972086
15.972617
15.973148
15.973680
15.974211
15.974742
15.975273
15.975805
15.976336
15.976867
15.977398
15.977929
15.978460
15.978991
15.979522
15.980053
15.980584
15.981115
15.981645
15.982176
15.982707
15.983238
15.983768
15.984299
15.984830
15.985360
15.985891
15.986421
15.986952
15.987483
15.988013
15.988543
15.989074
15.989604
15.990135
15.990665
15.991195
15.991725
15.992256
15.992786
15.993316
15.993846
15.994376
15.994906
15.995436
15.995966
15.996496
15.997026
15.997556
15.998086
15.998616
15.999146
15.999675
16.000205
16.000735
16.001265
16.001794
16.002324
16.002854
16.003383
16.003913
16.004442
16.004972
16.005501
16.006031
16.006560
16.007089
16.007619
16.008148
16.008677
16.009206
16.009736
16.010265
16.010794
16.011323
16.011852
16.012381
16.012910
16.013439
16.013968
16.014497
16.015026
16.015555
16.016084
16.016613
16.017141
16.017670
16.018199
16.018727
16.019256
16.019785
16.020313
16.020842
16.021370
16.021899
16.022427
16.022956
16.023484
16.024013
16.024541
16.025069
16.025598
16.026126
16.026654
16.027182
16.027710
16.028239
16.028767
16.029295
16.029823
16.030351
16.030879
16.031407
16.031935
16.032463
16.032990
16.033518
16.034046
16.034574
16.035102
16.035629
16.036157
16.036685
16.037212
16.037740
16.038267
16.038795
16.039322
16.039850
16.040377
16.040905
16.041432
16.041959
16.042487
16.043014
16.043541
16.044068
16.044596
16.045123
16.045650
16.046177
16.046704
16.047231
16.047758
16.048285
16.048812
16.049339
16.049866
16.050393
16.050919
16.051446
16.051973
16.052500
16.053026
16.053553
16.054080
16.054606
16.055133
16.055659
16.056186
16.056712
16.057239
16.057765
16.058292
16.058818
16.059344
16.059871
16.060397
16.060923
16.061449
16.061975
16.062502
16.063028
16.063554
16.064080
16.064606
16.065132
16.065658
16.066184
16.066710
16.067236
16.067761
16.068287
16.068813
16.069339
16.069864
16.070390
16.070916
16.071441
16.071967
16.072492
16.073018
16.073543
16.074069
16.074594
16.075120
16.075645
16.076171
16.076696
16.077221
16.077746
16.078272
16.078797
16.079322
16.079847
16.080372
16.080897
16.081422
16.081947
16.082472
16.082997
16.083522
16.084047
16.084572
16.085097
16.085621
16.086146
16.086671
16.087196
16.087720
16.088245
16.088769
16.089294
16.089819
16.090343
16.090868
16.091392
16.091916
16.092441
16.092965
16.093490
16.094014
16.094538
16.095062
16.095587
16.096111
16.096635
16.097159
16.097683
16.098207
16.098731
16.099255
16.099779
16.100303
16.100827
16.101351
16.101875
16.102398
16.102922
16.103446
16.103970
16.104493
16.105017
16.105541
16.106064
16.106588
16.107111
16.107635
16.108158
16.108682
16.109205
16.109728
16.110252
16.110775
16.111298
16.111822
16.112345
16.112868
16.113391
16.113914
16.114437
16.114960
16.115483
16.116006
16.116529
16.117052
16.117575
16.118098
16.118621
16.119144
16.119667
16.120189
16.120712
16.121235
16.121757
16.122280
16.122803
16.123325
16.123848
16.124370
16.124893
16.125415
16.125938
16.126460
16.126982
16.127505
16.128027
16.128549
16.129071
16.129594
16.130116
16.130638
16.131160
16.131682
16.132204
16.132726
16.133248
16.133770
16.134292
16.134814
16.135336
16.135858
16.136379
16.136901
16.137423
16.137945
16.138466
16.138988
16.139510
16.140031
16.140553
16.141074
16.141596
16.142117
16.142639
16.143160
16.143681
16.144203
16.144724
16.145245
16.145767
16.146288
16.146809
16.147330
16.147851
16.148372
16.148893
16.149414
16.149935
16.150456
16.150977
16.151498
16.152019
16.152540
16.153061
16.153581
16.154102
16.154623
16.155144
16.155664
16.156185
16.156706
16.157226
16.157747
16.158267
16.158788
16.159308
16.159828
16.160349
16.160869
16.161389
16.161910
16.162430
16.162950
16.163470
16.163991
16.164511
16.165031
16.165551
16.166071
16.166591
16.167111
16.167631
16.168151
16.168671
16.169191
16.169710
16.170230
16.170750
16.171270
16.171789
16.172309
16.172829
16.173348
16.173868
16.174387
16.174907
16.175426
16.175946
16.176465
16.176985
16.177504
16.178023
16.178543
16.179062
16.179581
16.180100
16.180619
16.181139
16.181658
16.182177
16.182696
16.183215
16.183734
16.184253
16.184772
16.185291
16.185810
16.186328
16.186847
16.187366
16.187885
16.188403
16.188922
16.189441
16.189959
16.190478
16.190996
16.191515
16.192033
16.192552
16.193070
16.193589
16.194107
16.194625
16.195144
16.195662
16.196180
16.196698
16.197217
16.197735
16.198253
16.198771
16.199289
16.199807
16.200325
16.200843
16.201361
16.201879
16.202397
16.202915
16.203432
16.203950
16.204468
16.204986
16.205503
16.206021
16.206539
16.207056
16.207574
16.208091
16.208609
16.209126
16.209644
16.210161
16.210679
16.211196
16.211713
16.212230
16.212748
16.213265
16.213782
16.214299
16.214816
16.215334
16.215851
16.216368
16.216885
16.217402
16.217919
16.218435
16.218952
16.219469
16.219986
16.220503
16.221020
16.221536
16.222053
16.222570
16.223086
16.223603
16.224119
16.224636
16.225153
16.225669
16.226185
16.226702
16.227218
16.227735
16.228251
16.228767
16.229283
16.229800
16.230316
16.230832
16.231348
16.231864
16.232380
16.232896
16.233412
16.233928
16.234444
16.234960
16.235476
16.235992
16.236508
16.237024
16.237539
16.238055
16.238571
16.239087
16.239602
16.240118
16.240633
16.241149
16.241664
16.242180
16.242695
16.243211
16.243726
16.244242
16.244757
16.245272
16.245787
16.246303
16.246818
16.247333
16.247848
16.248363
16.248878
16.249393
16.249909
16.250423
16.250938
16.251453
16.251968
16.252483
16.252998
16.253513
16.254028
16.254542
16.255057
16.255572
16.256086
16.256601
16.257116
16.257630
16.258145
16.258659
16.259174
16.259688
16.260202
16.260717
16.261231
16.261745
16.262260
16.262774
16.263288
16.263802
16.264316
16.264831
16.265345
16.265859
16.266373
16.266887
16.267401
16.267915
16.268429
16.268942
16.269456
16.269970
16.270484
16.270998
16.271511
16.272025
16.272539
16.273052
16.273566
16.274079
16.274593
16.275106
16.275620
16.276133
16.276647
16.277160
16.277673
16.278187
16.278700
16.279213
16.279727
16.280240
16.280753
16.281266
16.281779
16.282292
16.282805
16.283318
16.283831
16.284344
16.284857
16.285370
16.285883
16.286395
16.286908
16.287421
16.287934
16.288446
16.288959
16.289472
16.289984
16.290497
16.291009
16.291522
16.292034
16.292547
16.293059
16.293572
16.294084
16.294596
16.295109
16.295621
16.296133
16.296645
16.297157
16.297670
16.298182
16.298694
16.299206
16.299718
16.300230
16.300742
16.301254
16.301765
16.302277
16.302789
16.303301
16.303813
16.304324
16.304836
16.305348
16.305859
16.306371
16.306882
16.307394
16.307906
16.308417
16.308928
16.309440
16.309951
16.310463
16.310974
16.311485
16.311996
16.312508
16.313019
16.313530
16.314041
16.314552
16.315063
16.315574
16.316085
16.316596
16.317107
16.317618
16.318129
16.318640
16.319151
16.319662
16.320172
16.320683
16.321194
16.321704
16.322215
16.322726
16.323236
16.323747
16.324257
16.324768
16.325278
16.325789
16.326299
16.326809
16.327320
16.327830
16.328340
16.328850
16.329361
16.329871
16.330381
16.330891
16.331401
16.331911
16.332421
16.332931
16.333441
16.333951
16.334461
16.334971
16.335481
16.335990
16.336500
16.337010
16.337519
16.338029
16.338539
16.339048
16.339558
16.340068
16.340577
16.341087
16.341596
16.342105
16.342615
16.343124
16.343633
16.344143
16.344652
16.345161
16.345670
16.346180
16.346689
16.347198
16.347707
16.348216
16.348725
16.349234
16.349743
16.350252
16.350761
16.351270
16.351778
16.352287
16.352796
16.353305
16.353813
16.354322
16.354831
16.355339
16.355848
16.356356
16.356865
16.357373
16.357882
16.358390
16.358899
16.359407
16.359915
16.360424
16.360932
16.361440
16.361948
16.362456
16.362965
16.363473
16.363981
16.364489
16.364997
16.365505
16.366013
16.366521
16.367028
16.367536
16.368044
16.368552
16.369060
16.369567
16.370075
16.370583
16.371090
16.371598
16.372106
16.372613
16.373121
16.373628
16.374136
16.374643
16.375150
16.375658
16.376165
16.376672
16.377180
16.377687
16.378194
16.378701
16.379208
16.379715
16.380223
16.380730
16.381237
16.381744
16.382251
16.382757
16.383264
16.383771
16.384278
16.384785
16.385292
16.385798
16.386305
16.386812
16.387318
16.387825
16.388331
16.388838
16.389344
16.389851
16.390357
16.390864
16.391370
16.391877
16.392383
16.392889
16.393395
16.393902
16.394408
16.394914
16.395420
16.395926
16.396432
16.396938
16.397444
16.397950
16.398456
16.398962
16.399468
16.399974
16.400480
16.400986
16.401491
16.401997
16.402503
16.403008
16.403514
16.404020
16.404525
16.405031
16.405536
16.406042
16.406547
16.407053
16.407558
16.408063
16.408569
16.409074
16.409579
16.410084
16.410590
16.411095
16.411600
16.412105
16.412610
16.413115
16.413620
16.414125
16.414630
16.415135
16.415640
16.416145
16.416649
16.417154
16.417659
16.418164
16.418668
16.419173
16.419678
16.420182
16.420687
16.421191
16.421696
16.422200
16.422705
16.423209
16.423714
16.424218
16.424722
16.425227
16.425731
16.426235
16.426739
16.427243
16.427748
16.428252
16.428756
16.429260
16.429764
16.430268
16.430772
16.431276
16.431779
16.432283
16.432787
16.433291
16.433795
16.434298
16.434802
16.435306
16.435809
16.436313
16.436816
16.437320
16.437824
16.438327
16.438830
16.439334
16.439837
16.440341
16.440844
16.441347
16.441850
16.442354
16.442857
16.443360
16.443863
16.444366
16.444869
16.445372
16.445875
16.446378
16.446881
16.447384
16.447887
16.448390
16.448893
16.449395
16.449898
16.450401
16.450904
16.451406
16.451909
16.452411
16.452914
16.453416
16.453919
16.454421
16.454924
16.455426
16.455929
16.456431
16.456933
16.457436
16.457938
16.458440
16.458942
16.459444
16.459946
16.460449
16.460951
16.461453
16.461955
16.462457
16.462959
16.463460
16.463962
16.464464
16.464966
16.465468
16.465969
16.466471
16.466973
16.467474
16.467976
16.468478
16.468979
16.469481
16.469982
16.470484
16.470985
16.471487
16.471988
16.472489
16.472991
16.473492
16.473993
16.474494
16.474995
16.475497
16.475998
16.476499
16.477000
16.477501
16.478002
16.478503
16.479004
16.479505
16.480005
16.480506
16.481007
16.481508
16.482009
16.482509
16.483010
16.483511
16.484011
16.484512
16.485012
16.485513
16.486013
16.486514
16.487014
16.487515
16.488015
16.488515
16.489016
16.489516
16.490016
16.490516
16.491016
16.491517
16.492017
16.492517
16.493017
16.493517
16.494017
16.494517
16.495017
16.495517
16.496016
16.496516
16.497016
16.497516
16.498016
16.498515
16.499015
16.499515
16.500014
16.500514
16.501013
16.501513
16.502012
16.502512
16.503011
16.503510
16.504010
16.504509
16.505008
16.505508
16.506007
16.506506
16.507005
16.507504
16.508003
16.508503
16.509002
16.509501
16.510000
16.510499
16.510997
16.511496
16.511995
16.512494
16.512993
16.513491
16.513990
16.514489
16.514988
16.515486
16.515985
16.516483
16.516982
16.517480
16.517979
16.518477
16.518976
16.519474
16.519972
16.520471
16.520969
16.521467
16.521965
16.522464
16.522962
16.523460
16.523958
16.524456
16.524954
16.525452
16.525950
16.526448
16.526946
16.527444
16.527942
16.528439
16.528937
16.529435
16.529933
16.530430
16.530928
16.531426
16.531923
16.532421
16.532918
16.533416
16.533913
16.534411
16.534908
16.535405
16.535903
16.536400
16.536897
16.537395
16.537892
16.538389
16.538886
16.539383
16.539880
16.540377
16.540874
16.541371
16.541868
16.542365
16.542862
16.543359
16.543856
16.544353
16.544849
16.545346
16.545843
16.546339
16.546836
16.547333
16.547829
16.548326
16.548822
16.549319
16.549815
16.550312
16.550808
16.551304
16.551801
16.552297
16.552793
16.553290
16.553786
16.554282
16.554778
16.555274
16.555770
16.556266
16.556762
16.557258
16.557754
16.558250
16.558746
16.559242
16.559738
16.560233
16.560729
16.561225
16.561721
16.562216
16.562712
16.563207
16.563703
16.564199
16.564694
16.565190
16.565685
16.566180
16.566676
16.567171
16.567666
16.568162
16.568657
16.569152
16.569647
16.570142
16.570638
16.571133
16.571628
16.572123
16.572618
16.573113
16.573608
16.574103
16.574597
16.575092
16.575587
16.576082
16.576577
16.577071
16.577566
16.578061
16.578555
16.579050
16.579544
16.580039
16.580533
16.581028
16.581522
16.582017
16.582511
16.583005
16.583500
16.583994
16.584488
16.584982
16.585477
16.585971
16.586465
16.586959
16.587453
16.587947
16.588441
16.588935
16.589429
16.589923
16.590417
16.590910
16.591404
16.591898
16.592392
16.592885
16.593379
16.593873
16.594366
16.594860
16.595353
16.595847
16.596340
16.596834
16.597327
16.597821
16.598314
16.598807
16.599301
16.599794
16.600287
16.600780
16.601273
16.601767
16.602260
16.602753
16.603246
16.603739
16.604232
16.604725
16.605218
16.605710
16.606203
16.606696
16.607189
16.607682
16.608174
16.608667
16.609160
16.609652
16.610145
16.610637
16.611130
16.611623
16.612115
16.612607
16.613100
16.613592
16.614085
16.614577
16.615069
16.615561
16.616054
16.616546
16.617038
16.617530
16.618022
16.618514
16.619006
16.619498
16.619990
16.620482
16.620974
16.621466
16.621958
16.622449
16.622941
16.623433
16.623925
16.624416
16.624908
16.625400
16.625891
16.626383
16.626874
16.627366
16.627857
16.628349
16.628840
16.629331
16.629823
16.630314
16.630805
16.631296
16.631788
16.632279
16.632770
16.633261
16.633752
16.634243
16.634734
16.635225
16.635716
16.636207
16.636698
16.637189
16.637679
16.638170
16.638661
16.639152
16.639642
16.640133
16.640624
16.641114
16.641605
16.642095
16.642586
16.643076
16.643567
16.644057
16.644548
16.645038
16.645528
16.646018
16.646509
16.646999
16.647489
16.647979
16.648469
16.648959
16.649449
16.649940
16.650430
16.650919
16.651409
16.651899
16.652389
16.652879
16.653369
16.653859
16.654348
16.654838
16.655328
16.655817
16.656307
16.656796
16.657286
16.657776
16.658265
16.658754
16.659244
16.659733
16.660223
16.660712
16.661201
16.661691
16.662180
16.662669
16.663158
16.663647
16.664136
16.664625
16.665114
16.665603
16.666092
16.666581
16.667070
16.667559
16.668048
16.668537
16.669026
16.669514
16.670003
16.670492
16.670980
16.671469
16.671958
16.672446
16.672935
16.673423
16.673912
16.674400
16.674889
16.675377
16.675865
16.676354
16.676842
16.677330
16.677818
16.678306
16.678795
16.679283
16.679771
16.680259
16.680747
16.681235
16.681723
16.682211
16.682699
16.683186
16.683674
16.684162
16.684650
16.685138
16.685625
16.686113
16.686601
16.687088
16.687576
16.688063
16.688551
16.689038
16.689526
16.690013
16.690501
16.690988
16.691475
16.691963
16.692450
16.692937
16.693424
16.693911
16.694399
16.694886
16.695373
16.695860
16.696347
16.696834
16.697321
16.697808
16.698294
16.698781
16.699268
16.699755
16.700242
16.700728
16.701215
16.701702
16.702188
16.702675
16.703161
16.703648
16.704134
16.704621
16.705107
16.705594
16.706080
16.706566
16.707053
16.707539
16.708025
16.708511
16.708998
16.709484
16.709970
16.710456
16.710942
16.711428
16.711914
16.712400
16.712886
16.713372
16.713858
16.714343
16.714829
16.715315
16.715801
16.716286
16.716772
16.717258
16.717743
16.718229
16.718714
16.719200
16.719685
16.720171
16.720656
16.721142
16.721627
16.722112
16.722598
16.723083
16.723568
16.724053
16.724538
16.725023
16.725509
16.725994
16.726479
16.726964
16.727449
16.727934
16.728418
16.728903
16.729388
16.729873
16.730358
16.730842
16.731327
16.731812
16.732296
16.732781
16.733266
16.733750
16.734235
16.734719
16.735204
16.735688
16.736172
16.736657
16.737141
16.737625
16.738110
16.738594
16.739078
16.739562
16.740046
16.740531
16.741015
16.741499
16.741983
16.742467
16.742951
16.743435
16.743918
16.744402
16.744886
16.745370
16.745854
16.746337
16.746821
16.747305
16.747788
16.748272
16.748755
16.749239
16.749722
16.750206
16.750689
16.751173
16.751656
16.752139
16.752623
16.753106
16.753589
16.754072
16.754556
16.755039
16.755522
16.756005
16.756488
16.756971
16.757454
16.757937
16.758420
16.758903
16.759386
16.759868
16.760351
16.760834
16.761317
16.761799
16.762282
16.762765
16.763247
16.763730
16.764212
16.764695
16.765177
16.765660
16.766142
16.766625
16.767107
16.767589
16.768072
16.768554
16.769036
16.769518
16.770000
16.770483
16.770965
16.771447
16.771929
16.772411
16.772893
16.773375
16.773857
16.774338
16.774820
16.775302
16.775784
16.776266
16.776747
16.777229
16.777711
16.778192
16.778674
16.779155
16.779637
16.780118
16.780600
16.781081
16.781563
16.782044
16.782525
16.783007
16.783488
16.783969
16.784450
16.784931
16.785412
16.785894
16.786375
16.786856
16.787337
16.787818
16.788299
16.788780
16.789260
16.789741
16.790222
16.790703
16.791184
16.791664
16.792145
16.792626
16.793106
16.793587
16.794067
16.794548
16.795028
16.795509
16.795989
16.796470
16.796950
16.797430
16.797911
16.798391
16.798871
16.799351
16.799832
16.800312
16.800792
16.801272
16.801752
16.802232
16.802712
16.803192
16.803672
16.804152
16.804632
16.805111
16.805591
16.806071
16.806551
16.807030
16.807510
16.807990
16.808469
16.808949
16.809428
16.809908
16.810387
16.810867
16.811346
16.811825
16.812305
16.812784
16.813263
16.813743
16.814222
16.814701
16.815180
16.815659
16.816138
16.816617
16.817096
16.817575
16.818054
16.818533
16.819012
16.819491
16.819970
16.820449
16.820927
16.821406
16.821885
16.822363
16.822842
16.823321
16.823799
16.824278
16.824756
16.825235
16.825713
16.826192
16.826670
16.827148
16.827627
16.828105
16.828583
16.829061
16.829540
16.830018
16.830496
16.830974
16.831452
16.831930
16.832408
16.832886
16.833364
16.833842
16.834320
16.834798
16.835275
16.835753
16.836231
16.836709
16.837186
16.837664
16.838141
16.838619
16.839097
16.839574
16.840052
16.840529
16.841006
16.841484
16.841961
16.842438
16.842916
16.843393
16.843870
16.844347
16.844825
16.845302
16.845779
16.846256
16.846733
16.847210
16.847687
16.848164
16.848641
16.849118
16.849594
16.850071
16.850548
16.851025
16.851501
16.851978
16.852455
16.852931
16.853408
16.853885
16.854361
16.854838
16.855314
16.855790
16.856267
16.856743
16.857219
16.857696
16.858172
16.858648
16.859124
16.859601
16.860077
16.860553
16.861029
16.861505
16.861981
16.862457
16.862933
16.863409
16.863885
16.864360
16.864836
16.865312
16.865788
16.866264
16.866739
16.867215
16.867690
16.868166
16.868642
16.869117
16.869593
16.870068
16.870544
16.871019
16.871494
16.871970
16.872445
16.872920
16.873395
16.873871
16.874346
16.874821
16.875296
16.875771
16.876246
16.876721
16.877196
16.877671
16.878146
16.878621
16.879096
16.879570
16.880045
16.880520
16.880995
16.881469
16.881944
16.882419
16.882893
16.883368
16.883842
16.884317
16.884791
16.885266
16.885740
16.886215
16.886689
16.887163
16.887637
16.888112
16.888586
16.889060
16.889534
16.890008
16.890482
16.890956
16.891430
16.891904
16.892378
16.892852
16.893326
16.893800
16.894274
16.894748
16.895221
16.895695
16.896169
16.896642
16.897116
16.897590
16.898063
16.898537
16.899010
16.899484
16.899957
16.900430
16.900904
16.901377
16.901850
16.902324
16.902797
16.903270
16.903743
16.904217
16.904690
16.905163
16.905636
16.906109
16.906582
16.907055
16.907528
16.908000
16.908473
16.908946
16.909419
16.909892
16.910364
16.910837
16.911310
16.911782
16.912255
16.912728
16.913200
16.913673
16.914145
16.914617
16.915090
16.915562
16.916035
16.916507
16.916979
16.917451
16.917924
16.918396
16.918868
16.919340
16.919812
16.920284
16.920756
16.921228
16.921700
16.922172
16.922644
16.923116
16.923588
16.924059
16.924531
16.925003
16.925475
16.925946
16.926418
16.926889
16.927361
16.927833
16.928304
16.928775
16.929247
16.929718
16.930190
16.930661
16.931132
16.931604
16.932075
16.932546
16.933017
16.933488
16.933959
16.934431
16.934902
16.935373
16.935844
16.936315
16.936785
16.937256
16.937727
16.938198
16.938669
16.939140
16.939610
16.940081
16.940552
16.941022
16.941493
16.941963
16.942434
16.942904
16.943375
16.943845
16.944316
16.944786
16.945256
16.945727
16.946197
16.946667
16.947138
16.947608
16.948078
16.948548
16.949018
16.949488
16.949958
16.950428
16.950898
16.951368
16.951838
16.952308
16.952778
16.953247
16.953717
16.954187
16.954656
16.955126
16.955596
16.956065
16.956535
16.957004
16.957474
16.957943
16.958413
16.958882
16.959352
16.959821
16.960290
16.960760
16.961229
16.961698
16.962167
16.962636
16.963105
16.963574
16.964044
16.964513
16.964982
16.965450
16.965919
16.966388
16.966857
16.967326
16.967795
16.968263
16.968732
16.969201
16.969670
16.970138
16.970607
16.971075
16.971544
16.972012
16.972481
16.972949
16.973418
16.973886
16.974354
16.974823
16.975291
16.975759
16.976227
16.976696
16.977164
16.977632
16.978100
16.978568
16.979036
16.979504
16.979972
16.980440
16.980908
16.981376
16.981843
16.982311
16.982779
16.983247
16.983714
16.984182
16.984650
16.985117
16.985585
16.986052
16.986520
16.986987
16.987455
16.987922
16.988389
16.988857
16.989324
16.989791
16.990259
16.990726
16.991193
16.991660
16.992127
16.992594
16.993061
16.993528
16.993995
16.994462
16.994929
16.995396
16.995863
16.996330
16.996796
16.997263
16.997730
16.998197
16.998663
16.999130
16.999597
17.000063
17.000530
17.000996
17.001463
17.001929
17.002395
17.002862
17.003328
17.003794
17.004261
17.004727
17.005193
17.005659
17.006125
17.006591
17.007058
17.007524
17.007990
17.008456
17.008922
17.009387
17.009853
17.010319
17.010785
17.011251
17.011717
17.012182
17.012648
17.013114
17.013579
17.014045
17.014510
17.014976
17.015441
17.015907
17.016372
17.016838
17.017303
17.017768
17.018234
17.018699
17.019164
17.019629
17.020094
17.020560
17.021025
17.021490
17.021955
17.022420
17.022885
17.023350
17.023815
17.024279
17.024744
17.025209
17.025674
17.026139
17.026603
17.027068
17.027533
17.027997
17.028462
17.028926
17.029391
17.029855
17.030320
17.030784
17.031249
17.031713
17.032177
17.032642
17.033106
17.033570
17.034034
17.034498
17.034963
17.035427
17.035891
17.036355
17.036819
17.037283
17.037747
17.038211
17.038674
17.039138
17.039602
17.040066
17.040530
17.040993
17.041457
17.041921
17.042384
17.042848
17.043311
17.043775
17.044238
17.044702
17.045165
17.045629
17.046092
17.046555
17.047019
17.047482
17.047945
17.048408
17.048871
17.049335
17.049798
17.050261
17.050724
17.051187
17.051650
17.052113
17.052575
17.053038
17.053501
17.053964
17.054427
17.054889
17.055352
17.055815
17.056277
17.056740
17.057203
17.057665
17.058128
17.058590
17.059053
17.059515
17.059977
17.060440
17.060902
17.061364
17.061827
17.062289
17.062751
17.063213
17.063675
17.064137
17.064599
17.065061
17.065523
17.065985
17.066447
17.066909
17.067371
17.067833
17.068295
17.068756
17.069218
17.069680
17.070141
17.070603
17.071065
17.071526
17.071988
17.072449
17.072911
17.073372
17.073834
17.074295
17.074756
17.075218
17.075679
