4.840097
4.840714
4.841330
4.841947
4.842563
4.843180
4.843797
4.844413
4.845030
4.845646
4.846263
4.846880
4.847496
4.848113
4.848729
4.849346
4.849962
4.850579
4.851196
4.851812
4.852429
4.853045
4.853662
4.854278
4.854895
4.855511
4.856128
4.856744
4.857361
4.857977
4.858594
4.859210
4.859827
4.860443
4.861060
4.861676
4.862293
4.862909
4.863526
4.864142
4.864759
4.865375
4.865992
4.866608
4.867225
4.867841
4.868457
4.869074
4.869690
4.870307
4.870923
4.871540
4.872156
4.872772
4.873389
4.874005
4.874622
4.875238
4.875854
4.876471
4.877087
4.877704
4.878320
4.878936
4.879553
4.880169
4.880786
4.881402
4.882018
4.882635
4.883251
4.883867
4.884484
4.885100
4.885716
4.886333
4.886949
4.887565
4.888182
4.888798
4.889414
4.890031
4.890647
4.891263
4.891879
4.892496
4.893112
4.893728
4.894345
4.894961
4.895577
4.896193
4.896810
4.897426
4.898042
4.898658
4.899275
4.899891
4.900507
4.901123
4.901740
4.902356
4.902972
4.903588
4.904204
4.904821
4.905437
4.906053
4.906669
4.907286
4.907902
4.908518
4.909134
4.909750
4.910366
4.910983
4.911599
4.912215
4.912831
4.913447
4.914063
4.914680
4.915296
4.915912
4.916528
4.917144
4.917760
4.918376
4.918992
4.919609
4.920225
4.920841
4.921457
4.922073
4.922689
4.923305
4.923921
4.924537
4.925153
4.925770
4.926386
4.927002
4.927618
4.928234
4.928850
4.929466
4.930082
4.930698
4.931314
4.931930
4.932546
4.933162
4.933778
4.934394
4.935010
4.935626
4.936242
4.936858
4.937474
4.938090
4.938706
4.939322
4.939938
4.940554
4.941170
4.941786
4.942402
4.943018
4.943634
4.944250
4.944866
4.945482
4.946098
4.946714
4.947330
4.947946
4.948562
4.949178
4.949793
4.950409
4.951025
4.951641
4.952257
4.952873
4.953489
4.954105
4.954721
4.955337
4.955952
4.956568
4.957184
4.957800
4.958416
4.959032
4.959648
4.960264
4.960879
4.961495
4.962111
4.962727
4.963343
4.963959
4.964574
4.965190
4.965806
4.966422
4.967038
4.967653
4.968269
4.968885
4.969501
4.970117
4.970732
4.971348
4.971964
4.972580
4.973196
4.973811
4.974427
4.975043
4.975659
4.976274
4.976890
4.977506
4.978122
4.978737
4.979353
4.979969
4.980584
4.981200
4.981816
4.982432
4.983047
4.983663
4.984279
4.984894
4.985510
4.986126
4.986741
4.987357
4.987973
4.988588
4.989204
4.989820
4.990435
4.991051
4.991667
4.992282
4.992898
4.993514
4.994129
4.994745
4.995361
4.995976
4.996592
4.997207
4.997823
4.998439
4.999054
4.999670
5.000285
5.000901
5.001517
5.002132
5.002748
5.003363
5.003979
5.004594
5.005210
5.005826
5.006441
5.007057
5.007672
5.008288
5.008903
5.009519
5.010134
5.010750
5.011365
5.011981
5.012596
5.013212
5.013827
5.014443
5.015058
5.015674
5.016289
5.016905
5.017520
5.018136
5.018751
5.019367
5.019982
5.020598
5.021213
5.021829
5.022444
5.023060
5.023675
5.024290
5.024906
5.025521
5.026137
5.026752
5.027368
5.027983
5.028598
5.029214
5.029829
5.030445
5.031060
5.031675
5.032291
5.032906
5.033521
5.034137
5.034752
5.035368
5.035983
5.036598
5.037214
5.037829
5.038444
5.039060
5.039675
5.040290
5.040906
5.041521
5.042136
5.042752
5.043367
5.043982
5.044597
5.045213
5.045828
5.046443
5.047059
5.047674
5.048289
5.048904
5.049520
5.050135
5.050750
5.051366
5.051981
5.052596
5.053211
5.053826
5.054442
5.055057
5.055672
5.056287
5.056903
5.057518
5.058133
5.058748
5.059363
5.059979
5.060594
5.061209
5.061824
5.062439
5.063055
5.063670
5.064285
5.064900
5.065515
5.066130
5.066746
5.067361
5.067976
5.068591
5.069206
5.069821
5.070436
5.071052
5.071667
5.072282
5.072897
5.073512
5.074127
5.074742
5.075357
5.075972
5.076587
5.077203
5.077818
5.078433
5.079048
5.079663
5.080278
5.080893
5.081508
5.082123
5.082738
5.083353
5.083968
5.084583
5.085198
5.085813
5.086428
5.087043
5.087658
5.088273
5.088888
5.089503
5.090118
5.090733
5.091348
5.091963
5.092578
5.093193
5.093808
5.094423
5.095038
5.095653
5.096268
5.096883
5.097498
5.098113
5.098728
5.099343
5.099958
5.100573
5.101188
5.101802
5.102417
5.103032
5.103647
5.104262
5.104877
5.105492
5.106107
5.106722
5.107337
5.107951
5.108566
5.109181
5.109796
5.110411
5.111026
5.111641
5.112255
5.112870
5.113485
5.114100
5.114715
5.115330
5.115944
5.116559
5.117174
5.117789
5.118404
5.119018
5.119633
5.120248
5.120863
5.121478
5.122092
5.122707
5.123322
5.123937
5.124551
5.125166
5.125781
5.126396
5.127010
5.127625
5.128240
5.128855
5.129469
5.130084
5.130699
5.131314
5.131928
5.132543
5.133158
5.133772
5.134387
5.135002
5.135617
5.136231
5.136846
5.137461
5.138075
5.138690
5.139305
5.139919
5.140534
5.141149
5.141763
5.142378
5.142992
5.143607
5.144222
5.144836
5.145451
5.146066
5.146680
5.147295
5.147909
5.148524
5.149139
5.149753
5.150368
5.150982
5.151597
5.152212
5.152826
5.153441
5.154055
5.154670
5.155284
5.155899
5.156513
5.157128
5.157743
5.158357
5.158972
5.159586
5.160201
5.160815
5.161430
5.162044
5.162659
5.163273
5.163888
5.164502
5.165117
5.165731
5.166346
5.166960
5.167575
5.168189
5.168803
5.169418
5.170032
5.170647
5.171261
5.171876
5.172490
5.173105
5.173719
5.174333
5.174948
5.175562
5.176177
5.176791
5.177406
5.178020
5.178634
5.179249
5.179863
5.180477
5.181092
5.181706
5.182321
5.182935
5.183549
5.184164
5.184778
5.185392
5.186007
5.186621
5.187235
5.187850
5.188464
5.189078
5.189693
5.190307
5.190921
5.191536
5.192150
5.192764
5.193379
5.193993
5.194607
5.195221
5.195836
5.196450
5.197064
5.197678
5.198293
5.198907
5.199521
5.200135
5.200750
5.201364
5.201978
5.202592
5.203207
5.203821
5.204435
5.205049
5.205663
5.206278
5.206892
5.207506
5.208120
5.208734
5.209349
5.209963
5.210577
5.211191
5.211805
5.212420
5.213034
5.213648
5.214262
5.214876
5.215490
5.216104
5.216719
5.217333
5.217947
5.218561
5.219175
5.219789
5.220403
5.221017
5.221631
5.222246
5.222860
5.223474
5.224088
5.224702
5.225316
5.225930
5.226544
5.227158
5.227772
5.228386
5.229000
5.229614
5.230228
5.230842
5.231456
5.232070
5.232684
5.233298
5.233912
5.234527
5.235141
5.235755
5.236369
5.236982
5.237596
5.238210
5.238824
5.239438
5.240052
5.240666
5.241280
5.241894
5.242508
5.243122
5.243736
5.244350
5.244964
5.245578
5.246192
5.246806
5.247420
5.248034
5.248648
5.249261
5.249875
5.250489
5.251103
5.251717
5.252331
5.252945
5.253559
5.254173
5.254786
5.255400
5.256014
5.256628
5.257242
5.257856
5.258469
5.259083
5.259697
5.260311
5.260925
5.261539
5.262152
5.262766
5.263380
5.263994
5.264608
5.265221
5.265835
5.266449
5.267063
5.267677
5.268290
5.268904
5.269518
5.270132
5.270745
5.271359
5.271973
5.272587
5.273200
5.273814
5.274428
5.275042
5.275655
5.276269
5.276883
5.277496
5.278110
5.278724
5.279338
5.279951
5.280565
5.281179
5.281792
5.282406
5.283020
5.283633
5.284247
5.284861
5.285474
5.286088
5.286702
5.287315
5.287929
5.288542
5.289156
5.289770
5.290383
5.290997
5.291611
5.292224
5.292838
5.293451
5.294065
5.294678
5.295292
5.295906
5.296519
5.297133
5.297746
5.298360
5.298973
5.299587
5.300201
5.300814
5.301428
5.302041
5.302655
5.303268
5.303882
5.304495
5.305109
5.305722
5.306336
5.306949
5.307563
5.308176
5.308790
5.309403
5.310017
5.310630
5.311244
5.311857
5.312471
5.313084
5.313698
5.314311
5.314924
5.315538
5.316151
5.316765
5.317378
5.317992
5.318605
5.319218
5.319832
5.320445
5.321059
5.321672
5.322285
5.322899
5.323512
5.324126
5.324739
5.325352
5.325966
5.326579
5.327192
5.327806
5.328419
5.329032
5.329646
5.330259
5.330872
5.331486
5.332099
5.332712
5.333326
5.333939
5.334552
5.335166
5.335779
5.336392
5.337005
5.337619
5.338232
5.338845
5.339459
5.340072
5.340685
5.341298
5.341912
5.342525
5.343138
5.343751
5.344365
5.344978
5.345591
5.346204
5.346817
5.347431
5.348044
5.348657
5.349270
5.349883
5.350497
5.351110
5.351723
5.352336
5.352949
5.353562
5.354176
5.354789
5.355402
5.356015
5.356628
5.357241
5.357855
5.358468
5.359081
5.359694
5.360307
5.360920
5.361533
5.362146
5.362759
5.363373
5.363986
5.364599
5.365212
5.365825
5.366438
5.367051
5.367664
5.368277
5.368890
5.369503
5.370116
5.370729
5.371342
5.371955
5.372568
5.373182
5.373795
5.374408
5.375021
5.375634
5.376247
5.376860
5.377473
5.378086
5.378699
5.379312
5.379925
5.380537
5.381150
5.381763
5.382376
5.382989
5.383602
5.384215
5.384828
5.385441
5.386054
5.386667
5.387280
5.387893
5.388506
5.389119
5.389732
5.390344
5.390957
5.391570
5.392183
5.392796
5.393409
5.394022
5.394635
5.395248
5.395860
5.396473
5.397086
5.397699
5.398312
5.398925
5.399537
5.400150
5.400763
5.401376
5.401989
5.402602
5.403214
5.403827
5.404440
5.405053
5.405666
5.406278
5.406891
5.407504
5.408117
5.408729
5.409342
5.409955
5.410568
5.411180
5.411793
5.412406
5.413019
5.413631
5.414244
5.414857
5.415470
5.416082
5.416695
5.417308
5.417920
5.418533
5.419146
5.419759
5.420371
5.420984
5.421597
5.422209
5.422822
5.423435
5.424047
5.424660
5.425273
5.425885
5.426498
5.427110
5.427723
5.428336
5.428948
5.429561
5.430174
5.430786
5.431399
5.432011
5.432624
5.433237
5.433849
5.434462
5.435074
5.435687
5.436299
5.436912
5.437525
5.438137
5.438750
5.439362
5.439975
5.440587
5.441200
5.441812
5.442425
5.443037
5.443650
5.444262
5.444875
5.445487
5.446100
5.446712
5.447325
5.447937
5.448550
5.449162
5.449775
5.450387
5.451000
5.451612
5.452225
5.452837
5.453450
5.454062
5.454674
5.455287
5.455899
5.456512
5.457124
5.457736
5.458349
5.458961
5.459574
5.460186
5.460798
5.461411
5.462023
5.462636
5.463248
5.463860
5.464473
5.465085
5.465697
5.466310
5.466922
5.467534
5.468147
5.468759
5.469371
5.469984
5.470596
5.471208
5.471821
5.472433
5.473045
5.473658
5.474270
5.474882
5.475494
5.476107
5.476719
5.477331
5.477944
5.478556
5.479168
5.479780
5.480393
5.481005
5.481617
5.482229
5.482841
5.483454
5.484066
5.484678
5.485290
5.485903
5.486515
5.487127
5.487739
5.488351
5.488963
5.489576
5.490188
5.490800
5.491412
5.492024
5.492636
5.493249
5.493861
5.494473
5.495085
5.495697
5.496309
5.496921
5.497534
5.498146
5.498758
5.499370
5.499982
5.500594
5.501206
5.501818
5.502430
5.503042
5.503654
5.504266
5.504879
5.505491
5.506103
5.506715
5.507327
5.507939
5.508551
5.509163
5.509775
5.510387
5.510999
5.511611
5.512223
5.512835
5.513447
5.514059
5.514671
5.515283
5.515895
5.516507
5.517119
5.517731
5.518343
5.518955
5.519567
5.520179
5.520791
5.521403
5.522014
5.522626
5.523238
5.523850
5.524462
5.525074
5.525686
5.526298
5.526910
5.527522
5.528134
5.528745
5.529357
5.529969
5.530581
5.531193
5.531805
5.532417
5.533028
5.533640
5.534252
5.534864
5.535476
5.536088
5.536700
5.537311
5.537923
5.538535
5.539147
5.539759
5.540370
5.540982
5.541594
5.542206
5.542817
5.543429
5.544041
5.544653
5.545265
5.545876
5.546488
5.547100
5.547712
5.548323
5.548935
5.549547
5.550158
5.550770
5.551382
5.551994
5.552605
5.553217
5.553829
5.554440
5.555052
5.555664
5.556275
5.556887
5.557499
5.558110
5.558722
5.559334
5.559945
5.560557
5.561169
5.561780
5.562392
5.563004
5.563615
5.564227
5.564838
5.565450
5.566062
5.566673
5.567285
5.567896
5.568508
5.569120
5.569731
5.570343
5.570954
5.571566
5.572177
5.572789
5.573401
5.574012
5.574624
5.575235
5.575847
5.576458
5.577070
5.577681
5.578293
5.578904
5.579516
5.580127
5.580739
5.581350
5.581962
5.582573
5.583185
5.583796
5.584408
5.585019
5.585631
5.586242
5.586853
5.587465
5.588076
5.588688
5.589299
5.589911
5.590522
5.591133
5.591745
5.592356
5.592968
5.593579
5.594190
5.594802
5.595413
5.596025
5.596636
5.597247
5.597859
5.598470
5.599081
5.599693
5.600304
5.600915
5.601527
5.602138
5.602749
5.603361
5.603972
5.604583
5.605195
5.605806
5.606417
5.607029
5.607640
5.608251
5.608862
5.609474
5.610085
5.610696
5.611308
5.611919
5.612530
5.613141
5.613753
5.614364
5.614975
5.615586
5.616197
5.616809
5.617420
5.618031
5.618642
5.619253
5.619865
5.620476
5.621087
5.621698
5.622309
5.622921
5.623532
5.624143
5.624754
5.625365
5.625976
5.626588
5.627199
5.627810
5.628421
5.629032
5.629643
5.630254
5.630865
5.631476
5.632088
5.632699
5.633310
5.633921
5.634532
5.635143
5.635754
5.636365
5.636976
5.637587
5.638198
5.638809
5.639420
5.640031
5.640643
5.641254
5.641865
5.642476
5.643087
5.643698
5.644309
5.644920
5.645531
5.646142
5.646753
5.647364
5.647975
5.648586
5.649197
5.649807
5.650418
5.651029
5.651640
5.652251
5.652862
5.653473
5.654084
5.654695
5.655306
5.655917
5.656528
5.657139
5.657750
5.658361
5.658971
5.659582
5.660193
5.660804
5.661415
5.662026
5.662637
5.663248
5.663858
5.664469
5.665080
5.665691
5.666302
5.666913
5.667523
5.668134
5.668745
5.669356
5.669967
5.670578
5.671188
5.671799
5.672410
5.673021
5.673631
5.674242
5.674853
5.675464
5.676075
5.676685
5.677296
5.677907
5.678518
5.679128
5.679739
5.680350
5.680960
5.681571
5.682182
5.682793
5.683403
5.684014
5.684625
5.685235
5.685846
5.686457
5.687067
5.687678
5.688289
5.688899
5.689510
5.690121
5.690731
5.691342
5.691953
5.692563
5.693174
5.693785
5.694395
5.695006
5.695616
5.696227
5.696838
5.697448
5.698059
5.698669
5.699280
5.699891
5.700501
5.701112
5.701722
5.702333
5.702943
5.703554
5.704165
5.704775
5.705386
5.705996
5.706607
5.707217
5.707828
5.708438
5.709049
5.709659
5.710270
5.710880
5.711491
5.712101
5.712712
5.713322
5.713933
5.714543
5.715154
5.715764
5.716374
5.716985
5.717595
5.718206
5.718816
5.719427
5.720037
5.720647
5.721258
5.721868
5.722479
5.723089
5.723699
5.724310
5.724920
5.725531
5.726141
5.726751
5.727362
5.727972
5.728582
5.729193
5.729803
5.730413
5.731024
5.731634
5.732244
5.732855
5.733465
5.734075
5.734686
5.735296
5.735906
5.736517
5.737127
5.737737
5.738347
5.738958
5.739568
5.740178
5.740788
5.741399
5.742009
5.742619
5.743229
5.743840
5.744450
5.745060
5.745670
5.746281
5.746891
5.747501
5.748111
5.748721
5.749332
5.749942
5.750552
5.751162
5.751772
5.752382
5.752993
5.753603
5.754213
5.754823
5.755433
5.756043
5.756653
5.757264
5.757874
5.758484
5.759094
5.759704
5.760314
5.760924
5.761534
5.762144
5.762755
5.763365
5.763975
5.764585
5.765195
5.765805
5.766415
5.767025
5.767635
5.768245
5.768855
5.769465
5.770075
5.770685
5.771295
5.771905
5.772515
5.773125
5.773735
5.774345
5.774955
5.775565
5.776175
5.776785
5.777395
5.778005
5.778615
5.779225
5.779835
5.780445
5.781055
5.781665
5.782275
5.782885
5.783495
5.784104
5.784714
5.785324
5.785934
5.786544
5.787154
5.787764
5.788374
5.788984
5.789593
5.790203
5.790813
5.791423
5.792033
5.792643
5.793253
5.793862
5.794472
5.795082
5.795692
5.796302
5.796912
5.797521
5.798131
5.798741
5.799351
5.799961
5.800570
5.801180
5.801790
5.802400
5.803009
5.803619
5.804229
5.804839
5.805448
5.806058
5.806668
5.807278
5.807887
5.808497
5.809107
5.809717
5.810326
5.810936
5.811546
5.812155
5.812765
5.813375
5.813984
5.814594
5.815204
5.815813
5.816423
5.817033
5.817642
5.818252
5.818862
5.819471
5.820081
5.820690
5.821300
5.821910
5.822519
5.823129
5.823739
5.824348
5.824958
5.825567
5.826177
5.826786
5.827396
5.828006
5.828615
5.829225
5.829834
5.830444
5.831053
5.831663
5.832272
5.832882
5.833491
5.834101
5.834710
5.835320
5.835929
5.836539
5.837148
5.837758
5.838367
5.838977
5.839586
5.840196
5.840805
5.841415
5.842024
5.842634
5.843243
5.843853
5.844462
5.845071
5.845681
5.846290
5.846900
5.847509
5.848118
5.848728
5.849337
5.849947
5.850556
5.851165
5.851775
5.852384
5.852994
5.853603
5.854212
5.854822
5.855431
5.856040
5.856650
5.857259
5.857868
5.858478
5.859087
5.859696
5.860306
5.860915
5.861524
5.862133
5.862743
5.863352
5.863961
5.864571
5.865180
5.865789
5.866398
5.867008
5.867617
5.868226
5.868835
5.869445
5.870054
5.870663
5.871272
5.871881
5.872491
5.873100
5.873709
5.874318
5.874927
5.875537
5.876146
5.876755
5.877364
5.877973
5.878582
5.879192
5.879801
5.880410
5.881019
5.881628
5.882237
5.882846
5.883455
5.884065
5.884674
5.885283
5.885892
5.886501
5.887110
5.887719
5.888328
5.888937
5.889546
5.890155
5.890764
5.891374
5.891983
5.892592
5.893201
5.893810
5.894419
5.895028
5.895637
5.896246
5.896855
5.897464
5.898073
5.898682
5.899291
5.899900
5.900509
5.901118
5.901727
5.902336
5.902945
5.903554
5.904162
5.904771
5.905380
5.905989
5.906598
5.907207
5.907816
5.908425
5.909034
5.909643
5.910252
5.910861
5.911469
5.912078
5.912687
5.913296
5.913905
5.914514
5.915123
5.915732
5.916340
5.916949
5.917558
5.918167
5.918776
5.919385
5.919993
5.920602
5.921211
5.921820
5.922429
5.923037
5.923646
5.924255
5.924864
5.925473
5.926081
5.926690
5.927299
5.927908
5.928516
5.929125
5.929734
5.930343
5.930951
5.931560
5.932169
5.932777
5.933386
5.933995
5.934604
5.935212
5.935821
5.936430
5.937038
5.937647
5.938256
5.938864
5.939473
5.940082
5.940690
5.941299
5.941908
5.942516
5.943125
5.943733
5.944342
5.944951
5.945559
5.946168
5.946776
5.947385
5.947994
5.948602
5.949211
5.949819
5.950428
5.951037
5.951645
5.952254
5.952862
5.953471
5.954079
5.954688
5.955296
5.955905
5.956513
5.957122
5.957730
5.958339
5.958947
5.959556
5.960164
5.960773
5.961381
5.961990
5.962598
5.963207
5.963815
5.964424
5.965032
5.965641
5.966249
5.966857
5.967466
5.968074
5.968683
5.969291
5.969900
5.970508
5.971116
5.971725
5.972333
5.972941
5.973550
5.974158
5.974767
5.975375
5.975983
5.976592
5.977200
5.977808
5.978417
5.979025
5.979633
5.980242
5.980850
5.981458
5.982067
5.982675
5.983283
5.983892
5.984500
5.985108
5.985716
5.986325
5.986933
5.987541
5.988149
5.988758
5.989366
5.989974
5.990582
5.991191
5.991799
5.992407
5.993015
5.993623
5.994232
5.994840
5.995448
5.996056
5.996664
5.997273
5.997881
5.998489
5.999097
5.999705
6.000313
6.000922
6.001530
6.002138
6.002746
6.003354
6.003962
6.004570
6.005179
6.005787
6.006395
6.007003
6.007611
6.008219
6.008827
6.009435
6.010043
6.010651
6.011259
6.011867
6.012476
6.013084
6.013692
6.014300
6.014908
6.015516
6.016124
6.016732
6.017340
6.017948
6.018556
6.019164
6.019772
6.020380
6.020988
6.021596
6.022204
6.022812
6.023420
6.024028
6.024635
6.025243
6.025851
6.026459
6.027067
6.027675
6.028283
6.028891
6.029499
6.030107
6.030715
6.031323
6.031931
6.032538
6.033146
6.033754
6.034362
6.034970
6.035578
6.036186
6.036793
6.037401
6.038009
6.038617
6.039225
6.039833
6.040440
6.041048
6.041656
6.042264
6.042872
6.043479
6.044087
6.044695
6.045303
6.045911
6.046518
6.047126
6.047734
6.048342
6.048949
6.049557
6.050165
6.050773
6.051380
6.051988
6.052596
6.053203
6.053811
6.054419
6.055027
6.055634
6.056242
6.056850
6.057457
6.058065
6.058673
6.059280
6.059888
6.060496
6.061103
6.061711
6.062318
6.062926
6.063534
6.064141
6.064749
6.065357
6.065964
6.066572
6.067179
6.067787
6.068395
6.069002
6.069610
6.070217
6.070825
6.071432
6.072040
6.072647
6.073255
6.073863
6.074470
6.075078
6.075685
6.076293
6.076900
6.077508
6.078115
6.078723
6.079330
6.079938
6.080545
6.081153
6.081760
6.082367
6.082975
6.083582
6.084190
6.084797
6.085405
6.086012
6.086620
6.087227
6.087834
6.088442
6.089049
6.089657
6.090264
6.090871
6.091479
6.092086
6.092694
6.093301
6.093908
6.094516
6.095123
6.095730
6.096338
6.096945
6.097552
6.098160
6.098767
6.099374
6.099982
6.100589
6.101196
6.101804
6.102411
6.103018
6.103625
6.104233
6.104840
6.105447
6.106055
6.106662
6.107269
6.107876
6.108484
6.109091
6.109698
6.110305
6.110912
6.111520
6.112127
6.112734
6.113341
6.113948
6.114556
6.115163
6.115770
6.116377
6.116984
6.117592
6.118199
6.118806
6.119413
6.120020
6.120627
6.121234
6.121842
6.122449
6.123056
6.123663
6.124270
6.124877
6.125484
6.126091
6.126698
6.127305
6.127912
6.128520
6.129127
6.129734
6.130341
6.130948
6.131555
6.132162
6.132769
6.133376
6.133983
6.134590
6.135197
6.135804
6.136411
6.137018
6.137625
6.138232
6.138839
6.139446
6.140053
6.140660
6.141267
6.141874
6.142481
6.143088
6.143695
6.144302
6.144908
6.145515
6.146122
6.146729
6.147336
6.147943
6.148550
6.149157
6.149764
6.150371
6.150977
6.151584
6.152191
6.152798
6.153405
6.154012
6.154619
6.155225
6.155832
6.156439
6.157046
6.157653
6.158260
6.158866
6.159473
6.160080
6.160687
6.161294
6.161900
6.162507
6.163114
6.163721
6.164327
6.164934
6.165541
6.166148
6.166754
6.167361
6.167968
6.168575
6.169181
6.169788
6.170395
6.171001
6.171608
6.172215
6.172821
6.173428
6.174035
6.174641
6.175248
6.175855
6.176461
6.177068
6.177675
6.178281
6.178888
6.179495
6.180101
6.180708
6.181315
6.181921
6.182528
6.183134
6.183741
6.184348
6.184954
6.185561
6.186167
6.186774
6.187380
6.187987
6.188593
6.189200
6.189807
6.190413
6.191020
6.191626
6.192233
6.192839
6.193446
6.194052
6.194659
6.195265
6.195872
6.196478
6.197085
6.197691
6.198298
6.198904
6.199510
6.200117
6.200723
6.201330
6.201936
6.202543
6.203149
6.203755
6.204362
6.204968
6.205575
6.206181
6.206787
6.207394
6.208000
6.208607
6.209213
6.209819
6.210426
6.211032
6.211638
6.212245
6.212851
6.213457
6.214064
6.214670
6.215276
6.215883
6.216489
6.217095
6.217702
6.218308
6.218914
6.219520
6.220127
6.220733
6.221339
6.221946
6.222552
6.223158
6.223764
6.224371
6.224977
6.225583
6.226189
6.226795
6.227402
6.228008
6.228614
6.229220
6.229826
6.230433
6.231039
6.231645
6.232251
6.232857
6.233463
6.234070
6.234676
6.235282
6.235888
6.236494
6.237100
6.237706
6.238312
6.238919
6.239525
6.240131
6.240737
6.241343
6.241949
6.242555
6.243161
6.243767
6.244373
6.244979
6.245585
6.246191
6.246798
6.247404
6.248010
6.248616
6.249222
6.249828
6.250434
6.251040
6.251646
6.252252
6.252858
6.253464
6.254070
6.254676
6.255281
6.255887
6.256493
6.257099
6.257705
6.258311
6.258917
6.259523
6.260129
6.260735
6.261341
6.261947
6.262553
6.263159
6.263764
6.264370
6.264976
6.265582
6.266188
6.266794
6.267400
6.268006
6.268611
6.269217
6.269823
6.270429
6.271035
6.271641
6.272246
6.272852
6.273458
6.274064
6.274670
6.275275
6.275881
6.276487
6.277093
6.277698
6.278304
6.278910
6.279516
6.280121
6.280727
6.281333
6.281939
6.282544
6.283150
6.283756
6.284361
6.284967
6.285573
6.286179
6.286784
6.287390
6.287996
6.288601
6.289207
6.289813
6.290418
6.291024
6.291630
6.292235
6.292841
6.293446
6.294052
6.294658
6.295263
6.295869
6.296474
6.297080
6.297686
6.298291
6.298897
6.299502
6.300108
6.300714
6.301319
6.301925
6.302530
6.303136
6.303741
6.304347
6.304952
6.305558
6.306163
6.306769
6.307374
6.307980
6.308585
6.309191
6.309796
6.310402
6.311007
6.311613
6.312218
6.312824
6.313429
6.314034
6.314640
6.315245
6.315851
6.316456
6.317062
6.317667
6.318272
6.318878
6.319483
6.320089
6.320694
6.321299
6.321905
6.322510
6.323115
6.323721
6.324326
6.324932
6.325537
6.326142
6.326748
6.327353
6.327958
6.328563
6.329169
6.329774
6.330379
6.330985
6.331590
6.332195
6.332800
6.333406
6.334011
6.334616
6.335222
6.335827
6.336432
6.337037
6.337642
6.338248
6.338853
6.339458
6.340063
6.340669
6.341274
6.341879
6.342484
6.343089
6.343694
6.344300
6.344905
6.345510
6.346115
6.346720
6.347325
6.347931
6.348536
6.349141
6.349746
6.350351
6.350956
6.351561
6.352166
6.352771
6.353377
6.353982
6.354587
6.355192
6.355797
6.356402
6.357007
6.357612
6.358217
6.358822
6.359427
6.360032
6.360637
6.361242
6.361847
6.362452
6.363057
6.363662
6.364267
6.364872
6.365477
6.366082
6.366687
6.367292
6.367897
6.368502
6.369107
6.369712
6.370317
6.370922
6.371527
6.372132
6.372736
6.373341
6.373946
6.374551
6.375156
6.375761
6.376366
6.376971
6.377576
6.378180
6.378785
6.379390
6.379995
6.380600
6.381205
6.381809
6.382414
6.383019
6.383624
6.384229
6.384834
6.385438
6.386043
6.386648
6.387253
6.387857
6.388462
6.389067
6.389672
6.390277
6.390881
6.391486
6.392091
6.392695
6.393300
6.393905
6.394510
6.395114
6.395719
6.396324
6.396928
6.397533
6.398138
6.398743
6.399347
6.399952
6.400556
6.401161
6.401766
6.402370
6.402975
6.403580
6.404184
6.404789
6.405394
6.405998
6.406603
6.407207
6.407812
6.408417
6.409021
6.409626
6.410230
6.410835
6.411439
6.412044
6.412649
6.413253
6.413858
6.414462
6.415067
6.415671
6.416276
6.416880
6.417485
6.418089
6.418694
6.419298
6.419903
6.420507
6.421112
6.421716
6.422321
6.422925
6.423529
6.424134
6.424738
6.425343
6.425947
6.426552
6.427156
6.427760
6.428365
6.428969
6.429574
6.430178
6.430782
6.431387
6.431991
6.432596
6.433200
6.433804
6.434409
6.435013
6.435617
6.436222
6.436826
6.437430
6.438035
6.438639
6.439243
6.439848
6.440452
6.441056
6.441660
6.442265
6.442869
6.443473
6.444077
6.444682
6.445286
6.445890
6.446494
6.447099
6.447703
6.448307
6.448911
6.449516
6.450120
6.450724
6.451328
6.451932
6.452537
6.453141
6.453745
6.454349
6.454953
6.455557
6.456161
6.456766
6.457370
6.457974
6.458578
6.459182
6.459786
6.460390
6.460994
6.461599
6.462203
6.462807
6.463411
6.464015
6.464619
6.465223
6.465827
6.466431
6.467035
6.467639
6.468243
6.468847
6.469451
6.470055
6.470659
6.471263
6.471867
6.472471
6.473075
6.473679
6.474283
6.474887
6.475491
6.476095
6.476699
6.477303
6.477907
6.478511
6.479115
6.479719
6.480323
6.480927
6.481531
6.482135
6.482739
6.483342
6.483946
6.484550
6.485154
6.485758
6.486362
6.486966
6.487570
6.488173
6.488777
6.489381
6.489985
6.490589
6.491193
6.491796
6.492400
6.493004
6.493608
6.494212
6.494815
6.495419
6.496023
6.496627
6.497230
6.497834
6.498438
6.499042
6.499646
6.500249
6.500853
6.501457
6.502060
6.502664
6.503268
6.503872
6.504475
6.505079
6.505683
6.506286
6.506890
6.507494
6.508097
6.508701
6.509305
6.509908
6.510512
6.511116
6.511719
6.512323
6.512926
6.513530
6.514134
6.514737
6.515341
6.515944
6.516548
6.517152
6.517755
6.518359
6.518962
6.519566
6.520169
6.520773
6.521377
6.521980
6.522584
6.523187
6.523791
6.524394
6.524998
6.525601
6.526205
6.526808
6.527412
6.528015
6.528619
6.529222
6.529826
6.530429
6.531032
6.531636
6.532239
6.532843
6.533446
6.534050
6.534653
6.535256
6.535860
6.536463
6.537067
6.537670
6.538273
6.538877
6.539480
6.540084
6.540687
6.541290
6.541894
6.542497
6.543100
6.543704
6.544307
6.544910
6.545514
6.546117
6.546720
6.547324
6.547927
6.548530
6.549133
6.549737
6.550340
6.550943
6.551546
6.552150
6.552753
6.553356
6.553959
6.554563
6.555166
6.555769
6.556372
6.556976
6.557579
6.558182
6.558785
6.559388
6.559991
6.560595
6.561198
6.561801
6.562404
6.563007
6.563610
6.564214
6.564817
6.565420
6.566023
6.566626
6.567229
6.567832
6.568435
6.569039
6.569642
6.570245
6.570848
6.571451
6.572054
6.572657
6.573260
6.573863
6.574466
6.575069
6.575672
6.576275
6.576878
6.577481
6.578084
6.578687
6.579290
6.579893
6.580496
6.581099
6.581702
6.582305
6.582908
6.583511
6.584114
6.584717
6.585320
6.585923
6.586526
6.587129
6.587732
6.588334
6.588937
6.589540
6.590143
6.590746
6.591349
6.591952
6.592555
6.593158
6.593760
6.594363
6.594966
6.595569
6.596172
6.596775
6.597377
6.597980
6.598583
6.599186
6.599789
6.600391
6.600994
6.601597
6.602200
6.602803
6.603405
6.604008
6.604611
6.605214
6.605816
6.606419
6.607022
6.607625
6.608227
6.608830
6.609433
6.610035
6.610638
6.611241
6.611844
6.612446
6.613049
6.613652
6.614254
6.614857
6.615459
6.616062
6.616665
6.617267
6.617870
6.618473
6.619075
6.619678
6.620281
6.620883
6.621486
6.622088
6.622691
6.623293
6.623896
6.624499
6.625101
6.625704
6.626306
6.626909
6.627511
6.628114
6.628716
6.629319
6.629921
6.630524
6.631126
6.631729
6.632331
6.632934
6.633536
6.634139
6.634741
6.635344
6.635946
6.636549
6.637151
6.637754
6.638356
6.638958
6.639561
6.640163
6.640766
6.641368
6.641970
6.642573
6.643175
6.643778
6.644380
6.644982
6.645585
6.646187
6.646789
6.647392
6.647994
6.648596
6.649199
6.649801
6.650403
6.651006
6.651608
6.652210
6.652813
6.653415
6.654017
6.654619
6.655222
6.655824
6.656426
6.657029
6.657631
6.658233
6.658835
6.659437
6.660040
6.660642
6.661244
6.661846
6.662449
6.663051
6.663653
6.664255
6.664857
6.665459
6.666062
6.666664
6.667266
6.667868
6.668470
6.669072
6.669674
6.670277
6.670879
6.671481
6.672083
6.672685
6.673287
6.673889
6.674491
6.675093
6.675695
6.676298
6.676900
6.677502
6.678104
6.678706
6.679308
6.679910
6.680512
6.681114
6.681716
6.682318
6.682920
6.683522
6.684124
6.684726
6.685328
6.685930
6.686532
6.687134
6.687736
6.688338
6.688940
6.689542
6.690143
6.690745
6.691347
6.691949
6.692551
6.693153
6.693755
6.694357
6.694959
6.695561
6.696162
6.696764
6.697366
6.697968
6.698570
6.699172
6.699774
6.700375
6.700977
6.701579
6.702181
6.702783
6.703384
6.703986
6.704588
6.705190
6.705792
6.706393
6.706995
6.707597
6.708199
6.708800
6.709402
6.710004
6.710606
6.711207
6.711809
6.712411
6.713013
6.713614
6.714216
6.714818
6.715419
6.716021
6.716623
6.717224
6.717826
6.718428
6.719029
6.719631
6.720233
6.720834
6.721436
6.722037
6.722639
6.723241
6.723842
6.724444
6.725045
6.725647
6.726249
6.726850
6.727452
6.728053
6.728655
6.729256
6.729858
6.730460
6.731061
6.731663
6.732264
6.732866
6.733467
6.734069
6.734670
6.735272
6.735873
6.736475
6.737076
6.737678
6.738279
6.738880
6.739482
6.740083
6.740685
6.741286
6.741888
6.742489
6.743090
6.743692
6.744293
6.744895
6.745496
6.746097
6.746699
6.747300
6.747902
6.748503
6.749104
6.749706
6.750307
6.750908
6.751510
6.752111
6.752712
6.753314
6.753915
6.754516
6.755118
6.755719
6.756320
6.756921
6.757523
6.758124
6.758725
6.759326
6.759928
6.760529
6.761130
6.761731
6.762333
6.762934
6.763535
6.764136
6.764737
6.765339
6.765940
6.766541
6.767142
6.767743
6.768345
6.768946
6.769547
6.770148
6.770749
6.771350
6.771951
6.772553
6.773154
6.773755
6.774356
6.774957
6.775558
6.776159
6.776760
6.777361
6.777962
6.778563
6.779164
6.779766
6.780367
6.780968
6.781569
6.782170
6.782771
6.783372
6.783973
6.784574
6.785175
6.785776
6.786377
6.786978
6.787579
6.788180
6.788781
6.789382
6.789983
6.790583
6.791184
6.791785
6.792386
6.792987
6.793588
6.794189
6.794790
6.795391
6.795992
6.796593
6.797193
6.797794
6.798395
6.798996
6.799597
6.800198
6.800799
6.801399
6.802000
6.802601
6.803202
6.803803
6.804404
6.805004
6.805605
6.806206
6.806807
6.807408
6.808008
6.808609
6.809210
6.809811
6.810411
6.811012
6.811613
6.812214
6.812814
6.813415
6.814016
6.814616
6.815217
6.815818
6.816418
6.817019
6.817620
6.818221
6.818821
6.819422
6.820022
6.820623
6.821224
6.821824
6.822425
6.823026
6.823626
6.824227
6.824827
6.825428
6.826029
6.826629
6.827230
6.827830
6.828431
6.829032
6.829632
6.830233
6.830833
6.831434
6.832034
6.832635
6.833235
6.833836
6.834436
6.835037
6.835637
6.836238
6.836838
6.837439
6.838039
6.838640
6.839240
6.839841
6.840441
6.841042
6.841642
6.842242
6.842843
6.843443
6.844044
6.844644
6.845244
6.845845
6.846445
6.847046
6.847646
6.848246
6.848847
6.849447
6.850047
6.850648
6.851248
6.851848
6.852449
6.853049
6.853649
6.854250
6.854850
6.855450
6.856051
6.856651
6.857251
6.857851
6.858452
6.859052
6.859652
6.860252
6.860853
6.861453
6.862053
6.862653
6.863254
6.863854
6.864454
6.865054
6.865654
6.866255
6.866855
6.867455
6.868055
6.868655
6.869255
6.869856
6.870456
6.871056
6.871656
6.872256
6.872856
6.873456
6.874057
6.874657
6.875257
6.875857
6.876457
6.877057
6.877657
6.878257
6.878857
6.879457
6.880057
6.880657
6.881257
6.881857
6.882457
6.883057
6.883657
6.884257
6.884857
6.885457
6.886057
6.886657
6.887257
6.887857
6.888457
6.889057
6.889657
6.890257
6.890857
6.891457
6.892057
6.892657
6.893257
6.893857
6.894457
6.895057
6.895656
6.896256
6.896856
6.897456
6.898056
6.898656
6.899256
6.899855
6.900455
6.901055
6.901655
6.902255
6.902855
6.903454
6.904054
6.904654
6.905254
6.905854
6.906453
6.907053
6.907653
6.908253
6.908852
6.909452
6.910052
6.910652
6.911251
6.911851
6.912451
6.913051
6.913650
6.914250
6.914850
6.915449
6.916049
6.916649
6.917248
6.917848
6.918448
6.919047
6.919647
6.920247
6.920846
6.921446
6.922046
6.922645
6.923245
6.923844
6.924444
6.925044
6.925643
6.926243
6.926842
6.927442
6.928041
6.928641
6.929241
6.929840
6.930440
6.931039
6.931639
6.932238
6.932838
6.933437
6.934037
6.934636
6.935236
6.935835
6.936435
6.937034
6.937634
6.938233
6.938833
6.939432
6.940031
6.940631
6.941230
6.941830
6.942429
6.943028
6.943628
6.944227
6.944827
6.945426
6.946025
6.946625
6.947224
6.947824
6.948423
6.949022
6.949622
6.950221
6.950820
6.951420
6.952019
6.952618
6.953217
6.953817
6.954416
6.955015
6.955615
6.956214
6.956813
6.957412
6.958012
6.958611
6.959210
6.959809
6.960409
6.961008
6.961607
6.962206
6.962805
6.963405
6.964004
6.964603
6.965202
6.965801
6.966401
6.967000
6.967599
6.968198
6.968797
6.969396
6.969995
6.970595
6.971194
6.971793
6.972392
6.972991
6.973590
6.974189
6.974788
6.975387
6.975986
6.976585
6.977185
6.977784
6.978383
6.978982
6.979581
6.980180
6.980779
6.981378
6.981977
6.982576
6.983175
6.983774
6.984373
6.984972
6.985571
6.986170
6.986769
6.987368
6.987966
6.988565
6.989164
6.989763
6.990362
6.990961
6.991560
6.992159
6.992758
6.993357
6.993956
6.994554
6.995153
6.995752
6.996351
6.996950
6.997549
6.998148
6.998746
6.999345
6.999944
7.000543
7.001142
7.001740
7.002339
7.002938
7.003537
7.004136
7.004734
7.005333
7.005932
7.006531
7.007129
7.007728
7.008327
7.008926
7.009524
7.010123
7.010722
7.011320
7.011919
7.012518
7.013117
7.013715
7.014314
7.014913
7.015511
7.016110
7.016709
7.017307
7.017906
7.018504
7.019103
7.019702
7.020300
7.020899
7.021497
7.022096
7.022695
7.023293
7.023892
7.024490
7.025089
7.025687
7.026286
7.026885
7.027483
7.028082
7.028680
7.029279
7.029877
7.030476
7.031074
7.031673
7.032271
7.032870
7.033468
7.034067
7.034665
7.035263
7.035862
7.036460
7.037059
7.037657
7.038256
7.038854
7.039452
7.040051
7.040649
7.041248
7.041846
7.042444
7.043043
7.043641
7.044239
7.044838
7.045436
7.046035
7.046633
7.047231
7.047830
7.048428
7.049026
7.049624
7.050223
7.050821
7.051419
7.052018
7.052616
7.053214
7.053812
7.054411
7.055009
7.055607
7.056205
7.056804
7.057402
7.058000
7.058598
7.059196
7.059795
7.060393
7.060991
7.061589
7.062187
7.062786
7.063384
7.063982
7.064580
7.065178
7.065776
7.066374
7.066972
7.067571
7.068169
7.068767
7.069365
7.069963
7.070561
7.071159
7.071757
7.072355
7.072953
7.073551
7.074149
7.074747
7.075345
7.075944
7.076542
7.077140
7.077738
7.078336
7.078934
7.079532
7.080130
7.080727
7.081325
7.081923
7.082521
7.083119
7.083717
7.084315
7.084913
7.085511
7.086109
7.086707
7.087305
7.087903
7.088501
7.089098
7.089696
7.090294
7.090892
7.091490
7.092088
7.092686
7.093284
7.093881
7.094479
7.095077
7.095675
7.096273
7.096870
7.097468
7.098066
7.098664
7.099262
7.099859
7.100457
7.101055
7.101653
7.102250
7.102848
7.103446
7.104044
7.104641
7.105239
7.105837
7.106434
7.107032
7.107630
7.108228
7.108825
7.109423
7.110021
7.110618
7.111216
7.111813
7.112411
7.113009
7.113606
7.114204
7.114802
7.115399
7.115997
7.116594
7.117192
7.117790
7.118387
7.118985
7.119582
7.120180
7.120777
7.121375
7.121973
7.122570
7.123168
7.123765
7.124363
7.124960
7.125558
7.126155
7.126753
7.127350
7.127948
7.128545
7.129142
7.129740
7.130337
7.130935
7.131532
7.132130
7.132727
7.133325
7.133922
7.134519
7.135117
7.135714
7.136312
7.136909
7.137506
7.138104
7.138701
7.139298
7.139896
7.140493
7.141090
7.141688
7.142285
7.142882
7.143480
7.144077
7.144674
7.145272
7.145869
7.146466
7.147063
7.147661
7.148258
7.148855
7.149452
7.150050
7.150647
7.151244
7.151841
7.152438
7.153036
7.153633
7.154230
7.154827
7.155424
7.156022
7.156619
7.157216
7.157813
7.158410
7.159007
7.159605
7.160202
7.160799
7.161396
7.161993
7.162590
7.163187
7.163784
7.164381
7.164978
7.165576
7.166173
7.166770
7.167367
7.167964
7.168561
7.169158
7.169755
7.170352
7.170949
7.171546
7.172143
7.172740
7.173337
7.173934
7.174531
7.175128
7.175725
7.176322
7.176919
7.177516
7.178113
7.178710
7.179306
7.179903
7.180500
7.181097
7.181694
7.182291
7.182888
7.183485
7.184082
7.184678
7.185275
7.185872
7.186469
7.187066
7.187663
7.188260
7.188856
7.189453
7.190050
7.190647
7.191244
7.191840
7.192437
7.193034
7.193631
7.194227
7.194824
7.195421
7.196018
7.196614
7.197211
7.197808
7.198405
7.199001
7.199598
7.200195
7.200791
7.201388
7.201985
7.202581
7.203178
7.203775
7.204371
7.204968
7.205565
7.206161
7.206758
7.207355
7.207951
7.208548
7.209144
7.209741
7.210338
7.210934
7.211531
7.212127
7.212724
7.213320
7.213917
7.214514
7.215110
7.215707
7.216303
7.216900
7.217496
7.218093
7.218689
7.219286
7.219882
7.220479
7.221075
7.221672
7.222268
7.222864
7.223461
7.224057
7.224654
7.225250
7.225847
7.226443
7.227039
7.227636
7.228232
7.228829
7.229425
7.230021
7.230618
7.231214
7.231810
7.232407
7.233003
7.233600
7.234196
7.234792
7.235388
7.235985
7.236581
7.237177
7.237774
7.238370
7.238966
7.239563
7.240159
7.240755
7.241351
7.241948
7.242544
7.243140
7.243736
7.244332
7.244929
7.245525
7.246121
7.246717
7.247313
7.247910
7.248506
7.249102
7.249698
7.250294
7.250890
7.251487
7.252083
7.252679
7.253275
7.253871
7.254467
7.255063
7.255659
7.256255
7.256852
7.257448
7.258044
7.258640
7.259236
7.259832
7.260428
7.261024
7.261620
7.262216
7.262812
7.263408
7.264004
7.264600
7.265196
7.265792
7.266388
7.266984
7.267580
7.268176
7.268772
7.269368
7.269964
7.270560
7.271156
7.271751
7.272347
7.272943
7.273539
7.274135
7.274731
7.275327
7.275923
7.276519
7.277114
7.277710
7.278306
7.278902
7.279498
7.280094
7.280689
7.281285
7.281881
7.282477
7.283073
7.283668
7.284264
7.284860
7.285456
7.286052
7.286647
7.287243
7.287839
7.288435
7.289030
7.289626
7.290222
7.290817
7.291413
7.292009
7.292605
7.293200
7.293796
7.294392
7.294987
7.295583
7.296179
7.296774
7.297370
7.297965
7.298561
7.299157
7.299752
7.300348
7.300943
7.301539
7.302135
7.302730
7.303326
7.303921
7.304517
7.305112
7.305708
7.306304
7.306899
7.307495
7.308090
7.308686
7.309281
7.309877
7.310472
7.311068
7.311663
7.312259
7.312854
7.313450
7.314045
7.314640
7.315236
7.315831
7.316427
7.317022
7.317618
7.318213
7.318808
7.319404
7.319999
7.320595
7.321190
7.321785
7.322381
7.322976
7.323571
7.324167
7.324762
7.325357
7.325953
7.326548
7.327143
7.327739
7.328334
7.328929
7.329524
7.330120
7.330715
7.331310
7.331905
7.332501
7.333096
7.333691
7.334286
7.334882
7.335477
7.336072
7.336667
7.337262
7.337858
7.338453
7.339048
7.339643
7.340238
7.340833
7.341429
7.342024
7.342619
7.343214
7.343809
7.344404
7.344999
7.345594
7.346190
7.346785
7.347380
7.347975
7.348570
7.349165
7.349760
7.350355
7.350950
7.351545
7.352140
7.352735
7.353330
7.353925
7.354520
7.355115
7.355710
7.356305
7.356900
7.357495
7.358090
7.358685
7.359280
7.359875
7.360470
7.361065
7.361660
7.362255
7.362850
7.363444
7.364039
7.364634
7.365229
7.365824
7.366419
7.367014
7.367609
7.368203
7.368798
7.369393
7.369988
7.370583
7.371178
7.371772
7.372367
7.372962
7.373557
7.374152
7.374746
7.375341
7.375936
7.376531
7.377125
7.377720
7.378315
7.378910
7.379504
7.380099
7.380694
7.381288
7.381883
7.382478
7.383073
7.383667
7.384262
7.384857
7.385451
7.386046
7.386640
7.387235
7.387830
7.388424
7.389019
7.389614
7.390208
7.390803
7.391397
7.391992
7.392587
7.393181
7.393776
7.394370
7.394965
7.395559
7.396154
7.396748
7.397343
7.397937
7.398532
7.399126
7.399721
7.400315
7.400910
7.401504
7.402099
7.402693
7.403288
7.403882
7.404477
7.405071
7.405665
7.406260
7.406854
7.407449
7.408043
7.408638
7.409232
7.409826
7.410421
7.411015
7.411609
7.412204
7.412798
7.413392
7.413987
7.414581
7.415175
7.415770
7.416364
7.416958
7.417553
7.418147
7.418741
7.419335
7.419930
7.420524
7.421118
7.421713
7.422307
7.422901
7.423495
7.424089
7.424684
7.425278
7.425872
7.426466
7.427060
7.427655
7.428249
7.428843
7.429437
7.430031
7.430625
7.431220
7.431814
7.432408
7.433002
7.433596
7.434190
7.434784
7.435378
7.435972
7.436567
7.437161
7.437755
7.438349
7.438943
7.439537
7.440131
7.440725
7.441319
7.441913
7.442507
7.443101
7.443695
7.444289
7.444883
7.445477
7.446071
7.446665
7.447259
7.447853
7.448447
7.449041
7.449635
7.450228
7.450822
7.451416
7.452010
7.452604
7.453198
7.453792
7.454386
7.454980
7.455573
7.456167
7.456761
7.457355
7.457949
7.458543
7.459136
7.459730
7.460324
7.460918
7.461512
7.462105
7.462699
7.463293
7.463887
7.464481
7.465074
7.465668
7.466262
7.466856
7.467449
7.468043
7.468637
7.469230
7.469824
7.470418
7.471011
7.471605
7.472199
7.472792
7.473386
7.473980
7.474573
7.475167
7.475761
7.476354
7.476948
7.477542
7.478135
7.478729
7.479322
7.479916
7.480510
7.481103
7.481697
7.482290
7.482884
7.483477
7.484071
7.484664
7.485258
7.485851
7.486445
7.487038
7.487632
7.488225
7.488819
7.489412
7.490006
7.490599
7.491193
7.491786
7.492380
7.492973
7.493567
7.494160
7.494753
7.495347
7.495940
7.496534
7.497127
7.497720
7.498314
7.498907
7.499500
7.500094
7.500687
7.501280
7.501874
7.502467
7.503060
7.503654
7.504247
7.504840
7.505434
7.506027
7.506620
7.507213
7.507807
7.508400
7.508993
7.509586
7.510180
7.510773
7.511366
7.511959
7.512553
7.513146
7.513739
7.514332
7.514925
7.515519
7.516112
7.516705
7.517298
7.517891
7.518484
7.519077
7.519671
7.520264
7.520857
7.521450
7.522043
7.522636
7.523229
7.523822
7.524415
7.525008
7.525601
7.526194
7.526788
7.527381
7.527974
7.528567
7.529160
7.529753
7.530346
7.530939
7.531532
7.532125
7.532718
7.533311
7.533904
7.534496
7.535089
7.535682
7.536275
7.536868
7.537461
7.538054
7.538647
7.539240
7.539833
7.540426
7.541019
7.541611
7.542204
7.542797
7.543390
7.543983
7.544576
7.545169
7.545761
7.546354
7.546947
7.547540
7.548133
7.548725
7.549318
7.549911
7.550504
7.551096
7.551689
7.552282
7.552875
7.553467
7.554060
7.554653
7.555246
7.555838
7.556431
7.557024
7.557616
7.558209
7.558802
7.559394
7.559987
7.560580
7.561172
7.561765
7.562358
7.562950
7.563543
7.564135
7.564728
7.565321
7.565913
7.566506
7.567098
7.567691
7.568284
7.568876
7.569469
7.570061
7.570654
7.571246
7.571839
7.572431
7.573024
7.573616
7.574209
7.574801
7.575394
7.575986
7.576579
7.577171
7.577764
7.578356
7.578948
7.579541
7.580133
7.580726
7.581318
7.581911
7.582503
7.583095
7.583688
7.584280
7.584872
7.585465
7.586057
7.586650
7.587242
7.587834
7.588427
7.589019
7.589611
7.590203
7.590796
7.591388
7.591980
7.592573
7.593165
7.593757
7.594349
7.594942
7.595534
7.596126
7.596718
7.597311
7.597903
7.598495
7.599087
7.599679
7.600272
7.600864
7.601456
7.602048
7.602640
7.603232
7.603825
7.604417
7.605009
7.605601
7.606193
7.606785
7.607377
7.607969
7.608562
7.609154
7.609746
7.610338
7.610930
7.611522
7.612114
7.612706
7.613298
7.613890
7.614482
7.615074
7.615666
7.616258
7.616850
7.617442
7.618034
7.618626
7.619218
7.619810
7.620402
7.620994
7.621586
7.622178
7.622770
7.623362
7.623953
7.624545
7.625137
7.625729
7.626321
7.626913
7.627505
7.628097
7.628688
7.629280
7.629872
7.630464
7.631056
7.631648
7.632239
7.632831
7.633423
7.634015
7.634607
7.635198
7.635790
7.636382
7.636974
7.637565
7.638157
7.638749
7.639341
7.639932
7.640524
7.641116
7.641707
7.642299
7.642891
7.643483
7.644074
7.644666
7.645258
7.645849
7.646441
7.647032
7.647624
7.648216
7.648807
7.649399
7.649991
7.650582
7.651174
7.651765
7.652357
7.652948
7.653540
7.654132
7.654723
7.655315
7.655906
7.656498
7.657089
7.657681
7.658272
7.658864
7.659455
7.660047
7.660638
7.661230
7.661821
7.662413
7.663004
7.663595
7.664187
7.664778
7.665370
7.665961
7.666553
7.667144
7.667735
7.668327
7.668918
7.669509
7.670101
7.670692
7.671283
7.671875
7.672466
7.673057
7.673649
7.674240
7.674831
7.675423
7.676014
7.676605
7.677197
7.677788
7.678379
7.678970
7.679562
7.680153
7.680744
7.681335
7.681927
7.682518
7.683109
7.683700
7.684291
7.684883
7.685474
7.686065
7.686656
7.687247
7.687838
7.688430
7.689021
7.689612
7.690203
7.690794
7.691385
7.691976
7.692567
7.693158
7.693749
7.694341
7.694932
7.695523
7.696114
7.696705
7.697296
7.697887
7.698478
7.699069
7.699660
7.700251
7.700842
7.701433
7.702024
7.702615
7.703206
7.703797
7.704388
7.704979
7.705570
7.706161
7.706751
7.707342
7.707933
7.708524
7.709115
7.709706
7.710297
7.710888
7.711479
7.712069
7.712660
7.713251
7.713842
7.714433
7.715024
7.715614
7.716205
7.716796
7.717387
7.717978
7.718568
7.719159
7.719750
7.720341
7.720932
7.721522
7.722113
7.722704
7.723294
7.723885
7.724476
7.725067
7.725657
7.726248
7.726839
7.727429
7.728020
7.728611
7.729201
7.729792
7.730383
7.730973
7.731564
7.732154
7.732745
7.733336
7.733926
7.734517
7.735107
7.735698
7.736289
7.736879
7.737470
7.738060
7.738651
7.739241
7.739832
7.740422
7.741013
7.741603
7.742194
7.742784
7.743375
7.743965
7.744556
7.745146
7.745737
7.746327
7.746918
7.747508
7.748099
7.748689
7.749279
7.749870
7.750460
7.751051
7.751641
7.752231
7.752822
7.753412
7.754002
7.754593
7.755183
7.755773
7.756364
7.756954
7.757544
7.758135
7.758725
7.759315
7.759906
7.760496
7.761086
7.761676
7.762267
7.762857
7.763447
7.764037
7.764628
7.765218
7.765808
7.766398
7.766988
7.767579
7.768169
7.768759
7.769349
7.769939
7.770529
7.771120
7.771710
7.772300
7.772890
7.773480
7.774070
7.774660
7.775250
7.775840
7.776431
7.777021
7.777611
7.778201
7.778791
7.779381
7.779971
7.780561
7.781151
7.781741
7.782331
7.782921
7.783511
7.784101
7.784691
7.785281
7.785871
7.786461
7.787051
7.787641
7.788231
7.788821
7.789411
7.790000
7.790590
7.791180
7.791770
7.792360
7.792950
7.793540
7.794130
7.794720
7.795309
7.795899
7.796489
7.797079
7.797669
7.798259
7.798848
7.799438
7.800028
7.800618
7.801208
7.801797
7.802387
7.802977
7.803567
7.804156
7.804746
7.805336
7.805926
7.806515
7.807105
7.807695
7.808284
7.808874
7.809464
7.810053
7.810643
7.811233
7.811822
7.812412
7.813002
7.813591
7.814181
7.814770
7.815360
7.815950
7.816539
7.817129
7.817718
7.818308
7.818898
7.819487
7.820077
7.820666
7.821256
7.821845
7.822435
7.823024
7.823614
7.824203
7.824793
7.825382
7.825972
7.826561
7.827151
7.827740
7.828330
7.828919
7.829508
7.830098
7.830687
7.831277
7.831866
7.832456
7.833045
7.833634
7.834224
7.834813
7.835402
7.835992
7.836581
7.837170
7.837760
7.838349
7.838938
7.839528
7.840117
7.840706
7.841296
7.841885
7.842474
7.843063
7.843653
7.844242
7.844831
7.845420
7.846010
7.846599
7.847188
7.847777
7.848367
7.848956
7.849545
7.850134
7.850723
7.851312
7.851902
7.852491
7.853080
7.853669
7.854258
7.854847
7.855436
7.856025
7.856615
7.857204
7.857793
7.858382
7.858971
7.859560
7.860149
7.860738
7.861327
7.861916
7.862505
7.863094
7.863683
7.864272
7.864861
7.865450
7.866039
7.866628
7.867217
7.867806
7.868395
7.868984
7.869573
7.870162
7.870751
7.871340
7.871929
7.872517
7.873106
7.873695
7.874284
7.874873
7.875462
7.876051
7.876640
7.877228
7.877817
7.878406
7.878995
7.879584
7.880173
7.880761
7.881350
7.881939
7.882528
7.883116
7.883705
7.884294
7.884883
7.885471
7.886060
7.886649
7.887238
7.887826
7.888415
7.889004
7.889592
7.890181
7.890770
7.891358
7.891947
7.892536
7.893124
7.893713
7.894302
7.894890
7.895479
7.896068
7.896656
7.897245
7.897833
7.898422
7.899011
7.899599
7.900188
7.900776
7.901365
7.901953
7.902542
7.903130
7.903719
7.904307
7.904896
7.905484
7.906073
7.906661
7.907250
7.907838
7.908427
7.909015
7.909604
7.910192
7.910780
7.911369
7.911957
7.912546
7.913134
7.913722
7.914311
7.914899
7.915488
7.916076
7.916664
7.917253
7.917841
7.918429
7.919018
7.919606
7.920194
7.920783
7.921371
7.921959
7.922547
7.923136
7.923724
7.924312
7.924900
7.925489
7.926077
7.926665
7.927253
7.927842
7.928430
7.929018
7.929606
7.930194
7.930783
7.931371
7.931959
7.932547
7.933135
7.933723
7.934311
7.934900
7.935488
7.936076
7.936664
7.937252
7.937840
7.938428
7.939016
7.939604
7.940192
7.940780
7.941368
7.941956
7.942544
7.943132
7.943721
7.944309
7.944897
7.945484
7.946072
7.946660
7.947248
7.947836
7.948424
7.949012
7.949600
7.950188
7.950776
7.951364
7.951952
7.952540
7.953128
7.953716
7.954303
7.954891
7.955479
7.956067
7.956655
7.957243
7.957831
7.958418
7.959006
7.959594
7.960182
7.960770
7.961357
7.961945
7.962533
7.963121
7.963709
7.964296
7.964884
7.965472
7.966059
7.966647
7.967235
7.967823
7.968410
7.968998
7.969586
7.970173
7.970761
7.971349
7.971936
7.972524
7.973112
7.973699
7.974287
7.974875
7.975462
7.976050
7.976637
7.977225
7.977813
7.978400
7.978988
7.979575
7.980163
7.980750
7.981338
7.981925
7.982513
7.983100
7.983688
7.984275
7.984863
7.985450
7.986038
7.986625
7.987213
7.987800
7.988388
7.988975
7.989563
7.990150
7.990737
7.991325
7.991912
7.992500
7.993087
7.993674
7.994262
7.994849
7.995437
7.996024
7.996611
7.997199
7.997786
7.998373
7.998961
7.999548
8.000135
8.000722
8.001310
8.001897
8.002484
8.003072
8.003659
8.004246
8.004833
8.005421
8.006008
8.006595
8.007182
8.007769
8.008357
8.008944
8.009531
8.010118
8.010705
8.011292
8.011880
8.012467
8.013054
8.013641
8.014228
8.014815
8.015402
8.015989
8.016576
8.017164
8.017751
8.018338
8.018925
8.019512
8.020099
8.020686
8.021273
8.021860
8.022447
8.023034
8.023621
8.024208
8.024795
8.025382
8.025969
8.026556
8.027143
8.027730
8.028317
8.028904
8.029491
8.030077
8.030664
8.031251
8.031838
8.032425
8.033012
8.033599
8.034186
8.034773
8.035359
8.035946
8.036533
8.037120
8.037707
8.038294
8.038880
8.039467
8.040054
8.040641
8.041227
8.041814
8.042401
8.042988
8.043575
8.044161
8.044748
8.045335
8.045921
8.046508
8.047095
8.047681
8.048268
8.048855
8.049442
8.050028
8.050615
8.051201
8.051788
8.052375
8.052961
8.053548
8.054135
8.054721
8.055308
8.055894
8.056481
8.057068
8.057654
8.058241
8.058827
8.059414
8.060000
8.060587
8.061173
8.061760
8.062346
8.062933
8.063519
8.064106
8.064692
8.065279
8.065865
8.066452
8.067038
8.067625
8.068211
8.068797
8.069384
8.069970
8.070557
8.071143
8.071729
8.072316
8.072902
8.073488
8.074075
8.074661
8.075247
8.075834
8.076420
8.077006
8.077593
8.078179
8.078765
8.079352
8.079938
8.080524
8.081110
8.081697
8.082283
8.082869
8.083455
8.084042
8.084628
8.085214
8.085800
8.086386
8.086973
8.087559
8.088145
8.088731
8.089317
8.089903
8.090490
8.091076
8.091662
8.092248
8.092834
8.093420
8.094006
8.094592
8.095178
8.095764
8.096351
8.096937
8.097523
8.098109
8.098695
8.099281
8.099867
8.100453
8.101039
8.101625
8.102211
8.102797
8.103383
8.103969
8.104555
8.105141
8.105726
8.106312
8.106898
8.107484
8.108070
8.108656
8.109242
8.109828
8.110414
8.111000
8.111585
8.112171
8.112757
8.113343
8.113929
8.114515
8.115101
8.115686
8.116272
8.116858
8.117444
8.118030
8.118615
8.119201
8.119787
8.120373
8.120958
8.121544
8.122130
8.122715
8.123301
8.123887
8.124473
8.125058
8.125644
8.126230
8.126815
8.127401
8.127987
8.128572
8.129158
8.129744
8.130329
8.130915
8.131500
8.132086
8.132672
8.133257
8.133843
8.134428
8.135014
8.135599
8.136185
8.136770
8.137356
8.137942
8.138527
8.139113
8.139698
8.140284
8.140869
8.141454
8.142040
8.142625
8.143211
8.143796
8.144382
8.144967
8.145553
8.146138
8.146723
8.147309
8.147894
8.148480
8.149065
8.149650
8.150236
8.150821
8.151406
8.151992
8.152577
8.153162
8.153748
8.154333
8.154918
8.155504
8.156089
8.156674
8.157259
8.157845
8.158430
8.159015
8.159600
8.160186
8.160771
8.161356
8.161941
8.162527
8.163112
8.163697
8.164282
8.164867
8.165452
8.166038
8.166623
8.167208
8.167793
8.168378
8.168963
8.169548
8.170133
8.170718
8.171304
8.171889
8.172474
8.173059
8.173644
8.174229
8.174814
8.175399
8.175984
8.176569
8.177154
8.177739
8.178324
8.178909
8.179494
8.180079
8.180664
8.181249
8.181834
8.182419
8.183004
8.183589
8.184173
8.184758
8.185343
8.185928
8.186513
8.187098
8.187683
8.188268
8.188853
8.189437
8.190022
8.190607
8.191192
8.191777
8.192361
8.192946
8.193531
8.194116
8.194701
8.195285
8.195870
8.196455
8.197040
8.197624
8.198209
8.198794
8.199379
8.199963
8.200548
8.201133
8.201717
8.202302
8.202887
8.203471
8.204056
8.204641
8.205225
8.205810
8.206394
8.206979
8.207564
8.208148
8.208733
8.209317
8.209902
8.210487
8.211071
8.211656
8.212240
8.212825
8.213409
8.213994
8.214578
8.215163
8.215747
8.216332
8.216916
8.217501
8.218085
8.218670
8.219254
8.219839
8.220423
8.221007
8.221592
8.222176
8.222761
8.223345
8.223929
8.224514
8.225098
8.225683
8.226267
8.226851
8.227436
8.228020
8.228604
8.229189
8.229773
8.230357
8.230942
8.231526
8.232110
8.232694
8.233279
8.233863
8.234447
8.235031
8.235616
8.236200
8.236784
8.237368
8.237952
8.238537
8.239121
8.239705
8.240289
8.240873
8.241457
8.242042
8.242626
8.243210
8.243794
8.244378
8.244962
8.245546
8.246130
8.246715
8.247299
8.247883
8.248467
8.249051
8.249635
8.250219
8.250803
8.251387
8.251971
8.252555
8.253139
8.253723
8.254307
8.254891
8.255475
8.256059
8.256643
8.257227
8.257811
8.258395
8.258978
8.259562
8.260146
8.260730
8.261314
8.261898
8.262482
8.263066
8.263650
8.264233
8.264817
8.265401
8.265985
8.266569
8.267153
8.267736
8.268320
8.268904
8.269488
8.270071
8.270655
8.271239
8.271823
8.272406
8.272990
8.273574
8.274158
8.274741
8.275325
8.275909
8.276492
8.277076
8.277660
8.278243
8.278827
8.279411
8.279994
8.280578
8.281162
8.281745
8.282329
8.282912
8.283496
8.284080
8.284663
8.285247
8.285830
8.286414
8.286997
8.287581
8.288164
8.288748
8.289332
8.289915
8.290499
8.291082
8.291665
8.292249
8.292832
8.293416
8.293999
8.294583
8.295166
8.295750
8.296333
8.296916
8.297500
8.298083
8.298667
8.299250
8.299833
8.300417
8.301000
8.301583
8.302167
8.302750
8.303333
8.303917
8.304500
8.305083
8.305667
8.306250
8.306833
8.307416
8.308000
8.308583
8.309166
8.309749
8.310333
8.310916
8.311499
8.312082
8.312666
8.313249
8.313832
8.314415
8.314998
8.315581
8.316165
8.316748
8.317331
8.317914
8.318497
8.319080
8.319663
8.320246
8.320829
8.321413
8.321996
8.322579
8.323162
8.323745
8.324328
8.324911
8.325494
8.326077
8.326660
8.327243
8.327826
8.328409
8.328992
8.329575
8.330158
8.330741
8.331324
8.331907
8.332490
8.333072
8.333655
8.334238
8.334821
8.335404
8.335987
8.336570
8.337153
8.337736
8.338318
8.338901
8.339484
8.340067
8.340650
8.341232
8.341815
8.342398
8.342981
8.343564
8.344146
8.344729
8.345312
8.345895
8.346477
8.347060
8.347643
8.348226
8.348808
8.349391
8.349974
8.350556
8.351139
8.351722
8.352304
8.352887
8.353470
8.354052
8.354635
8.355218
8.355800
8.356383
8.356965
8.357548
8.358130
8.358713
8.359296
8.359878
8.360461
8.361043
8.361626
8.362208
8.362791
8.363373
8.363956
8.364538
8.365121
8.365703
8.366286
8.366868
8.367451
8.368033
8.368616
8.369198
8.369780
8.370363
8.370945
8.371528
8.372110
8.372692
8.373275
8.373857
8.374439
8.375022
8.375604
8.376186
8.376769
8.377351
8.377933
8.378516
8.379098
8.379680
8.380263
8.380845
8.381427
8.382009
8.382592
8.383174
8.383756
8.384338
8.384921
8.385503
8.386085
8.386667
8.387249
8.387831
8.388414
8.388996
8.389578
8.390160
8.390742
8.391324
8.391906
8.392489
8.393071
8.393653
8.394235
8.394817
8.395399
8.395981
8.396563
8.397145
8.397727
8.398309
8.398891
8.399473
8.400055
8.400637
8.401219
8.401801
8.402383
8.402965
8.403547
8.404129
8.404711
8.405293
8.405875
8.406457
8.407039
8.407621
8.408202
8.408784
8.409366
8.409948
8.410530
8.411112
8.411694
8.412275
8.412857
8.413439
8.414021
8.414603
8.415184
8.415766
8.416348
8.416930
8.417512
8.418093
8.418675
8.419257
8.419839
8.420420
8.421002
8.421584
8.422165
8.422747
8.423329
8.423910
8.424492
8.425074
8.425655
8.426237
8.426819
8.427400
8.427982
8.428564
8.429145
8.429727
8.430308
8.430890
8.431471
8.432053
8.432635
8.433216
8.433798
8.434379
8.434961
8.435542
8.436124
8.436705
8.437287
8.437868
8.438450
8.439031
8.439613
8.440194
8.440776
8.441357
8.441938
8.442520
8.443101
8.443683
8.444264
8.444845
8.445427
8.446008
8.446589
8.447171
8.447752
8.448334
8.448915
8.449496
8.450077
8.450659
8.451240
8.451821
8.452403
8.452984
8.453565
8.454146
8.454728
8.455309
8.455890
8.456471
8.457053
8.457634
8.458215
8.458796
8.459377
8.459959
8.460540
8.461121
8.461702
8.462283
8.462864
8.463445
8.464027
8.464608
8.465189
8.465770
8.466351
8.466932
8.467513
8.468094
8.468675
8.469256
8.469837
8.470418
8.470999
8.471580
8.472161
8.472742
8.473323
8.473904
8.474485
8.475066
8.475647
8.476228
8.476809
8.477390
8.477971
8.478552
8.479133
8.479714
8.480295
8.480875
8.481456
8.482037
8.482618
8.483199
8.483780
8.484361
8.484941
8.485522
8.486103
8.486684
8.487265
8.487845
8.488426
8.489007
8.489588
8.490168
8.490749
8.491330
8.491911
8.492491
8.493072
8.493653
8.494233
8.494814
8.495395
8.495975
8.496556
8.497137
8.497717
8.498298
8.498879
8.499459
8.500040
8.500621
8.501201
8.501782
8.502362
8.502943
8.503523
8.504104
8.504685
8.505265
8.505846
8.506426
8.507007
8.507587
8.508168
8.508748
8.509329
8.509909
8.510490
8.511070
8.511650
8.512231
8.512811
8.513392
8.513972
8.514553
8.515133
8.515713
8.516294
8.516874
8.517455
8.518035
8.518615
8.519196
8.519776
8.520356
8.520937
8.521517
8.522097
8.522677
8.523258
8.523838
8.524418
8.524999
8.525579
8.526159
8.526739
8.527320
8.527900
8.528480
8.529060
8.529640
8.530221
8.530801
8.531381
8.531961
8.532541
8.533121
8.533702
8.534282
8.534862
8.535442
8.536022
8.536602
8.537182
8.537762
8.538342
8.538922
8.539502
8.540083
8.540663
8.541243
8.541823
8.542403
8.542983
8.543563
8.544143
8.544723
8.545303
8.545883
8.546463
8.547042
8.547622
8.548202
8.548782
8.549362
8.549942
8.550522
8.551102
8.551682
8.552262
8.552842
8.553421
8.554001
8.554581
8.555161
8.555741
8.556321
8.556900
8.557480
8.558060
8.558640
8.559220
8.559799
8.560379
8.560959
8.561539
8.562118
8.562698
8.563278
8.563857
8.564437
8.565017
8.565597
8.566176
8.566756
8.567336
8.567915
8.568495
8.569074
8.569654
8.570234
8.570813
8.571393
8.571973
8.572552
8.573132
8.573711
8.574291
8.574870
8.575450
8.576029
8.576609
8.577189
8.577768
8.578348
8.578927
8.579507
8.580086
8.580665
8.581245
8.581824
8.582404
8.582983
8.583563
8.584142
8.584722
8.585301
8.585880
8.586460
8.587039
8.587619
8.588198
8.588777
8.589357
8.589936
8.590515
8.591095
8.591674
8.592253
8.592832
8.593412
8.593991
8.594570
8.595150
8.595729
8.596308
8.596887
8.597467
8.598046
8.598625
8.599204
8.599783
8.600363
8.600942
8.601521
8.602100
8.602679
8.603258
8.603838
8.604417
8.604996
8.605575
8.606154
8.606733
8.607312
8.607891
8.608470
8.609049
8.609629
8.610208
8.610787
8.611366
8.611945
8.612524
8.613103
8.613682
8.614261
8.614840
8.615419
8.615998
8.616577
8.617156
8.617734
8.618313
8.618892
8.619471
8.620050
8.620629
8.621208
8.621787
8.622366
8.622945
8.623523
8.624102
8.624681
8.625260
8.625839
8.626418
8.626996
8.627575
8.628154
8.628733
8.629312
8.629890
8.630469
8.631048
8.631627
8.632205
8.632784
8.633363
8.633941
8.634520
8.635099
8.635678
8.636256
8.636835
8.637414
8.637992
8.638571
8.639149
8.639728
8.640307
8.640885
8.641464
8.642042
8.642621
8.643200
8.643778
8.644357
8.644935
8.645514
8.646092
8.646671
8.647249
8.647828
8.648406
8.648985
8.649563
8.650142
8.650720
8.651299
8.651877
8.652456
8.653034
8.653613
8.654191
8.654769
8.655348
8.655926
8.656505
8.657083
8.657661
8.658240
8.658818
8.659396
8.659975
8.660553
8.661131
8.661710
8.662288
8.662866
8.663444
8.664023
8.664601
8.665179
8.665758
8.666336
8.666914
8.667492
8.668070
8.668649
8.669227
8.669805
8.670383
8.670961
8.671540
8.672118
8.672696
8.673274
8.673852
8.674430
8.675008
8.675586
8.676165
8.676743
8.677321
8.677899
8.678477
8.679055
8.679633
8.680211
8.680789
8.681367
8.681945
8.682523
8.683101
8.683679
8.684257
8.684835
8.685413
8.685991
8.686569
8.687147
8.687725
8.688303
8.688881
8.689458
8.690036
8.690614
8.691192
8.691770
8.692348
8.692926
8.693504
8.694081
8.694659
8.695237
8.695815
8.696393
8.696970
8.697548
8.698126
8.698704
8.699282
8.699859
8.700437
8.701015
8.701592
8.702170
8.702748
8.703326
8.703903
8.704481
8.705059
8.705636
8.706214
8.706792
8.707369
8.707947
8.708525
8.709102
8.709680
8.710257
8.710835
8.711413
8.711990
8.712568
8.713145
8.713723
8.714300
8.714878
8.715455
8.716033
8.716610
8.717188
8.717765
8.718343
8.718920
8.719498
8.720075
8.720653
8.721230
8.721808
8.722385
8.722962
8.723540
8.724117
8.724695
8.725272
8.725849
8.726427
8.727004
8.727581
8.728159
8.728736
8.729313
8.729891
8.730468
8.731045
8.731623
8.732200
8.732777
8.733354
8.733932
8.734509
8.735086
8.735663
8.736241
8.736818
8.737395
8.737972
8.738549
8.739127
8.739704
8.740281
8.740858
8.741435
8.742012
8.742589
8.743167
8.743744
8.744321
8.744898
8.745475
8.746052
8.746629
8.747206
8.747783
8.748360
8.748937
8.749514
8.750091
8.750668
8.751245
8.751822
8.752399
8.752976
8.753553
8.754130
8.754707
8.755284
8.755861
8.756438
8.757015
8.757592
8.758169
8.758745
8.759322
8.759899
8.760476
8.761053
8.761630
8.762207
8.762783
8.763360
8.763937
8.764514
8.765091
8.765667
8.766244
8.766821
8.767398
8.767974
8.768551
8.769128
8.769705
8.770281
8.770858
8.771435
8.772012
8.772588
8.773165
8.773742
8.774318
8.774895
8.775471
8.776048
8.776625
8.777201
8.777778
8.778355
8.778931
8.779508
8.780084
8.780661
8.781237
8.781814
8.782390
8.782967
8.783544
8.784120
8.784697
8.785273
8.785850
8.786426
8.787002
8.787579
8.788155
8.788732
8.789308
8.789885
8.790461
8.791038
8.791614
8.792190
8.792767
8.793343
8.793919
8.794496
8.795072
8.795648
8.796225
8.796801
8.797377
8.797954
8.798530
8.799106
8.799683
8.800259
8.800835
8.801411
8.801988
8.802564
8.803140
8.803716
8.804293
8.804869
8.805445
8.806021
8.806597
8.807173
8.807750
8.808326
8.808902
8.809478
8.810054
8.810630
8.811206
8.811782
8.812359
8.812935
8.813511
8.814087
8.814663
8.815239
8.815815
8.816391
8.816967
8.817543
8.818119
8.818695
8.819271
8.819847
8.820423
8.820999
8.821575
8.822151
8.822727
8.823303
8.823879
8.824454
8.825030
8.825606
8.826182
8.826758
8.827334
8.827910
8.828486
8.829061
8.829637
8.830213
8.830789
8.831365
8.831941
8.832516
8.833092
8.833668
8.834244
8.834819
8.835395
8.835971
8.836547
8.837122
8.837698
8.838274
8.838849
8.839425
8.840001
8.840576
8.841152
8.841728
8.842303
8.842879
8.843455
8.844030
8.844606
8.845182
8.845757
8.846333
8.846908
8.847484
8.848059
8.848635
8.849210
8.849786
8.850362
8.850937
8.851513
8.852088
8.852664
8.853239
8.853814
8.854390
8.854965
8.855541
8.856116
8.856692
8.857267
8.857842
8.858418
8.858993
8.859569
8.860144
8.860719
8.861295
8.861870
8.862445
8.863021
8.863596
8.864171
8.864747
8.865322
8.865897
8.866473
8.867048
8.867623
8.868198
8.868774
8.869349
8.869924
8.870499
8.871075
8.871650
8.872225
8.872800
8.873375
8.873950
8.874526
8.875101
8.875676
8.876251
8.876826
8.877401
8.877976
8.878551
8.879127
8.879702
8.880277
8.880852
8.881427
8.882002
8.882577
8.883152
8.883727
8.884302
8.884877
8.885452
8.886027
8.886602
8.887177
8.887752
8.888327
8.888902
8.889477
8.890052
8.890626
8.891201
8.891776
8.892351
8.892926
8.893501
8.894076
8.894651
8.895225
8.895800
8.896375
8.896950
8.897525
8.898100
8.898674
8.899249
8.899824
8.900399
8.900973
8.901548
8.902123
8.902698
8.903272
8.903847
8.904422
8.904996
8.905571
8.906146
8.906720
8.907295
8.907870
8.908444
8.909019
8.909594
8.910168
8.910743
8.911318
8.911892
8.912467
8.913041
8.913616
8.914190
8.914765
8.915339
8.915914
8.916489
8.917063
8.917638
8.918212
8.918787
8.919361
8.919935
8.920510
8.921084
8.921659
8.922233
8.922808
8.923382
8.923956
8.924531
8.925105
8.925680
8.926254
8.926828
8.927403
8.927977
8.928551
8.929126
8.929700
8.930274
8.930849
8.931423
8.931997
8.932572
8.933146
8.933720
8.934294
8.934869
8.935443
8.936017
8.936591
8.937165
8.937740
8.938314
8.938888
8.939462
8.940036
8.940610
8.941185
8.941759
8.942333
8.942907
8.943481
8.944055
8.944629
8.945203
8.945777
8.946351
8.946926
8.947500
8.948074
8.948648
8.949222
8.949796
8.950370
8.950944
8.951518
8.952092
8.952666
8.953240
8.953814
8.954387
8.954961
8.955535
8.956109
8.956683
8.957257
8.957831
8.958405
8.958979
8.959553
8.960126
8.960700
8.961274
8.961848
8.962422
8.962996
8.963569
8.964143
8.964717
8.965291
8.965864
8.966438
8.967012
8.967586
8.968159
8.968733
8.969307
8.969881
8.970454
8.971028
8.971602
8.972175
8.972749
8.973323
8.973896
8.974470
8.975043
8.975617
8.976191
8.976764
8.977338
8.977911
8.978485
8.979059
8.979632
8.980206
8.980779
8.981353
8.981926
8.982500
8.983073
8.983647
8.984220
8.984794
8.985367
8.985941
8.986514
8.987088
8.987661
8.988234
8.988808
8.989381
8.989955
8.990528
8.991101
8.991675
8.992248
8.992821
8.993395
8.993968
8.994541
8.995115
8.995688
8.996261
8.996835
8.997408
8.997981
8.998554
8.999128
8.999701
9.000274
9.000847
9.001421
9.001994
9.002567
9.003140
9.003713
9.004287
9.004860
9.005433
9.006006
9.006579
9.007152
9.007725
9.008298
9.008872
9.009445
9.010018
9.010591
9.011164
9.011737
9.012310
9.012883
9.013456
9.014029
9.014602
9.015175
9.015748
9.016321
9.016894
9.017467
9.018040
9.018613
9.019186
9.019759
9.020332
9.020905
9.021478
9.022050
9.022623
9.023196
9.023769
9.024342
9.024915
9.025488
9.026060
9.026633
9.027206
9.027779
9.028352
9.028924
9.029497
9.030070
9.030643
9.031216
9.031788
9.032361
9.032934
9.033506
9.034079
9.034652
9.035225
9.035797
9.036370
9.036943
9.037515
9.038088
9.038661
9.039233
9.039806
9.040378
9.040951
9.041524
9.042096
9.042669
9.043241
9.043814
9.044386
9.044959
9.045531
9.046104
9.046677
9.047249
9.047822
9.048394
9.048966
9.049539
9.050111
9.050684
9.051256
9.051829
9.052401
9.052974
9.053546
9.054118
9.054691
9.055263
9.055835
9.056408
9.056980
9.057553
9.058125
9.058697
9.059270
9.059842
9.060414
9.060986
9.061559
9.062131
9.062703
9.063275
9.063848
9.064420
9.064992
9.065564
9.066137
9.066709
9.067281
9.067853
9.068425
9.068998
9.069570
9.070142
9.070714
9.071286
9.071858
9.072430
9.073002
9.073574
9.074147
9.074719
9.075291
9.075863
9.076435
9.077007
9.077579
9.078151
9.078723
9.079295
9.079867
9.080439
9.081011
9.081583
9.082155
9.082727
9.083299
9.083871
9.084442
9.085014
9.085586
9.086158
9.086730
9.087302
9.087874
9.088446
9.089018
9.089589
9.090161
9.090733
9.091305
9.091877
9.092448
9.093020
9.093592
9.094164
9.094736
9.095307
9.095879
9.096451
9.097022
9.097594
9.098166
9.098738
9.099309
9.099881
9.100453
9.101024
9.101596
9.102168
9.102739
9.103311
9.103882
9.104454
9.105026
9.105597
9.106169
9.106740
9.107312
9.107883
9.108455
9.109027
9.109598
9.110170
9.110741
9.111313
9.111884
9.112456
9.113027
9.113598
9.114170
9.114741
9.115313
9.115884
9.116456
9.117027
9.117598
9.118170
9.118741
9.119313
9.119884
9.120455
9.121027
9.121598
9.122169
9.122741
9.123312
9.123883
9.124454
9.125026
9.125597
9.126168
9.126740
9.127311
9.127882
9.128453
9.129024
9.129596
9.130167
9.130738
9.131309
9.131880
9.132452
9.133023
9.133594
9.134165
9.134736
9.135307
9.135878
9.136449
9.137021
9.137592
9.138163
9.138734
9.139305
9.139876
9.140447
9.141018
9.141589
9.142160
9.142731
9.143302
9.143873
9.144444
9.145015
9.145586
9.146157
9.146728
9.147299
9.147869
9.148440
9.149011
9.149582
9.150153
9.150724
9.151295
9.151866
9.152436
9.153007
9.153578
9.154149
9.154720
9.155291
9.155861
9.156432
9.157003
9.157574
9.158144
9.158715
9.159286
9.159857
9.160427
9.160998
9.161569
9.162139
9.162710
9.163281
9.163851
9.164422
9.164993
9.165563
9.166134
9.166705
9.167275
9.167846
9.168416
9.168987
9.169557
9.170128
9.170699
9.171269
9.171840
9.172410
9.172981
9.173551
9.174122
9.174692
9.175263
9.175833
9.176404
9.176974
9.177545
9.178115
9.178685
9.179256
9.179826
9.180397
9.180967
9.181537
9.182108
9.182678
9.183248
9.183819
9.184389
9.184959
9.185530
9.186100
9.186670
9.187241
9.187811
9.188381
9.188951
9.189522
9.190092
9.190662
9.191232
9.191803
9.192373
9.192943
9.193513
9.194083
9.194653
9.195224
9.195794
9.196364
9.196934
9.197504
9.198074
9.198644
9.199214
9.199785
9.200355
9.200925
9.201495
9.202065
9.202635
9.203205
9.203775
9.204345
9.204915
9.205485
9.206055
9.206625
9.207195
9.207765
9.208335
9.208905
9.209475
9.210045
9.210614
9.211184
9.211754
9.212324
9.212894
9.213464
9.214034
9.214604
9.215173
9.215743
9.216313
9.216883
9.217453
9.218022
9.218592
9.219162
9.219732
9.220301
9.220871
9.221441
9.222011
9.222580
9.223150
9.223720
9.224290
9.224859
9.225429
9.225999
9.226568
9.227138
9.227707
9.228277
9.228847
9.229416
9.229986
9.230555
9.231125
9.231695
9.232264
9.232834
9.233403
9.233973
9.234542
9.235112
9.235681
9.236251
9.236820
9.237390
9.237959
9.238529
9.239098
9.239668
9.240237
9.240806
9.241376
9.241945
9.242515
9.243084
9.243653
9.244223
9.244792
9.245362
9.245931
9.246500
9.247069
9.247639
9.248208
9.248777
9.249347
9.249916
9.250485
9.251054
9.251624
9.252193
9.252762
9.253331
9.253901
9.254470
9.255039
9.255608
9.256177
9.256747
9.257316
9.257885
9.258454
9.259023
9.259592
9.260161
9.260730
9.261299
9.261869
9.262438
9.263007
9.263576
9.264145
9.264714
9.265283
9.265852
9.266421
9.266990
9.267559
9.268128
9.268697
9.269266
9.269835
9.270404
9.270973
9.271541
9.272110
9.272679
9.273248
9.273817
9.274386
9.274955
9.275524
9.276093
9.276661
9.277230
9.277799
9.278368
9.278937
9.279505
9.280074
9.280643
9.281212
9.281780
9.282349
9.282918
9.283487
9.284055
9.284624
9.285193
9.285761
9.286330
9.286899
9.287467
9.288036
9.288605
9.289173
9.289742
9.290311
9.290879
9.291448
9.292016
9.292585
9.293154
9.293722
9.294291
9.294859
9.295428
9.295996
9.296565
9.297133
9.297702
9.298270
9.298839
9.299407
9.299976
9.300544
9.301113
9.301681
9.302249
9.302818
9.303386
9.303955
9.304523
9.305091
9.305660
9.306228
9.306796
9.307365
9.307933
9.308501
9.309070
9.309638
9.310206
9.310775
9.311343
9.311911
9.312479
9.313048
9.313616
9.314184
9.314752
9.315320
9.315889
9.316457
9.317025
9.317593
9.318161
9.318729
9.319298
9.319866
9.320434
9.321002
9.321570
9.322138
9.322706
9.323274
9.323842
9.324410
9.324978
9.325547
9.326115
9.326683
9.327251
9.327819
9.328387
9.328955
9.329523
9.330090
9.330658
9.331226
9.331794
9.332362
9.332930
9.333498
9.334066
9.334634
9.335202
9.335770
9.336337
9.336905
9.337473
9.338041
9.338609
9.339177
9.339744
9.340312
9.340880
9.341448
9.342015
9.342583
9.343151
9.343719
9.344286
9.344854
9.345422
9.345990
9.346557
9.347125
9.347693
9.348260
9.348828
9.349396
9.349963
9.350531
9.351098
9.351666
9.352234
9.352801
9.353369
9.353936
9.354504
9.355071
9.355639
9.356206
9.356774
9.357342
9.357909
9.358477
9.359044
9.359611
9.360179
9.360746
9.361314
9.361881
9.362449
9.363016
9.363584
9.364151
9.364718
9.365286
9.365853
9.366420
9.366988
9.367555
9.368122
9.368690
9.369257
9.369824
9.370392
9.370959
9.371526
9.372093
9.372661
9.373228
9.373795
9.374362
9.374930
9.375497
9.376064
9.376631
9.377198
9.377766
9.378333
9.378900
9.379467
9.380034
9.380601
9.381168
9.381736
9.382303
9.382870
9.383437
9.384004
9.384571
9.385138
9.385705
9.386272
9.386839
9.387406
9.387973
9.388540
9.389107
9.389674
9.390241
9.390808
9.391375
9.391942
9.392509
9.393076
9.393642
9.394209
9.394776
9.395343
9.395910
9.396477
9.397044
9.397611
9.398177
9.398744
9.399311
9.399878
9.400445
9.401011
9.401578
9.402145
9.402712
9.403278
9.403845
9.404412
9.404979
9.405545
9.406112
9.406679
9.407245
9.407812
9.408379
9.408945
9.409512
9.410079
9.410645
9.411212
9.411778
9.412345
9.412912
9.413478
9.414045
9.414611
9.415178
9.415744
9.416311
9.416877
9.417444
9.418010
9.418577
9.419143
9.419710
9.420276
9.420843
9.421409
9.421976
9.422542
9.423108
9.423675
9.424241
9.424808
9.425374
9.425940
9.426507
9.427073
9.427639
9.428206
9.428772
9.429338
9.429905
9.430471
9.431037
9.431603
9.432170
9.432736
9.433302
9.433868
9.434435
9.435001
9.435567
9.436133
9.436699
9.437266
9.437832
9.438398
9.438964
9.439530
9.440096
9.440662
9.441229
9.441795
9.442361
9.442927
9.443493
9.444059
9.444625
9.445191
9.445757
9.446323
9.446889
9.447455
9.448021
9.448587
9.449153
9.449719
9.450285
9.450851
9.451417
9.451983
9.452549
9.453115
9.453681
9.454246
9.454812
9.455378
9.455944
9.456510
9.457076
9.457642
9.458207
9.458773
9.459339
9.459905
9.460471
9.461036
9.461602
9.462168
9.462734
9.463299
9.463865
9.464431
9.464996
9.465562
9.466128
9.466693
9.467259
9.467825
9.468390
9.468956
9.469522
9.470087
9.470653
9.471219
9.471784
9.472350
9.472915
9.473481
9.474046
9.474612
9.475177
9.475743
9.476308
9.476874
9.477439
9.478005
9.478570
9.479136
9.479701
9.480267
9.480832
9.481398
9.481963
9.482528
9.483094
9.483659
9.484225
9.484790
9.485355
9.485921
9.486486
9.487051
9.487617
9.488182
9.488747
9.489313
9.489878
9.490443
9.491008
9.491574
9.492139
9.492704
9.493269
9.493835
9.494400
9.494965
9.495530
9.496095
9.496661
9.497226
9.497791
9.498356
9.498921
9.499486
9.500051
9.500616
9.501182
9.501747
9.502312
9.502877
9.503442
9.504007
9.504572
9.505137
9.505702
9.506267
9.506832
9.507397
9.507962
9.508527
9.509092
9.509657
9.510222
9.510787
9.511351
9.511916
9.512481
9.513046
9.513611
9.514176
9.514741
9.515306
9.515870
9.516435
9.517000
9.517565
9.518130
9.518694
9.519259
9.519824
9.520389
9.520954
9.521518
9.522083
9.522648
9.523212
9.523777
9.524342
9.524907
9.525471
9.526036
9.526601
9.527165
9.527730
9.528294
9.528859
9.529424
9.529988
9.530553
9.531117
9.531682
9.532247
9.532811
9.533376
9.533940
9.534505
9.535069
9.535634
9.536198
9.536763
9.537327
9.537892
9.538456
9.539020
9.539585
9.540149
9.540714
9.541278
9.541843
9.542407
9.542971
9.543536
9.544100
9.544664
9.545229
9.545793
9.546357
9.546922
9.547486
9.548050
9.548614
9.549179
9.549743
9.550307
9.550871
9.551436
9.552000
9.552564
9.553128
9.553693
9.554257
9.554821
9.555385
9.555949
9.556513
9.557077
9.557642
9.558206
9.558770
9.559334
9.559898
9.560462
9.561026
9.561590
9.562154
9.562718
9.563282
9.563846
9.564410
9.564974
9.565538
9.566102
9.566666
9.567230
9.567794
9.568358
9.568922
9.569486
9.570050
9.570614
9.571178
9.571741
9.572305
9.572869
9.573433
9.573997
9.574561
9.575124
9.575688
9.576252
9.576816
9.577380
9.577943
9.578507
9.579071
9.579635
9.580198
9.580762
9.581326
9.581890
9.582453
9.583017
9.583581
9.584144
9.584708
9.585272
9.585835
9.586399
9.586962
9.587526
9.588090
9.588653
9.589217
9.589780
9.590344
9.590907
9.591471
9.592034
9.592598
9.593162
9.593725
9.594288
9.594852
9.595415
9.595979
9.596542
9.597106
9.597669
9.598233
9.598796
9.599359
9.599923
9.600486
9.601050
9.601613
9.602176
9.602740
9.603303
9.603866
9.604430
9.604993
9.605556
9.606119
9.606683
9.607246
9.607809
9.608372
9.608936
9.609499
9.610062
9.610625
9.611189
9.611752
9.612315
9.612878
9.613441
9.614004
9.614567
9.615131
9.615694
9.616257
9.616820
9.617383
9.617946
9.618509
9.619072
9.619635
9.620198
9.620761
9.621324
9.621887
9.622450
9.623013
9.623576
9.624139
9.624702
9.625265
9.625828
9.626391
9.626954
9.627517
9.628080
9.628643
9.629205
9.629768
9.630331
9.630894
9.631457
9.632020
9.632583
9.633145
9.633708
9.634271
9.634834
9.635396
9.635959
9.636522
9.637085
9.637647
9.638210
9.638773
9.639336
9.639898
9.640461
9.641024
9.641586
9.642149
9.642712
9.643274
9.643837
9.644399
9.644962
9.645525
9.646087
9.646650
9.647212
9.647775
9.648337
9.648900
9.649462
9.650025
9.650588
9.651150
9.651712
9.652275
9.652837
9.653400
9.653962
9.654525
9.655087
9.655650
9.656212
9.656774
9.657337
9.657899
9.658462
9.659024
9.659586
9.660149
9.660711
9.661273
9.661835
9.662398
9.662960
9.663522
9.664085
9.664647
9.665209
9.665771
9.666334
9.666896
9.667458
9.668020
9.668582
9.669145
9.669707
9.670269
9.670831
9.671393
9.671955
9.672517
9.673080
9.673642
9.674204
9.674766
9.675328
9.675890
9.676452
9.677014
9.677576
9.678138
9.678700
9.679262
9.679824
9.680386
9.680948
9.681510
9.682072
9.682634
9.683196
9.683758
9.684320
9.684881
9.685443
9.686005
9.686567
9.687129
9.687691
9.688253
9.688814
9.689376
9.689938
9.690500
9.691062
9.691623
9.692185
9.692747
9.693309
9.693870
9.694432
9.694994
9.695556
9.696117
9.696679
9.697241
9.697802
9.698364
9.698926
9.699487
