-26.732560
-26.732959
-26.733358
-26.733757
-26.734157
-26.734556
-26.734955
-26.735354
-26.735753
-26.736152
-26.736551
-26.736950
-26.737349
-26.737748
-26.738147
-26.738546
-26.738945
-26.739344
-26.739743
-26.740141
-26.740540
-26.740939
-26.741338
-26.741737
-26.742136
-26.742534
-26.742933
-26.743332
-26.743731
-26.744130
-26.744528
-26.744927
-26.745326
-26.745724
-26.746123
-26.746522
-26.746920
-26.747319
-26.747717
-26.748116
-26.748515
-26.748913
-26.749312
-26.749710
-26.750109
-26.750507
-26.750906
-26.751304
-26.751703
-26.752101
-26.752500
-26.752898
-26.753296
-26.753695
-26.754093
-26.754491
-26.754890
-26.755288
-26.755686
-26.756085
-26.756483
-26.756881
-26.757279
-26.757678
-26.758076
-26.758474
-26.758872
-26.759270
-26.759669
-26.760067
-26.760465
-26.760863
-26.761261
-26.761659
-26.762057
-26.762455
-26.762853
-26.763251
-26.763649
-26.764047
-26.764445
-26.764843
-26.765241
-26.765639
-26.766037
-26.766435
-26.766833
-26.767230
-26.767628
-26.768026
-26.768424
-26.768822
-26.769220
-26.769617
-26.770015
-26.770413
-26.770811
-26.771208
-26.771606
-26.772004
-26.772401
-26.772799
-26.773197
-26.773594
-26.773992
-26.774389
-26.774787
-26.775185
-26.775582
-26.775980
-26.776377
-26.776775
-26.777172
-26.777570
-26.777967
-26.778364
-26.778762
-26.779159
-26.779557
-26.779954
-26.780351
-26.780749
-26.781146
-26.781543
-26.781941
-26.782338
-26.782735
-26.783133
-26.783530
-26.783927
-26.784324
-26.784721
-26.785119
-26.785516
-26.785913
-26.786310
-26.786707
-26.787104
-26.787501
-26.787899
-26.788296
-26.788693
-26.789090
-26.789487
-26.789884
-26.790281
-26.790678
-26.791075
-26.791472
-26.791868
-26.792265
-26.792662
-26.793059
-26.793456
-26.793853
-26.794250
-26.794647
-26.795043
-26.795440
-26.795837
-26.796234
-26.796630
-26.797027
-26.797424
-26.797821
-26.798217
-26.798614
-26.799011
-26.799407
-26.799804
-26.800200
-26.800597
-26.800994
-26.801390
-26.801787
-26.802183
-26.802580
-26.802976
-26.803373
-26.803769
-26.804166
-26.804562
-26.804959
-26.805355
-26.805751
-26.806148
-26.806544
-26.806940
-26.807337
-26.807733
-26.808129
-26.808526
-26.808922
-26.809318
-26.809714
-26.810111
-26.810507
-26.810903
-26.811299
-26.811695
-26.812092
-26.812488
-26.812884
-26.813280
-26.813676
-26.814072
-26.814468
-26.814864
-26.815260
-26.815656
-26.816052
-26.816448
-26.816844
-26.817240
-26.817636
-26.818032
-26.818428
-26.818824
-26.819220
-26.819616
-26.820012
-26.820407
-26.820803
-26.821199
-26.821595
-26.821991
-26.822386
-26.822782
-26.823178
-26.823574
-26.823969
-26.824365
-26.824761
-26.825156
-26.825552
-26.825948
-26.826343
-26.826739
-26.827134
-26.827530
-26.827925
-26.828321
-26.828717
-26.829112
-26.829508
-26.829903
-26.830298
-26.830694
-26.831089
-26.831485
-26.831880
-26.832276
-26.832671
-26.833066
-26.833462
-26.833857
-26.834252
-26.834648
-26.835043
-26.835438
-26.835833
-26.836229
-26.836624
-26.837019
-26.837414
-26.837809
-26.838204
-26.838600
-26.838995
-26.839390
-26.839785
-26.840180
-26.840575
-26.840970
-26.841365
-26.841760
-26.842155
-26.842550
-26.842945
-26.843340
-26.843735
-26.844130
-26.844525
-26.844920
-26.845315
-26.845710
-26.846104
-26.846499
-26.846894
-26.847289
-26.847684
-26.848078
-26.848473
-26.848868
-26.849263
-26.849657
-26.850052
-26.850447
-26.850842
-26.851236
-26.851631
-26.852025
-26.852420
-26.852815
-26.853209
-26.853604
-26.853998
-26.854393
-26.854787
-26.855182
-26.855576
-26.855971
-26.856365
-26.856760
-26.857154
-26.857549
-26.857943
-26.858337
-26.858732
-26.859126
-26.859521
-26.859915
-26.860309
-26.860703
-26.861098
-26.861492
-26.861886
-26.862280
-26.862675
-26.863069
-26.863463
-26.863857
-26.864251
-26.864646
-26.865040
-26.865434
-26.865828
-26.866222
-26.866616
-26.867010
-26.867404
-26.867798
-26.868192
-26.868586
-26.868980
-26.869374
-26.869768
-26.870162
-26.870556
-26.870950
-26.871344
-26.871738
-26.872131
-26.872525
-26.872919
-26.873313
-26.873707
-26.874101
-26.874494
-26.874888
-26.875282
-26.875675
-26.876069
-26.876463
-26.876857
-26.877250
-26.877644
-26.878037
-26.878431
-26.878825
-26.879218
-26.879612
-26.880005
-26.880399
-26.880792
-26.881186
-26.881579
-26.881973
-26.882366
-26.882760
-26.883153
-26.883547
-26.883940
-26.884333
-26.884727
-26.885120
-26.885514
-26.885907
-26.886300
-26.886694
-26.887087
-26.887480
-26.887873
-26.888267
-26.888660
-26.889053
-26.889446
-26.889839
-26.890232
-26.890626
-26.891019
-26.891412
-26.891805
-26.892198
-26.892591
-26.892984
-26.893377
-26.893770
-26.894163
-26.894556
-26.894949
-26.895342
-26.895735
-26.896128
-26.896521
-26.896914
-26.897307
-26.897700
-26.898093
-26.898485
-26.898878
-26.899271
-26.899664
-26.900057
-26.900449
-26.900842
-26.901235
-26.901628
-26.902020
-26.902413
-26.902806
-26.903198
-26.903591
-26.903984
-26.904376
-26.904769
-26.905161
-26.905554
-26.905946
-26.906339
-26.906732
-26.907124
-26.907517
-26.907909
-26.908302
-26.908694
-26.909086
-26.909479
-26.909871
-26.910264
-26.910656
-26.911048
-26.911441
-26.911833
-26.912225
-26.912618
-26.913010
-26.913402
-26.913794
-26.914187
-26.914579
-26.914971
-26.915363
-26.915755
-26.916148
-26.916540
-26.916932
-26.917324
-26.917716
-26.918108
-26.918500
-26.918892
-26.919284
-26.919676
-26.920068
-26.920460
-26.920852
-26.921244
-26.921636
-26.922028
-26.922420
-26.922812
-26.923204
-26.923596
-26.923988
-26.924379
-26.924771
-26.925163
-26.925555
-26.925947
-26.926338
-26.926730
-26.927122
-26.927514
-26.927905
-26.928297
-26.928689
-26.929080
-26.929472
-26.929864
-26.930255
-26.930647
-26.931038
-26.931430
-26.931822
-26.932213
-26.932605
-26.932996
-26.933388
-26.933779
-26.934171
-26.934562
-26.934954
-26.935345
-26.935736
-26.936128
-26.936519
-26.936910
-26.937302
-26.937693
-26.938084
-26.938476
-26.938867
-26.939258
-26.939650
-26.940041
-26.940432
-26.940823
-26.941214
-26.941606
-26.941997
-26.942388
-26.942779
-26.943170
-26.943561
-26.943952
-26.944343
-26.944734
-26.945125
-26.945516
-26.945907
-26.946298
-26.946689
-26.947080
-26.947471
-26.947862
-26.948253
-26.948644
-26.949035
-26.949426
-26.949817
-26.950208
-26.950598
-26.950989
-26.951380
-26.951771
-26.952162
-26.952552
-26.952943
-26.953334
-26.953724
-26.954115
-26.954506
-26.954897
-26.955287
-26.955678
-26.956068
-26.956459
-26.956850
-26.957240
-26.957631
-26.958021
-26.958412
-26.958802
-26.959193
-26.959583
-26.959974
-26.960364
-26.960755
-26.961145
-26.961535
-26.961926
-26.962316
-26.962707
-26.963097
-26.963487
-26.963878
-26.964268
-26.964658
-26.965048
-26.965439
-26.965829
-26.966219
-26.966609
-26.966999
-26.967390
-26.967780
-26.968170
-26.968560
-26.968950
-26.969340
-26.969730
-26.970120
-26.970511
-26.970901
-26.971291
-26.971681
-26.972071
-26.972461
-26.972851
-26.973240
-26.973630
-26.974020
-26.974410
-26.974800
-26.975190
-26.975580
-26.975970
-26.976359
-26.976749
-26.977139
-26.977529
-26.977919
-26.978308
-26.978698
-26.979088
-26.979478
-26.979867
-26.980257
-26.980647
-26.981036
-26.981426
-26.981815
-26.982205
-26.982595
-26.982984
-26.983374
-26.983763
-26.984153
-26.984542
-26.984932
-26.985321
-26.985711
-26.986100
-26.986490
-26.986879
-26.987268
-26.987658
-26.988047
-26.988437
-26.988826
-26.989215
-26.989605
-26.989994
-26.990383
-26.990772
-26.991162
-26.991551
-26.991940
-26.992329
-26.992718
-26.993108
-26.993497
-26.993886
-26.994275
-26.994664
-26.995053
-26.995442
-26.995831
-26.996221
-26.996610
-26.996999
-26.997388
-26.997777
-26.998166
-26.998555
-26.998943
-26.999332
-26.999721
-27.000110
-27.000499
-27.000888
-27.001277
-27.001666
-27.002054
-27.002443
-27.002832
-27.003221
-27.003610
-27.003998
-27.004387
-27.004776
-27.005165
-27.005553
-27.005942
-27.006331
-27.006719
-27.007108
-27.007496
-27.007885
-27.008274
-27.008662
-27.009051
-27.009439
-27.009828
-27.010216
-27.010605
-27.010993
-27.011382
-27.011770
-27.012159
-27.012547
-27.012935
-27.013324
-27.013712
-27.014101
-27.014489
-27.014877
-27.015265
-27.015654
-27.016042
-27.016430
-27.016819
-27.017207
-27.017595
-27.017983
-27.018371
-27.018760
-27.019148
-27.019536
-27.019924
-27.020312
-27.020700
-27.021088
-27.021476
-27.021864
-27.022252
-27.022640
-27.023028
-27.023416
-27.023804
-27.024192
-27.024580
-27.024968
-27.025356
-27.025744
-27.026132
-27.026520
-27.026908
-27.027296
-27.027683
-27.028071
-27.028459
-27.028847
-27.029235
-27.029622
-27.030010
-27.030398
-27.030785
-27.031173
-27.031561
-27.031948
-27.032336
-27.032724
-27.033111
-27.033499
-27.033886
-27.034274
-27.034662
-27.035049
-27.035437
-27.035824
-27.036212
-27.036599
-27.036987
-27.037374
-27.037761
-27.038149
-27.038536
-27.038924
-27.039311
-27.039698
-27.040086
-27.040473
-27.040860
-27.041248
-27.041635
-27.042022
-27.042409
-27.042797
-27.043184
-27.043571
-27.043958
-27.044345
-27.044733
-27.045120
-27.045507
-27.045894
-27.046281
-27.046668
-27.047055
-27.047442
-27.047829
-27.048216
-27.048603
-27.048990
-27.049377
-27.049764
-27.050151
-27.050538
-27.050925
-27.051312
-27.051699
-27.052086
-27.052472
-27.052859
-27.053246
-27.053633
-27.054020
-27.054406
-27.054793
-27.055180
-27.055567
-27.055953
-27.056340
-27.056727
-27.057113
-27.057500
-27.057887
-27.058273
-27.058660
-27.059047
-27.059433
-27.059820
-27.060206
-27.060593
-27.060979
-27.061366
-27.061752
-27.062139
-27.062525
-27.062912
-27.063298
-27.063684
-27.064071
-27.064457
-27.064844
-27.065230
-27.065616
-27.066003
-27.066389
-27.066775
-27.067161
-27.067548
-27.067934
-27.068320
-27.068706
-27.069093
-27.069479
-27.069865
-27.070251
-27.070637
-27.071023
-27.071409
-27.071796
-27.072182
-27.072568
-27.072954
-27.073340
-27.073726
-27.074112
-27.074498
-27.074884
-27.075270
-27.075656
-27.076042
-27.076427
-27.076813
-27.077199
-27.077585
-27.077971
-27.078357
-27.078743
-27.079128
-27.079514
-27.079900
-27.080286
-27.080671
-27.081057
-27.081443
-27.081829
-27.082214
-27.082600
-27.082986
-27.083371
-27.083757
-27.084142
-27.084528
-27.084914
-27.085299
-27.085685
-27.086070
-27.086456
-27.086841
-27.087227
-27.087612
-27.087998
-27.088383
-27.088769
-27.089154
-27.089539
-27.089925
-27.090310
-27.090695
-27.091081
-27.091466
-27.091851
-27.092237
-27.092622
-27.093007
-27.093392
-27.093778
-27.094163
-27.094548
-27.094933
-27.095318
-27.095704
-27.096089
-27.096474
-27.096859
-27.097244
-27.097629
-27.098014
-27.098399
-27.098784
-27.099169
-27.099554
-27.099939
-27.100324
-27.100709
-27.101094
-27.101479
-27.101864
-27.102249
-27.102634
-27.103018
-27.103403
-27.103788
-27.104173
-27.104558
-27.104942
-27.105327
-27.105712
-27.106097
-27.106481
-27.106866
-27.107251
-27.107636
-27.108020
-27.108405
-27.108789
-27.109174
-27.109559
-27.109943
-27.110328
-27.110712
-27.111097
-27.111481
-27.111866
-27.112250
-27.112635
-27.113019
-27.113404
-27.113788
-27.114173
-27.114557
-27.114942
-27.115326
-27.115710
-27.116095
-27.116479
-27.116863
-27.117248
-27.117632
-27.118016
-27.118400
-27.118785
-27.119169
-27.119553
-27.119937
-27.120321
-27.120705
-27.121090
-27.121474
-27.121858
-27.122242
-27.122626
-27.123010
-27.123394
-27.123778
-27.124162
-27.124546
-27.124930
-27.125314
-27.125698
-27.126082
-27.126466
-27.126850
-27.127234
-27.127618
-27.128002
-27.128385
-27.128769
-27.129153
-27.129537
-27.129921
-27.130305
-27.130688
-27.131072
-27.131456
-27.131839
-27.132223
-27.132607
-27.132991
-27.133374
-27.133758
-27.134141
-27.134525
-27.134909
-27.135292
-27.135676
-27.136059
-27.136443
-27.136826
-27.137210
-27.137593
-27.137977
-27.138360
-27.138744
-27.139127
-27.139511
-27.139894
-27.140277
-27.140661
-27.141044
-27.141427
-27.141811
-27.142194
-27.142577
-27.142961
-27.143344
-27.143727
-27.144110
-27.144494
-27.144877
-27.145260
-27.145643
-27.146026
-27.146409
-27.146793
-27.147176
-27.147559
-27.147942
-27.148325
-27.148708
-27.149091
-27.149474
-27.149857
-27.150240
-27.150623
-27.151006
-27.151389
-27.151772
-27.152155
-27.152538
-27.152920
-27.153303
-27.153686
-27.154069
-27.154452
-27.154835
-27.155217
-27.155600
-27.155983
-27.156366
-27.156748
-27.157131
-27.157514
-27.157897
-27.158279
-27.158662
-27.159045
-27.159427
-27.159810
-27.160192
-27.160575
-27.160957
-27.161340
-27.161723
-27.162105
-27.162488
-27.162870
-27.163253
-27.163635
-27.164017
-27.164400
-27.164782
-27.165165
-27.165547
-27.165929
-27.166312
-27.166694
-27.167076
-27.167459
-27.167841
-27.168223
-27.168605
-27.168988
-27.169370
-27.169752
-27.170134
-27.170517
-27.170899
-27.171281
-27.171663
-27.172045
-27.172427
-27.172809
-27.173191
-27.173573
-27.173955
-27.174337
-27.174719
-27.175101
-27.175483
-27.175865
-27.176247
-27.176629
-27.177011
-27.177393
-27.177775
-27.178157
-27.178539
-27.178921
-27.179302
-27.179684
-27.180066
-27.180448
-27.180830
-27.181211
-27.181593
-27.181975
-27.182357
-27.182738
-27.183120
-27.183502
-27.183883
-27.184265
-27.184646
-27.185028
-27.185410
-27.185791
-27.186173
-27.186554
-27.186936
-27.187317
-27.187699
-27.188080
-27.188462
-27.188843
-27.189225
-27.189606
-27.189987
-27.190369
-27.190750
-27.191132
-27.191513
-27.191894
-27.192276
-27.192657
-27.193038
-27.193419
-27.193801
-27.194182
-27.194563
-27.194944
-27.195326
-27.195707
-27.196088
-27.196469
-27.196850
-27.197231
-27.197612
-27.197993
-27.198374
-27.198756
-27.199137
-27.199518
-27.199899
-27.200280
-27.200661
-27.201042
-27.201422
-27.201803
-27.202184
-27.202565
-27.202946
-27.203327
-27.203708
-27.204089
-27.204469
-27.204850
-27.205231
-27.205612
-27.205993
-27.206373
-27.206754
-27.207135
-27.207516
-27.207896
-27.208277
-27.208658
-27.209038
-27.209419
-27.209799
-27.210180
-27.210561
-27.210941
-27.211322
-27.211702
-27.212083
-27.212463
-27.212844
-27.213224
-27.213605
-27.213985
-27.214366
-27.214746
-27.215126
-27.215507
-27.215887
-27.216267
-27.216648
-27.217028
-27.217408
-27.217789
-27.218169
-27.218549
-27.218929
-27.219310
-27.219690
-27.220070
-27.220450
-27.220830
-27.221211
-27.221591
-27.221971
-27.222351
-27.222731
-27.223111
-27.223491
-27.223871
-27.224251
-27.224631
-27.225011
-27.225391
-27.225771
-27.226151
-27.226531
-27.226911
-27.227291
-27.227671
-27.228051
-27.228431
-27.228810
-27.229190
-27.229570
-27.229950
-27.230330
-27.230709
-27.231089
-27.231469
-27.231849
-27.232228
-27.232608
-27.232988
-27.233367
-27.233747
-27.234127
-27.234506
-27.234886
-27.235265
-27.235645
-27.236025
-27.236404
-27.236784
-27.237163
-27.237543
-27.237922
-27.238302
-27.238681
-27.239061
-27.239440
-27.239819
-27.240199
-27.240578
-27.240957
-27.241337
-27.241716
-27.242095
-27.242475
-27.242854
-27.243233
-27.243613
-27.243992
-27.244371
-27.244750
-27.245129
-27.245509
-27.245888
-27.246267
-27.246646
-27.247025
-27.247404
-27.247783
-27.248162
-27.248541
-27.248920
-27.249300
-27.249679
-27.250058
-27.250436
-27.250815
-27.251194
-27.251573
-27.251952
-27.252331
-27.252710
-27.253089
-27.253468
-27.253847
-27.254225
-27.254604
-27.254983
-27.255362
-27.255741
-27.256119
-27.256498
-27.256877
-27.257255
-27.257634
-27.258013
-27.258392
-27.258770
-27.259149
-27.259527
-27.259906
-27.260285
-27.260663
-27.261042
-27.261420
-27.261799
-27.262177
-27.262556
-27.262934
-27.263313
-27.263691
-27.264070
-27.264448
-27.264826
-27.265205
-27.265583
-27.265961
-27.266340
-27.266718
-27.267096
-27.267475
-27.267853
-27.268231
-27.268609
-27.268988
-27.269366
-27.269744
-27.270122
-27.270500
-27.270879
-27.271257
-27.271635
-27.272013
-27.272391
-27.272769
-27.273147
-27.273525
-27.273903
-27.274281
-27.274659
-27.275037
-27.275415
-27.275793
-27.276171
-27.276549
-27.276927
-27.277305
-27.277683
-27.278061
-27.278438
-27.278816
-27.279194
-27.279572
-27.279950
-27.280327
-27.280705
-27.281083
-27.281461
-27.281838
-27.282216
-27.282594
-27.282971
-27.283349
-27.283727
-27.284104
-27.284482
-27.284860
-27.285237
-27.285615
-27.285992
-27.286370
-27.286747
-27.287125
-27.287502
-27.287880
-27.288257
-27.288635
-27.289012
-27.289389
-27.289767
-27.290144
-27.290522
-27.290899
-27.291276
-27.291654
-27.292031
-27.292408
-27.292785
-27.293163
-27.293540
-27.293917
-27.294294
-27.294671
-27.295049
-27.295426
-27.295803
-27.296180
-27.296557
-27.296934
-27.297311
-27.297688
-27.298066
-27.298443
-27.298820
-27.299197
-27.299574
-27.299951
-27.300328
-27.300704
-27.301081
-27.301458
-27.301835
-27.302212
-27.302589
-27.302966
-27.303343
-27.303719
-27.304096
-27.304473
-27.304850
-27.305227
-27.305603
-27.305980
-27.306357
-27.306734
-27.307110
-27.307487
-27.307864
-27.308240
-27.308617
-27.308993
-27.309370
-27.309747
-27.310123
-27.310500
-27.310876
-27.311253
-27.311629
-27.312006
-27.312382
-27.312759
-27.313135
-27.313512
-27.313888
-27.314264
-27.314641
-27.315017
-27.315393
-27.315770
-27.316146
-27.316522
-27.316899
-27.317275
-27.317651
-27.318028
-27.318404
-27.318780
-27.319156
-27.319532
-27.319908
-27.320285
-27.320661
-27.321037
-27.321413
-27.321789
-27.322165
-27.322541
-27.322917
-27.323293
-27.323669
-27.324045
-27.324421
-27.324797
-27.325173
-27.325549
-27.325925
-27.326301
-27.326677
-27.327053
-27.327429
-27.327804
-27.328180
-27.328556
-27.328932
-27.329308
-27.329683
-27.330059
-27.330435
-27.330811
-27.331186
-27.331562
-27.331938
-27.332313
-27.332689
-27.333065
-27.333440
-27.333816
-27.334192
-27.334567
-27.334943
-27.335318
-27.335694
-27.336069
-27.336445
-27.336820
-27.337196
-27.337571
-27.337947
-27.338322
-27.338697
-27.339073
-27.339448
-27.339824
-27.340199
-27.340574
-27.340949
-27.341325
-27.341700
-27.342075
-27.342451
-27.342826
-27.343201
-27.343576
-27.343951
-27.344327
-27.344702
-27.345077
-27.345452
-27.345827
-27.346202
-27.346577
-27.346952
-27.347327
-27.347702
-27.348077
-27.348453
-27.348827
-27.349202
-27.349577
-27.349952
-27.350327
-27.350702
-27.351077
-27.351452
-27.351827
-27.352202
-27.352577
-27.352951
-27.353326
-27.353701
-27.354076
-27.354451
-27.354825
-27.355200
-27.355575
-27.355949
-27.356324
-27.356699
-27.357073
-27.357448
-27.357823
-27.358197
-27.358572
-27.358946
-27.359321
-27.359696
-27.360070
-27.360445
-27.360819
-27.361194
-27.361568
-27.361943
-27.362317
-27.362691
-27.363066
-27.363440
-27.363815
-27.364189
-27.364563
-27.364938
-27.365312
-27.365686
-27.366061
-27.366435
-27.366809
-27.367183
-27.367558
-27.367932
-27.368306
-27.368680
-27.369054
-27.369428
-27.369803
-27.370177
-27.370551
-27.370925
-27.371299
-27.371673
-27.372047
-27.372421
-27.372795
-27.373169
-27.373543
-27.373917
-27.374291
-27.374665
-27.375039
-27.375413
-27.375787
-27.376160
-27.376534
-27.376908
-27.377282
-27.377656
-27.378030
-27.378403
-27.378777
-27.379151
-27.379525
-27.379898
-27.380272
-27.380646
-27.381019
-27.381393
-27.381767
-27.382140
-27.382514
-27.382888
-27.383261
-27.383635
-27.384008
-27.384382
-27.384755
-27.385129
-27.385502
-27.385876
-27.386249
-27.386623
-27.386996
-27.387370
-27.387743
-27.388116
-27.388490
-27.388863
-27.389236
-27.389610
-27.389983
-27.390356
-27.390730
-27.391103
-27.391476
-27.391849
-27.392223
-27.392596
-27.392969
-27.393342
-27.393715
-27.394088
-27.394462
-27.394835
-27.395208
-27.395581
-27.395954
-27.396327
-27.396700
-27.397073
-27.397446
-27.397819
-27.398192
-27.398565
-27.398938
-27.399311
-27.399684
-27.400057
-27.400429
-27.400802
-27.401175
-27.401548
-27.401921
-27.402294
-27.402666
-27.403039
-27.403412
-27.403785
-27.404157
-27.404530
-27.404903
-27.405275
-27.405648
-27.406021
-27.406393
-27.406766
-27.407139
-27.407511
-27.407884
-27.408256
-27.408629
-27.409001
-27.409374
-27.409746
-27.410119
-27.410491
-27.410864
-27.411236
-27.411609
-27.411981
-27.412353
-27.412726
-27.413098
-27.413471
-27.413843
-27.414215
-27.414588
-27.414960
-27.415332
-27.415704
-27.416077
-27.416449
-27.416821
-27.417193
-27.417565
-27.417937
-27.418310
-27.418682
-27.419054
-27.419426
-27.419798
-27.420170
-27.420542
-27.420914
-27.421286
-27.421658
-27.422030
-27.422402
-27.422774
-27.423146
-27.423518
-27.423890
-27.424262
-27.424634
-27.425006
-27.425377
-27.425749
-27.426121
-27.426493
-27.426865
-27.427237
-27.427608
-27.427980
-27.428352
-27.428723
-27.429095
-27.429467
-27.429839
-27.430210
-27.430582
-27.430953
-27.431325
-27.431697
-27.432068
-27.432440
-27.432811
-27.433183
-27.433554
-27.433926
-27.434297
-27.434669
-27.435040
-27.435412
-27.435783
-27.436155
-27.436526
-27.436897
-27.437269
-27.437640
-27.438011
-27.438383
-27.438754
-27.439125
-27.439497
-27.439868
-27.440239
-27.440610
-27.440981
-27.441353
-27.441724
-27.442095
-27.442466
-27.442837
-27.443208
-27.443580
-27.443951
-27.444322
-27.444693
-27.445064
-27.445435
-27.445806
-27.446177
-27.446548
-27.446919
-27.447290
-27.447661
-27.448032
-27.448402
-27.448773
-27.449144
-27.449515
-27.449886
-27.450257
-27.450628
-27.450998
-27.451369
-27.451740
-27.452111
-27.452481
-27.452852
-27.453223
-27.453593
-27.453964
-27.454335
-27.454705
-27.455076
-27.455447
-27.455817
-27.456188
-27.456558
-27.456929
-27.457300
-27.457670
-27.458041
-27.458411
-27.458782
-27.459152
-27.459522
-27.459893
-27.460263
-27.460634
-27.461004
-27.461374
-27.461745
-27.462115
-27.462485
-27.462856
-27.463226
-27.463596
-27.463967
-27.464337
-27.464707
-27.465077
-27.465447
-27.465818
-27.466188
-27.466558
-27.466928
-27.467298
-27.467668
-27.468038
-27.468408
-27.468779
-27.469149
-27.469519
-27.469889
-27.470259
-27.470629
-27.470999
-27.471369
-27.471738
-27.472108
-27.472478
-27.472848
-27.473218
-27.473588
-27.473958
-27.474328
-27.474697
-27.475067
-27.475437
-27.475807
-27.476177
-27.476546
-27.476916
-27.477286
-27.477655
-27.478025
-27.478395
-27.478764
-27.479134
-27.479504
-27.479873
-27.480243
-27.480612
-27.480982
-27.481351
-27.481721
-27.482090
-27.482460
-27.482829
-27.483199
-27.483568
-27.483938
-27.484307
-27.484677
-27.485046
-27.485415
-27.485785
-27.486154
-27.486523
-27.486893
-27.487262
-27.487631
-27.488001
-27.488370
-27.488739
-27.489108
-27.489477
-27.489847
-27.490216
-27.490585
-27.490954
-27.491323
-27.491692
-27.492061
-27.492431
-27.492800
-27.493169
-27.493538
-27.493907
-27.494276
-27.494645
-27.495014
-27.495383
-27.495752
-27.496120
-27.496489
-27.496858
-27.497227
-27.497596
-27.497965
-27.498334
-27.498703
-27.499071
-27.499440
-27.499809
-27.500178
-27.500546
-27.500915
-27.501284
-27.501653
-27.502021
-27.502390
-27.502758
-27.503127
-27.503496
-27.503864
-27.504233
-27.504602
-27.504970
-27.505339
-27.505707
-27.506076
-27.506444
-27.506813
-27.507181
-27.507550
-27.507918
-27.508286
-27.508655
-27.509023
-27.509392
-27.509760
-27.510128
-27.510497
-27.510865
-27.511233
-27.511601
-27.511970
-27.512338
-27.512706
-27.513074
-27.513443
-27.513811
-27.514179
-27.514547
-27.514915
-27.515283
-27.515652
-27.516020
-27.516388
-27.516756
-27.517124
-27.517492
-27.517860
-27.518228
-27.518596
-27.518964
-27.519332
-27.519700
-27.520068
-27.520436
-27.520804
-27.521171
-27.521539
-27.521907
-27.522275
-27.522643
-27.523011
-27.523378
-27.523746
-27.524114
-27.524482
-27.524849
-27.525217
-27.525585
-27.525953
-27.526320
-27.526688
-27.527055
-27.527423
-27.527791
-27.528158
-27.528526
-27.528893
-27.529261
-27.529628
-27.529996
-27.530364
-27.530731
-27.531098
-27.531466
-27.531833
-27.532201
-27.532568
-27.532936
-27.533303
-27.533670
-27.534038
-27.534405
-27.534772
-27.535140
-27.535507
-27.535874
-27.536241
-27.536609
-27.536976
-27.537343
-27.537710
-27.538077
-27.538445
-27.538812
-27.539179
-27.539546
-27.539913
-27.540280
-27.540647
-27.541014
-27.541381
-27.541748
-27.542115
-27.542482
-27.542849
-27.543216
-27.543583
-27.543950
-27.544317
-27.544684
-27.545051
-27.545418
-27.545785
-27.546151
-27.546518
-27.546885
-27.547252
-27.547619
-27.547985
-27.548352
-27.548719
-27.549086
-27.549452
-27.549819
-27.550186
-27.550552
-27.550919
-27.551286
-27.551652
-27.552019
-27.552385
-27.552752
-27.553118
-27.553485
-27.553852
-27.554218
-27.554584
-27.554951
-27.555317
-27.555684
-27.556050
-27.556417
-27.556783
-27.557149
-27.557516
-27.557882
-27.558249
-27.558615
-27.558981
-27.559347
-27.559714
-27.560080
-27.560446
-27.560812
-27.561179
-27.561545
-27.561911
-27.562277
-27.562643
-27.563009
-27.563376
-27.563742
-27.564108
-27.564474
-27.564840
-27.565206
-27.565572
-27.565938
-27.566304
-27.566670
-27.567036
-27.567402
-27.567768
-27.568134
-27.568500
-27.568865
-27.569231
-27.569597
-27.569963
-27.570329
-27.570695
-27.571060
-27.571426
-27.571792
-27.572158
-27.572523
-27.572889
-27.573255
-27.573621
-27.573986
-27.574352
-27.574718
-27.575083
-27.575449
-27.575814
-27.576180
-27.576546
-27.576911
-27.577277
-27.577642
-27.578008
-27.578373
-27.578739
-27.579104
-27.579469
-27.579835
-27.580200
-27.580566
-27.580931
-27.581296
-27.581662
-27.582027
-27.582392
-27.582758
-27.583123
-27.583488
-27.583854
-27.584219
-27.584584
-27.584949
-27.585314
-27.585680
-27.586045
-27.586410
-27.586775
-27.587140
-27.587505
-27.587870
-27.588235
-27.588601
-27.588966
-27.589331
-27.589696
-27.590061
-27.590426
-27.590791
-27.591156
-27.591520
-27.591885
-27.592250
-27.592615
-27.592980
-27.593345
-27.593710
-27.594075
-27.594439
-27.594804
-27.595169
-27.595534
-27.595898
-27.596263
-27.596628
-27.596993
-27.597357
-27.597722
-27.598087
-27.598451
-27.598816
-27.599181
-27.599545
-27.599910
-27.600274
-27.600639
-27.601003
-27.601368
-27.601732
-27.602097
-27.602461
-27.602826
-27.603190
-27.603555
-27.603919
-27.604283
-27.604648
-27.605012
-27.605377
-27.605741
-27.606105
-27.606470
-27.606834
-27.607198
-27.607562
-27.607927
-27.608291
-27.608655
-27.609019
-27.609383
-27.609748
-27.610112
-27.610476
-27.610840
-27.611204
-27.611568
-27.611932
-27.612296
-27.612660
-27.613024
-27.613388
-27.613752
-27.614116
-27.614480
-27.614844
-27.615208
-27.615572
-27.615936
-27.616300
-27.616664
-27.617028
-27.617392
-27.617755
-27.618119
-27.618483
-27.618847
-27.619210
-27.619574
-27.619938
-27.620302
-27.620665
-27.621029
-27.621393
-27.621756
-27.622120
-27.622484
-27.622847
-27.623211
-27.623574
-27.623938
-27.624302
-27.624665
-27.625029
-27.625392
-27.625756
-27.626119
-27.626483
-27.626846
-27.627209
-27.627573
-27.627936
-27.628300
-27.628663
-27.629026
-27.629390
-27.629753
-27.630116
-27.630480
-27.630843
-27.631206
-27.631569
-27.631933
-27.632296
-27.632659
-27.633022
-27.633385
-27.633749
-27.634112
-27.634475
-27.634838
-27.635201
-27.635564
-27.635927
-27.636290
-27.636653
-27.637016
-27.637379
-27.637742
-27.638105
-27.638468
-27.638831
-27.639194
-27.639557
-27.639920
-27.640283
-27.640645
-27.641008
-27.641371
-27.641734
-27.642097
-27.642460
-27.642822
-27.643185
-27.643548
-27.643911
-27.644273
-27.644636
-27.644999
-27.645361
-27.645724
-27.646087
-27.646449
-27.646812
-27.647174
-27.647537
-27.647899
-27.648262
-27.648625
-27.648987
-27.649350
-27.649712
-27.650074
-27.650437
-27.650799
-27.651162
-27.651524
-27.651887
-27.652249
-27.652611
-27.652974
-27.653336
-27.653698
-27.654060
-27.654423
-27.654785
-27.655147
-27.655509
-27.655872
-27.656234
-27.656596
-27.656958
-27.657320
-27.657683
-27.658045
-27.658407
-27.658769
-27.659131
-27.659493
-27.659855
-27.660217
-27.660579
-27.660941
-27.661303
-27.661665
-27.662027
-27.662389
-27.662751
-27.663113
-27.663475
-27.663836
-27.664198
-27.664560
-27.664922
-27.665284
-27.665646
-27.666007
-27.666369
-27.666731
-27.667093
-27.667454
-27.667816
-27.668178
-27.668539
-27.668901
-27.669263
-27.669624
-27.669986
-27.670348
-27.670709
-27.671071
-27.671432
-27.671794
-27.672155
-27.672517
-27.672878
-27.673240
-27.673601
-27.673963
-27.674324
-27.674686
-27.675047
-27.675408
-27.675770
-27.676131
-27.676492
-27.676854
-27.677215
-27.677576
-27.677938
-27.678299
-27.678660
-27.679021
-27.679383
-27.679744
-27.680105
-27.680466
-27.680827
-27.681188
-27.681549
-27.681911
-27.682272
-27.682633
-27.682994
-27.683355
-27.683716
-27.684077
-27.684438
-27.684799
-27.685160
-27.685521
-27.685882
-27.686243
-27.686604
-27.686964
-27.687325
-27.687686
-27.688047
-27.688408
-27.688769
-27.689129
-27.689490
-27.689851
-27.690212
-27.690573
-27.690933
-27.691294
-27.691655
-27.692015
-27.692376
-27.692737
-27.693097
-27.693458
-27.693818
-27.694179
-27.694540
-27.694900
-27.695261
-27.695621
-27.695982
-27.696342
-27.696703
-27.697063
-27.697424
-27.697784
-27.698144
-27.698505
-27.698865
-27.699226
-27.699586
-27.699946
-27.700307
-27.700667
-27.701027
-27.701387
-27.701748
-27.702108
-27.702468
-27.702828
-27.703189
-27.703549
-27.703909
-27.704269
-27.704629
-27.704989
-27.705349
-27.705710
-27.706070
-27.706430
-27.706790
-27.707150
-27.707510
-27.707870
-27.708230
-27.708590
-27.708950
-27.709310
-27.709669
-27.710029
-27.710389
-27.710749
-27.711109
-27.711469
-27.711829
-27.712188
-27.712548
-27.712908
-27.713268
-27.713628
-27.713987
-27.714347
-27.714707
-27.715066
-27.715426
-27.715786
-27.716145
-27.716505
-27.716865
-27.717224
-27.717584
-27.717943
-27.718303
-27.718662
-27.719022
-27.719381
-27.719741
-27.720100
-27.720460
-27.720819
-27.721179
-27.721538
-27.721898
-27.722257
-27.722616
-27.722976
-27.723335
-27.723694
-27.724054
-27.724413
-27.724772
-27.725131
-27.725491
-27.725850
-27.726209
-27.726568
-27.726927
-27.727287
-27.727646
-27.728005
-27.728364
-27.728723
-27.729082
-27.729441
-27.729800
-27.730159
-27.730518
-27.730877
-27.731236
-27.731595
-27.731954
-27.732313
-27.732672
-27.733031
-27.733390
-27.733749
-27.734108
-27.734467
-27.734826
-27.735184
-27.735543
-27.735902
-27.736261
-27.736620
-27.736978
-27.737337
-27.737696
-27.738054
-27.738413
-27.738772
-27.739130
-27.739489
-27.739848
-27.740206
-27.740565
-27.740924
-27.741282
-27.741641
-27.741999
-27.742358
-27.742716
-27.743075
-27.743433
-27.743792
-27.744150
-27.744508
-27.744867
-27.745225
-27.745584
-27.745942
-27.746300
-27.746659
-27.747017
-27.747375
-27.747734
-27.748092
-27.748450
-27.748808
-27.749167
-27.749525
-27.749883
-27.750241
-27.750599
-27.750957
-27.751316
-27.751674
-27.752032
-27.752390
-27.752748
-27.753106
-27.753464
-27.753822
-27.754180
-27.754538
-27.754896
-27.755254
-27.755612
-27.755970
-27.756328
-27.756686
-27.757044
-27.757402
-27.757759
-27.758117
-27.758475
-27.758833
-27.759191
-27.759548
-27.759906
-27.760264
-27.760622
-27.760979
-27.761337
-27.761695
-27.762052
-27.762410
-27.762768
-27.763125
-27.763483
-27.763841
-27.764198
-27.764556
-27.764913
-27.765271
-27.765628
-27.765986
-27.766343
-27.766701
-27.767058
-27.767416
-27.767773
-27.768130
-27.768488
-27.768845
-27.769203
-27.769560
-27.769917
-27.770275
-27.770632
-27.770989
-27.771346
-27.771704
-27.772061
-27.772418
-27.772775
-27.773133
-27.773490
-27.773847
-27.774204
-27.774561
-27.774918
-27.775275
-27.775632
-27.775990
-27.776347
-27.776704
-27.777061
-27.777418
-27.777775
-27.778132
-27.778489
-27.778846
-27.779202
-27.779559
-27.779916
-27.780273
-27.780630
-27.780987
-27.781344
-27.781701
-27.782057
-27.782414
-27.782771
-27.783128
-27.783484
-27.783841
-27.784198
-27.784555
-27.784911
-27.785268
-27.785625
-27.785981
-27.786338
-27.786694
-27.787051
-27.787408
-27.787764
-27.788121
-27.788477
-27.788834
-27.789190
-27.789547
-27.789903
-27.790260
-27.790616
-27.790973
-27.791329
-27.791685
-27.792042
-27.792398
-27.792754
-27.793111
-27.793467
-27.793823
-27.794180
-27.794536
-27.794892
-27.795248
-27.795605
-27.795961
-27.796317
-27.796673
-27.797029
-27.797385
-27.797742
-27.798098
-27.798454
-27.798810
-27.799166
-27.799522
-27.799878
-27.800234
-27.800590
-27.800946
-27.801302
-27.801658
-27.802014
-27.802370
-27.802726
-27.803082
-27.803438
-27.803793
-27.804149
-27.804505
-27.804861
-27.805217
-27.805573
-27.805928
-27.806284
-27.806640
-27.806996
-27.807351
-27.807707
-27.808063
-27.808418
-27.808774
-27.809130
-27.809485
-27.809841
-27.810196
-27.810552
-27.810908
-27.811263
-27.811619
-27.811974
-27.812330
-27.812685
-27.813041
-27.813396
-27.813751
-27.814107
-27.814462
-27.814818
-27.815173
-27.815528
-27.815884
-27.816239
-27.816594
-27.816950
-27.817305
-27.817660
-27.818015
-27.818371
-27.818726
-27.819081
-27.819436
-27.819791
-27.820147
-27.820502
-27.820857
-27.821212
-27.821567
-27.821922
-27.822277
-27.822632
-27.822987
-27.823342
-27.823697
-27.824052
-27.824407
-27.824762
-27.825117
-27.825472
-27.825827
-27.826182
-27.826537
-27.826892
-27.827246
-27.827601
-27.827956
-27.828311
-27.828666
-27.829020
-27.829375
-27.829730
-27.830085
-27.830439
-27.830794
-27.831149
-27.831503
-27.831858
-27.832213
-27.832567
-27.832922
-27.833277
-27.833631
-27.833986
-27.834340
-27.834695
-27.835049
-27.835404
-27.835758
-27.836113
-27.836467
-27.836822
-27.837176
-27.837530
-27.837885
-27.838239
-27.838593
-27.838948
-27.839302
-27.839656
-27.840011
-27.840365
-27.840719
-27.841074
-27.841428
-27.841782
-27.842136
-27.842490
-27.842845
-27.843199
-27.843553
-27.843907
-27.844261
-27.844615
-27.844969
-27.845323
-27.845677
-27.846031
-27.846385
-27.846739
-27.847093
-27.847447
-27.847801
-27.848155
-27.848509
-27.848863
-27.849217
-27.849571
-27.849925
-27.850278
-27.850632
-27.850986
-27.851340
-27.851694
-27.852047
-27.852401
-27.852755
-27.853109
-27.853462
-27.853816
-27.854170
-27.854523
-27.854877
-27.855231
-27.855584
-27.855938
-27.856291
-27.856645
-27.856999
-27.857352
-27.857706
-27.858059
-27.858413
-27.858766
-27.859120
-27.859473
-27.859826
-27.860180
-27.860533
-27.860887
-27.861240
-27.861593
-27.861947
-27.862300
-27.862653
-27.863007
-27.863360
-27.863713
-27.864066
-27.864420
-27.864773
-27.865126
-27.865479
-27.865832
-27.866186
-27.866539
-27.866892
-27.867245
-27.867598
-27.867951
-27.868304
-27.868657
-27.869010
-27.869363
-27.869716
-27.870069
-27.870422
-27.870775
-27.871128
-27.871481
-27.871834
-27.872187
-27.872540
-27.872892
-27.873245
-27.873598
-27.873951
-27.874304
-27.874656
-27.875009
-27.875362
-27.875715
-27.876067
-27.876420
-27.876773
-27.877126
-27.877478
-27.877831
-27.878183
-27.878536
-27.878889
-27.879241
-27.879594
-27.879946
-27.880299
-27.880651
-27.881004
-27.881356
-27.881709
-27.882061
-27.882414
-27.882766
-27.883119
-27.883471
-27.883823
-27.884176
-27.884528
-27.884880
-27.885233
-27.885585
-27.885937
-27.886290
-27.886642
-27.886994
-27.887346
-27.887698
-27.888051
-27.888403
-27.888755
-27.889107
-27.889459
-27.889811
-27.890163
-27.890516
-27.890868
-27.891220
-27.891572
-27.891924
-27.892276
-27.892628
-27.892980
-27.893332
-27.893684
-27.894036
-27.894387
-27.894739
-27.895091
-27.895443
-27.895795
-27.896147
-27.896499
-27.896850
-27.897202
-27.897554
-27.897906
-27.898258
-27.898609
-27.898961
-27.899313
-27.899664
-27.900016
-27.900368
-27.900719
-27.901071
-27.901423
-27.901774
-27.902126
-27.902477
-27.902829
-27.903180
-27.903532
-27.903883
-27.904235
-27.904586
-27.904938
-27.905289
-27.905641
-27.905992
-27.906343
-27.906695
-27.907046
-27.907397
-27.907749
-27.908100
-27.908451
-27.908803
-27.909154
-27.909505
-27.909856
-27.910208
-27.910559
-27.910910
-27.911261
-27.911612
-27.911963
-27.912315
-27.912666
-27.913017
-27.913368
-27.913719
-27.914070
-27.914421
-27.914772
-27.915123
-27.915474
-27.915825
-27.916176
-27.916527
-27.916878
-27.917229
-27.917580
-27.917931
-27.918281
-27.918632
-27.918983
-27.919334
-27.919685
-27.920035
-27.920386
-27.920737
-27.921088
-27.921438
-27.921789
-27.922140
-27.922491
-27.922841
-27.923192
-27.923542
-27.923893
-27.924244
-27.924594
-27.924945
-27.925295
-27.925646
-27.925996
-27.926347
-27.926697
-27.927048
-27.927398
-27.927749
-27.928099
-27.928450
-27.928800
-27.929150
-27.929501
-27.929851
-27.930202
-27.930552
-27.930902
-27.931252
-27.931603
-27.931953
-27.932303
-27.932653
-27.933004
-27.933354
-27.933704
-27.934054
-27.934404
-27.934755
-27.935105
-27.935455
-27.935805
-27.936155
-27.936505
-27.936855
-27.937205
-27.937555
-27.937905
-27.938255
-27.938605
-27.938955
-27.939305
-27.939655
-27.940005
-27.940355
-27.940704
-27.941054
-27.941404
-27.941754
-27.942104
-27.942454
-27.942803
-27.943153
-27.943503
-27.943853
-27.944202
-27.944552
-27.944902
-27.945251
-27.945601
-27.945951
-27.946300
-27.946650
-27.947000
-27.947349
-27.947699
-27.948048
-27.948398
-27.948747
-27.949097
-27.949446
-27.949796
-27.950145
-27.950495
-27.950844
-27.951193
-27.951543
-27.951892
-27.952242
-27.952591
-27.952940
-27.953290
-27.953639
-27.953988
-27.954337
-27.954687
-27.955036
-27.955385
-27.955734
-27.956084
-27.956433
-27.956782
-27.957131
-27.957480
-27.957829
-27.958178
-27.958528
-27.958877
-27.959226
-27.959575
-27.959924
-27.960273
-27.960622
-27.960971
-27.961320
-27.961669
-27.962018
-27.962366
-27.962715
-27.963064
-27.963413
-27.963762
-27.964111
-27.964460
-27.964808
-27.965157
-27.965506
-27.965855
-27.966203
-27.966552
-27.966901
-27.967250
-27.967598
-27.967947
-27.968296
-27.968644
-27.968993
-27.969342
-27.969690
-27.970039
-27.970387
-27.970736
-27.971084
-27.971433
-27.971781
-27.972130
-27.972478
-27.972827
-27.973175
-27.973524
-27.973872
-27.974220
-27.974569
-27.974917
-27.975265
-27.975614
-27.975962
-27.976310
-27.976659
-27.977007
-27.977355
-27.977703
-27.978052
-27.978400
-27.978748
-27.979096
-27.979444
-27.979792
-27.980141
-27.980489
-27.980837
-27.981185
-27.981533
-27.981881
-27.982229
-27.982577
-27.982925
-27.983273
-27.983621
-27.983969
-27.984317
-27.984665
-27.985013
-27.985361
-27.985709
-27.986056
-27.986404
-27.986752
-27.987100
-27.987448
-27.987795
-27.988143
-27.988491
-27.988839
-27.989186
-27.989534
-27.989882
-27.990230
-27.990577
-27.990925
-27.991272
-27.991620
-27.991968
-27.992315
-27.992663
-27.993010
-27.993358
-27.993705
-27.994053
-27.994400
-27.994748
-27.995095
-27.995443
-27.995790
-27.996138
-27.996485
-27.996832
-27.997180
-27.997527
-27.997875
-27.998222
-27.998569
-27.998916
-27.999264
-27.999611
-27.999958
-28.000305
-28.000653
-28.001000
-28.001347
-28.001694
-28.002041
-28.002388
-28.002736
-28.003083
-28.003430
-28.003777
-28.004124
-28.004471
-28.004818
-28.005165
-28.005512
-28.005859
-28.006206
-28.006553
-28.006900
-28.007247
-28.007594
-28.007941
-28.008287
-28.008634
-28.008981
-28.009328
-28.009675
-28.010022
-28.010368
-28.010715
-28.011062
-28.011409
-28.011755
-28.012102
-28.012449
-28.012795
-28.013142
-28.013489
-28.013835
-28.014182
-28.014528
-28.014875
-28.015222
-28.015568
-28.015915
-28.016261
-28.016608
-28.016954
-28.017301
-28.017647
-28.017994
-28.018340
-28.018686
-28.019033
-28.019379
-28.019726
-28.020072
-28.020418
-28.020765
-28.021111
-28.021457
-28.021803
-28.022150
-28.022496
-28.022842
-28.023188
-28.023534
-28.023881
-28.024227
-28.024573
-28.024919
-28.025265
-28.025611
-28.025957
-28.026303
-28.026650
-28.026996
-28.027342
-28.027688
-28.028034
-28.028380
-28.028726
-28.029071
-28.029417
-28.029763
-28.030109
-28.030455
-28.030801
-28.031147
-28.031493
-28.031838
-28.032184
-28.032530
-28.032876
-28.033222
-28.033567
-28.033913
-28.034259
-28.034604
-28.034950
-28.035296
-28.035641
-28.035987
-28.036333
-28.036678
-28.037024
-28.037369
-28.037715
-28.038061
-28.038406
-28.038752
-28.039097
-28.039443
-28.039788
-28.040133
-28.040479
-28.040824
-28.041170
-28.041515
-28.041860
-28.042206
-28.042551
-28.042896
-28.043242
-28.043587
-28.043932
-28.044278
-28.044623
-28.044968
-28.045313
-28.045659
-28.046004
-28.046349
-28.046694
-28.047039
-28.047384
-28.047729
-28.048074
-28.048420
-28.048765
-28.049110
-28.049455
-28.049800
-28.050145
-28.050490
-28.050835
-28.051180
-28.051525
-28.051869
-28.052214
-28.052559
-28.052904
-28.053249
-28.053594
-28.053939
-28.054284
-28.054628
-28.054973
-28.055318
-28.055663
-28.056007
-28.056352
-28.056697
-28.057041
-28.057386
-28.057731
-28.058075
-28.058420
-28.058765
-28.059109
-28.059454
-28.059798
-28.060143
-28.060487
-28.060832
-28.061177
-28.061521
-28.061865
-28.062210
-28.062554
-28.062899
-28.063243
-28.063588
-28.063932
-28.064276
-28.064621
-28.064965
-28.065309
-28.065654
-28.065998
-28.066342
-28.066686
-28.067031
-28.067375
-28.067719
-28.068063
-28.068407
-28.068752
-28.069096
-28.069440
-28.069784
-28.070128
-28.070472
-28.070816
-28.071160
-28.071504
-28.071848
-28.072192
-28.072536
-28.072880
-28.073224
-28.073568
-28.073912
-28.074256
-28.074600
-28.074944
-28.075288
-28.075632
-28.075975
-28.076319
-28.076663
-28.077007
-28.077351
-28.077694
-28.078038
-28.078382
-28.078726
-28.079069
-28.079413
-28.079757
-28.080100
-28.080444
-28.080788
-28.081131
-28.081475
-28.081818
-28.082162
-28.082505
-28.082849
-28.083192
-28.083536
-28.083879
-28.084223
-28.084566
-28.084910
-28.085253
-28.085597
-28.085940
-28.086283
-28.086627
-28.086970
-28.087313
-28.087657
-28.088000
-28.088343
-28.088687
-28.089030
-28.089373
-28.089716
-28.090059
-28.090403
-28.090746
-28.091089
-28.091432
-28.091775
-28.092118
-28.092461
-28.092805
-28.093148
-28.093491
-28.093834
-28.094177
-28.094520
-28.094863
-28.095206
-28.095549
-28.095892
-28.096234
-28.096577
-28.096920
-28.097263
-28.097606
-28.097949
-28.098292
-28.098634
-28.098977
-28.099320
-28.099663
-28.100006
-28.100348
-28.100691
-28.101034
-28.101376
-28.101719
-28.102062
-28.102404
-28.102747
-28.103090
-28.103432
-28.103775
-28.104117
-28.104460
-28.104802
-28.105145
-28.105487
-28.105830
-28.106172
-28.106515
-28.106857
-28.107200
-28.107542
-28.107885
-28.108227
-28.108569
-28.108912
-28.109254
-28.109596
-28.109939
-28.110281
-28.110623
-28.110965
-28.111308
-28.111650
-28.111992
-28.112334
-28.112676
-28.113019
-28.113361
-28.113703
-28.114045
-28.114387
-28.114729
-28.115071
-28.115413
-28.115755
-28.116097
-28.116439
-28.116781
-28.117123
-28.117465
-28.117807
-28.118149
-28.118491
-28.118833
-28.119175
-28.119517
-28.119859
-28.120200
-28.120542
-28.120884
-28.121226
-28.121568
-28.121909
-28.122251
-28.122593
-28.122935
-28.123276
-28.123618
-28.123960
-28.124301
-28.124643
-28.124985
-28.125326
-28.125668
-28.126009
-28.126351
-28.126692
-28.127034
-28.127375
-28.127717
-28.128058
-28.128400
-28.128741
-28.129083
-28.129424
-28.129766
-28.130107
-28.130448
-28.130790
-28.131131
-28.131472
-28.131814
-28.132155
-28.132496
-28.132838
-28.133179
-28.133520
-28.133861
-28.134202
-28.134544
-28.134885
-28.135226
-28.135567
-28.135908
-28.136249
-28.136590
-28.136932
-28.137273
-28.137614
-28.137955
-28.138296
-28.138637
-28.138978
-28.139319
-28.139660
-28.140000
-28.140341
-28.140682
-28.141023
-28.141364
-28.141705
-28.142046
-28.142387
-28.142727
-28.143068
-28.143409
-28.143750
-28.144091
-28.144431
-28.144772
-28.145113
-28.145453
-28.145794
-28.146135
-28.146475
-28.146816
-28.147157
-28.147497
-28.147838
-28.148178
-28.148519
-28.148859
-28.149200
-28.149540
-28.149881
-28.150221
-28.150562
-28.150902
-28.151243
-28.151583
-28.151924
-28.152264
-28.152604
-28.152945
-28.153285
-28.153625
-28.153966
-28.154306
-28.154646
-28.154986
-28.155327
-28.155667
-28.156007
-28.156347
-28.156687
-28.157028
-28.157368
-28.157708
-28.158048
-28.158388
-28.158728
-28.159068
-28.159408
-28.159748
-28.160088
-28.160428
-28.160768
-28.161108
-28.161448
-28.161788
-28.162128
-28.162468
-28.162808
-28.163148
-28.163488
-28.163828
-28.164167
-28.164507
-28.164847
-28.165187
-28.165527
-28.165866
-28.166206
-28.166546
-28.166886
-28.167225
-28.167565
-28.167905
-28.168244
-28.168584
-28.168923
-28.169263
-28.169603
-28.169942
-28.170282
-28.170621
-28.170961
-28.171300
-28.171640
-28.171979
-28.172319
-28.172658
-28.172998
-28.173337
-28.173677
-28.174016
-28.174355
-28.174695
-28.175034
-28.175373
-28.175713
-28.176052
-28.176391
-28.176730
-28.177070
-28.177409
-28.177748
-28.178087
-28.178427
-28.178766
-28.179105
-28.179444
-28.179783
-28.180122
-28.180461
-28.180800
-28.181139
-28.181478
-28.181818
-28.182157
-28.182496
-28.182834
-28.183173
-28.183512
-28.183851
-28.184190
-28.184529
-28.184868
-28.185207
-28.185546
-28.185885
-28.186223
-28.186562
-28.186901
-28.187240
-28.187579
-28.187917
-28.188256
-28.188595
-28.188934
-28.189272
-28.189611
-28.189950
-28.190288
-28.190627
-28.190965
-28.191304
-28.191643
-28.191981
-28.192320
-28.192658
-28.192997
-28.193335
-28.193674
-28.194012
-28.194351
-28.194689
-28.195028
-28.195366
-28.195704
-28.196043
-28.196381
-28.196719
-28.197058
-28.197396
-28.197734
-28.198073
-28.198411
-28.198749
-28.199087
-28.199426
-28.199764
-28.200102
-28.200440
-28.200778
-28.201116
-28.201455
-28.201793
-28.202131
-28.202469
-28.202807
-28.203145
-28.203483
-28.203821
-28.204159
-28.204497
-28.204835
-28.205173
-28.205511
-28.205849
-28.206187
-28.206525
-28.206863
-28.207200
-28.207538
-28.207876
-28.208214
-28.208552
-28.208890
-28.209227
-28.209565
-28.209903
-28.210241
-28.210578
-28.210916
-28.211254
-28.211591
-28.211929
-28.212267
-28.212604
-28.212942
-28.213279
-28.213617
-28.213954
-28.214292
-28.214630
-28.214967
-28.215305
-28.215642
-28.215979
-28.216317
-28.216654
-28.216992
-28.217329
-28.217667
-28.218004
-28.218341
-28.218679
-28.219016
-28.219353
-28.219691
-28.220028
-28.220365
-28.220702
-28.221040
-28.221377
-28.221714
-28.222051
-28.222388
-28.222725
-28.223063
-28.223400
-28.223737
-28.224074
-28.224411
-28.224748
-28.225085
-28.225422
-28.225759
-28.226096
-28.226433
-28.226770
-28.227107
-28.227444
-28.227781
-28.228118
-28.228455
-28.228791
-28.229128
-28.229465
-28.229802
-28.230139
-28.230476
-28.230812
-28.231149
-28.231486
-28.231823
-28.232159
-28.232496
-28.232833
-28.233169
-28.233506
-28.233843
-28.234179
-28.234516
-28.234852
-28.235189
-28.235526
-28.235862
-28.236199
-28.236535
-28.236872
-28.237208
-28.237545
-28.237881
-28.238218
-28.238554
-28.238890
-28.239227
-28.239563
-28.239899
-28.240236
-28.240572
-28.240908
-28.241245
-28.241581
-28.241917
-28.242254
-28.242590
-28.242926
-28.243262
-28.243598
-28.243935
-28.244271
-28.244607
-28.244943
-28.245279
-28.245615
-28.245951
-28.246287
-28.246623
-28.246959
-28.247295
-28.247631
-28.247967
-28.248303
-28.248639
-28.248975
-28.249311
-28.249647
-28.249983
-28.250319
-28.250655
-28.250991
-28.251326
-28.251662
-28.251998
-28.252334
-28.252670
-28.253005
-28.253341
-28.253677
-28.254012
-28.254348
-28.254684
-28.255020
-28.255355
-28.255691
-28.256026
-28.256362
-28.256698
-28.257033
-28.257369
-28.257704
-28.258040
-28.258375
-28.258711
-28.259046
-28.259382
-28.259717
-28.260053
-28.260388
-28.260723
-28.261059
-28.261394
-28.261729
-28.262065
-28.262400
-28.262735
-28.263071
-28.263406
-28.263741
-28.264076
-28.264412
-28.264747
-28.265082
-28.265417
-28.265752
-28.266088
-28.266423
-28.266758
-28.267093
-28.267428
-28.267763
-28.268098
-28.268433
-28.268768
-28.269103
-28.269438
-28.269773
-28.270108
-28.270443
-28.270778
-28.271113
-28.271448
-28.271783
-28.272118
-28.272452
-28.272787
-28.273122
-28.273457
-28.273792
-28.274126
-28.274461
-28.274796
-28.275131
-28.275465
-28.275800
-28.276135
-28.276469
-28.276804
-28.277139
-28.277473
-28.277808
-28.278142
-28.278477
-28.278812
-28.279146
-28.279481
-28.279815
-28.280150
-28.280484
-28.280819
-28.281153
-28.281487
-28.281822
-28.282156
-28.282491
-28.282825
-28.283159
-28.283494
-28.283828
-28.284162
-28.284497
-28.284831
-28.285165
-28.285499
-28.285834
-28.286168
-28.286502
-28.286836
-28.287170
-28.287505
-28.287839
-28.288173
-28.288507
-28.288841
-28.289175
-28.289509
-28.289843
-28.290177
-28.290511
-28.290845
-28.291179
-28.291513
-28.291847
-28.292181
-28.292515
-28.292849
-28.293183
-28.293517
-28.293850
-28.294184
-28.294518
-28.294852
-28.295186
-28.295520
-28.295853
-28.296187
-28.296521
-28.296854
-28.297188
-28.297522
-28.297856
-28.298189
-28.298523
-28.298856
-28.299190
-28.299524
-28.299857
-28.300191
-28.300524
-28.300858
-28.301191
-28.301525
-28.301858
-28.302192
-28.302525
-28.302859
-28.303192
-28.303526
-28.303859
-28.304192
-28.304526
-28.304859
-28.305192
-28.305526
-28.305859
-28.306192
-28.306525
-28.306859
-28.307192
-28.307525
-28.307858
-28.308192
-28.308525
-28.308858
-28.309191
-28.309524
-28.309857
-28.310190
-28.310523
-28.310857
-28.311190
-28.311523
-28.311856
-28.312189
-28.312522
-28.312855
-28.313188
-28.313520
-28.313853
-28.314186
-28.314519
-28.314852
-28.315185
-28.315518
-28.315851
-28.316183
-28.316516
-28.316849
-28.317182
-28.317515
-28.317847
-28.318180
-28.318513
-28.318845
-28.319178
-28.319511
-28.319843
-28.320176
-28.320509
-28.320841
-28.321174
-28.321506
-28.321839
-28.322171
-28.322504
-28.322836
-28.323169
-28.323501
-28.323834
-28.324166
-28.324499
-28.324831
-28.325164
-28.325496
-28.325828
-28.326161
-28.326493
-28.326825
-28.327158
-28.327490
-28.327822
-28.328154
-28.328487
-28.328819
-28.329151
-28.329483
-28.329815
-28.330148
-28.330480
-28.330812
-28.331144
-28.331476
-28.331808
-28.332140
-28.332472
-28.332804
-28.333136
-28.333468
-28.333800
-28.334132
-28.334464
-28.334796
-28.335128
-28.335460
-28.335792
-28.336124
-28.336456
-28.336788
-28.337119
-28.337451
-28.337783
-28.338115
-28.338447
-28.338778
-28.339110
-28.339442
-28.339773
-28.340105
-28.340437
-28.340768
-28.341100
-28.341432
-28.341763
-28.342095
-28.342427
-28.342758
-28.343090
-28.343421
-28.343753
-28.344084
-28.344416
-28.344747
-28.345079
-28.345410
-28.345742
-28.346073
-28.346404
-28.346736
-28.347067
-28.347398
-28.347730
-28.348061
-28.348392
-28.348724
-28.349055
-28.349386
-28.349718
-28.350049
-28.350380
-28.350711
-28.351042
-28.351373
-28.351705
-28.352036
-28.352367
-28.352698
-28.353029
-28.353360
-28.353691
-28.354022
-28.354353
-28.354684
-28.355015
-28.355346
-28.355677
-28.356008
-28.356339
-28.356670
-28.357001
-28.357332
-28.357663
-28.357994
-28.358324
-28.358655
-28.358986
-28.359317
-28.359648
-28.359978
-28.360309
-28.360640
-28.360971
-28.361301
-28.361632
-28.361963
-28.362293
-28.362624
-28.362954
-28.363285
-28.363616
-28.363946
-28.364277
-28.364607
-28.364938
-28.365268
-28.365599
-28.365929
-28.366260
-28.366590
-28.366921
-28.367251
-28.367582
-28.367912
-28.368242
-28.368573
-28.368903
-28.369233
-28.369564
-28.369894
-28.370224
-28.370554
-28.370885
-28.371215
-28.371545
-28.371875
-28.372206
-28.372536
-28.372866
-28.373196
-28.373526
-28.373856
-28.374186
-28.374516
-28.374846
-28.375176
-28.375507
-28.375837
-28.376167
-28.376496
-28.376826
-28.377156
-28.377486
-28.377816
-28.378146
-28.378476
-28.378806
-28.379136
-28.379466
-28.379795
-28.380125
-28.380455
-28.380785
-28.381115
-28.381444
-28.381774
-28.382104
-28.382434
-28.382763
-28.383093
-28.383423
-28.383752
-28.384082
-28.384411
-28.384741
-28.385071
-28.385400
-28.385730
-28.386059
-28.386389
-28.386718
-28.387048
-28.387377
-28.387707
-28.388036
-28.388365
-28.388695
-28.389024
-28.389354
-28.389683
-28.390012
-28.390342
-28.390671
-28.391000
-28.391330
-28.391659
-28.391988
-28.392317
-28.392647
-28.392976
-28.393305
-28.393634
-28.393963
-28.394292
-28.394622
-28.394951
-28.395280
-28.395609
-28.395938
-28.396267
-28.396596
-28.396925
-28.397254
-28.397583
-28.397912
-28.398241
-28.398570
-28.398899
-28.399228
-28.399557
-28.399885
-28.400214
-28.400543
-28.400872
-28.401201
-28.401530
-28.401858
-28.402187
-28.402516
-28.402845
-28.403173
-28.403502
-28.403831
-28.404159
-28.404488
-28.404817
-28.405145
-28.405474
-28.405803
-28.406131
-28.406460
-28.406788
-28.407117
-28.407445
-28.407774
-28.408102
-28.408431
-28.408759
-28.409088
-28.409416
-28.409745
-28.410073
-28.410401
-28.410730
-28.411058
-28.411386
-28.411715
-28.412043
-28.412371
-28.412700
-28.413028
-28.413356
-28.413684
-28.414012
-28.414341
-28.414669
-28.414997
-28.415325
-28.415653
-28.415981
-28.416309
-28.416638
-28.416966
-28.417294
-28.417622
-28.417950
-28.418278
-28.418606
-28.418934
-28.419262
-28.419590
-28.419917
-28.420245
-28.420573
-28.420901
-28.421229
-28.421557
-28.421885
-28.422213
-28.422540
-28.422868
-28.423196
-28.423524
-28.423851
-28.424179
-28.424507
-28.424835
-28.425162
-28.425490
-28.425818
-28.426145
-28.426473
-28.426800
-28.427128
-28.427456
-28.427783
-28.428111
-28.428438
-28.428766
-28.429093
-28.429421
-28.429748
-28.430076
-28.430403
-28.430730
-28.431058
-28.431385
-28.431712
-28.432040
-28.432367
-28.432695
-28.433022
-28.433349
-28.433676
-28.434004
-28.434331
-28.434658
-28.434985
-28.435312
-28.435640
-28.435967
-28.436294
-28.436621
-28.436948
-28.437275
-28.437602
-28.437929
-28.438257
-28.438584
-28.438911
-28.439238
-28.439565
-28.439892
-28.440219
-28.440545
-28.440872
-28.441199
-28.441526
-28.441853
-28.442180
-28.442507
-28.442834
-28.443161
-28.443487
-28.443814
-28.444141
-28.444468
-28.444794
-28.445121
-28.445448
-28.445775
-28.446101
-28.446428
-28.446755
-28.447081
-28.447408
-28.447734
-28.448061
-28.448388
-28.448714
-28.449041
-28.449367
-28.449694
-28.450020
-28.450347
-28.450673
-28.451000
-28.451326
-28.451652
-28.451979
-28.452305
-28.452632
-28.452958
-28.453284
-28.453611
-28.453937
-28.454263
-28.454589
-28.454916
-28.455242
-28.455568
-28.455894
-28.456221
-28.456547
-28.456873
-28.457199
-28.457525
-28.457851
-28.458177
-28.458504
-28.458830
-28.459156
-28.459482
-28.459808
-28.460134
-28.460460
-28.460786
-28.461112
-28.461438
-28.461764
-28.462089
-28.462415
-28.462741
-28.463067
-28.463393
-28.463719
-28.464045
-28.464370
-28.464696
-28.465022
-28.465348
-28.465674
-28.465999
-28.466325
-28.466651
-28.466976
-28.467302
-28.467628
-28.467953
-28.468279
-28.468605
-28.468930
-28.469256
-28.469581
-28.469907
-28.470232
-28.470558
-28.470883
-28.471209
-28.471534
-28.471860
-28.472185
-28.472511
-28.472836
-28.473161
-28.473487
-28.473812
-28.474137
-28.474463
-28.474788
-28.475113
-28.475439
-28.475764
-28.476089
-28.476414
-28.476740
-28.477065
-28.477390
-28.477715
-28.478040
-28.478365
-28.478691
-28.479016
-28.479341
-28.479666
-28.479991
-28.480316
-28.480641
-28.480966
-28.481291
-28.481616
-28.481941
-28.482266
-28.482591
-28.482916
-28.483241
-28.483566
-28.483890
-28.484215
-28.484540
-28.484865
-28.485190
-28.485515
-28.485839
-28.486164
-28.486489
-28.486814
-28.487138
-28.487463
-28.487788
-28.488112
-28.488437
-28.488762
-28.489086
-28.489411
-28.489735
-28.490060
-28.490385
-28.490709
-28.491034
-28.491358
-28.491683
-28.492007
-28.492332
-28.492656
-28.492981
-28.493305
-28.493629
-28.493954
-28.494278
-28.494602
-28.494927
-28.495251
-28.495575
-28.495900
-28.496224
-28.496548
-28.496873
-28.497197
-28.497521
-28.497845
-28.498169
-28.498494
-28.498818
-28.499142
-28.499466
-28.499790
-28.500114
-28.500438
-28.500762
-28.501086
-28.501410
-28.501734
-28.502058
-28.502382
-28.502706
-28.503030
-28.503354
-28.503678
-28.504002
-28.504326
-28.504650
-28.504974
-28.505298
-28.505621
-28.505945
-28.506269
-28.506593
-28.506917
-28.507240
-28.507564
-28.507888
-28.508211
-28.508535
-28.508859
-28.509182
-28.509506
-28.509830
-28.510153
-28.510477
-28.510801
-28.511124
-28.511448
-28.511771
-28.512095
-28.512418
-28.512742
-28.513065
-28.513389
-28.513712
-28.514035
-28.514359
-28.514682
-28.515006
-28.515329
-28.515652
-28.515976
-28.516299
-28.516622
-28.516946
-28.517269
-28.517592
-28.517915
-28.518239
-28.518562
-28.518885
-28.519208
-28.519531
-28.519854
-28.520178
-28.520501
-28.520824
-28.521147
-28.521470
-28.521793
-28.522116
-28.522439
-28.522762
-28.523085
-28.523408
-28.523731
-28.524054
-28.524377
-28.524700
-28.525023
-28.525345
-28.525668
-28.525991
-28.526314
-28.526637
-28.526960
-28.527282
-28.527605
-28.527928
-28.528251
-28.528573
-28.528896
-28.529219
-28.529541
-28.529864
-28.530187
-28.530509
-28.530832
-28.531155
-28.531477
-28.531800
-28.532122
-28.532445
-28.532767
-28.533090
-28.533412
-28.533735
-28.534057
-28.534380
-28.534702
-28.535025
-28.535347
-28.535669
-28.535992
-28.536314
-28.536636
-28.536959
-28.537281
-28.537603
-28.537926
-28.538248
-28.538570
-28.538892
-28.539214
-28.539537
-28.539859
-28.540181
-28.540503
-28.540825
-28.541147
-28.541469
-28.541792
-28.542114
-28.542436
-28.542758
-28.543080
-28.543402
-28.543724
-28.544046
-28.544368
-28.544690
-28.545011
-28.545333
-28.545655
-28.545977
-28.546299
-28.546621
-28.546943
-28.547265
-28.547586
-28.547908
-28.548230
-28.548552
-28.548873
-28.549195
-28.549517
-28.549839
-28.550160
-28.550482
-28.550803
-28.551125
-28.551447
-28.551768
-28.552090
-28.552411
-28.552733
-28.553055
-28.553376
-28.553698
-28.554019
-28.554341
-28.554662
-28.554983
-28.555305
-28.555626
-28.555948
-28.556269
-28.556590
-28.556912
-28.557233
-28.557554
-28.557876
-28.558197
-28.558518
-28.558840
-28.559161
-28.559482
-28.559803
-28.560124
-28.560446
-28.560767
-28.561088
-28.561409
-28.561730
-28.562051
-28.562372
-28.562693
-28.563014
-28.563335
-28.563656
-28.563977
-28.564298
-28.564619
-28.564940
-28.565261
-28.565582
-28.565903
-28.566224
-28.566545
-28.566866
-28.567187
-28.567508
-28.567828
-28.568149
-28.568470
-28.568791
-28.569111
-28.569432
-28.569753
-28.570074
-28.570394
-28.570715
-28.571036
-28.571356
-28.571677
-28.571998
-28.572318
-28.572639
-28.572959
-28.573280
-28.573600
-28.573921
-28.574241
-28.574562
-28.574882
-28.575203
-28.575523
-28.575844
-28.576164
-28.576485
-28.576805
-28.577125
-28.577446
-28.577766
-28.578086
-28.578407
-28.578727
-28.579047
-28.579367
-28.579688
-28.580008
-28.580328
-28.580648
-28.580968
-28.581289
-28.581609
-28.581929
-28.582249
-28.582569
-28.582889
-28.583209
-28.583529
-28.583849
-28.584169
-28.584489
-28.584809
-28.585129
-28.585449
-28.585769
-28.586089
-28.586409
-28.586729
-28.587049
-28.587369
-28.587689
-28.588008
-28.588328
-28.588648
-28.588968
-28.589288
-28.589607
-28.589927
-28.590247
-28.590567
-28.590886
-28.591206
-28.591526
-28.591845
-28.592165
-28.592484
-28.592804
-28.593124
-28.593443
-28.593763
-28.594082
-28.594402
-28.594721
-28.595041
-28.595360
-28.595680
-28.595999
-28.596319
-28.596638
-28.596957
-28.597277
-28.597596
-28.597916
-28.598235
-28.598554
-28.598874
-28.599193
-28.599512
-28.599831
-28.600151
-28.600470
-28.600789
-28.601108
-28.601427
-28.601747
-28.602066
-28.602385
-28.602704
-28.603023
-28.603342
-28.603661
-28.603980
-28.604299
-28.604618
-28.604937
-28.605256
-28.605575
-28.605894
-28.606213
-28.606532
-28.606851
-28.607170
-28.607489
-28.607808
-28.608127
-28.608445
-28.608764
-28.609083
-28.609402
-28.609721
-28.610039
-28.610358
-28.610677
-28.610996
-28.611314
-28.611633
-28.611952
-28.612270
-28.612589
-28.612907
-28.613226
-28.613545
-28.613863
-28.614182
-28.614500
-28.614819
-28.615137
-28.615456
-28.615774
-28.616093
-28.616411
-28.616730
-28.617048
-28.617366
-28.617685
-28.618003
-28.618322
-28.618640
-28.618958
-28.619277
-28.619595
-28.619913
-28.620231
-28.620550
-28.620868
-28.621186
-28.621504
-28.621822
-28.622141
-28.622459
-28.622777
-28.623095
-28.623413
-28.623731
-28.624049
-28.624367
-28.624685
-28.625003
-28.625321
-28.625639
-28.625957
-28.626275
-28.626593
-28.626911
-28.627229
-28.627547
-28.627865
-28.628183
-28.628501
-28.628818
-28.629136
-28.629454
-28.629772
-28.630090
-28.630407
-28.630725
-28.631043
-28.631361
-28.631678
-28.631996
-28.632314
-28.632631
-28.632949
-28.633266
-28.633584
-28.633902
-28.634219
-28.634537
-28.634854
-28.635172
-28.635489
-28.635807
-28.636124
-28.636442
-28.636759
-28.637077
-28.637394
-28.637712
-28.638029
-28.638346
-28.638664
-28.638981
-28.639298
-28.639616
-28.639933
-28.640250
-28.640567
-28.640885
-28.641202
-28.641519
-28.641836
-28.642153
-28.642471
-28.642788
-28.643105
-28.643422
-28.643739
-28.644056
-28.644373
-28.644690
-28.645007
-28.645324
-28.645641
-28.645958
-28.646275
-28.646592
-28.646909
-28.647226
-28.647543
-28.647860
-28.648177
-28.648494
-28.648811
-28.649127
-28.649444
-28.649761
-28.650078
-28.650395
-28.650711
-28.651028
-28.651345
-28.651662
-28.651978
-28.652295
-28.652612
-28.652928
-28.653245
-28.653562
-28.653878
-28.654195
-28.654511
-28.654828
-28.655144
-28.655461
-28.655777
-28.656094
-28.656410
-28.656727
-28.657043
-28.657360
-28.657676
-28.657993
-28.658309
-28.658625
-28.658942
-28.659258
-28.659574
-28.659891
-28.660207
-28.660523
-28.660839
-28.661156
-28.661472
-28.661788
-28.662104
-28.662421
-28.662737
-28.663053
-28.663369
-28.663685
-28.664001
-28.664317
-28.664633
-28.664949
-28.665265
-28.665581
-28.665897
-28.666213
-28.666529
-28.666845
-28.667161
-28.667477
-28.667793
-28.668109
-28.668425
-28.668741
-28.669057
-28.669373
-28.669688
-28.670004
-28.670320
-28.670636
-28.670952
-28.671267
-28.671583
-28.671899
-28.672214
-28.672530
-28.672846
-28.673161
-28.673477
-28.673793
-28.674108
-28.674424
-28.674739
-28.675055
-28.675371
-28.675686
-28.676002
-28.676317
-28.676633
-28.676948
-28.677263
-28.677579
-28.677894
-28.678210
-28.678525
-28.678840
-28.679156
-28.679471
-28.679786
-28.680102
-28.680417
-28.680732
-28.681048
-28.681363
-28.681678
-28.681993
-28.682308
-28.682624
-28.682939
-28.683254
-28.683569
-28.683884
-28.684199
-28.684514
-28.684829
-28.685145
-28.685460
-28.685775
-28.686090
-28.686405
-28.686720
-28.687035
-28.687349
-28.687664
-28.687979
-28.688294
-28.688609
-28.688924
-28.689239
-28.689554
-28.689868
-28.690183
-28.690498
-28.690813
-28.691128
-28.691442
-28.691757
-28.692072
-28.692386
-28.692701
-28.693016
-28.693330
-28.693645
-28.693960
-28.694274
-28.694589
-28.694904
-28.695218
-28.695533
-28.695847
-28.696162
-28.696476
-28.696791
-28.697105
-28.697420
-28.697734
-28.698048
-28.698363
-28.698677
-28.698992
-28.699306
-28.699620
-28.699935
-28.700249
-28.700563
-28.700877
-28.701192
-28.701506
-28.701820
-28.702134
-28.702449
-28.702763
-28.703077
-28.703391
-28.703705
-28.704019
-28.704333
-28.704647
-28.704962
-28.705276
-28.705590
-28.705904
-28.706218
-28.706532
-28.706846
-28.707160
-28.707474
-28.707787
-28.708101
-28.708415
-28.708729
-28.709043
-28.709357
-28.709671
-28.709985
-28.710298
-28.710612
-28.710926
-28.711240
-28.711553
-28.711867
-28.712181
-28.712495
-28.712808
-28.713122
-28.713436
-28.713749
-28.714063
-28.714376
-28.714690
-28.715004
-28.715317
-28.715631
-28.715944
-28.716258
-28.716571
-28.716885
-28.717198
-28.717512
-28.717825
-28.718138
-28.718452
-28.718765
-28.719079
-28.719392
-28.719705
-28.720019
-28.720332
-28.720645
-28.720958
-28.721272
-28.721585
-28.721898
-28.722211
-28.722525
-28.722838
-28.723151
-28.723464
-28.723777
-28.724090
-28.724403
-28.724717
-28.725030
-28.725343
-28.725656
-28.725969
-28.726282
-28.726595
-28.726908
-28.727221
-28.727534
-28.727847
-28.728159
-28.728472
-28.728785
-28.729098
-28.729411
-28.729724
-28.730037
-28.730349
-28.730662
-28.730975
-28.731288
-28.731601
-28.731913
-28.732226
-28.732539
-28.732851
-28.733164
-28.733477
-28.733789
-28.734102
-28.734414
-28.734727
-28.735040
-28.735352
-28.735665
-28.735977
-28.736290
-28.736602
-28.736915
-28.737227
-28.737540
-28.737852
-28.738164
-28.738477
-28.738789
-28.739102
-28.739414
-28.739726
-28.740039
-28.740351
-28.740663
-28.740976
-28.741288
-28.741600
-28.741912
-28.742224
-28.742537
-28.742849
-28.743161
-28.743473
-28.743785
-28.744097
-28.744410
-28.744722
-28.745034
-28.745346
-28.745658
-28.745970
-28.746282
-28.746594
-28.746906
-28.747218
-28.747530
-28.747842
-28.748154
-28.748465
-28.748777
-28.749089
-28.749401
-28.749713
-28.750025
-28.750336
-28.750648
-28.750960
-28.751272
-28.751584
-28.751895
-28.752207
-28.752519
-28.752830
-28.753142
-28.753454
-28.753765
-28.754077
-28.754389
-28.754700
-28.755012
-28.755323
-28.755635
-28.755946
-28.756258
-28.756569
-28.756881
-28.757192
-28.757504
-28.757815
-28.758127
-28.758438
-28.758749
-28.759061
-28.759372
-28.759683
-28.759995
-28.760306
-28.760617
-28.760929
-28.761240
-28.761551
-28.761862
-28.762173
-28.762485
-28.762796
-28.763107
-28.763418
-28.763729
-28.764040
-28.764352
-28.764663
-28.764974
-28.765285
-28.765596
-28.765907
-28.766218
-28.766529
-28.766840
-28.767151
-28.767462
-28.767773
-28.768084
-28.768394
-28.768705
-28.769016
-28.769327
-28.769638
-28.769949
-28.770259
-28.770570
-28.770881
-28.771192
-28.771503
-28.771813
-28.772124
-28.772435
-28.772745
-28.773056
-28.773367
-28.773677
-28.773988
-28.774298
-28.774609
-28.774920
-28.775230
-28.775541
-28.775851
-28.776162
-28.776472
-28.776783
-28.777093
-28.777404
-28.777714
-28.778024
-28.778335
-28.778645
-28.778956
-28.779266
-28.779576
-28.779887
-28.780197
-28.780507
-28.780817
-28.781128
-28.781438
-28.781748
-28.782058
-28.782369
-28.782679
-28.782989
-28.783299
-28.783609
-28.783919
-28.784229
-28.784540
-28.784850
-28.785160
-28.785470
-28.785780
-28.786090
-28.786400
-28.786710
-28.787020
-28.787330
-28.787640
-28.787949
-28.788259
-28.788569
-28.788879
-28.789189
-28.789499
-28.789809
-28.790118
-28.790428
-28.790738
-28.791048
-28.791357
-28.791667
-28.791977
-28.792287
-28.792596
-28.792906
-28.793216
-28.793525
-28.793835
-28.794144
-28.794454
-28.794764
-28.795073
-28.795383
-28.795692
-28.796002
-28.796311
-28.796621
-28.796930
-28.797240
-28.797549
-28.797858
-28.798168
-28.798477
-28.798787
-28.799096
-28.799405
-28.799715
-28.800024
-28.800333
-28.800642
-28.800952
-28.801261
-28.801570
-28.801879
-28.802188
-28.802498
-28.802807
-28.803116
-28.803425
-28.803734
-28.804043
-28.804352
-28.804661
-28.804971
-28.805280
-28.805589
-28.805898
-28.806207
-28.806516
-28.806825
-28.807133
-28.807442
-28.807751
-28.808060
-28.808369
-28.808678
-28.808987
-28.809296
-28.809604
-28.809913
-28.810222
-28.810531
-28.810840
-28.811148
-28.811457
-28.811766
-28.812074
-28.812383
-28.812692
-28.813000
-28.813309
-28.813618
-28.813926
-28.814235
-28.814543
-28.814852
-28.815160
-28.815469
-28.815777
-28.816086
-28.816394
-28.816703
-28.817011
-28.817320
-28.817628
-28.817937
-28.818245
-28.818553
-28.818862
-28.819170
-28.819478
-28.819787
-28.820095
-28.820403
-28.820711
-28.821020
-28.821328
-28.821636
-28.821944
-28.822252
-28.822561
-28.822869
-28.823177
-28.823485
-28.823793
-28.824101
-28.824409
-28.824717
-28.825025
-28.825333
-28.825641
-28.825949
-28.826257
-28.826565
-28.826873
-28.827181
-28.827489
-28.827797
-28.828105
-28.828413
-28.828721
-28.829028
-28.829336
-28.829644
-28.829952
-28.830260
-28.830567
-28.830875
-28.831183
-28.831490
-28.831798
-28.832106
-28.832413
-28.832721
-28.833029
-28.833336
-28.833644
-28.833952
-28.834259
-28.834567
-28.834874
-28.835182
-28.835489
-28.835797
-28.836104
-28.836412
-28.836719
-28.837026
-28.837334
-28.837641
-28.837949
-28.838256
-28.838563
-28.838871
-28.839178
-28.839485
-28.839793
-28.840100
-28.840407
-28.840714
-28.841022
-28.841329
-28.841636
-28.841943
-28.842250
-28.842557
-28.842865
-28.843172
-28.843479
-28.843786
-28.844093
-28.844400
-28.844707
-28.845014
-28.845321
-28.845628
-28.845935
-28.846242
-28.846549
-28.846856
-28.847163
-28.847470
-28.847776
-28.848083
-28.848390
-28.848697
-28.849004
-28.849311
-28.849617
-28.849924
-28.850231
-28.850538
-28.850844
-28.851151
-28.851458
-28.851764
-28.852071
-28.852378
-28.852684
-28.852991
-28.853298
-28.853604
-28.853911
-28.854217
-28.854524
-28.854830
-28.855137
-28.855443
-28.855750
-28.856056
-28.856363
-28.856669
-28.856976
-28.857282
-28.857588
-28.857895
-28.858201
-28.858507
-28.858814
-28.859120
-28.859426
-28.859732
-28.860039
-28.860345
-28.860651
-28.860957
-28.861264
-28.861570
-28.861876
-28.862182
-28.862488
-28.862794
-28.863100
-28.863406
-28.863713
-28.864019
-28.864325
-28.864631
-28.864937
-28.865243
-28.865549
-28.865855
-28.866160
-28.866466
-28.866772
-28.867078
-28.867384
-28.867690
-28.867996
-28.868302
-28.868607
-28.868913
-28.869219
-28.869525
-28.869830
-28.870136
-28.870442
-28.870748
-28.871053
-28.871359
-28.871665
-28.871970
-28.872276
-28.872582
-28.872887
-28.873193
-28.873498
-28.873804
-28.874109
-28.874415
-28.874720
-28.875026
-28.875331
-28.875637
-28.875942
-28.876248
-28.876553
-28.876858
-28.877164
-28.877469
-28.877774
-28.878080
-28.878385
-28.878690
-28.878996
-28.879301
-28.879606
-28.879911
-28.880217
-28.880522
-28.880827
-28.881132
-28.881437
-28.881743
-28.882048
-28.882353
-28.882658
-28.882963
-28.883268
-28.883573
-28.883878
-28.884183
-28.884488
-28.884793
-28.885098
-28.885403
-28.885708
-28.886013
-28.886318
-28.886623
-28.886927
-28.887232
-28.887537
-28.887842
-28.888147
-28.888452
-28.888756
-28.889061
-28.889366
-28.889671
-28.889975
-28.890280
-28.890585
-28.890889
-28.891194
-28.891499
-28.891803
-28.892108
-28.892413
-28.892717
-28.893022
-28.893326
-28.893631
-28.893935
-28.894240
-28.894544
-28.894849
-28.895153
-28.895458
-28.895762
-28.896066
-28.896371
-28.896675
-28.896980
-28.897284
-28.897588
-28.897892
-28.898197
-28.898501
-28.898805
-28.899110
-28.899414
-28.899718
-28.900022
-28.900326
-28.900631
-28.900935
-28.901239
-28.901543
-28.901847
-28.902151
-28.902455
-28.902759
-28.903063
-28.903367
-28.903671
-28.903975
-28.904279
-28.904583
-28.904887
-28.905191
-28.905495
-28.905799
-28.906103
-28.906407
-28.906711
-28.907014
-28.907318
-28.907622
-28.907926
-28.908230
-28.908533
-28.908837
-28.909141
-28.909445
-28.909748
-28.910052
-28.910356
-28.910659
-28.910963
-28.911267
-28.911570
-28.911874
-28.912177
-28.912481
-28.912784
-28.913088
-28.913391
-28.913695
-28.913998
-28.914302
-28.914605
-28.914909
-28.915212
-28.915516
-28.915819
-28.916122
-28.916426
-28.916729
-28.917032
-28.917336
-28.917639
-28.917942
-28.918246
-28.918549
-28.918852
-28.919155
-28.919458
-28.919762
-28.920065
-28.920368
-28.920671
-28.920974
-28.921277
-28.921580
-28.921883
-28.922186
-28.922490
-28.922793
-28.923096
-28.923399
-28.923702
-28.924004
-28.924307
-28.924610
-28.924913
-28.925216
-28.925519
-28.925822
-28.926125
-28.926428
-28.926730
-28.927033
-28.927336
-28.927639
-28.927942
-28.928244
-28.928547
-28.928850
-28.929152
-28.929455
-28.929758
-28.930060
-28.930363
-28.930666
-28.930968
-28.931271
-28.931573
-28.931876
-28.932179
-28.932481
-28.932784
-28.933086
-28.933389
-28.933691
-28.933993
-28.934296
-28.934598
-28.934901
-28.935203
-28.935505
-28.935808
-28.936110
-28.936412
-28.936715
-28.937017
-28.937319
-28.937622
-28.937924
-28.938226
-28.938528
-28.938830
-28.939133
-28.939435
-28.939737
-28.940039
-28.940341
-28.940643
-28.940945
-28.941247
-28.941550
-28.941852
-28.942154
-28.942456
-28.942758
-28.943060
-28.943361
-28.943663
-28.943965
-28.944267
-28.944569
-28.944871
-28.945173
-28.945475
-28.945777
-28.946078
-28.946380
-28.946682
-28.946984
-28.947286
-28.947587
-28.947889
-28.948191
-28.948492
-28.948794
-28.949096
-28.949397
-28.949699
-28.950001
-28.950302
-28.950604
-28.950905
-28.951207
-28.951508
-28.951810
-28.952112
-28.952413
-28.952714
-28.953016
-28.953317
-28.953619
-28.953920
-28.954222
-28.954523
-28.954824
-28.955126
-28.955427
-28.955728
-28.956030
-28.956331
-28.956632
-28.956933
-28.957235
-28.957536
-28.957837
-28.958138
-28.958440
-28.958741
-28.959042
-28.959343
-28.959644
-28.959945
-28.960246
-28.960547
-28.960848
-28.961149
-28.961450
-28.961751
-28.962052
-28.962353
-28.962654
-28.962955
-28.963256
-28.963557
-28.963858
-28.964159
-28.964460
-28.964761
-28.965061
-28.965362
-28.965663
-28.965964
-28.966265
-28.966565
-28.966866
-28.967167
-28.967468
-28.967768
-28.968069
-28.968370
-28.968670
-28.968971
-28.969271
-28.969572
-28.969873
-28.970173
-28.970474
-28.970774
-28.971075
-28.971375
-28.971676
-28.971976
-28.972277
-28.972577
-28.972878
-28.973178
-28.973478
-28.973779
-28.974079
-28.974379
-28.974680
-28.974980
-28.975280
-28.975581
-28.975881
-28.976181
-28.976481
-28.976782
-28.977082
-28.977382
-28.977682
-28.977982
-28.978283
-28.978583
-28.978883
-28.979183
-28.979483
-28.979783
-28.980083
-28.980383
-28.980683
-28.980983
-28.981283
-28.981583
-28.981883
-28.982183
-28.982483
-28.982783
-28.983083
-28.983383
-28.983682
-28.983982
-28.984282
-28.984582
-28.984882
-28.985181
-28.985481
-28.985781
-28.986081
-28.986380
-28.986680
-28.986980
-28.987279
-28.987579
-28.987879
-28.988178
-28.988478
-28.988778
-28.989077
-28.989377
-28.989676
-28.989976
-28.990275
-28.990575
-28.990874
-28.991174
-28.991473
-28.991773
-28.992072
-28.992372
-28.992671
-28.992970
-28.993270
-28.993569
-28.993868
-28.994168
-28.994467
-28.994766
-28.995065
-28.995365
-28.995664
-28.995963
-28.996262
-28.996562
-28.996861
-28.997160
-28.997459
-28.997758
-28.998057
-28.998356
-28.998655
-28.998954
-28.999254
-28.999553
-28.999852
-29.000151
-29.000450
-29.000749
-29.001047
-29.001346
-29.001645
-29.001944
-29.002243
-29.002542
-29.002841
-29.003140
-29.003438
-29.003737
-29.004036
-29.004335
-29.004634
-29.004932
-29.005231
-29.005530
-29.005829
-29.006127
-29.006426
-29.006725
-29.007023
-29.007322
-29.007620
-29.007919
-29.008218
-29.008516
-29.008815
-29.009113
-29.009412
-29.009710
-29.010009
-29.010307
-29.010606
-29.010904
-29.011202
-29.011501
-29.011799
-29.012098
-29.012396
-29.012694
-29.012993
-29.013291
-29.013589
-29.013888
-29.014186
-29.014484
-29.014782
-29.015080
-29.015379
-29.015677
-29.015975
-29.016273
-29.016571
-29.016869
-29.017168
-29.017466
-29.017764
-29.018062
-29.018360
-29.018658
-29.018956
-29.019254
-29.019552
-29.019850
-29.020148
-29.020446
-29.020744
-29.021041
-29.021339
-29.021637
-29.021935
-29.022233
-29.022531
-29.022829
-29.023126
-29.023424
-29.023722
-29.024020
-29.024317
-29.024615
-29.024913
-29.025210
-29.025508
-29.025806
-29.026103
-29.026401
-29.026699
-29.026996
-29.027294
-29.027591
-29.027889
-29.028186
-29.028484
-29.028781
-29.029079
-29.029376
-29.029674
-29.029971
-29.030269
-29.030566
-29.030863
-29.031161
-29.031458
-29.031755
-29.032053
-29.032350
-29.032647
-29.032945
-29.033242
-29.033539
-29.033836
-29.034134
-29.034431
-29.034728
-29.035025
-29.035322
-29.035619
-29.035917
-29.036214
-29.036511
-29.036808
-29.037105
-29.037402
-29.037699
-29.037996
-29.038293
-29.038590
-29.038887
-29.039184
-29.039481
-29.039778
-29.040075
-29.040371
-29.040668
-29.040965
-29.041262
-29.041559
-29.041856
-29.042152
-29.042449
-29.042746
-29.043043
-29.043339
-29.043636
-29.043933
-29.044229
-29.044526
-29.044823
-29.045119
-29.045416
-29.045713
-29.046009
-29.046306
-29.046602
-29.046899
-29.047195
-29.047492
-29.047788
-29.048085
-29.048381
-29.048678
-29.048974
-29.049271
-29.049567
-29.049863
-29.050160
-29.050456
-29.050752
-29.051049
-29.051345
-29.051641
-29.051938
-29.052234
-29.052530
-29.052826
-29.053122
-29.053419
-29.053715
-29.054011
-29.054307
-29.054603
-29.054899
-29.055195
-29.055492
-29.055788
-29.056084
-29.056380
-29.056676
-29.056972
-29.057268
-29.057564
-29.057860
-29.058156
-29.058452
-29.058747
-29.059043
-29.059339
-29.059635
-29.059931
-29.060227
-29.060523
-29.060818
-29.061114
-29.061410
-29.061706
-29.062001
-29.062297
-29.062593
-29.062889
-29.063184
-29.063480
-29.063776
-29.064071
-29.064367
-29.064662
-29.064958
-29.065253
-29.065549
-29.065845
-29.066140
-29.066436
-29.066731
-29.067027
-29.067322
-29.067617
-29.067913
-29.068208
-29.068504
-29.068799
-29.069094
-29.069390
-29.069685
-29.069980
-29.070276
-29.070571
-29.070866
-29.071161
-29.071457
-29.071752
-29.072047
-29.072342
-29.072637
-29.072933
-29.073228
-29.073523
-29.073818
-29.074113
-29.074408
-29.074703
-29.074998
-29.075293
-29.075588
-29.075883
-29.076178
-29.076473
-29.076768
-29.077063
-29.077358
-29.077653
-29.077948
-29.078243
-29.078538
-29.078832
-29.079127
-29.079422
-29.079717
-29.080012
-29.080306
-29.080601
-29.080896
-29.081191
-29.081485
-29.081780
-29.082075
-29.082369
-29.082664
-29.082959
-29.083253
-29.083548
-29.083842
-29.084137
-29.084432
-29.084726
-29.085021
-29.085315
-29.085610
-29.085904
-29.086198
-29.086493
-29.086787
-29.087082
-29.087376
-29.087671
-29.087965
-29.088259
-29.088554
-29.088848
-29.089142
-29.089436
-29.089731
-29.090025
-29.090319
-29.090613
-29.090908
-29.091202
-29.091496
-29.091790
-29.092084
-29.092378
-29.092672
-29.092967
-29.093261
-29.093555
-29.093849
-29.094143
-29.094437
-29.094731
-29.095025
-29.095319
-29.095613
-29.095907
-29.096200
-29.096494
-29.096788
-29.097082
-29.097376
-29.097670
-29.097964
-29.098257
-29.098551
-29.098845
-29.099139
-29.099433
-29.099726
-29.100020
-29.100314
-29.100607
-29.100901
-29.101195
-29.101488
-29.101782
-29.102076
-29.102369
-29.102663
-29.102956
-29.103250
-29.103543
-29.103837
-29.104130
-29.104424
-29.104717
-29.105011
-29.105304
-29.105598
-29.105891
-29.106184
-29.106478
-29.106771
-29.107064
-29.107358
-29.107651
-29.107944
-29.108238
-29.108531
-29.108824
-29.109117
-29.109411
-29.109704
-29.109997
-29.110290
-29.110583
-29.110876
-29.111169
-29.111463
-29.111756
-29.112049
-29.112342
-29.112635
-29.112928
-29.113221
-29.113514
-29.113807
-29.114100
-29.114393
-29.114686
-29.114979
-29.115271
-29.115564
-29.115857
-29.116150
-29.116443
-29.116736
-29.117029
-29.117321
-29.117614
-29.117907
-29.118200
-29.118492
-29.118785
-29.119078
-29.119370
-29.119663
-29.119956
-29.120248
-29.120541
-29.120834
-29.121126
-29.121419
-29.121711
-29.122004
-29.122296
-29.122589
-29.122881
-29.123174
-29.123466
-29.123759
-29.124051
-29.124344
-29.124636
-29.124928
-29.125221
-29.125513
-29.125805
-29.126098
-29.126390
-29.126682
-29.126975
-29.127267
-29.127559
-29.127851
-29.128143
-29.128436
-29.128728
-29.129020
-29.129312
-29.129604
-29.129896
-29.130188
-29.130481
-29.130773
-29.131065
-29.131357
-29.131649
-29.131941
-29.132233
-29.132525
-29.132817
-29.133109
-29.133401
-29.133692
-29.133984
-29.134276
-29.134568
-29.134860
-29.135152
-29.135444
-29.135735
-29.136027
-29.136319
-29.136611
-29.136902
-29.137194
-29.137486
-29.137778
-29.138069
-29.138361
-29.138653
-29.138944
-29.139236
-29.139527
-29.139819
-29.140110
-29.140402
-29.140694
-29.140985
-29.141277
-29.141568
-29.141860
-29.142151
-29.142442
-29.142734
-29.143025
-29.143317
-29.143608
-29.143899
-29.144191
-29.144482
-29.144773
-29.145065
-29.145356
-29.145647
-29.145938
-29.146230
-29.146521
-29.146812
-29.147103
-29.147395
-29.147686
-29.147977
-29.148268
-29.148559
-29.148850
-29.149141
-29.149432
-29.149723
-29.150014
-29.150305
-29.150596
-29.150887
-29.151178
-29.151469
-29.151760
-29.152051
-29.152342
-29.152633
-29.152924
-29.153215
-29.153505
-29.153796
-29.154087
-29.154378
-29.154669
-29.154959
-29.155250
-29.155541
-29.155832
-29.156122
-29.156413
-29.156704
-29.156994
-29.157285
-29.157576
-29.157866
-29.158157
-29.158447
-29.158738
-29.159029
-29.159319
-29.159610
-29.159900
-29.160191
-29.160481
-29.160771
-29.161062
-29.161352
-29.161643
-29.161933
-29.162223
-29.162514
-29.162804
-29.163094
-29.163385
-29.163675
-29.163965
-29.164256
-29.164546
-29.164836
-29.165126
-29.165417
-29.165707
-29.165997
-29.166287
-29.166577
-29.166867
-29.167157
-29.167447
-29.167738
-29.168028
-29.168318
-29.168608
-29.168898
-29.169188
-29.169478
-29.169768
-29.170058
-29.170348
-29.170637
-29.170927
-29.171217
-29.171507
-29.171797
-29.172087
-29.172377
-29.172666
-29.172956
-29.173246
-29.173536
-29.173825
-29.174115
-29.174405
-29.174695
-29.174984
-29.175274
-29.175564
-29.175853
-29.176143
-29.176432
-29.176722
-29.177012
-29.177301
-29.177591
-29.177880
-29.178170
-29.178459
-29.178749
-29.179038
-29.179328
-29.179617
-29.179906
-29.180196
-29.180485
-29.180775
-29.181064
-29.181353
-29.181643
-29.181932
-29.182221
-29.182511
-29.182800
-29.183089
-29.183378
-29.183667
-29.183957
-29.184246
-29.184535
-29.184824
-29.185113
-29.185402
-29.185691
-29.185981
-29.186270
-29.186559
-29.186848
-29.187137
-29.187426
-29.187715
-29.188004
-29.188293
-29.188582
-29.188871
-29.189159
-29.189448
-29.189737
-29.190026
-29.190315
-29.190604
-29.190893
-29.191181
-29.191470
-29.191759
-29.192048
-29.192336
-29.192625
-29.192914
-29.193203
-29.193491
-29.193780
-29.194069
-29.194357
-29.194646
-29.194934
-29.195223
-29.195512
-29.195800
-29.196089
-29.196377
-29.196666
-29.196954
-29.197243
-29.197531
-29.197820
-29.198108
-29.198396
-29.198685
-29.198973
-29.199262
-29.199550
-29.199838
-29.200127
-29.200415
-29.200703
-29.200991
-29.201280
-29.201568
-29.201856
-29.202144
-29.202432
-29.202721
-29.203009
-29.203297
-29.203585
-29.203873
-29.204161
-29.204449
-29.204737
-29.205025
-29.205314
-29.205602
-29.205890
-29.206178
-29.206465
-29.206753
-29.207041
-29.207329
-29.207617
-29.207905
-29.208193
-29.208481
-29.208769
-29.209057
-29.209344
-29.209632
-29.209920
-29.210208
-29.210495
-29.210783
-29.211071
-29.211359
-29.211646
-29.211934
-29.212222
-29.212509
-29.212797
-29.213084
-29.213372
-29.213660
-29.213947
-29.214235
-29.214522
-29.214810
-29.215097
-29.215385
-29.215672
-29.215960
-29.216247
-29.216535
-29.216822
-29.217109
-29.217397
-29.217684
-29.217971
-29.218259
-29.218546
-29.218833
-29.219121
-29.219408
-29.219695
-29.219982
-29.220270
-29.220557
-29.220844
-29.221131
-29.221418
-29.221705
-29.221993
-29.222280
-29.222567
-29.222854
-29.223141
-29.223428
-29.223715
-29.224002
-29.224289
-29.224576
-29.224863
-29.225150
-29.225437
-29.225724
-29.226011
-29.226298
-29.226584
-29.226871
-29.227158
-29.227445
-29.227732
-29.228019
-29.228305
-29.228592
-29.228879
-29.229166
-29.229452
-29.229739
-29.230026
-29.230312
-29.230599
-29.230886
-29.231172
-29.231459
-29.231745
-29.232032
-29.232319
-29.232605
-29.232892
-29.233178
-29.233465
-29.233751
-29.234038
-29.234324
-29.234610
-29.234897
-29.235183
-29.235470
-29.235756
-29.236042
-29.236329
-29.236615
-29.236901
-29.237188
-29.237474
-29.237760
-29.238046
-29.238333
-29.238619
-29.238905
-29.239191
-29.239477
-29.239764
-29.240050
-29.240336
-29.240622
-29.240908
-29.241194
-29.241480
-29.241766
-29.242052
-29.242338
-29.242624
-29.242910
-29.243196
-29.243482
-29.243768
-29.244054
-29.244340
-29.244626
-29.244912
-29.245197
-29.245483
-29.245769
-29.246055
-29.246341
-29.246626
-29.246912
-29.247198
-29.247484
-29.247769
-29.248055
-29.248341
-29.248626
-29.248912
-29.249198
-29.249483
-29.249769
-29.250054
-29.250340
-29.250626
-29.250911
-29.251197
-29.251482
-29.251768
-29.252053
-29.252339
-29.252624
-29.252909
-29.253195
-29.253480
-29.253766
-29.254051
-29.254336
-29.254622
-29.254907
-29.255192
-29.255478
-29.255763
-29.256048
-29.256333
-29.256619
-29.256904
-29.257189
-29.257474
-29.257759
-29.258044
-29.258330
-29.258615
-29.258900
-29.259185
-29.259470
-29.259755
-29.260040
-29.260325
-29.260610
-29.260895
-29.261180
-29.261465
-29.261750
-29.262035
-29.262320
-29.262605
-29.262889
-29.263174
-29.263459
-29.263744
-29.264029
-29.264314
-29.264598
-29.264883
-29.265168
-29.265453
-29.265737
-29.266022
-29.266307
-29.266591
-29.266876
-29.267161
-29.267445
-29.267730
-29.268015
-29.268299
-29.268584
-29.268868
-29.269153
-29.269437
-29.269722
-29.270006
-29.270291
-29.270575
-29.270860
-29.271144
-29.271429
-29.271713
-29.271997
-29.272282
-29.272566
-29.272850
-29.273135
-29.273419
-29.273703
-29.273987
-29.274272
-29.274556
-29.274840
-29.275124
-29.275409
-29.275693
-29.275977
-29.276261
-29.276545
-29.276829
-29.277113
-29.277397
-29.277681
-29.277966
-29.278250
-29.278534
-29.278818
-29.279102
-29.279386
-29.279669
-29.279953
-29.280237
-29.280521
-29.280805
-29.281089
-29.281373
-29.281657
-29.281941
-29.282224
-29.282508
-29.282792
-29.283076
-29.283359
-29.283643
-29.283927
-29.284211
-29.284494
-29.284778
-29.285062
-29.285345
-29.285629
-29.285912
-29.286196
-29.286480
-29.286763
-29.287047
-29.287330
-29.287614
-29.287897
-29.288181
-29.288464
-29.288748
-29.289031
-29.289314
-29.289598
-29.289881
-29.290165
-29.290448
-29.290731
-29.291015
-29.291298
-29.291581
-29.291865
-29.292148
-29.292431
-29.292714
-29.292997
-29.293281
-29.293564
-29.293847
-29.294130
-29.294413
-29.294696
-29.294980
-29.295263
-29.295546
-29.295829
-29.296112
-29.296395
-29.296678
-29.296961
-29.297244
-29.297527
-29.297810
-29.298093
-29.298376
-29.298658
-29.298941
-29.299224
-29.299507
-29.299790
-29.300073
-29.300355
-29.300638
-29.300921
-29.301204
-29.301487
-29.301769
-29.302052
-29.302335
-29.302617
-29.302900
-29.303183
-29.303465
-29.303748
-29.304031
-29.304313
-29.304596
-29.304878
-29.305161
-29.305443
-29.305726
-29.306008
-29.306291
-29.306573
-29.306856
-29.307138
-29.307420
-29.307703
-29.307985
-29.308268
-29.308550
-29.308832
-29.309115
-29.309397
-29.309679
-29.309961
-29.310244
-29.310526
-29.310808
-29.311090
-29.311373
-29.311655
-29.311937
-29.312219
-29.312501
-29.312783
-29.313065
-29.313348
-29.313630
-29.313912
-29.314194
-29.314476
-29.314758
-29.315040
-29.315322
-29.315604
-29.315886
-29.316167
-29.316449
-29.316731
-29.317013
-29.317295
-29.317577
-29.317859
-29.318140
-29.318422
-29.318704
-29.318986
-29.319268
-29.319549
-29.319831
-29.320113
-29.320394
-29.320676
-29.320958
-29.321239
-29.321521
-29.321803
-29.322084
-29.322366
-29.322647
-29.322929
-29.323210
-29.323492
-29.323773
-29.324055
-29.324336
-29.324618
-29.324899
-29.325181
-29.325462
-29.325744
-29.326025
-29.326306
-29.326588
-29.326869
-29.327150
-29.327432
-29.327713
-29.327994
-29.328275
-29.328557
-29.328838
-29.329119
-29.329400
-29.329681
-29.329963
-29.330244
-29.330525
-29.330806
-29.331087
-29.331368
-29.331649
-29.331930
-29.332211
-29.332492
-29.332773
-29.333054
-29.333335
-29.333616
-29.333897
-29.334178
-29.334459
-29.334740
-29.335021
-29.335302
-29.335582
-29.335863
-29.336144
-29.336425
-29.336706
-29.336986
-29.337267
-29.337548
-29.337829
-29.338109
-29.338390
-29.338671
-29.338951
-29.339232
-29.339512
-29.339793
-29.340074
-29.340354
-29.340635
-29.340915
-29.341196
-29.341476
-29.341757
-29.342037
-29.342318
-29.342598
-29.342879
-29.343159
-29.343440
-29.343720
-29.344000
-29.344281
-29.344561
-29.344841
-29.345122
-29.345402
-29.345682
-29.345962
-29.346243
-29.346523
-29.346803
-29.347083
-29.347363
-29.347644
-29.347924
-29.348204
-29.348484
-29.348764
-29.349044
-29.349324
-29.349604
-29.349884
-29.350164
-29.350444
-29.350724
-29.351004
-29.351284
-29.351564
-29.351844
-29.352124
-29.352404
-29.352684
-29.352964
-29.353244
-29.353523
-29.353803
-29.354083
-29.354363
-29.354643
-29.354922
-29.355202
-29.355482
-29.355762
-29.356041
-29.356321
-29.356601
-29.356880
-29.357160
-29.357440
-29.357719
-29.357999
-29.358278
-29.358558
-29.358837
-29.359117
-29.359396
-29.359676
-29.359955
-29.360235
-29.360514
-29.360794
-29.361073
-29.361353
-29.361632
-29.361911
-29.362191
-29.362470
-29.362749
-29.363029
-29.363308
-29.363587
-29.363866
-29.364146
-29.364425
-29.364704
-29.364983
-29.365262
-29.365542
-29.365821
-29.366100
-29.366379
-29.366658
-29.366937
-29.367216
-29.367495
-29.367774
-29.368053
-29.368332
-29.368611
-29.368890
-29.369169
-29.369448
-29.369727
-29.370006
-29.370285
-29.370564
-29.370843
-29.371121
-29.371400
-29.371679
-29.371958
-29.372237
-29.372515
-29.372794
-29.373073
-29.373352
-29.373630
-29.373909
-29.374188
-29.374466
-29.374745
-29.375024
-29.375302
-29.375581
-29.375859
-29.376138
-29.376417
-29.376695
-29.376974
-29.377252
-29.377531
-29.377809
-29.378088
-29.378366
-29.378644
-29.378923
-29.379201
-29.379480
-29.379758
-29.380036
-29.380315
-29.380593
-29.380871
-29.381149
-29.381428
-29.381706
-29.381984
-29.382262
-29.382541
-29.382819
-29.383097
-29.383375
-29.383653
-29.383931
-29.384209
-29.384488
-29.384766
-29.385044
-29.385322
-29.385600
-29.385878
-29.386156
-29.386434
-29.386712
-29.386990
-29.387268
-29.387546
-29.387823
-29.388101
-29.388379
-29.388657
-29.388935
-29.389213
-29.389491
-29.389768
-29.390046
-29.390324
-29.390602
-29.390879
-29.391157
-29.391435
-29.391712
-29.391990
-29.392268
-29.392545
-29.392823
-29.393101
-29.393378
-29.393656
-29.393933
-29.394211
-29.394488
-29.394766
-29.395043
-29.395321
-29.395598
-29.395876
-29.396153
-29.396431
-29.396708
-29.396985
-29.397263
-29.397540
-29.397818
-29.398095
-29.398372
-29.398649
-29.398927
-29.399204
-29.399481
-29.399758
-29.400036
-29.400313
-29.400590
-29.400867
-29.401144
-29.401421
-29.401699
-29.401976
-29.402253
-29.402530
-29.402807
-29.403084
-29.403361
-29.403638
-29.403915
-29.404192
-29.404469
-29.404746
-29.405023
-29.405300
-29.405577
-29.405853
-29.406130
-29.406407
-29.406684
-29.406961
-29.407238
-29.407514
-29.407791
-29.408068
-29.408345
-29.408621
-29.408898
-29.409175
-29.409451
-29.409728
-29.410005
-29.410281
-29.410558
-29.410835
-29.411111
-29.411388
-29.411664
-29.411941
-29.412217
-29.412494
-29.412770
-29.413047
-29.413323
-29.413600
-29.413876
-29.414153
-29.414429
-29.414705
-29.414982
-29.415258
-29.415534
-29.415811
-29.416087
-29.416363
-29.416640
-29.416916
-29.417192
-29.417468
-29.417745
-29.418021
-29.418297
-29.418573
-29.418849
-29.419125
-29.419401
-29.419678
-29.419954
-29.420230
-29.420506
-29.420782
-29.421058
-29.421334
-29.421610
-29.421886
-29.422162
-29.422438
-29.422714
-29.422989
-29.423265
-29.423541
-29.423817
-29.424093
-29.424369
-29.424645
-29.424920
-29.425196
-29.425472
-29.425748
-29.426023
-29.426299
-29.426575
-29.426850
-29.427126
-29.427402
-29.427677
-29.427953
-29.428229
-29.428504
-29.428780
-29.429055
-29.429331
-29.429607
-29.429882
-29.430158
-29.430433
-29.430708
-29.430984
-29.431259
-29.431535
-29.431810
-29.432086
-29.432361
-29.432636
-29.432912
-29.433187
-29.433462
-29.433738
-29.434013
-29.434288
-29.434563
-29.434839
-29.435114
-29.435389
-29.435664
-29.435939
-29.436215
-29.436490
-29.436765
-29.437040
-29.437315
-29.437590
-29.437865
-29.438140
-29.438415
-29.438690
-29.438965
-29.439240
-29.439515
-29.439790
-29.440065
-29.440340
-29.440615
-29.440890
-29.441165
-29.441439
-29.441714
-29.441989
-29.442264
-29.442539
-29.442813
-29.443088
-29.443363
-29.443638
-29.443912
-29.444187
-29.444462
-29.444736
-29.445011
-29.445286
-29.445560
-29.445835
-29.446110
-29.446384
-29.446659
-29.446933
-29.447208
-29.447482
-29.447757
-29.448031
-29.448306
-29.448580
-29.448855
-29.449129
-29.449403
-29.449678
-29.449952
-29.450226
-29.450501
-29.450775
-29.451049
-29.451324
-29.451598
-29.451872
-29.452147
-29.452421
-29.452695
-29.452969
-29.453243
-29.453517
-29.453792
-29.454066
-29.454340
-29.454614
-29.454888
-29.455162
-29.455436
-29.455710
-29.455984
-29.456258
-29.456532
-29.456806
-29.457080
-29.457354
-29.457628
-29.457902
-29.458176
-29.458450
-29.458724
-29.458997
-29.459271
-29.459545
-29.459819
-29.460093
-29.460366
-29.460640
-29.460914
-29.461188
-29.461461
-29.461735
-29.462009
-29.462282
-29.462556
-29.462830
-29.463103
-29.463377
-29.463650
-29.463924
-29.464198
-29.464471
-29.464745
-29.465018
-29.465292
-29.465565
-29.465839
-29.466112
-29.466385
-29.466659
-29.466932
-29.467206
-29.467479
-29.467752
-29.468026
-29.468299
-29.468572
-29.468846
-29.469119
-29.469392
-29.469665
-29.469938
-29.470212
-29.470485
-29.470758
-29.471031
-29.471304
-29.471577
-29.471851
-29.472124
-29.472397
-29.472670
-29.472943
-29.473216
-29.473489
-29.473762
-29.474035
-29.474308
-29.474581
-29.474854
-29.475127
-29.475400
-29.475672
-29.475945
-29.476218
-29.476491
-29.476764
-29.477037
-29.477309
-29.477582
-29.477855
-29.478128
-29.478401
-29.478673
-29.478946
-29.479219
-29.479491
-29.479764
-29.480037
-29.480309
-29.480582
-29.480854
-29.481127
-29.481400
-29.481672
-29.481945
-29.482217
-29.482490
-29.482762
-29.483035
-29.483307
-29.483579
-29.483852
-29.484124
-29.484397
-29.484669
-29.484941
-29.485214
-29.485486
-29.485758
-29.486031
