0.307720
0.307907
0.307936
0.307806
0.307517
0.307071
0.306469
0.305712
0.304800
0.303735
0.302518
0.301151
0.299635
0.297973
0.296164
0.294212
0.292119
0.289885
0.287514
0.285008
0.282368
0.279598
0.276698
0.273673
0.270523
0.267252
0.263862
0.260356
0.256736
0.253005
0.249166
0.245221
0.241172
0.237024
0.232777
0.228435
0.224001
0.219478
0.214867
0.210172
0.205396
0.200541
0.195609
0.190604
0.185529
0.180385
0.175175
0.169902
0.164569
0.159178
0.153731
0.148231
0.142681
0.137083
0.131439
0.125751
0.120022
0.114255
0.108451
0.102613
0.096743
0.090843
0.084915
0.078961
0.072984
0.066985
0.060966
0.054930
0.048878
0.042812
0.036734
0.030646
0.024549
0.018446
0.012338
0.006226
0.000113
-0.006000
-0.012112
-0.018221
-0.024325
-0.030423
-0.036513
-0.042594
-0.048665
-0.054724
-0.060770
-0.066802
-0.072817
-0.078816
-0.084797
-0.090758
-0.096698
-0.102617
-0.108513
-0.114384
-0.120231
-0.126052
-0.131845
-0.137610
-0.143345
-0.149051
-0.154725
-0.160368
-0.165977
-0.171552
-0.177093
-0.182598
-0.188067
-0.193498
-0.198891
-0.204245
-0.209560
-0.214834
-0.220068
-0.225259
-0.230408
-0.235513
-0.240575
-0.245592
-0.250564
-0.255490
-0.260370
-0.265202
-0.269987
-0.274724
-0.279412
-0.284050
-0.288639
-0.293177
-0.297665
-0.302100
-0.306484
-0.310816
-0.315094
-0.319319
-0.323490
-0.327607
-0.331669
-0.335676
-0.339628
-0.343523
-0.347362
-0.351144
-0.354869
-0.358536
-0.362145
-0.365696
-0.369188
-0.372621
-0.375995
-0.379309
-0.382563
-0.385756
-0.388889
-0.391960
-0.394971
-0.397919
-0.400806
-0.403630
-0.406392
-0.409092
-0.411728
-0.414300
-0.416809
-0.419255
-0.421636
-0.423953
-0.426205
-0.428392
-0.430514
-0.432571
-0.434563
-0.436488
-0.438348
-0.440141
-0.441869
-0.443529
-0.445123
-0.446650
-0.448109
-0.449502
-0.450827
-0.452084
-0.453273
-0.454394
-0.455447
-0.456432
-0.457348
-0.458195
-0.458973
-0.459683
-0.460324
-0.460895
-0.461397
-0.461829
-0.462191
-0.462484
-0.462707
-0.462860
-0.462943
-0.462956
-0.462898
-0.462770
-0.462572
-0.462302
-0.461962
-0.461552
-0.461070
-0.460518
-0.459894
-0.459200
-0.458434
-0.457597
-0.456689
-0.455710
-0.454660
-0.453538
-0.452344
-0.451079
-0.449743
-0.448336
-0.446856
-0.445306
-0.443684
-0.441990
-0.440225
-0.438389
-0.436481
-0.434501
-0.432451
-0.430329
-0.428135
-0.425871
-0.423535
-0.421128
-0.418651
-0.416102
-0.413482
-0.410792
-0.408031
-0.405200
-0.402298
-0.399326
-0.396283
-0.393171
-0.389989
-0.386738
-0.383416
-0.380026
-0.376567
-0.373038
-0.369441
-0.365776
-0.362042
-0.358241
-0.354372
-0.350435
-0.346432
-0.342362
-0.338225
-0.334023
-0.329754
-0.325421
-0.321022
-0.316559
-0.312031
-0.307440
-0.302786
-0.298069
-0.293290
-0.288449
-0.283546
-0.278583
-0.273560
-0.268477
-0.263336
-0.258136
-0.252878
-0.247564
-0.242193
-0.236767
-0.231286
-0.225751
-0.220163
-0.214523
-0.208831
-0.203088
-0.197296
-0.191456
-0.185567
-0.179632
-0.173652
-0.167626
-0.161558
-0.155447
-0.149295
-0.143103
-0.136873
-0.130605
-0.124301
-0.117963
-0.111592
-0.105189
-0.098756
-0.092294
-0.085805
-0.079291
-0.072753
-0.066193
-0.059613
-0.053014
-0.046399
-0.039769
-0.033127
-0.026474
-0.019812
-0.013144
-0.006471
0.000204
0.006879
0.013551
0.020219
0.026879
0.033530
0.040169
0.046794
0.053401
0.059988
0.066553
0.073092
0.079603
0.086084
0.092531
0.098941
0.105311
0.111639
0.117922
0.124156
0.130338
0.136465
0.142535
0.148543
0.154487
0.160364
0.166170
0.171902
0.177557
0.183131
0.188622
0.194027
0.199341
0.204562
0.209687
0.214712
0.219635
0.224452
0.229160
0.233757
0.238238
0.242602
0.246846
0.250966
0.254960
0.258825
0.262560
0.266160
0.269624
0.272950
0.276136
0.279178
0.282076
0.284828
0.287430
0.289883
0.292185
0.294333
0.296327
0.298165
0.299847
0.301372
0.302739
0.303947
0.304996
0.305885
0.306614
0.307183
0.307593
0.307843
0.307934
0.307865
0.307639
0.307254
0.306713
0.306017
0.305165
0.304160
0.303002
0.301694
0.300236
0.298631
0.296879
0.294983
0.292945
0.290766
0.288449
0.285995
0.283407
0.280688
0.277838
0.274862
0.271761
0.268537
0.265193
0.261733
0.258157
0.254469
0.250672
0.246768
0.242759
0.238650
0.234441
0.230136
0.225738
0.221249
0.216672
0.212010
0.207265
0.202441
0.197539
0.192563
0.187514
0.182397
0.177212
0.171964
0.166654
0.161285
0.155860
0.150381
0.144850
0.139270
0.133644
0.127973
0.122260
0.116507
0.110718
0.104892
0.099035
0.093146
0.087228
0.081285
0.075316
0.069326
0.063314
0.057285
0.051239
0.045178
0.039104
0.033020
0.026926
0.020825
0.014719
0.008608
0.002495
-0.003618
-0.009731
-0.015841
-0.021947
-0.028048
-0.034141
-0.040226
-0.046301
-0.052365
-0.058417
-0.064454
-0.070476
-0.076482
-0.082470
-0.088439
-0.094387
-0.100315
-0.106220
-0.112101
-0.117958
-0.123789
-0.129593
-0.135369
-0.141117
-0.146834
-0.152521
-0.158176
-0.163799
-0.169388
-0.174942
-0.180461
-0.185944
-0.191390
-0.196799
-0.202168
-0.207499
-0.212789
-0.218039
-0.223247
-0.228412
-0.233535
-0.238614
-0.243649
-0.248639
-0.253583
-0.258481
-0.263332
-0.268136
-0.272892
-0.277599
-0.282257
-0.286866
-0.291424
-0.295931
-0.300387
-0.304792
-0.309144
-0.313443
-0.317689
-0.321882
-0.326020
-0.330104
-0.334133
-0.338106
-0.342024
-0.345885
-0.349689
-0.353437
-0.357127
-0.360759
-0.364333
-0.367848
-0.371304
-0.374701
-0.378039
-0.381317
-0.384534
-0.387690
-0.390786
-0.393821
-0.396794
-0.399705
-0.402554
-0.405340
-0.408064
-0.410725
-0.413323
-0.415857
-0.418328
-0.420734
-0.423076
-0.425354
-0.427567
-0.429715
-0.431797
-0.433815
-0.435766
-0.437652
-0.439472
-0.441225
-0.442912
-0.444532
-0.446085
-0.447571
-0.448990
-0.450342
-0.451625
-0.452841
-0.453989
-0.455069
-0.456081
-0.457024
-0.457898
-0.458704
-0.459441
-0.460108
-0.460707
-0.461236
-0.461696
-0.462086
-0.462406
-0.462657
-0.462837
-0.462948
-0.462988
-0.462958
-0.462858
-0.462687
-0.462446
-0.462134
-0.461751
-0.461297
-0.460773
-0.460177
-0.459511
-0.458773
-0.457965
-0.457085
-0.456134
-0.455111
-0.454017
-0.452852
-0.451615
-0.450307
-0.448928
-0.447477
-0.445954
-0.444360
-0.442695
-0.440958
-0.439150
-0.437270
-0.435319
-0.433296
-0.431202
-0.429037
-0.426801
-0.424493
-0.422114
-0.419665
-0.417144
-0.414552
-0.411890
-0.409157
-0.406353
-0.403479
-0.400534
-0.397520
-0.394435
-0.391281
-0.388056
-0.384763
-0.381400
-0.377967
-0.374466
-0.370896
-0.367258
-0.363551
-0.359776
-0.355934
-0.352024
-0.348047
-0.344003
-0.339893
-0.335716
-0.331474
-0.327166
-0.322793
-0.318355
-0.313853
-0.309287
-0.304658
-0.299965
-0.295211
-0.290394
-0.285516
-0.280577
-0.275577
-0.270518
-0.265399
-0.260222
-0.254988
-0.249696
-0.244347
-0.238943
-0.233483
-0.227970
-0.222402
-0.216783
-0.211111
-0.205389
-0.199616
-0.193795
-0.187925
-0.182008
-0.176045
-0.170038
-0.163986
-0.157892
-0.151756
-0.145580
-0.139365
-0.133112
-0.126822
-0.120498
-0.114139
-0.107749
-0.101328
-0.094877
-0.088399
-0.081895
-0.075366
-0.068815
-0.062242
-0.055651
-0.049042
-0.042418
-0.035781
-0.029132
-0.022473
-0.015807
-0.009136
-0.002462
0.004213
0.010886
0.017556
0.024219
0.030874
0.037518
0.044148
0.050762
0.057358
0.063931
0.070481
0.077003
0.083496
0.089956
0.096381
0.102768
0.109113
0.115413
0.121666
0.127869
0.134018
0.140111
0.146143
0.152113
0.158016
0.163850
0.169612
0.175297
0.180904
0.186428
0.191867
0.197217
0.202475
0.207638
0.212703
0.217666
0.222525
0.227276
0.231917
0.236444
0.240854
0.245145
0.249314
0.253358
0.257275
0.261061
0.264714
0.268232
0.271613
0.274854
0.277953
0.280908
0.283717
0.286379
0.288891
0.291252
0.293461
0.295515
0.297415
0.299159
0.300746
0.302175
0.303446
0.304557
0.305509
0.306301
0.306934
0.307406
0.307719
0.307872
0.307867
0.307702
0.307380
0.306901
0.306265
0.305475
0.304530
0.303432
0.302183
0.300784
0.299237
0.297542
0.295703
0.293721
0.291597
0.289334
0.286934
0.284399
0.281731
0.278932
0.276006
0.272953
0.269778
0.266481
0.263066
0.259535
0.255892
0.252137
0.248275
0.244307
0.240237
0.236067
0.231800
0.227438
0.222985
0.218442
0.213813
0.209101
0.204307
0.199435
0.194488
0.189468
0.184377
0.179219
0.173995
0.168709
0.163363
0.157960
0.152502
0.146991
0.141430
0.135821
0.130168
0.124471
0.118734
0.112958
0.107147
0.101302
0.095425
0.089518
0.083585
0.077625
0.071643
0.065640
0.059617
0.053577
0.047522
0.041453
0.035373
0.029282
0.023184
0.017079
0.010970
0.004858
-0.001256
-0.007369
-0.013481
-0.019589
-0.025692
-0.031788
-0.037877
-0.043956
-0.050025
-0.056082
-0.062125
-0.068153
-0.074166
-0.080161
-0.086138
-0.092095
-0.098031
-0.103945
-0.109836
-0.115703
-0.121544
-0.127359
-0.133146
-0.138905
-0.144635
-0.150334
-0.156002
-0.161638
-0.167240
-0.172808
-0.178342
-0.183839
-0.189300
-0.194724
-0.200109
-0.205455
-0.210761
-0.216027
-0.221252
-0.226434
-0.231574
-0.236671
-0.241723
-0.246731
-0.251693
-0.256610
-0.261480
-0.266303
-0.271077
-0.275804
-0.280482
-0.285110
-0.289688
-0.294216
-0.298692
-0.303117
-0.307490
-0.311811
-0.316078
-0.320292
-0.324452
-0.328557
-0.332608
-0.336603
-0.340543
-0.344426
-0.348253
-0.352023
-0.355736
-0.359391
-0.362988
-0.366527
-0.370007
-0.373427
-0.376789
-0.380090
-0.383331
-0.386512
-0.389632
-0.392691
-0.395688
-0.398624
-0.401497
-0.404309
-0.407058
-0.409743
-0.412366
-0.414926
-0.417421
-0.419853
-0.422221
-0.424524
-0.426763
-0.428936
-0.431045
-0.433088
-0.435066
-0.436977
-0.438823
-0.440603
-0.442316
-0.443962
-0.445542
-0.447055
-0.448500
-0.449879
-0.451189
-0.452432
-0.453607
-0.454714
-0.455752
-0.456722
-0.457624
-0.458457
-0.459221
-0.459916
-0.460542
-0.461099
-0.461586
-0.462003
-0.462351
-0.462630
-0.462838
-0.462976
-0.463044
-0.463042
-0.462969
-0.462827
-0.462613
-0.462329
-0.461974
-0.461549
-0.461052
-0.460485
-0.459846
-0.459137
-0.458356
-0.457505
-0.456581
-0.455587
-0.454521
-0.453384
-0.452176
-0.450896
-0.449545
-0.448122
-0.446628
-0.445062
-0.443425
-0.441716
-0.439936
-0.438085
-0.436162
-0.434167
-0.432102
-0.429965
-0.427756
-0.425477
-0.423126
-0.420704
-0.418212
-0.415648
-0.413014
-0.410308
-0.407533
-0.404686
-0.401770
-0.398783
-0.395726
-0.392599
-0.389402
-0.386136
-0.382800
-0.379395
-0.375921
-0.372378
-0.368767
-0.365087
-0.361339
-0.357523
-0.353640
-0.349690
-0.345672
-0.341588
-0.337437
-0.333221
-0.328939
-0.324591
-0.320179
-0.315702
-0.311162
-0.306557
-0.301890
-0.297160
-0.292367
-0.287513
-0.282598
-0.277622
-0.272587
-0.267492
-0.262338
-0.257126
-0.251856
-0.246530
-0.241147
-0.235710
-0.230217
-0.224671
-0.219072
-0.213421
-0.207718
-0.201966
-0.196163
-0.190312
-0.184414
-0.178470
-0.172480
-0.166445
-0.160368
-0.154248
-0.148088
-0.141888
-0.135650
-0.129374
-0.123063
-0.116718
-0.110340
-0.103931
-0.097492
-0.091025
-0.084530
-0.078011
-0.071469
-0.064904
-0.058320
-0.051718
-0.045100
-0.038468
-0.031823
-0.025168
-0.018505
-0.011836
-0.005163
0.001512
0.008186
0.014858
0.021524
0.028182
0.034831
0.041467
0.048087
0.054690
0.061273
0.067832
0.074365
0.080870
0.087344
0.093783
0.100184
0.106546
0.112864
0.119137
0.125360
0.131530
0.137645
0.143702
0.149696
0.155626
0.161488
0.167278
0.172994
0.178632
0.184189
0.189662
0.195047
0.200342
0.205543
0.210646
0.215650
0.220550
0.225344
0.230029
0.234601
0.239058
0.243396
0.247613
0.251707
0.255674
0.259512
0.263217
0.266789
0.270224
0.273520
0.276675
0.279687
0.282554
0.285274
0.287845
0.290266
0.292535
0.294650
0.296611
0.298417
0.300066
0.301557
0.302890
0.304064
0.305079
0.305934
0.306629
0.307165
0.307540
0.307757
0.307813
0.307711
0.307451
0.307034
0.306460
0.305730
0.304846
0.303808
0.302619
0.301278
0.299789
0.298152
0.296370
0.294444
0.292375
0.290167
0.287821
0.285338
0.282722
0.279975
0.277099
0.274095
0.270968
0.267719
0.264350
0.260865
0.257265
0.253554
0.249734
0.245807
0.241777
0.237646
0.233417
0.229092
0.224674
0.220167
0.215571
0.210891
0.206129
0.201288
0.196370
0.191378
0.186315
0.181183
0.175985
0.170723
0.165401
0.160019
0.154582
0.149092
0.143551
0.137960
0.132324
0.126644
0.120923
0.115162
0.109364
0.103532
0.097667
0.091772
0.085849
0.079900
0.073926
0.067931
0.061916
0.055882
0.049833
0.043769
0.037693
0.031606
0.025511
0.019408
0.013301
0.007189
0.001076
-0.005038
-0.011150
-0.017260
-0.023365
-0.029464
-0.035556
-0.041639
-0.047712
-0.053774
-0.059822
-0.065857
-0.071876
-0.077878
-0.083862
-0.089827
-0.095772
-0.101695
-0.107595
-0.113471
-0.119323
-0.125148
-0.130947
-0.136717
-0.142458
-0.148170
-0.153850
-0.159498
-0.165114
-0.170696
-0.176243
-0.181755
-0.187230
-0.192669
-0.198069
-0.203431
-0.208753
-0.214035
-0.219276
-0.224475
-0.229632
-0.234745
-0.239815
-0.244841
-0.249821
-0.254756
-0.259644
-0.264486
-0.269279
-0.274025
-0.278722
-0.283370
-0.287968
-0.292515
-0.297012
-0.301458
-0.305851
-0.310192
-0.314481
-0.318716
-0.322897
-0.327024
-0.331096
-0.335113
-0.339075
-0.342981
-0.346830
-0.350623
-0.354358
-0.358036
-0.361656
-0.365217
-0.368720
-0.372165
-0.375549
-0.378874
-0.382139
-0.385344
-0.388488
-0.391571
-0.394592
-0.397552
-0.400450
-0.403286
-0.406060
-0.408771
-0.411418
-0.414003
-0.416524
-0.418981
-0.421374
-0.423702
-0.425966
-0.428166
-0.430300
-0.432369
-0.434372
-0.436310
-0.438182
-0.439988
-0.441727
-0.443400
-0.445006
-0.446545
-0.448017
-0.449422
-0.450759
-0.452029
-0.453230
-0.454364
-0.455429
-0.456427
-0.457355
-0.458215
-0.459006
-0.459729
-0.460382
-0.460966
-0.461480
-0.461925
-0.462301
-0.462607
-0.462842
-0.463008
-0.463104
-0.463130
-0.463085
-0.462970
-0.462784
-0.462528
-0.462201
-0.461803
-0.461335
-0.460795
-0.460185
-0.459503
-0.458751
-0.457927
-0.457032
-0.456066
-0.455028
-0.453919
-0.452739
-0.451488
-0.450164
-0.448770
-0.447304
-0.445766
-0.444157
-0.442477
-0.440725
-0.438901
-0.437007
-0.435040
-0.433003
-0.430894
-0.428714
-0.426462
-0.424139
-0.421746
-0.419281
-0.416745
-0.414139
-0.411461
-0.408713
-0.405895
-0.403006
-0.400047
-0.397017
-0.393918
-0.390748
-0.387510
-0.384201
-0.380823
-0.377377
-0.373861
-0.370276
-0.366623
-0.362902
-0.359113
-0.355257
-0.351333
-0.347341
-0.343284
-0.339159
-0.334969
-0.330712
-0.326390
-0.322004
-0.317552
-0.313037
-0.308457
-0.303815
-0.299109
-0.294341
-0.289511
-0.284620
-0.279668
-0.274656
-0.269584
-0.264453
-0.259264
-0.254017
-0.248713
-0.243353
-0.237937
-0.232466
-0.226941
-0.221362
-0.215731
-0.210049
-0.204316
-0.198533
-0.192701
-0.186821
-0.180895
-0.174922
-0.168905
-0.162845
-0.156741
-0.150597
-0.144412
-0.138189
-0.131928
-0.125631
-0.119299
-0.112934
-0.106537
-0.100109
-0.093653
-0.087169
-0.080659
-0.074126
-0.067570
-0.060993
-0.054398
-0.047786
-0.041159
-0.034519
-0.027867
-0.021207
-0.014540
-0.007868
-0.001194
0.005481
0.012154
0.018823
0.025484
0.032137
0.038778
0.045405
0.052015
0.058606
0.065175
0.071719
0.078236
0.084722
0.091175
0.097591
0.103969
0.110305
0.116596
0.122839
0.129030
0.135167
0.141247
0.147267
0.153223
0.159111
0.164930
0.170676
0.176345
0.181934
0.187440
0.192860
0.198191
0.203429
0.208571
0.213615
0.218556
0.223392
0.228120
0.232737
0.237239
0.241625
0.245890
0.250032
0.254049
0.257938
0.261696
0.265321
0.268810
0.272161
0.275372
0.278440
0.281364
0.284142
0.286772
0.289252
0.291580
0.293756
0.295778
0.297645
0.299355
0.300908
0.302303
0.303540
0.304617
0.305535
0.306293
0.306891
0.307330
0.307608
0.307728
0.307688
0.307490
0.307134
0.306621
0.305952
0.305129
0.304151
0.303021
0.301740
0.300309
0.298729
0.297004
0.295134
0.293121
0.290967
0.288675
0.286246
0.283682
0.280986
0.278160
0.275206
0.272127
0.268925
0.265603
0.262163
0.258608
0.254940
0.251162
0.247277
0.243287
0.239196
0.235005
0.230717
0.226335
0.221862
0.217301
0.212654
0.207924
0.203114
0.198225
0.193262
0.188227
0.183121
0.177949
0.172712
0.167413
0.162054
0.156639
0.151169
0.145647
0.140076
0.134458
0.128795
0.123089
0.117343
0.111560
0.105741
0.099889
0.094005
0.088093
0.082154
0.076190
0.070203
0.064195
0.058168
0.052125
0.046067
0.039995
0.033912
0.027820
0.021720
0.015615
0.009504
0.003392
-0.002722
-0.008835
-0.014946
-0.021053
-0.027154
-0.033249
-0.039336
-0.045413
-0.051480
-0.057533
-0.063574
-0.069599
-0.075608
-0.081599
-0.087571
-0.093524
-0.099456
-0.105365
-0.111251
-0.117112
-0.122948
-0.128757
-0.134538
-0.140291
-0.146014
-0.151707
-0.157368
-0.162997
-0.168592
-0.174153
-0.179678
-0.185168
-0.190621
-0.196036
-0.201413
-0.206751
-0.212049
-0.217306
-0.222521
-0.227695
-0.232825
-0.237913
-0.242956
-0.247954
-0.252906
-0.257813
-0.262673
-0.267485
-0.272250
-0.276966
-0.281633
-0.286251
-0.290818
-0.295335
-0.299801
-0.304214
-0.308576
-0.312885
-0.317141
-0.321344
-0.325492
-0.329586
-0.333624
-0.337608
-0.341536
-0.345407
-0.349222
-0.352980
-0.356680
-0.360323
-0.363908
-0.367434
-0.370901
-0.374309
-0.377657
-0.380946
-0.384174
-0.387342
-0.390449
-0.393494
-0.396479
-0.399401
-0.402261
-0.405060
-0.407795
-0.410467
-0.413077
-0.415622
-0.418104
-0.420523
-0.422877
-0.425166
-0.427391
-0.429550
-0.431645
-0.433674
-0.435638
-0.437536
-0.439367
-0.441133
-0.442832
-0.444464
-0.446029
-0.447528
-0.448959
-0.450323
-0.451619
-0.452847
-0.454007
-0.455100
-0.456124
-0.457079
-0.457966
-0.458784
-0.459534
-0.460214
-0.460825
-0.461367
-0.461839
-0.462242
-0.462575
-0.462838
-0.463032
-0.463155
-0.463208
-0.463191
-0.463103
-0.462945
-0.462717
-0.462418
-0.462048
-0.461607
-0.461096
-0.460513
-0.459859
-0.459135
-0.458339
-0.457472
-0.456534
-0.455524
-0.454443
-0.453291
-0.452067
-0.450772
-0.449406
-0.447968
-0.446458
-0.444877
-0.443225
-0.441501
-0.439705
-0.437839
-0.435900
-0.433891
-0.431810
-0.429658
-0.427434
-0.425139
-0.422773
-0.420336
-0.417829
-0.415250
-0.412600
-0.409880
-0.407089
-0.404228
-0.401296
-0.398294
-0.395222
-0.392080
-0.388869
-0.385587
-0.382237
-0.378817
-0.375328
-0.371771
-0.368145
-0.364450
-0.360688
-0.356858
-0.352960
-0.348995
-0.344963
-0.340865
-0.336700
-0.332470
-0.328174
-0.323812
-0.319386
-0.314896
-0.310341
-0.305723
-0.301042
-0.296299
-0.291493
-0.286626
-0.281698
-0.276709
-0.271661
-0.266553
-0.261386
-0.256162
-0.250880
-0.245542
-0.240147
-0.234698
-0.229194
-0.223636
-0.218026
-0.212363
-0.206650
-0.200886
-0.195074
-0.189213
-0.183304
-0.177350
-0.171350
-0.165306
-0.159219
-0.153091
-0.146922
-0.140714
-0.134467
-0.128184
-0.121866
-0.115513
-0.109129
-0.102713
-0.096267
-0.089794
-0.083294
-0.076770
-0.070222
-0.063654
-0.057065
-0.050460
-0.043838
-0.037203
-0.030556
-0.023899
-0.017234
-0.010564
-0.003890
0.002785
0.009459
0.016130
0.022795
0.029451
0.036097
0.042730
0.049347
0.055946
0.062524
0.069078
0.075606
0.082104
0.088571
0.095002
0.101396
0.107748
0.114057
0.120319
0.126531
0.132690
0.138793
0.144837
0.150818
0.156733
0.162580
0.168355
0.174054
0.179675
0.185214
0.190669
0.196035
0.201310
0.206490
0.211573
0.216554
0.221432
0.226203
0.230864
0.235411
0.239843
0.244155
0.248347
0.252413
0.256352
0.260162
0.263839
0.267382
0.270787
0.274053
0.277178
0.280159
0.282994
0.285682
0.288221
0.290609
0.292845
0.294928
0.296855
0.298627
0.300242
0.301699
0.302998
0.304138
0.305118
0.305939
0.306600
0.307101
0.307442
0.307624
0.307647
0.307511
0.307217
0.306765
0.306158
0.305395
0.304477
0.303407
0.302185
0.300812
0.299291
0.297623
0.295809
0.293852
0.291753
0.289515
0.287139
0.284628
0.281984
0.279208
0.276304
0.273274
0.270120
0.266845
0.263451
0.259941
0.256317
0.252582
0.248739
0.244790
0.240738
0.236585
0.232335
0.227990
0.223553
0.219026
0.214413
0.209715
0.204936
0.200078
0.195144
0.190136
0.185058
0.179912
0.174700
0.169425
0.164089
0.158696
0.153247
0.147746
0.142194
0.136594
0.130948
0.125259
0.119529
0.113760
0.107955
0.102115
0.096244
0.090343
0.084414
0.078459
0.072481
0.066481
0.060462
0.054425
0.048373
0.042306
0.036228
0.030139
0.024042
0.017938
0.011830
0.005718
-0.000395
-0.006509
-0.012620
-0.018729
-0.024833
-0.030931
-0.037021
-0.043102
-0.049172
-0.055231
-0.061277
-0.067308
-0.073323
-0.079321
-0.085301
-0.091262
-0.097202
-0.103120
-0.109015
-0.114886
-0.120732
-0.126551
-0.132344
-0.138108
-0.143843
-0.149547
-0.155221
-0.160862
-0.166470
-0.172045
-0.177584
-0.183088
-0.188556
-0.193986
-0.199378
-0.204731
-0.210044
-0.215317
-0.220549
-0.225739
-0.230887
-0.235991
-0.241051
-0.246067
-0.251038
-0.255962
-0.260840
-0.265672
-0.270455
-0.275190
-0.279877
-0.284514
-0.289101
-0.293637
-0.298123
-0.302557
-0.306939
-0.311269
-0.315546
-0.319769
-0.323939
-0.328054
-0.332114
-0.336120
-0.340069
-0.343963
-0.347800
-0.351580
-0.355303
-0.358968
-0.362576
-0.366125
-0.369615
-0.373046
-0.376418
-0.379730
-0.382982
-0.386174
-0.389304
-0.392374
-0.395382
-0.398329
-0.401214
-0.404036
-0.406796
-0.409493
-0.412127
-0.414698
-0.417205
-0.419648
-0.422028
-0.424342
-0.426592
-0.428778
-0.430898
-0.432953
-0.434942
-0.436865
-0.438723
-0.440514
-0.442240
-0.443898
-0.445490
-0.447014
-0.448472
-0.449862
-0.451185
-0.452440
-0.453627
-0.454746
-0.455796
-0.456779
-0.457693
-0.458538
-0.459314
-0.460021
-0.460660
-0.461229
-0.461728
-0.462158
-0.462519
-0.462809
-0.463030
-0.463181
-0.463262
-0.463272
-0.463212
-0.463082
-0.462881
-0.462609
-0.462267
-0.461854
-0.461370
-0.460816
-0.460190
-0.459493
-0.458725
-0.457886
-0.456976
-0.455994
-0.454941
-0.453817
-0.452621
-0.451354
-0.450016
-0.448606
-0.447124
-0.445571
-0.443947
-0.442251
-0.440484
-0.438645
-0.436735
-0.434753
-0.432700
-0.430576
-0.428380
-0.426113
-0.423775
-0.421366
-0.418886
-0.416335
-0.413713
-0.411021
-0.408258
-0.405424
-0.402520
-0.399545
-0.396501
-0.393386
-0.390202
-0.386948
-0.383625
-0.380232
-0.376770
-0.373240
-0.369640
-0.365973
-0.362237
-0.358433
-0.354562
-0.350624
-0.346618
-0.342546
-0.338407
-0.334202
-0.329932
-0.325596
-0.321195
-0.316730
-0.312200
-0.307607
-0.302951
-0.298232
-0.293450
-0.288607
-0.283703
-0.278738
-0.273713
-0.268628
-0.263485
-0.258283
-0.253023
-0.247707
-0.242334
-0.236906
-0.231424
-0.225887
-0.220297
-0.214655
-0.208961
-0.203217
-0.197424
-0.191581
-0.185691
-0.179755
-0.173773
-0.167746
-0.161676
-0.155564
-0.149410
-0.143217
-0.136986
-0.130717
-0.124412
-0.118073
-0.111700
-0.105296
-0.098862
-0.092400
-0.085910
-0.079395
-0.072856
-0.066296
-0.059715
-0.053116
-0.046500
-0.039870
-0.033227
-0.026574
-0.019912
-0.013243
-0.006570
0.000105
0.006779
0.013452
0.020119
0.026779
0.033430
0.040068
0.046692
0.053299
0.059885
0.066449
0.072987
0.079498
0.085977
0.092423
0.098831
0.105201
0.111527
0.117808
0.124040
0.130220
0.136346
0.142413
0.148419
0.154361
0.160235
0.166039
0.171768
0.177421
0.182992
0.188480
0.193882
0.199193
0.204411
0.209532
0.214554
0.219473
0.224286
0.228991
0.233583
0.238061
0.242421
0.246660
0.250776
0.254766
0.258627
0.262356
0.265952
0.269412
0.272733
0.275913
0.278951
0.281844
0.284590
0.287188
0.289636
0.291932
0.294075
0.296063
0.297896
0.299573
0.301093
0.302454
0.303656
0.304699
0.305583
0.306307
0.306871
0.307275
0.307519
0.307605
0.307531
0.307299
0.306909
0.306363
0.305661
0.304804
0.303794
0.302631
0.301318
0.299855
0.298244
0.296488
0.294587
0.292543
0.290360
0.288038
0.285580
0.282987
0.280263
0.277410
0.274429
0.271323
0.268096
0.264748
0.261283
0.257704
0.254012
0.250211
0.246304
0.242292
0.238179
0.233967
0.229659
0.225258
0.220766
0.216186
0.211521
0.206773
0.201946
0.197042
0.192063
0.187012
0.181892
0.176706
0.171456
0.166144
0.160773
0.155346
0.149865
0.144332
0.138751
0.133123
0.127451
0.121736
0.115983
0.110192
0.104366
0.098507
0.092617
0.086699
0.080754
0.074785
0.068793
0.062782
0.056751
0.050705
0.044644
0.038570
0.032485
0.026391
0.020290
0.014183
0.008073
0.001960
-0.004154
-0.010266
-0.016376
-0.022482
-0.028582
-0.034675
-0.040760
-0.046835
-0.052898
-0.058949
-0.064986
-0.071008
-0.077013
-0.083000
-0.088968
-0.094916
-0.100843
-0.106747
-0.112628
-0.118483
-0.124313
-0.130117
-0.135892
-0.141638
-0.147355
-0.153041
-0.158695
-0.164316
-0.169904
-0.175457
-0.180975
-0.186457
-0.191901
-0.197308
-0.202677
-0.208006
-0.213295
-0.218543
-0.223750
-0.228914
-0.234035
-0.239113
-0.244146
-0.249134
-0.254077
-0.258973
-0.263823
-0.268625
-0.273379
-0.278085
-0.282741
-0.287348
-0.291904
-0.296410
-0.300865
-0.305267
-0.309618
-0.313915
-0.318160
-0.322350
-0.326487
-0.330569
-0.334596
-0.338567
-0.342483
-0.346342
-0.350144
-0.353890
-0.357578
-0.361208
-0.364780
-0.368293
-0.371748
-0.375143
-0.378478
-0.381754
-0.384969
-0.388124
-0.391218
-0.394250
-0.397221
-0.400130
-0.402977
-0.405761
-0.408483
-0.411142
-0.413738
-0.416270
-0.418738
-0.421142
-0.423482
-0.425758
-0.427969
-0.430114
-0.432195
-0.434210
-0.436159
-0.438043
-0.439860
-0.441611
-0.443296
-0.444914
-0.446465
-0.447949
-0.449365
-0.450714
-0.451996
-0.453210
-0.454355
-0.455433
-0.456442
-0.457383
-0.458255
-0.459059
-0.459793
-0.460459
-0.461055
-0.461582
-0.462039
-0.462427
-0.462745
-0.462993
-0.463171
-0.463279
-0.463318
-0.463285
-0.463183
-0.463009
-0.462766
-0.462451
-0.462066
-0.461610
-0.461083
-0.460486
-0.459817
-0.459077
-0.458266
-0.457383
-0.456430
-0.455405
-0.454309
-0.453141
-0.451902
-0.450592
-0.449210
-0.447756
-0.446232
-0.444635
-0.442968
-0.441228
-0.439418
-0.437535
-0.435582
-0.433557
-0.431461
-0.429293
-0.427054
-0.424744
-0.422363
-0.419911
-0.417388
-0.414794
-0.412129
-0.409394
-0.406588
-0.403711
-0.400765
-0.397748
-0.394661
-0.391504
-0.388277
-0.384981
-0.381616
-0.378181
-0.374678
-0.371106
-0.367465
-0.363756
-0.359979
-0.356135
-0.352222
-0.348243
-0.344197
-0.340084
-0.335906
-0.331661
-0.327351
-0.322976
-0.318536
-0.314032
-0.309464
-0.304832
-0.300138
-0.295381
-0.290562
-0.285682
-0.280741
-0.275739
-0.270678
-0.265558
-0.260379
-0.255142
-0.249848
-0.244498
-0.239092
-0.233630
-0.228115
-0.222546
-0.216924
-0.211251
-0.205527
-0.199753
-0.193930
-0.188058
-0.182140
-0.176176
-0.170167
-0.164114
-0.158018
-0.151881
-0.145703
-0.139487
-0.133232
-0.126942
-0.120616
-0.114256
-0.107865
-0.101442
-0.094991
-0.088512
-0.082007
-0.075477
-0.068925
-0.062352
-0.055760
-0.049151
-0.042526
-0.035888
-0.029239
-0.022580
-0.015914
-0.009242
-0.002568
0.004107
0.010780
0.017450
0.024113
0.030768
0.037411
0.044041
0.050655
0.057249
0.063822
0.070371
0.076893
0.083385
0.089844
0.096268
0.102653
0.108997
0.115296
0.121548
0.127749
0.133896
0.139987
0.146018
0.151985
0.157887
0.163718
0.169478
0.175161
0.180765
0.186286
0.191722
0.197070
0.202325
0.207485
0.212547
0.217507
0.222362
0.227110
0.231747
0.236271
0.240678
0.244965
0.249130
0.253170
0.257082
0.260864
0.264514
0.268027
0.271404
0.274640
0.277735
0.280685
0.283490
0.286147
0.288654
0.291010
0.293214
0.295264
0.297159
0.298898
0.300480
0.301904
0.303170
0.304276
0.305223
0.306010
0.306638
0.307105
0.307413
0.307561
0.307551
0.307381
0.307054
0.306570
0.305930
0.305134
0.304184
0.303082
0.301828
0.300424
0.298872
0.297173
0.295329
0.293343
0.291214
0.288947
0.286543
0.284003
0.281331
0.278529
0.275598
0.272542
0.269362
0.266062
0.262643
0.259109
0.255462
0.251704
0.247838
0.243867
0.239794
0.235621
0.231351
0.226986
0.222530
0.217985
0.213353
0.208638
0.203842
0.198968
0.194018
0.188996
0.183903
0.178743
0.173517
0.168229
0.162882
0.157476
0.152016
0.146504
0.140942
0.135332
0.129677
0.123979
0.118241
0.112464
0.106652
0.100805
0.094928
0.089020
0.083086
0.077126
0.071143
0.065139
0.059116
0.053076
0.047020
0.040951
0.034870
0.028780
0.022682
0.016577
0.010467
0.004355
-0.001758
-0.007871
-0.013982
-0.020090
-0.026193
-0.032289
-0.038377
-0.044456
-0.050524
-0.056580
-0.062623
-0.068651
-0.074663
-0.080657
-0.086633
-0.092589
-0.098524
-0.104438
-0.110328
-0.116193
-0.122034
-0.127848
-0.133634
-0.139392
-0.145121
-0.150819
-0.156485
-0.162120
-0.167721
-0.173288
-0.178820
-0.184316
-0.189775
-0.195198
-0.200581
-0.205926
-0.211231
-0.216495
-0.221718
-0.226899
-0.232038
-0.237133
-0.242183
-0.247190
-0.252150
-0.257065
-0.261933
-0.266754
-0.271527
-0.276252
-0.280928
-0.285555
-0.290131
-0.294657
-0.299131
-0.303555
-0.307926
-0.312244
-0.316510
-0.320721
-0.324879
-0.328983
-0.333032
-0.337025
-0.340963
-0.344844
-0.348669
-0.352437
-0.356148
-0.359801
-0.363396
-0.366932
-0.370410
-0.373829
-0.377188
-0.380487
-0.383726
-0.386904
-0.390022
-0.393079
-0.396074
-0.399007
-0.401879
-0.404688
-0.407435
-0.410118
-0.412739
-0.415296
-0.417789
-0.420219
-0.422584
-0.424885
-0.427121
-0.429293
-0.431399
-0.433440
-0.435415
-0.437325
-0.439168
-0.440945
-0.442656
-0.444300
-0.445878
-0.447388
-0.448831
-0.450207
-0.451515
-0.452756
-0.453928
-0.455032
-0.456069
-0.457036
-0.457936
-0.458766
-0.459528
-0.460220
-0.460844
-0.461398
-0.461883
-0.462298
-0.462643
-0.462919
-0.463125
-0.463261
-0.463326
-0.463322
-0.463247
-0.463101
-0.462885
-0.462599
-0.462241
-0.461813
-0.461314
-0.460744
-0.460104
-0.459392
-0.458608
-0.457754
-0.456829
-0.455832
-0.454764
-0.453624
-0.452413
-0.451131
-0.449777
-0.448352
-0.446855
-0.445287
-0.443647
-0.441936
-0.440153
-0.438299
-0.436374
-0.434377
-0.432309
-0.430169
-0.427958
-0.425676
-0.423323
-0.420899
-0.418404
-0.415838
-0.413201
-0.410493
-0.407715
-0.404866
-0.401947
-0.398958
-0.395898
-0.392769
-0.389570
-0.386301
-0.382963
-0.379555
-0.376079
-0.372534
-0.368920
-0.365238
-0.361487
-0.357669
-0.353784
-0.349831
-0.345811
-0.341724
-0.337572
-0.333353
-0.329068
-0.324719
-0.320304
-0.315825
-0.311282
-0.306676
-0.302006
-0.297273
-0.292479
-0.287623
-0.282705
-0.277728
-0.272690
-0.267593
-0.262437
-0.257223
-0.251951
-0.246623
-0.241238
-0.235798
-0.230304
-0.224756
-0.219155
-0.213502
-0.207798
-0.202043
-0.196239
-0.190386
-0.184486
-0.178540
-0.172548
-0.166512
-0.160433
-0.154312
-0.148150
-0.141949
-0.135709
-0.129433
-0.123120
-0.116774
-0.110395
-0.103984
-0.097544
-0.091075
-0.084580
-0.078060
-0.071516
-0.064951
-0.058367
-0.051764
-0.045145
-0.038512
-0.031866
-0.025211
-0.018547
-0.011878
-0.005204
0.001471
0.008146
0.014817
0.021483
0.028142
0.034790
0.041426
0.048046
0.054649
0.061231
0.067790
0.074322
0.080827
0.087299
0.093737
0.100138
0.106499
0.112816
0.119087
0.125309
0.131478
0.137591
0.143646
0.149639
0.155567
0.161427
0.167215
0.172929
0.178565
0.184119
0.189590
0.194972
0.200264
0.205463
0.210563
0.215564
0.220461
0.225252
0.229934
0.234502
0.238956
0.243291
0.247504
0.251594
0.255557
0.259391
0.263093
0.266661
0.270092
0.273384
0.276534
0.279542
0.282404
0.285120
0.287686
0.290103
0.292367
0.294478
0.296434
0.298235
0.299879
0.301365
0.302693
0.303863
0.304873
0.305723
0.306413
0.306944
0.307315
0.307526
0.307578
0.307471
0.307206
0.306784
0.306205
0.305470
0.304581
0.303539
0.302345
0.301000
0.299506
0.297865
0.296078
0.294148
0.292075
0.289862
0.287512
0.285025
0.282405
0.279654
0.276774
0.273767
0.270635
0.267383
0.264010
0.260521
0.256918
0.253204
0.249380
0.245451
0.241418
0.237283
0.233051
0.228724
0.224303
0.219793
0.215195
0.210513
0.205748
0.200905
0.195985
0.190991
0.185925
0.180791
0.175591
0.170328
0.165004
0.159621
0.154182
0.148690
0.143148
0.137556
0.131919
0.126238
0.120515
0.114754
0.108955
0.103122
0.097256
0.091361
0.085437
0.079487
0.073513
0.067517
0.061502
0.055468
0.049418
0.043354
0.037278
0.031192
0.025096
0.018994
0.012886
0.006775
0.000662
-0.005451
-0.011563
-0.017672
-0.023777
-0.029875
-0.035967
-0.042049
-0.048122
-0.054183
-0.060230
-0.066264
-0.072282
-0.078283
-0.084267
-0.090231
-0.096174
-0.102096
-0.107995
-0.113870
-0.119721
-0.125545
-0.131342
-0.137111
-0.142851
-0.148561
-0.154240
-0.159887
-0.165501
-0.171081
-0.176627
-0.182137
-0.187611
-0.193048
-0.198447
-0.203807
-0.209127
-0.214407
-0.219647
-0.224844
-0.229999
-0.235111
-0.240179
-0.245203
-0.250181
-0.255114
-0.260000
-0.264840
-0.269632
-0.274375
-0.279070
-0.283716
-0.288312
-0.292858
-0.297352
-0.301796
-0.306187
-0.310526
-0.314812
-0.319045
-0.323224
-0.327349
-0.331419
-0.335434
-0.339393
-0.343297
-0.347144
-0.350934
-0.354667
-0.358343
-0.361961
-0.365520
-0.369021
-0.372462
-0.375845
-0.379167
-0.382430
-0.385632
-0.388774
-0.391854
-0.394873
-0.397831
-0.400727
-0.403560
-0.406331
-0.409039
-0.411685
-0.414267
-0.416785
-0.419239
-0.421630
-0.423956
-0.426218
-0.428414
-0.430546
-0.432612
-0.434613
-0.436549
-0.438418
-0.440221
-0.441958
-0.443628
-0.445231
-0.446768
-0.448237
-0.449640
-0.450974
-0.452241
-0.453440
-0.454571
-0.455634
-0.456629
-0.457555
-0.458412
-0.459200
-0.459920
-0.460571
-0.461152
-0.461664
-0.462106
-0.462479
-0.462782
-0.463015
-0.463178
-0.463271
-0.463294
-0.463247
-0.463129
-0.462940
-0.462681
-0.462352
-0.461951
-0.461480
-0.460938
-0.460325
-0.459641
-0.458885
-0.458059
-0.457161
-0.456192
-0.455152
-0.454040
-0.452857
-0.451603
-0.450277
-0.448880
-0.447411
-0.445871
-0.444259
-0.442576
-0.440821
-0.438995
-0.437098
-0.435129
-0.433088
-0.430977
-0.428794
-0.426540
-0.424214
-0.421818
-0.419350
-0.416812
-0.414203
-0.411523
-0.408772
-0.405951
-0.403059
-0.400097
-0.397065
-0.393963
-0.390791
-0.387549
-0.384238
-0.380858
-0.377409
-0.373890
-0.370303
-0.366648
-0.362924
-0.359132
-0.355273
-0.351347
-0.347353
-0.343292
-0.339165
-0.334972
-0.330713
-0.326389
-0.322000
-0.317546
-0.313028
-0.308446
-0.303801
-0.299093
-0.294323
-0.289491
-0.284597
-0.279643
-0.274628
-0.269554
-0.264421
-0.259230
-0.253980
-0.248674
-0.243312
-0.237893
-0.232420
-0.226893
-0.221313
-0.215680
-0.209995
-0.204260
-0.198475
-0.192641
-0.186760
-0.180831
-0.174857
-0.168838
-0.162776
-0.156671
-0.150525
-0.144338
-0.138113
-0.131851
-0.125552
-0.119219
-0.112852
-0.106454
-0.100025
-0.093567
-0.087082
-0.080571
-0.074036
-0.067479
-0.060902
-0.054306
-0.047693
-0.041065
-0.034424
-0.027772
-0.021111
-0.014443
-0.007771
-0.001096
0.005579
0.012253
0.018921
0.025583
0.032236
0.038877
0.045504
0.052114
0.058705
0.065273
0.071817
0.078333
0.084819
0.091271
0.097687
0.104064
0.110399
0.116688
0.122930
0.129120
0.135256
0.141335
0.147353
0.153307
0.159194
0.165011
0.170755
0.176422
0.182009
0.187513
0.192930
0.198259
0.203494
0.208634
0.213675
0.218613
0.223446
0.228171
0.232785
0.237284
0.241666
0.245928
0.250067
0.254080
0.257965
0.261719
0.265340
0.268826
0.272173
0.275379
0.278444
0.281363
0.284137
0.286762
0.289238
0.291562
0.293734
0.295751
0.297613
0.299319
0.300868
0.302258
0.303490
0.304563
0.305476
0.306230
0.306823
0.307257
0.307531
0.307646
0.307601
0.307399
0.307038
0.306521
0.305847
0.305019
0.304037
0.302902
0.301617
0.300182
0.298598
0.296868
0.294994
0.292977
0.290819
0.288523
0.286090
0.283522
0.280822
0.277993
0.275035
0.271953
0.268747
0.265422
0.261979
0.258420
0.254749
0.250968
0.247080
0.243088
0.238993
0.234799
0.230509
0.226125
0.221650
0.217086
0.212437
0.207704
0.202892
0.198002
0.193036
0.187999
0.182892
0.177718
0.172479
0.167178
0.161818
0.156402
0.150931
0.145408
0.139835
0.134216
0.128552
0.122845
0.117099
0.111315
0.105495
0.099642
0.093759
0.087846
0.081906
0.075941
0.069954
0.063946
0.057920
0.051876
0.045818
0.039746
0.033664
0.027572
0.021472
0.015367
0.009257
0.003145
-0.002969
-0.009081
-0.015191
-0.021298
-0.027399
-0.033493
-0.039579
-0.045655
-0.051721
-0.057774
-0.063813
-0.069837
-0.075845
-0.081835
-0.087807
-0.093758
-0.099688
-0.105596
-0.111481
-0.117341
-0.123176
-0.128983
-0.134763
-0.140515
-0.146237
-0.151928
-0.157587
-0.163214
-0.168808
-0.174367
-0.179891
-0.185379
-0.190830
-0.196244
-0.201619
-0.206955
-0.212251
-0.217506
-0.222720
-0.227891
-0.233020
-0.238105
-0.243146
-0.248142
-0.253093
-0.257998
-0.262855
-0.267666
-0.272428
-0.277143
-0.281808
-0.286423
-0.290988
-0.295503
-0.299966
-0.304378
-0.308737
-0.313044
-0.317298
-0.321498
-0.325644
-0.329735
-0.333772
-0.337753
-0.341678
-0.345547
-0.349360
-0.353115
-0.356814
-0.360454
-0.364036
-0.367560
-0.371024
-0.374430
-0.377776
-0.381062
-0.384288
-0.387453
-0.390557
-0.393600
-0.396582
-0.399502
-0.402360
-0.405155
-0.407888
-0.410558
-0.413165
-0.415708
-0.418187
-0.420603
-0.422954
-0.425241
-0.427463
-0.429620
-0.431712
-0.433739
-0.435700
-0.437595
-0.439424
-0.441186
-0.442883
-0.444512
-0.446075
-0.447571
-0.448999
-0.450360
-0.451653
-0.452879
-0.454037
-0.455126
-0.456147
-0.457100
-0.457984
-0.458800
-0.459546
-0.460224
-0.460832
-0.461371
-0.461841
-0.462241
-0.462571
-0.462832
-0.463022
-0.463143
-0.463193
-0.463173
-0.463083
-0.462922
-0.462690
-0.462388
-0.462016
-0.461572
-0.461058
-0.460472
-0.459816
-0.459089
-0.458290
-0.457420
-0.456479
-0.455467
-0.454383
-0.453228
-0.452001
-0.450703
-0.449334
-0.447893
-0.446381
-0.444797
-0.443142
-0.441415
-0.439617
-0.437747
-0.435806
-0.433794
-0.431710
-0.429555
-0.427329
-0.425031
-0.422662
-0.420223
-0.417712
-0.415130
-0.412478
-0.409755
-0.406961
-0.404097
-0.401163
-0.398158
-0.395083
-0.391939
-0.388724
-0.385440
-0.382087
-0.378665
-0.375173
-0.371613
-0.367984
-0.364287
-0.360522
-0.356689
-0.352789
-0.348821
-0.344787
-0.340686
-0.336518
-0.332285
-0.327987
-0.323623
-0.319194
-0.314701
-0.310144
-0.305524
-0.300840
-0.296094
-0.291286
-0.286416
-0.281486
-0.276495
-0.271444
-0.266334
-0.261165
-0.255938
-0.250654
-0.245313
-0.239916
-0.234465
-0.228958
-0.223399
-0.217786
-0.212122
-0.206406
-0.200640
-0.194826
-0.188962
-0.183052
-0.177096
-0.171094
-0.165048
-0.158960
-0.152830
-0.146659
-0.140449
-0.134201
-0.127916
-0.121596
-0.115242
-0.108856
-0.102438
-0.095991
-0.089517
-0.083015
-0.076490
-0.069941
-0.063371
-0.056782
-0.050175
-0.043553
-0.036916
-0.030268
-0.023611
-0.016945
-0.010274
-0.003600
0.003076
0.009750
0.016421
0.023087
0.029743
0.036390
0.043023
0.049640
0.056239
0.062816
0.069370
0.075898
0.082396
0.088861
0.095292
0.101685
0.108037
0.114345
0.120606
0.126817
0.132975
0.139077
0.145119
0.151099
0.157013
0.162858
0.168631
0.174328
0.179947
0.185485
0.190937
0.196301
0.201573
0.206751
0.211831
0.216810
0.221686
0.226453
0.231111
0.235656
0.240084
0.244394
0.248582
0.252645
0.256581
0.260387
0.264061
0.267600
0.271001
0.274264
0.277384
0.280361
0.283193
0.285877
0.288412
0.290796
0.293027
0.295106
0.297029
0.298796
0.300407
0.301860
0.303154
0.304290
0.305266
0.306082
0.306739
0.307235
0.307572
0.307750
0.307768
0.307627
0.307329
0.306873
0.306261
0.305494
0.304572
0.303498
0.302271
0.300895
0.299370
0.297697
0.295880
0.293919
0.291816
0.289574
0.287195
0.284680
0.282032
0.279253
0.276345
0.273312
0.270155
0.266876
0.263479
0.259966
0.256339
0.252601
0.248755
0.244803
0.240749
0.236594
0.232341
0.227994
0.223554
0.219025
0.214409
0.209710
0.204928
0.200069
0.195133
0.190123
0.185044
0.179896
0.174682
0.169406
0.164069
0.158675
0.153225
0.147722
0.142169
0.136568
0.130921
0.125232
0.119501
0.113731
0.107926
0.102086
0.096214
0.090312
0.084383
0.078428
0.072450
0.066450
0.060431
0.054394
0.048342
0.042275
0.036197
0.030109
0.024012
0.017909
0.011801
0.005689
-0.000423
-0.006536
-0.012647
-0.018755
-0.024858
-0.030955
-0.037044
-0.043125
-0.049194
-0.055252
-0.061297
-0.067327
-0.073341
-0.079338
-0.085317
-0.091276
-0.097215
-0.103131
-0.109025
-0.114895
-0.120739
-0.126557
-0.132348
-0.138111
-0.143844
-0.149547
-0.155219
-0.160859
-0.166465
-0.172038
-0.177576
-0.183078
-0.188543
-0.193972
-0.199362
-0.204713
-0.210025
-0.215296
-0.220526
-0.225714
-0.230859
-0.235961
-0.241020
-0.246033
-0.251002
-0.255924
-0.260800
-0.265629
-0.270411
-0.275144
-0.279828
-0.284463
-0.289047
-0.293582
-0.298065
-0.302497
-0.306877
-0.311204
-0.315479
-0.319700
-0.323867
-0.327980
-0.332038
-0.336041
-0.339988
-0.343879
-0.347713
-0.351491
-0.355212
-0.358875
-0.362479
-0.366026
-0.369514
-0.372942
-0.376312
-0.379621
-0.382870
-0.386059
-0.389188
-0.392255
-0.395260
-0.398205
-0.401087
-0.403906
-0.406664
-0.409358
-0.411990
-0.414558
-0.417062
-0.419503
-0.421879
-0.424191
-0.426438
-0.428621
-0.430738
-0.432790
-0.434777
-0.436698
-0.438553
-0.440341
-0.442063
-0.443719
-0.445308
-0.446830
-0.448285
-0.449672
-0.450992
-0.452244
-0.453428
-0.454544
-0.455592
-0.456572
-0.457483
-0.458325
-0.459099
-0.459803
-0.460439
-0.461005
-0.461501
-0.461929
-0.462286
-0.462574
-0.462792
-0.462940
-0.463017
-0.463025
-0.462962
-0.462829
-0.462625
-0.462351
-0.462006
-0.461590
-0.461103
-0.460546
-0.459917
-0.459217
-0.458447
-0.457605
-0.456691
-0.455707
-0.454651
-0.453524
-0.452325
-0.451055
-0.449714
-0.448301
-0.446817
-0.445261
-0.443633
-0.441935
-0.440164
-0.438323
-0.436410
-0.434425
-0.432369
-0.430242
-0.428043
-0.425774
-0.423433
-0.421021
-0.418538
-0.415984
-0.413359
-0.410664
-0.407898
-0.405061
-0.402154
-0.399177
-0.396130
-0.393013
-0.389825
-0.386569
-0.383242
-0.379847
-0.376383
-0.372849
-0.369247
-0.365577
-0.361838
-0.358032
-0.354158
-0.350217
-0.346208
-0.342133
-0.337992
-0.333784
-0.329511
-0.325173
-0.320769
-0.316301
-0.311769
-0.307174
-0.302515
-0.297793
-0.293009
-0.288164
-0.283257
-0.278289
-0.273262
-0.268175
-0.263029
-0.257825
-0.252563
-0.247244
-0.241869
-0.236439
-0.230954
-0.225415
-0.219823
-0.214179
-0.208483
-0.202737
-0.196941
-0.191097
-0.185205
-0.179266
-0.173282
-0.167253
-0.161181
-0.155067
-0.148912
-0.142717
-0.136484
-0.130213
-0.123907
-0.117566
-0.111192
-0.104786
-0.098351
-0.091887
-0.085396
-0.078879
-0.072339
-0.065777
-0.059195
-0.052595
-0.045978
-0.039347
-0.032703
-0.026049
-0.019386
-0.012717
-0.006043
0.000632
0.007307
0.013980
0.020648
0.027309
0.033960
0.040598
0.047222
0.053829
0.060415
0.066979
0.073517
0.080027
0.086506
0.092951
0.099360
0.105728
0.112054
0.118334
0.124565
0.130745
0.136869
0.142935
0.148940
0.154881
0.160754
0.166556
0.172283
0.177934
0.183504
0.188990
0.194390
0.199699
0.204915
0.210034
0.215053
0.219970
0.224781
0.229483
0.234072
0.238547
0.242904
0.247141
0.251253
0.255240
0.259098
0.262824
0.266417
0.269873
0.273191
0.276368
0.279402
0.282291
0.285034
0.287628
0.290072
0.292364
0.294503
0.296488
0.298317
0.299990
0.301506
0.302863
0.304061
0.305101
0.305980
0.306700
0.307260
0.307660
0.307901
0.307982
0.307904
0.307668
0.307275
0.306724
0.306018
0.305158
0.304143
0.302977
0.301660
0.300193
0.298579
0.296819
0.294914
0.292868
0.290681
0.288355
0.285894
0.283298
0.280571
0.277714
0.274730
0.271622
0.268391
0.265041
0.261573
0.257991
0.254297
0.250493
0.246583
0.242569
0.238454
0.234239
0.229929
0.225526
0.221032
0.216450
0.211784
0.207034
0.202205
0.197299
0.192319
0.187267
0.182146
0.176958
0.171706
0.166393
0.161021
0.155593
0.150111
0.144578
0.138996
0.133367
0.127694
0.121979
0.116225
0.110434
0.104607
0.098748
0.092858
0.086940
0.080995
0.075026
0.069034
0.063023
0.056992
0.050946
0.044885
0.038812
0.032727
0.026634
0.020533
0.014427
0.008317
0.002205
-0.003908
-0.010020
-0.016129
-0.022234
-0.028334
-0.034426
-0.040510
-0.046583
-0.052646
-0.058696
-0.064731
-0.070752
-0.076756
-0.082742
-0.088709
-0.094655
-0.100581
-0.106484
-0.112363
-0.118217
-0.124045
-0.129847
-0.135621
-0.141366
-0.147081
-0.152765
-0.158417
-0.164037
-0.169623
-0.175174
-0.180690
-0.186170
-0.191613
-0.197018
-0.202385
-0.207712
-0.212999
-0.218245
-0.223449
-0.228612
-0.233731
-0.238806
-0.243838
-0.248824
-0.253764
-0.258659
-0.263506
-0.268306
-0.273058
-0.277761
-0.282415
-0.287020
-0.291574
-0.296077
-0.300530
-0.304930
-0.309278
-0.313573
-0.317815
-0.322003
-0.326137
-0.330217
-0.334241
-0.338210
-0.342123
-0.345980
-0.349780
-0.353523
-0.357209
-0.360836
-0.364406
-0.367917
-0.371368
-0.374761
-0.378094
-0.381367
-0.384579
-0.387731
-0.390822
-0.393852
-0.396821
-0.399727
-0.402571
-0.405353
-0.408072
-0.410728
-0.413321
-0.415850
-0.418316
-0.420718
-0.423055
-0.425328
-0.427536
-0.429678
-0.431756
-0.433768
-0.435715
-0.437596
-0.439410
-0.441159
-0.442840
-0.444456
-0.446004
-0.447485
-0.448899
-0.450245
-0.451524
-0.452734
-0.453877
-0.454952
-0.455958
-0.456896
-0.457766
-0.458566
-0.459298
-0.459960
-0.460554
-0.461077
-0.461532
-0.461917
-0.462232
-0.462477
-0.462653
-0.462758
-0.462793
-0.462758
-0.462652
-0.462476
-0.462229
-0.461912
-0.461524
-0.461065
-0.460535
-0.459935
-0.459263
-0.458520
-0.457706
-0.456821
-0.455864
-0.454836
-0.453737
-0.452567
-0.451325
-0.450011
-0.448627
-0.447170
-0.445643
-0.444043
-0.442373
-0.440630
-0.438817
-0.436932
-0.434975
-0.432947
-0.430848
-0.428678
-0.426436
-0.424123
-0.421739
-0.419284
-0.416758
-0.414161
-0.411494
-0.408755
-0.405946
-0.403067
-0.400117
-0.397098
-0.394008
-0.390848
-0.387619
-0.384320
-0.380952
-0.377514
-0.374008
-0.370433
-0.366789
-0.363078
-0.359298
-0.355451
-0.351536
-0.347554
-0.343505
-0.339390
-0.335208
-0.330961
-0.326648
-0.322270
-0.317827
-0.313321
-0.308750
-0.304116
-0.299419
-0.294659
-0.289838
-0.284955
-0.280012
-0.275008
-0.269944
-0.264821
-0.259640
-0.254400
-0.249104
-0.243751
-0.238343
-0.232879
-0.227361
-0.221790
-0.216166
-0.210491
-0.204764
-0.198988
-0.193162
-0.187289
-0.181369
-0.175402
-0.169391
-0.163336
-0.157238
-0.151099
-0.144920
-0.138701
-0.132445
-0.126153
-0.119825
-0.113464
-0.107071
-0.100647
-0.094194
-0.087713
-0.081206
-0.074675
-0.068122
-0.061548
-0.054954
-0.048344
-0.041718
-0.035079
-0.028428
-0.021768
-0.015101
-0.008429
-0.001754
0.004922
0.011596
0.018266
0.024930
0.031586
0.038230
0.044860
0.051474
0.058068
0.064642
0.071190
0.077712
0.084204
0.090663
0.097087
0.103471
0.109815
0.116113
0.122365
0.128565
0.134712
0.140802
0.146831
0.152798
0.158698
0.164529
0.170287
0.175968
0.181571
0.187091
0.192525
0.197871
0.203124
0.208282
0.213342
0.218300
0.223153
0.227899
0.232533
0.237054
0.241459
0.245743
0.249906
0.253943
0.257852
0.261631
0.265277
0.268788
0.272161
0.275394
0.278486
0.281433
0.284234
0.286887
0.289391
0.291743
0.293944
0.295990
0.297881
0.299616
0.301194
0.302615
0.303876
0.304979
0.305922
0.306705
0.307329
0.307792
0.308096
0.308240
0.308226
0.308052
0.307721
0.307233
0.306589
0.305790
0.304836
0.303730
0.302472
0.301065
0.299509
0.297807
0.295959
0.293969
0.291837
0.289566
0.287159
0.284616
0.281941
0.279135
0.276201
0.273142
0.269959
0.266656
0.263235
0.259698
0.256048
0.252287
0.248419
0.244446
0.240370
0.236195
0.231922
0.227556
0.223097
0.218550
0.213917
0.209200
0.204402
0.199526
0.194575
0.189551
0.184457
0.179295
0.174069
0.168780
0.163431
0.158025
0.152564
0.147051
0.141488
0.135877
0.130221
0.124523
0.118784
0.113007
0.107194
0.101348
0.095470
0.089563
0.083628
0.077668
0.071686
0.065682
0.059659
0.053619
0.047563
0.041495
0.035414
0.029325
0.023227
0.017123
0.011014
0.004902
-0.001210
-0.007323
-0.013433
-0.019540
-0.025641
-0.031736
-0.037824
-0.043901
-0.049968
-0.056023
-0.062064
-0.068091
-0.074101
-0.080094
-0.086069
-0.092024
-0.097957
-0.103869
-0.109757
-0.115621
-0.121460
-0.127272
-0.133057
-0.138813
-0.144540
-0.150236
-0.155901
-0.161533
-0.167132
-0.172697
-0.178227
-0.183722
-0.189179
-0.194599
-0.199981
-0.205323
-0.210626
-0.215888
-0.221109
-0.226288
-0.231424
-0.236516
-0.241565
-0.246569
-0.251527
-0.256440
-0.261305
-0.266124
-0.270895
-0.275617
-0.280290
-0.284914
-0.289488
-0.294011
-0.298484
-0.302904
-0.307273
-0.311588
-0.315851
-0.320060
-0.324216
-0.328317
-0.332363
-0.336353
-0.340288
-0.344167
-0.347989
-0.351754
-0.355462
-0.359113
-0.362705
-0.366238
-0.369713
-0.373129
-0.376485
-0.379782
-0.383018
-0.386193
-0.389308
-0.392362
-0.395354
-0.398285
-0.401153
-0.403960
-0.406703
-0.409384
-0.412002
-0.414556
-0.417046
-0.419473
-0.421835
-0.424133
-0.426366
-0.428535
-0.430638
-0.432676
-0.434648
-0.436554
-0.438395
-0.440169
-0.441877
-0.443518
-0.445092
-0.446599
-0.448039
-0.449412
-0.450717
-0.451954
-0.453124
-0.454225
-0.455258
-0.456223
-0.457119
-0.457946
-0.458705
-0.459394
-0.460014
-0.460565
-0.461047
-0.461459
-0.461801
-0.462074
-0.462277
-0.462409
-0.462472
-0.462464
-0.462386
-0.462237
-0.462018
-0.461728
-0.461368
-0.460937
-0.460435
-0.459862
-0.459218
-0.458502
-0.457716
-0.456859
-0.455930
-0.454930
-0.453859
-0.452716
-0.451502
-0.450216
-0.448859
-0.447431
-0.445931
-0.444360
-0.442717
-0.441003
-0.439217
-0.437360
-0.435431
-0.433431
-0.431360
-0.429217
-0.427003
-0.424718
-0.422362
-0.419934
-0.417436
-0.414867
-0.412227
-0.409516
-0.406734
-0.403883
-0.400960
-0.397968
-0.394905
-0.391773
-0.388571
-0.385299
-0.381958
-0.378547
-0.375068
-0.371520
-0.367903
-0.364218
-0.360464
-0.356643
-0.352755
-0.348799
-0.344776
-0.340687
-0.336531
-0.332309
-0.328022
-0.323669
-0.319252
-0.314770
-0.310224
-0.305615
-0.300942
-0.296207
-0.291410
-0.286551
-0.281631
-0.276650
-0.271610
-0.266510
-0.261351
-0.256135
-0.250860
-0.245530
-0.240143
-0.234700
-0.229204
-0.223653
-0.218050
-0.212394
-0.206687
-0.200930
-0.195124
-0.189269
-0.183367
-0.177418
-0.171424
-0.165386
-0.159305
-0.153181
-0.147017
-0.140814
-0.134572
-0.128294
-0.121980
-0.115631
-0.109250
-0.102838
-0.096396
-0.089926
-0.083429
-0.076907
-0.070362
-0.063795
-0.057209
-0.050605
-0.043985
-0.037350
-0.030704
-0.024047
-0.017382
-0.010712
-0.004037
0.002639
0.009314
0.015987
0.022654
0.029313
0.035962
0.042598
0.049218
0.055821
0.062404
0.068963
0.075496
0.082000
0.088472
0.094910
0.101311
0.107671
0.113988
0.120258
0.126479
0.132648
0.138761
0.144815
0.150807
0.156734
0.162592
0.168379
0.174092
0.179726
0.185279
0.190748
0.196129
0.201419
0.206615
0.211714
0.216713
0.221608
0.226396
0.231075
0.235642
0.240093
0.244425
0.248636
0.252723
0.256683
0.260514
0.264213
0.267777
0.271205
0.274494
0.277641
0.280646
0.283505
0.286217
0.288780
0.291192
0.293453
0.295560
0.297512
0.299309
0.300950
0.302432
0.303756
0.304922
0.305928
0.306774
0.307461
0.307987
0.308354
0.308562
0.308610
0.308499
0.308230
0.307804
0.307221
0.306483
0.305590
0.304544
0.303346
0.301997
0.300500
0.298855
0.297065
0.295131
0.293054
0.290838
0.288484
0.285995
0.283372
0.280617
0.277734
0.274724
0.271589
0.268334
0.264959
0.261467
0.257861
0.254144
0.250318
0.246386
0.242351
0.238214
0.233980
0.229650
0.225228
0.220715
0.216116
0.211432
0.206666
0.201820
0.196899
0.191903
0.186837
0.181701
0.176500
0.171236
0.165910
0.160526
0.155087
0.149594
0.144051
0.138459
0.132821
0.127139
0.121416
0.115654
0.109855
0.104022
0.098156
0.092261
0.086337
0.080387
0.074413
0.068418
0.062402
0.056369
0.050320
0.044256
0.038181
0.032094
0.026000
0.019898
0.013791
0.007681
0.001569
-0.004544
-0.010655
-0.016763
-0.022866
-0.028964
-0.035054
-0.041135
-0.047207
-0.053266
-0.059313
-0.065345
-0.071361
-0.077361
-0.083343
-0.089305
-0.095247
-0.101167
-0.107065
-0.112938
-0.118787
-0.124609
-0.130405
-0.136172
-0.141910
-0.147618
-0.153295
-0.158940
-0.164552
-0.170130
-0.175674
-0.181182
-0.186654
-0.192088
-0.197485
-0.202842
-0.208161
-0.213438
-0.218675
-0.223870
-0.229023
-0.234133
-0.239198
-0.244219
-0.249195
-0.254126
-0.259010
-0.263847
-0.268636
-0.273377
-0.278069
-0.282713
-0.287306
-0.291849
-0.296341
-0.300781
-0.305170
-0.309506
-0.313790
-0.318020
-0.322196
-0.326318
-0.330385
-0.334398
-0.338354
-0.342255
-0.346099
-0.349886
-0.353617
-0.357289
-0.360904
-0.364460
-0.367958
-0.371397
-0.374776
-0.378096
-0.381355
-0.384555
-0.387693
-0.390771
-0.393787
-0.396741
-0.399634
-0.402464
-0.405232
-0.407937
-0.410580
-0.413158
-0.415674
-0.418125
-0.420512
-0.422835
-0.425094
-0.427287
-0.429416
-0.431479
-0.433477
-0.435409
-0.437275
-0.439075
-0.440808
-0.442475
-0.444076
-0.445609
-0.447075
-0.448474
-0.449805
-0.451069
-0.452265
-0.453393
-0.454452
-0.455443
-0.456366
-0.457220
-0.458005
-0.458722
-0.459369
-0.459947
-0.460456
-0.460895
-0.461264
-0.461564
-0.461794
-0.461953
-0.462043
-0.462063
-0.462012
-0.461891
-0.461699
-0.461437
-0.461104
-0.460700
-0.460226
-0.459680
-0.459064
-0.458376
-0.457618
-0.456788
-0.455887
-0.454915
-0.453871
-0.452756
-0.451570
-0.450312
-0.448983
-0.447582
-0.446110
-0.444566
-0.442951
-0.441265
-0.439507
-0.437677
-0.435777
-0.433804
-0.431761
-0.429646
-0.427459
-0.425202
-0.422873
-0.420474
-0.418003
-0.415461
-0.412849
-0.410165
-0.407411
-0.404587
-0.401692
-0.398727
-0.395692
-0.392586
-0.389411
-0.386166
-0.382852
-0.379469
-0.376016
-0.372494
-0.368904
-0.365246
-0.361519
-0.357724
-0.353862
-0.349932
-0.345935
-0.341871
-0.337741
-0.333545
-0.329283
-0.324956
-0.320564
-0.316107
-0.311586
-0.307001
-0.302353
-0.297642
-0.292869
-0.288034
-0.283137
-0.278180
-0.273163
-0.268086
-0.262950
-0.257756
-0.252504
-0.247195
-0.241829
-0.236408
-0.230933
-0.225403
-0.219820
-0.214184
-0.208497
-0.202760
-0.196972
-0.191136
-0.185252
-0.179321
-0.173344
-0.167323
-0.161258
-0.155151
-0.149003
-0.142815
-0.136587
-0.130323
-0.124022
-0.117687
-0.111318
-0.104918
-0.098487
-0.092027
-0.085540
-0.079028
-0.072492
-0.065933
-0.059354
-0.052756
-0.046142
-0.039512
-0.032870
-0.026217
-0.019555
-0.012886
-0.006212
0.000464
0.007140
0.013814
0.020483
0.027146
0.033800
0.040441
0.047069
0.053679
0.060270
0.066839
0.073383
0.079899
0.086384
0.092836
0.099252
0.105629
0.111963
0.118253
0.124494
0.130683
0.136819
0.142896
0.148913
0.154866
0.160752
0.166568
0.172311
0.177976
0.183562
0.189064
0.194480
0.199807
0.205040
0.210178
0.215216
0.220153
0.224984
0.229706
0.234317
0.238814
0.243193
0.247452
0.251589
0.255599
0.259481
0.263232
0.266850
0.270332
0.273676
0.276879
0.279940
0.282857
0.285627
0.288248
0.290720
0.293041
0.295209
0.297222
0.299081
0.300783
0.302327
0.303714
0.304942
0.306011
0.306920
0.307669
0.308259
0.308689
0.308959
0.309069
0.309021
0.308814
0.308450
0.307929
0.307252
0.306419
0.305434
0.304295
0.303006
0.301567
0.299980
0.298246
0.296369
0.294348
0.292187
0.289887
0.287451
0.284880
0.282177
0.279344
0.276383
0.273298
0.270090
0.266761
0.263315
0.259754
0.256081
0.252297
0.248407
0.244412
0.240315
0.236119
0.231826
0.227440
0.222963
0.218398
0.213747
0.209013
0.204198
0.199307
0.194340
0.189301
0.184193
0.179017
0.173778
0.168476
0.163115
0.157697
0.152226
0.146702
0.141129
0.135509
0.129844
0.124138
0.118391
0.112606
0.106787
0.100934
0.095050
0.089137
0.083197
0.077233
0.071246
0.065238
0.059212
0.053169
0.047111
0.041040
0.034958
0.028867
0.022768
0.016663
0.010554
0.004443
-0.001669
-0.007781
-0.013890
-0.019995
-0.026095
-0.032188
-0.038273
-0.044348
-0.050412
-0.056464
-0.062501
-0.068524
-0.074530
-0.080519
-0.086489
-0.092439
-0.098367
-0.104274
-0.110156
-0.116015
-0.121847
-0.127653
-0.133431
-0.139181
-0.144900
-0.150589
-0.156247
-0.161872
-0.167463
-0.173020
-0.178542
-0.184028
-0.189477
-0.194888
-0.200261
-0.205595
-0.210888
-0.216141
-0.221352
-0.226522
-0.231648
-0.236731
-0.241769
-0.246763
-0.251711
-0.256613
-0.261468
-0.266276
-0.271036
-0.275747
-0.280409
-0.285022
-0.289585
-0.294096
-0.298557
-0.302966
-0.307323
-0.311627
-0.315878
-0.320075
-0.324218
-0.328306
-0.332340
-0.336318
-0.340241
-0.344107
-0.347916
-0.351669
-0.355364
-0.359001
-0.362580
-0.366101
-0.369563
-0.372965
-0.376308
-0.379591
-0.382814
-0.385976
-0.389077
-0.392117
-0.395096
-0.398013
-0.400867
-0.403660
-0.406389
-0.409056
-0.411659
-0.414199
-0.416676
-0.419088
-0.421436
-0.423719
-0.425938
-0.428092
-0.430181
-0.432204
-0.434162
-0.436053
-0.437879
-0.439639
-0.441332
-0.442958
-0.444517
-0.446010
-0.447435
-0.448792
-0.450082
-0.451305
-0.452459
-0.453545
-0.454563
-0.455512
-0.456393
-0.457205
-0.457948
-0.458623
-0.459228
-0.459763
-0.460229
-0.460626
-0.460953
-0.461210
-0.461397
-0.461514
-0.461561
-0.461538
-0.461444
-0.461280
-0.461045
-0.460739
-0.460363
-0.459916
-0.459399
-0.458810
-0.458150
-0.457419
-0.456617
-0.455744
-0.454799
-0.453783
-0.452696
-0.451538
-0.450308
-0.449006
-0.447634
-0.446189
-0.444674
-0.443086
-0.441428
-0.439698
-0.437896
-0.436023
-0.434079
-0.432063
-0.429976
-0.427817
-0.425587
-0.423286
-0.420914
-0.418471
-0.415957
-0.413372
-0.410717
-0.407990
-0.405193
-0.402326
-0.399388
-0.396380
-0.393302
-0.390154
-0.386936
-0.383649
-0.380292
-0.376867
-0.373372
-0.369808
-0.366176
-0.362476
-0.358708
-0.354872
-0.350968
-0.346997
-0.342960
-0.338856
-0.334685
-0.330449
-0.326147
-0.321780
-0.317348
-0.312852
-0.308292
-0.303669
-0.298982
-0.294233
-0.289422
-0.284549
-0.279616
-0.274622
-0.269568
-0.264455
-0.259283
-0.254054
-0.248767
-0.243423
-0.238024
-0.232570
-0.227061
-0.221498
-0.215883
-0.210216
-0.204498
-0.198730
-0.192912
-0.187047
-0.181134
-0.175175
-0.169171
-0.163123
-0.157032
-0.150900
-0.144727
-0.138514
-0.132264
-0.125977
-0.119655
-0.113299
-0.106911
-0.100492
-0.094043
-0.087567
-0.081064
-0.074536
-0.067986
-0.061415
-0.054824
-0.048216
-0.041592
-0.034954
-0.028305
-0.021646
-0.014979
-0.008307
-0.001632
0.005045
0.011720
0.018392
0.025058
0.031715
0.038362
0.044996
0.051613
0.058212
0.064790
0.071344
0.077872
0.084370
0.090836
0.097266
0.103659
0.110010
0.116318
0.122579
0.128789
0.134946
0.141047
0.147088
0.153067
0.158980
0.164824
0.170596
0.176292
0.181909
0.187445
0.192896
0.198258
0.203529
0.208705
0.213783
0.218760
0.223633
0.228398
0.233054
0.237596
0.242022
0.246329
0.250514
0.254574
0.258507
0.262310
0.265981
0.269517
0.272915
0.276174
0.279292
0.282266
0.285094
0.287774
0.290305
0.292686
0.294914
0.296989
0.298908
0.300672
0.302279
0.303728
0.305019
0.306151
0.307123
0.307935
0.308588
0.309081
0.309414
0.309588
0.309602
0.309458
0.309156
0.308696
0.308080
0.307309
0.306384
0.305306
0.304076
0.302696
0.301167
0.299491
0.297671
0.295706
0.293600
0.291355
0.288972
0.286454
0.283803
0.281022
0.278111
0.275075
0.271915
0.268634
0.265234
0.261718
0.258089
0.254349
0.250500
0.246546
0.242490
0.238333
0.234078
0.229729
0.225287
0.220756
0.216139
0.211437
0.206655
0.201793
0.196856
0.191846
0.186765
0.181616
0.176401
0.171124
0.165786
0.160391
0.154940
0.149437
0.143883
0.138282
0.132635
0.126944
0.121213
0.115444
0.109638
0.103798
0.097926
0.092025
0.086095
0.080141
0.074163
0.068163
0.062144
0.056108
0.050056
0.043990
0.037912
0.031825
0.025729
0.019626
0.013519
0.007409
0.001297
-0.004815
-0.010925
-0.017032
-0.023134
-0.029230
-0.035318
-0.041397
-0.047465
-0.053521
-0.059564
-0.065593
-0.071606
-0.077601
-0.083579
-0.089536
-0.095473
-0.101388
-0.107280
-0.113148
-0.118991
-0.124807
-0.130596
-0.136357
-0.142088
-0.147789
-0.153459
-0.159096
-0.164701
-0.170271
-0.175807
-0.181307
-0.186771
-0.192197
-0.197584
-0.202933
-0.208243
-0.213511
-0.218739
-0.223925
-0.229068
-0.234168
-0.239223
-0.244235
-0.249200
-0.254120
-0.258994
-0.263820
-0.268599
-0.273329
-0.278011
-0.282643
-0.287225
-0.291757
-0.296237
-0.300667
-0.305044
-0.309368
-0.313640
-0.317858
-0.322023
-0.326132
-0.330188
-0.334188
-0.338132
-0.342020
-0.345852
-0.349626
-0.353344
-0.357004
-0.360606
-0.364149
-0.367634
-0.371060
-0.374426
-0.377732
-0.380979
-0.384164
-0.387290
-0.390354
-0.393356
-0.396297
-0.399176
-0.401993
-0.404747
-0.407438
-0.410066
-0.412631
-0.415132
-0.417570
-0.419943
-0.422252
-0.424496
-0.426675
-0.428789
-0.430838
-0.432821
-0.434739
-0.436590
-0.438376
-0.440095
-0.441747
-0.443333
-0.444851
-0.446303
-0.447687
-0.449003
-0.450252
-0.451433
-0.452546
-0.453590
-0.454566
-0.455474
-0.456313
-0.457083
-0.457784
-0.458416
-0.458979
-0.459472
-0.459896
-0.460250
-0.460534
-0.460749
-0.460893
-0.460968
-0.460972
-0.460905
-0.460769
-0.460562
-0.460284
-0.459935
-0.459516
-0.459026
-0.458465
-0.457833
-0.457130
-0.456355
-0.455510
-0.454593
-0.453605
-0.452546
-0.451415
-0.450213
-0.448940
-0.447595
-0.446179
-0.444691
-0.443132
-0.441501
-0.439799
-0.438025
-0.436180
-0.434263
-0.432275
-0.430216
-0.428085
-0.425883
-0.423610
-0.421266
-0.418851
-0.416364
-0.413807
-0.411179
-0.408480
-0.405711
-0.402871
-0.399960
-0.396980
-0.393929
-0.390808
-0.387618
-0.384358
-0.381028
-0.377629
-0.374162
-0.370625
-0.367020
-0.363346
-0.359604
-0.355795
-0.351917
-0.347973
-0.343961
-0.339883
-0.335738
-0.331528
-0.327251
-0.322910
-0.318503
-0.314032
-0.309497
-0.304898
-0.300236
-0.295512
-0.290725
-0.285876
-0.280966
-0.275996
-0.270965
-0.265875
-0.260726
-0.255519
-0.250255
-0.244933
-0.239555
-0.234122
-0.228634
-0.223093
-0.217498
-0.211851
-0.206153
-0.200404
-0.194605
-0.188759
-0.182864
-0.176923
-0.170936
-0.164905
-0.158831
-0.152714
-0.146557
-0.140360
-0.134124
-0.127852
-0.121543
-0.115200
-0.108824
-0.102417
-0.095979
-0.089513
-0.083020
-0.076502
-0.069960
-0.063397
-0.056813
-0.050211
-0.043593
-0.036961
-0.030315
-0.023660
-0.016996
-0.010325
-0.003651
0.003026
0.009702
0.016376
0.023045
0.029706
0.036358
0.042997
0.049621
0.056228
0.062815
0.069379
0.075917
0.082428
0.088907
0.095352
0.101760
0.108128
0.114454
0.120733
0.126964
0.133143
0.139266
0.145332
0.151336
0.157275
0.163147
0.168948
0.174674
0.180324
0.185892
0.191377
0.196774
0.202082
0.207296
0.212413
0.217430
0.222345
0.227153
0.231853
0.236440
0.240913
0.245267
0.249501
0.253611
0.257595
0.261449
0.265173
0.268762
0.272216
0.275530
0.278704
0.281735
0.284620
0.287360
0.289950
0.292390
0.294679
0.296815
0.298796
0.300621
0.302290
0.303802
0.305156
0.306350
0.307386
0.308261
0.308977
0.309534
0.309930
0.310166
0.310244
0.310162
0.309923
0.309525
0.308971
0.308262
0.307397
0.306379
0.305209
0.303889
0.302418
0.300801
0.299037
0.297129
0.295079
0.292889
0.290561
0.288096
0.285497
0.282767
0.279907
0.276921
0.273809
0.270576
0.267223
0.263753
0.260168
0.256472
0.252666
0.248753
0.244737
0.240619
0.236403
0.232091
0.227686
0.223190
0.218607
0.213938
0.209188
0.204357
0.199450
0.194468
0.189415
0.184293
0.179104
0.173851
0.168537
0.163165
0.157736
0.152253
0.146719
0.141137
0.135507
0.129834
0.124119
0.118365
0.112573
0.106747
0.100887
0.094997
0.089079
0.083135
0.077166
0.071175
0.065163
0.059134
0.053088
0.047027
0.040954
0.034871
0.028778
0.022678
0.016573
0.010464
0.004353
-0.001759
-0.007870
-0.013978
-0.020082
-0.026180
-0.032271
-0.038353
-0.044426
-0.050487
-0.056535
-0.062569
-0.068588
-0.074591
-0.080575
-0.086540
-0.092485
-0.098409
-0.104310
-0.110187
-0.116040
-0.121866
-0.127666
-0.133438
-0.139180
-0.144893
-0.150575
-0.156225
-0.161843
-0.167427
-0.172976
-0.178490
-0.183968
-0.189408
-0.194811
-0.200175
-0.205500
-0.210784
-0.216028
-0.221230
-0.226390
-0.231507
-0.236580
-0.241608
-0.246592
-0.251530
-0.256421
-0.261266
-0.266063
-0.270813
-0.275513
-0.280165
-0.284766
-0.289318
-0.293818
-0.298268
-0.302665
-0.307010
-0.311303
-0.315542
-0.319727
-0.323858
-0.327935
-0.331956
-0.335922
-0.339832
-0.343686
-0.347483
-0.351223
-0.354906
-0.358530
-0.362097
-0.365604
-0.369053
-0.372442
-0.375772
-0.379042
-0.382251
-0.385400
-0.388488
-0.391515
-0.394480
-0.397383
-0.400224
-0.403003
-0.405719
-0.408371
-0.410961
-0.413487
-0.415949
-0.418348
-0.420682
-0.422951
-0.425156
-0.427295
-0.429370
-0.431379
-0.433322
-0.435199
-0.437010
-0.438755
-0.440434
-0.442045
-0.443590
-0.445068
-0.446478
-0.447821
-0.449096
-0.450304
-0.451443
-0.452514
-0.453517
-0.454452
-0.455318
-0.456115
-0.456843
-0.457502
-0.458092
-0.458612
-0.459063
-0.459445
-0.459756
-0.459998
-0.460170
-0.460272
-0.460303
-0.460264
-0.460155
-0.459976
-0.459726
-0.459405
-0.459013
-0.458551
-0.458017
-0.457413
-0.456738
-0.455991
-0.455174
-0.454285
-0.453325
-0.452294
-0.451191
-0.450017
-0.448771
-0.447454
-0.446066
-0.444606
-0.443075
-0.441472
-0.439798
-0.438052
-0.436235
-0.434346
-0.432386
-0.430355
-0.428252
-0.426078
-0.423833
-0.421517
-0.419129
-0.416671
-0.414141
-0.411541
-0.408870
-0.406128
-0.403315
-0.400433
-0.397480
-0.394456
-0.391363
-0.388200
-0.384967
-0.381665
-0.378293
-0.374852
-0.371342
-0.367764
-0.364117
-0.360402
-0.356619
-0.352768
-0.348850
-0.344865
-0.340812
-0.336694
-0.332509
-0.328258
-0.323942
-0.319561
-0.315115
-0.310605
-0.306031
-0.301394
-0.296694
-0.291931
-0.287107
-0.282221
-0.277274
-0.272267
-0.267200
-0.262074
-0.256890
-0.251648
-0.246348
-0.240992
-0.235581
-0.230114
-0.224594
-0.219020
-0.213393
-0.207715
-0.201986
-0.196206
-0.190378
-0.184502
-0.178579
-0.172610
-0.166597
-0.160539
-0.154439
-0.148297
-0.142115
-0.135895
-0.129636
-0.123341
-0.117012
-0.110648
-0.104253
-0.097827
-0.091372
-0.084889
-0.078381
-0.071848
-0.065292
-0.058716
-0.052121
-0.045509
-0.038882
-0.032241
-0.025589
-0.018928
-0.012260
-0.005586
0.001090
0.007767
0.014442
0.021113
0.027778
0.034434
0.041079
0.047710
0.054324
0.060919
0.067493
0.074042
0.080564
0.087056
0.093515
0.099938
0.106323
0.112666
0.118964
0.125215
0.131415
0.137561
0.143650
0.149679
0.155644
0.161543
0.167373
0.173129
0.178810
0.184411
0.189929
0.195362
0.200705
0.205957
0.211113
0.216170
0.221126
0.225977
0.230720
0.235353
0.239871
0.244273
0.248555
0.252714
0.256748
0.260655
0.264431
0.268073
0.271581
0.274951
0.278181
0.281268
0.284212
0.287009
0.289659
0.292159
0.294508
0.296704
0.298747
0.300634
0.302365
0.303939
0.305356
0.306613
0.307712
0.308651
0.309430
0.310049
0.310509
0.310809
0.310949
0.310930
0.310753
0.310418
0.309926
0.309278
0.308475
0.307517
0.306407
0.305146
0.303735
0.302175
0.300469
0.298618
0.296624
0.294489
0.292215
0.289804
0.287258
0.284579
0.281770
0.278834
0.275771
0.272586
0.269280
0.265856
0.262316
0.258663
0.254900
0.251030
0.247054
0.242976
0.238799
0.234524
0.230156
0.225695
0.221146
0.216511
0.211793
0.206994
0.202116
0.197164
0.192138
0.187043
0.181880
0.176653
0.171363
0.166013
0.160606
0.155144
0.149631
0.144067
0.138456
0.132800
0.127101
0.121362
0.115585
0.109772
0.103926
0.098048
0.092140
0.086206
0.080247
0.074264
0.068261
0.062238
0.056199
0.050144
0.044076
0.037997
0.031907
0.025810
0.019707
0.013599
0.007489
0.001377
-0.004734
-0.010843
-0.016948
-0.023049
-0.029143
-0.035228
-0.041305
-0.047370
-0.053424
-0.059463
-0.065488
-0.071497
-0.077488
-0.083461
-0.089414
-0.095346
-0.101256
-0.107142
-0.113004
-0.118841
-0.124651
-0.130434
-0.136188
-0.141912
-0.147606
-0.153269
-0.158899
-0.164496
-0.170059
-0.175586
-0.181078
-0.186533
-0.191951
-0.197330
-0.202670
-0.207970
-0.213230
-0.218448
-0.223624
-0.228758
-0.233848
-0.238894
-0.243895
-0.248851
-0.253760
-0.258623
-0.263439
-0.268207
-0.272927
-0.277597
-0.282218
-0.286789
-0.291310
-0.295779
-0.300196
-0.304562
-0.308875
-0.313135
-0.317341
-0.321493
-0.325591
-0.329634
-0.333622
-0.337553
-0.341429
-0.345248
-0.349010
-0.352715
-0.356362
-0.359951
-0.363482
-0.366953
-0.370366
-0.373719
-0.377012
-0.380245
-0.383417
-0.386529
-0.389579
-0.392568
-0.395496
-0.398361
-0.401164
-0.403904
-0.406581
-0.409196
-0.411746
-0.414233
-0.416657
-0.419016
-0.421310
-0.423540
-0.425705
-0.427805
-0.429839
-0.431808
-0.433711
-0.435548
-0.437318
-0.439023
-0.440660
-0.442231
-0.443735
-0.445171
-0.446541
-0.447842
-0.449076
-0.450242
-0.451340
-0.452369
-0.453330
-0.454223
-0.455047
-0.455801
-0.456487
-0.457104
-0.457652
-0.458130
-0.458538
-0.458877
-0.459146
-0.459345
-0.459474
-0.459533
-0.459521
-0.459440
-0.459287
-0.459065
-0.458771
-0.458407
-0.457972
-0.457467
-0.456890
-0.456242
-0.455524
-0.454734
-0.453873
-0.452940
-0.451937
-0.450862
-0.449715
-0.448498
-0.447208
-0.445848
-0.444416
-0.442912
-0.441337
-0.439691
-0.437973
-0.436183
-0.434323
-0.432390
-0.430387
-0.428312
-0.426165
-0.423948
-0.421659
-0.419299
-0.416868
-0.414366
-0.411794
-0.409150
-0.406436
-0.403651
-0.400795
-0.397869
-0.394873
-0.391807
-0.388671
-0.385466
-0.382190
-0.378845
-0.375431
-0.371949
-0.368397
-0.364776
-0.361088
-0.357331
-0.353507
-0.349615
-0.345655
-0.341629
-0.337536
-0.333377
-0.329152
-0.324861
-0.320505
-0.316084
-0.311599
-0.307050
-0.302437
-0.297762
-0.293023
-0.288223
-0.283360
-0.278437
-0.273453
-0.268410
-0.263307
-0.258145
-0.252925
-0.247648
-0.242314
-0.236924
-0.231479
-0.225979
-0.220425
-0.214819
-0.209161
-0.203451
-0.197691
-0.191882
-0.186024
-0.180119
-0.174168
-0.168171
-0.162131
-0.156047
-0.149921
-0.143755
-0.137549
-0.131305
-0.125024
-0.118707
-0.112357
-0.105973
-0.099559
-0.093115
-0.086642
-0.080144
-0.073620
-0.067073
-0.060505
-0.053917
-0.047311
-0.040689
-0.034053
-0.027405
-0.020747
-0.014081
-0.007409
-0.000733
0.005944
0.012621
0.019294
0.025962
0.032622
0.039271
0.045908
0.052529
0.059133
0.065715
0.072274
0.078808
0.085312
0.091784
0.098222
0.104623
0.110983
0.117299
0.123569
0.129789
0.135957
0.142069
0.148122
0.154113
0.160039
0.165896
0.171682
0.177393
0.183026
0.188577
0.194044
0.199423
0.204711
0.209905
0.215002
0.219998
0.224891
0.229677
0.234353
0.238917
0.243365
0.247694
0.251902
0.255986
0.259943
0.263771
0.267466
0.271027
0.274451
0.277736
0.280880
0.283881
0.286736
0.289444
0.292003
0.294412
0.296668
0.298771
0.300720
0.302512
0.304148
0.305627
0.306947
0.308108
0.309110
0.309952
0.310634
0.311156
0.311519
0.311722
0.311765
0.311651
0.311377
0.310947
0.310360
0.309618
0.308721
0.307670
0.306468
0.305116
0.303615
0.301966
0.300172
0.298234
0.296154
0.293934
0.291577
0.289083
0.286457
0.283699
0.280812
0.277799
0.274662
0.271403
0.268025
0.264530
0.260922
0.257202
0.253374
0.249439
0.245401
0.241262
0.237026
0.232694
0.228269
0.223755
0.219154
0.214468
0.209700
0.204853
0.199930
0.194933
0.189865
0.184729
0.179526
0.174261
0.168934
0.163550
0.158110
0.152616
0.147072
0.141479
0.135841
0.130159
0.124436
0.118673
0.112875
0.107041
0.101175
0.095280
0.089356
0.083406
0.077433
0.071438
0.065423
0.059390
0.053341
0.047278
0.041203
0.035118
0.029024
0.022923
0.016817
0.010708
0.004597
-0.001514
-0.007624
-0.013731
-0.019833
-0.025930
-0.032018
-0.038098
-0.044168
-0.050226
-0.056271
-0.062302
-0.068317
-0.074315
-0.080295
-0.086255
-0.092195
-0.098114
-0.104009
-0.109881
-0.115727
-0.121548
-0.127341
-0.133106
-0.138842
-0.144548
-0.150223
-0.155865
-0.161475
-0.167051
-0.172592
-0.178098
-0.183567
-0.189000
-0.194394
-0.199749
-0.205065
-0.210340
-0.215574
-0.220767
-0.225917
-0.231024
-0.236087
-0.241105
-0.246078
-0.251006
-0.255887
-0.260721
-0.265508
-0.270246
-0.274936
-0.279576
-0.284166
-0.288706
-0.293195
-0.297633
-0.302019
-0.306352
-0.310633
-0.314860
-0.319033
-0.323152
-0.327216
-0.331225
-0.335179
-0.339076
-0.342917
-0.346701
-0.350429
-0.354098
-0.357710
-0.361263
-0.364757
-0.368193
-0.371569
-0.374885
-0.378142
-0.381338
-0.384473
-0.387547
-0.390560
-0.393511
-0.396400
-0.399227
-0.401992
-0.404694
-0.407333
-0.409908
-0.412420
-0.414868
-0.417252
-0.419571
-0.421826
-0.424016
-0.426141
-0.428201
-0.430195
-0.432124
-0.433987
-0.435783
-0.437513
-0.439177
-0.440773
-0.442303
-0.443766
-0.445161
-0.446489
-0.447749
-0.448941
-0.450066
-0.451122
-0.452109
-0.453029
-0.453879
-0.454661
-0.455373
-0.456017
-0.456591
-0.457096
-0.457532
-0.457898
-0.458194
-0.458420
-0.458576
-0.458662
-0.458678
-0.458624
-0.458499
-0.458304
-0.458038
-0.457701
-0.457294
-0.456816
-0.456267
-0.455646
-0.454955
-0.454193
-0.453360
-0.452455
-0.451479
-0.450432
-0.449313
-0.448123
-0.446862
-0.445529
-0.444125
-0.442649
-0.441102
-0.439483
-0.437793
-0.436031
-0.434198
-0.432293
-0.430318
-0.428270
-0.426152
-0.423962
-0.421701
-0.419368
-0.416965
-0.414491
-0.411945
-0.409329
-0.406642
-0.403885
-0.401057
-0.398158
-0.395189
-0.392151
-0.389042
-0.385863
-0.382615
-0.379297
-0.375910
-0.372454
-0.368929
-0.365335
-0.361673
-0.357942
-0.354144
-0.350278
-0.346345
-0.342345
-0.338278
-0.334144
-0.329945
-0.325679
-0.321349
-0.316953
-0.312493
-0.307969
-0.303380
-0.298729
-0.294015
-0.289238
-0.284400
-0.279500
-0.274540
-0.269520
-0.264440
-0.259300
-0.254103
-0.248848
-0.243536
-0.238168
-0.232744
-0.227265
-0.221732
-0.216146
-0.210508
-0.204818
-0.199077
-0.193287
-0.187448
-0.181561
-0.175628
-0.169649
-0.163625
-0.157558
-0.151448
-0.145297
-0.139106
-0.132877
-0.126610
-0.120307
-0.113970
-0.107599
-0.101196
-0.094763
-0.088301
-0.081813
-0.075298
-0.068760
-0.062200
-0.055619
-0.049019
-0.042403
-0.035772
-0.029129
-0.022474
-0.015811
-0.009141
-0.002466
0.004211
0.010888
0.017563
0.024234
0.030897
0.037551
0.044193
0.050821
0.057432
0.064024
0.070592
0.077136
0.083653
0.090138
0.096590
0.103006
0.109382
0.115716
0.122005
0.128245
0.134434
0.140568
0.146645
0.152661
0.158613
0.164498
0.170312
0.176053
0.181717
0.187301
0.192801
0.198215
0.203540
0.208771
0.213907
0.218943
0.223877
0.228705
0.233425
0.238033
0.242527
0.246903
0.251159
0.255292
0.259300
0.263178
0.266926
0.270540
0.274019
0.277359
0.280559
0.283616
0.286528
0.289294
0.291912
0.294380
0.296697
0.298860
0.300870
0.302724
0.304421
0.305962
0.307344
0.308568
0.309632
0.310537
0.311282
0.311868
0.312293
0.312559
0.312665
0.312613
0.312402
0.312033
0.311507
0.310826
0.309990
0.309000
0.307857
0.306564
0.305121
0.303530
0.301793
0.299911
0.297887
0.295722
0.293419
0.290979
0.288404
0.285698
0.282862
0.279898
0.276809
0.273598
0.270267
0.266818
0.263254
0.259577
0.255791
0.251898
0.247901
0.243802
0.239603
0.235309
0.230920
0.226441
0.221874
0.217221
0.212485
0.207669
0.202776
0.197808
0.192768
0.187658
0.182481
0.177240
0.171938
0.166576
0.161157
0.155685
0.150160
0.144587
0.138966
0.133301
0.127594
0.121847
0.116062
0.110242
0.104389
0.098505
0.092592
0.086653
0.080689
0.074702
0.068695
0.062669
0.056626
0.050569
0.044499
0.038417
0.032327
0.026229
0.020125
0.014017
0.007906
0.001795
-0.004315
-0.010423
-0.016527
-0.022626
-0.028718
-0.034801
-0.040875
-0.046938
-0.052988
-0.059024
-0.065045
-0.071050
-0.077037
-0.083005
-0.088953
-0.094880
-0.100784
-0.106665
-0.112521
-0.118352
-0.124156
-0.129932
-0.135679
-0.141397
-0.147084
-0.152739
-0.158362
-0.163951
-0.169506
-0.175025
-0.180509
-0.185955
-0.191364
-0.196735
-0.202066
-0.207357
-0.212607
-0.217816
-0.222983
-0.228106
-0.233186
-0.238222
-0.243213
-0.248159
-0.253058
-0.257910
-0.262716
-0.267473
-0.272181
-0.276841
-0.281451
-0.286010
-0.290519
-0.294977
-0.299383
-0.303737
-0.308038
-0.312286
-0.316480
-0.320620
-0.324705
-0.328736
-0.332711
-0.336631
-0.340494
-0.344300
-0.348049
-0.351741
-0.355375
-0.358951
-0.362469
-0.365927
-0.369327
-0.372666
-0.375946
-0.379165
-0.382324
-0.385422
-0.388459
-0.391434
-0.394348
-0.397199
-0.399988
-0.402714
-0.405378
-0.407978
-0.410514
-0.412987
-0.415396
-0.417741
-0.420021
-0.422236
-0.424387
-0.426472
-0.428492
-0.430446
-0.432334
-0.434156
-0.435912
-0.437602
-0.439225
-0.440781
-0.442269
-0.443691
-0.445045
-0.446332
-0.447550
-0.448701
-0.449784
-0.450798
-0.451744
-0.452621
-0.453430
-0.454169
-0.454840
-0.455441
-0.455973
-0.456436
-0.456828
-0.457152
-0.457405
-0.457589
-0.457702
-0.457745
-0.457718
-0.457621
-0.457453
-0.457215
-0.456906
-0.456526
-0.456075
-0.455554
-0.454961
-0.454298
-0.453563
-0.452757
-0.451880
-0.450932
-0.449913
-0.448822
-0.447660
-0.446426
-0.445121
-0.443745
-0.442297
-0.440777
-0.439186
-0.437524
-0.435790
-0.433985
-0.432108
-0.430160
-0.428141
-0.426050
-0.423888
-0.421654
-0.419350
-0.416974
-0.414527
-0.412009
-0.409421
-0.406761
-0.404031
-0.401231
-0.398360
-0.395418
-0.392407
-0.389325
-0.386173
-0.382952
-0.379661
-0.376301
-0.372872
-0.369373
-0.365806
-0.362171
-0.358467
-0.354695
-0.350856
-0.346949
-0.342974
-0.338933
-0.334826
-0.330652
-0.326412
-0.322107
-0.317736
-0.313301
-0.308802
-0.304238
-0.299611
-0.294922
-0.290169
-0.285355
-0.280479
-0.275542
-0.270545
-0.265488
-0.260372
-0.255197
-0.249964
-0.244674
-0.239328
-0.233925
-0.228468
-0.222956
-0.217390
-0.211772
-0.206102
-0.200381
-0.194610
-0.188790
-0.182922
-0.177006
-0.171045
-0.165038
-0.158988
-0.152894
-0.146759
-0.140584
-0.134369
-0.128117
-0.121827
-0.115503
-0.109145
-0.102755
-0.096333
-0.089882
-0.083404
-0.076899
-0.070370
-0.063818
-0.057245
-0.050652
-0.044042
-0.037417
-0.030778
-0.024127
-0.017467
-0.010799
-0.004126
0.002551
0.009228
0.015905
0.022577
0.029244
0.035902
0.042550
0.049184
0.055802
0.062401
0.068979
0.075533
0.082061
0.088559
0.095024
0.101455
0.107847
0.114198
0.120505
0.126765
0.132974
0.139131
0.145230
0.151271
0.157248
0.163160
0.169002
0.174772
0.180467
0.186083
0.191616
0.197065
0.202425
0.207694
0.212867
0.217943
0.222917
0.227787
0.232550
0.237203
0.241742
0.246165
0.250469
0.254651
0.258708
0.262637
0.266437
0.270104
0.273636
0.277031
0.280286
0.283400
0.286369
0.289193
0.291870
0.294397
0.296773
0.298997
0.301067
0.302983
0.304742
0.306345
0.307789
0.309076
0.310203
0.311171
0.311979
0.312627
0.313116
0.313444
0.313613
0.313623
0.313475
0.313168
0.312704
0.312084
0.311309
0.310379
0.309297
0.308063
0.306679
0.305146
0.303466
0.301642
0.299673
0.297564
0.295315
0.292929
0.290407
0.287752
0.284967
0.282054
0.279014
0.275851
0.272567
0.269164
0.265645
0.262013
0.258270
0.254419
0.250463
0.246403
0.242244
0.237987
0.233636
0.229192
0.224659
0.220040
0.215337
0.210552
0.205689
0.200751
0.195739
0.190656
0.185506
0.180290
0.175012
0.169673
0.164277
0.158826
0.153321
0.147767
0.142165
0.136517
0.130827
0.125095
0.119326
0.113519
0.107679
0.101807
0.095906
0.089977
0.084022
0.078045
0.072045
0.066027
0.059991
0.053939
0.047874
0.041797
0.035710
0.029615
0.023513
0.017407
0.011297
0.005187
-0.000924
-0.007033
-0.013139
-0.019240
-0.025334
-0.031421
-0.037498
-0.043565
-0.049620
-0.055662
-0.061689
-0.067700
-0.073694
-0.079670
-0.085625
-0.091561
-0.097474
-0.103364
-0.109230
-0.115071
-0.120885
-0.126672
-0.132431
-0.138160
-0.143859
-0.149527
-0.155162
-0.160764
-0.166333
-0.171866
-0.177364
-0.182825
-0.188249
-0.193634
-0.198981
-0.204287
-0.209554
-0.214779
-0.219962
-0.225103
-0.230200
-0.235253
-0.240262
-0.245225
-0.250142
-0.255013
-0.259837
-0.264613
-0.269340
-0.274019
-0.278648
-0.283228
-0.287757
-0.292234
-0.296661
-0.301035
-0.305357
-0.309625
-0.313841
-0.318002
-0.322109
-0.326161
-0.330158
-0.334099
-0.337984
-0.341813
-0.345585
-0.349299
-0.352956
-0.356555
-0.360095
-0.363577
-0.366999
-0.370362
-0.373665
-0.376909
-0.380091
-0.383213
-0.386274
-0.389273
-0.392211
-0.395087
-0.397900
-0.400651
-0.403339
-0.405964
-0.408525
-0.411023
-0.413457
-0.415827
-0.418132
-0.420373
-0.422549
-0.424660
-0.426705
-0.428685
-0.430599
-0.432447
-0.434229
-0.435945
-0.437594
-0.439176
-0.440691
-0.442139
-0.443519
-0.444832
-0.446077
-0.447255
-0.448364
-0.449405
-0.450378
-0.451282
-0.452117
-0.452884
-0.453582
-0.454210
-0.454769
-0.455259
-0.455679
-0.456030
-0.456310
-0.456521
-0.456662
-0.456733
-0.456733
-0.456664
-0.456523
-0.456313
-0.456031
-0.455679
-0.455256
-0.454762
-0.454198
-0.453562
-0.452855
-0.452077
-0.451228
-0.450308
-0.449316
-0.448253
-0.447119
-0.445913
-0.444636
-0.443288
-0.441868
-0.440376
-0.438814
-0.437179
-0.435473
-0.433696
-0.431847
-0.429927
-0.427935
-0.425872
-0.423738
-0.421533
-0.419256
-0.416908
-0.414489
-0.411999
-0.409438
-0.406806
-0.404104
-0.401331
-0.398487
-0.395573
-0.392589
-0.389535
-0.386411
-0.383217
-0.379953
-0.376620
-0.373218
-0.369746
-0.366206
-0.362597
-0.358920
-0.355175
-0.351362
-0.347481
-0.343533
-0.339518
-0.335436
-0.331288
-0.327074
-0.322795
-0.318450
-0.314040
-0.309565
-0.305027
-0.300425
-0.295759
-0.291031
-0.286241
-0.281389
-0.276476
-0.271503
-0.266469
-0.261376
-0.256224
-0.251014
-0.245746
-0.240421
-0.235041
-0.229605
-0.224114
-0.218569
-0.212972
-0.207322
-0.201620
-0.195869
-0.190068
-0.184218
-0.178321
-0.172377
-0.166388
-0.160354
-0.154278
-0.148159
-0.141999
-0.135799
-0.129561
-0.123286
-0.116975
-0.110630
-0.104252
-0.097842
-0.091403
-0.084935
-0.078440
-0.071920
-0.065377
-0.058811
-0.052226
-0.045623
-0.039003
-0.032369
-0.025722
-0.019065
-0.012400
-0.005728
0.000947
0.007625
0.014302
0.020976
0.027646
0.034308
0.040960
0.047600
0.054225
0.060832
0.067419
0.073983
0.080521
0.087032
0.093510
0.099955
0.106363
0.112731
0.119056
0.125335
0.131565
0.137742
0.143865
0.149929
0.155932
0.161870
0.167740
0.173540
0.179265
0.184912
0.190479
0.195961
0.201357
0.206662
0.211874
0.216988
0.222003
0.226915
0.231721
0.236417
0.241002
0.245471
0.249822
0.254053
0.258160
0.262140
0.265991
0.269711
0.273297
0.276746
0.280057
0.283227
0.286254
0.289135
0.291870
0.294457
0.296893
0.299177
0.301308
0.303285
0.305106
0.306771
0.308278
0.309627
0.310817
0.311848
0.312720
0.313431
0.313983
0.314375
0.314607
0.314680
0.314594
0.314349
0.313948
0.313389
0.312675
0.311807
0.310785
0.309610
0.308285
0.306811
0.305189
0.303422
0.301510
0.299456
0.297262
0.294930
0.292461
0.289859
0.287126
0.284262
0.281272
0.278158
0.274921
0.271565
0.268092
0.264505
0.260805
0.256997
0.253082
0.249063
0.244943
0.240724
0.236410
0.232002
0.227505
0.222919
0.218249
0.213496
0.208664
0.203755
0.198772
0.193717
0.188594
0.183403
0.178150
0.172835
0.167461
0.162031
0.156548
0.151013
0.145430
0.139800
0.134126
0.128411
0.122656
0.116864
0.111037
0.105178
0.099288
0.093370
0.087425
0.081457
0.075466
0.069455
0.063426
0.057380
0.051320
0.045248
0.039165
0.033073
0.026974
0.020869
0.014761
0.008651
0.002540
-0.003570
-0.009677
-0.015779
-0.021876
-0.027966
-0.034047
-0.040118
-0.046178
-0.052225
-0.058258
-0.064275
-0.070276
-0.076258
-0.082222
-0.088165
-0.094087
-0.099986
-0.105862
-0.111712
-0.117537
-0.123335
-0.129104
-0.134845
-0.140556
-0.146236
-0.151884
-0.157499
-0.163081
-0.168628
-0.174140
-0.179615
-0.185053
-0.190454
-0.195816
-0.201138
-0.206420
-0.211661
-0.216861
-0.222018
-0.227132
-0.232203
-0.237229
-0.242210
-0.247145
-0.252034
-0.256876
-0.261671
-0.266417
-0.271115
-0.275764
-0.280363
-0.284911
-0.289409
-0.293855
-0.298250
-0.302592
-0.306882
-0.311118
-0.315300
-0.319429
-0.323502
-0.327521
-0.331484
-0.335391
-0.339241
-0.343035
-0.346772
-0.350452
-0.354073
-0.357636
-0.361141
-0.364587
-0.367973
-0.371299
-0.374566
-0.377772
-0.380918
-0.384003
-0.387026
-0.389988
-0.392888
-0.395726
-0.398501
-0.401213
-0.403863
-0.406449
-0.408972
-0.411431
-0.413826
-0.416156
-0.418423
-0.420624
-0.422760
-0.424831
-0.426837
-0.428776
-0.430650
-0.432458
-0.434200
-0.435875
-0.437483
-0.439024
-0.440498
-0.441905
-0.443245
-0.444516
-0.445720
-0.446856
-0.447924
-0.448923
-0.449854
-0.450717
-0.451510
-0.452235
-0.452890
-0.453476
-0.453993
-0.454441
-0.454819
-0.455127
-0.455365
-0.455533
-0.455631
-0.455659
-0.455617
-0.455504
-0.455321
-0.455067
-0.454743
-0.454348
-0.453882
-0.453345
-0.452737
-0.452058
-0.451308
-0.450486
-0.449594
-0.448630
-0.447595
-0.446489
-0.445311
-0.444062
-0.442742
-0.441349
-0.439886
-0.438351
-0.436745
-0.435067
-0.433317
-0.431496
-0.429604
-0.427641
-0.425605
-0.423499
-0.421321
-0.419073
-0.416753
-0.414361
-0.411899
-0.409366
-0.406762
-0.404087
-0.401342
-0.398526
-0.395639
-0.392683
-0.389656
-0.386559
-0.383392
-0.380156
-0.376850
-0.373474
-0.370030
-0.366517
-0.362935
-0.359284
-0.355566
-0.351779
-0.347925
-0.344003
-0.340014
-0.335958
-0.331836
-0.327648
-0.323394
-0.319074
-0.314690
-0.310241
-0.305727
-0.301150
-0.296509
-0.291806
-0.287040
-0.282212
-0.277323
-0.272373
-0.267362
-0.262292
-0.257163
-0.251976
-0.246730
-0.241428
-0.236069
-0.230654
-0.225185
-0.219661
-0.214084
-0.208455
-0.202773
-0.197041
-0.191259
-0.185428
-0.179550
-0.173624
-0.167652
-0.161636
-0.155576
-0.149473
-0.143329
-0.137144
-0.130921
-0.124660
-0.118363
-0.112031
-0.105666
-0.099268
-0.092840
-0.086383
-0.079898
-0.073388
-0.066853
-0.060296
-0.053718
-0.047122
-0.040508
-0.033879
-0.027237
-0.020583
-0.013921
-0.007251
-0.000577
0.006100
0.012778
0.019454
0.026126
0.032792
0.039448
0.046093
0.052725
0.059339
0.065935
0.072508
0.079058
0.085579
0.092071
0.098530
0.104953
0.111337
0.117679
0.123977
0.130227
0.136425
0.142570
0.148658
0.154686
0.160650
0.166547
0.172375
0.178130
0.183808
0.189407
0.194924
0.200354
0.205695
0.210944
0.216098
0.221152
0.226105
0.230953
0.235693
0.240322
0.244837
0.249236
0.253514
0.257670
0.261700
0.265603
0.269375
0.273014
0.276517
0.279883
0.283109
0.286192
0.289131
0.291924
0.294569
0.297