0.670984
0.672631
0.674250
0.675842
0.677407
0.678943
0.680453
0.681934
0.683388
0.684814
0.686212
0.687582
0.688924
0.690238
0.691524
0.692781
0.694011
0.695212
0.696385
0.697529
0.698645
0.699732
0.700791
0.701822
0.702823
0.703796
0.704740
0.705656
0.706543
0.707401
0.708230
0.709030
0.709801
0.710543
0.711256
0.711940
0.712595
0.713221
0.713818
0.714385
0.714924
0.715433
0.715913
0.716363
0.716785
0.717177
0.717539
0.717873
0.718177
0.718451
0.718697
0.718913
0.719099
0.719256
0.719384
0.719482
0.719551
0.719590
0.719600
0.719580
0.719531
0.719452
0.719344
0.719207
0.719040
0.718844
0.718618
0.718362
0.718078
0.717764
0.717420
0.717047
0.716645
0.716213
0.715752
0.715262
0.714742
0.714193
0.713615
0.713007
0.712370
0.711704
0.711009
0.710285
0.709531
0.708749
0.707937
0.707096
0.706227
0.705328
0.704400
0.703444
0.702458
0.701444
0.700401
0.699329
0.698229
0.697100
0.695942
0.694756
0.693541
0.692297
0.691026
0.689726
0.688397
0.687040
0.685655
0.684242
0.682801
0.681332
0.679834
0.678309
0.676756
0.675175
0.673566
0.671930
0.670266
0.668575
0.666856
0.665109
0.663336
0.661535
0.659707
0.657851
0.655969
0.654060
0.652124
0.650161
0.648171
0.646155
0.644112
0.642042
0.639946
0.637824
0.635676
0.633501
0.631301
0.629074
0.626822
0.624544
0.622240
0.619910
0.617555
0.615175
0.612769
0.610338
0.607882
0.605402
0.602896
0.600365
0.597810
0.595230
0.592625
0.589996
0.587343
0.584666
0.581964
0.579239
0.576490
0.573717
0.570921
0.568101
0.565257
0.562391
0.559501
0.556588
0.553653
0.550694
0.547713
0.544710
0.541683
0.538635
0.535565
0.532472
0.529358
0.526221
0.523064
0.519884
0.516683
0.513461
0.510218
0.506954
0.503669
0.500363
0.497037
0.493690
0.490323
0.486936
0.483528
0.480101
0.476654
0.473187
0.469701
0.466196
0.462671
0.459128
0.455565
0.451984
0.448384
0.444766
0.441129
0.437475
0.433802
0.430112
0.426403
0.422678
0.418934
0.415174
0.411397
0.407602
0.403791
0.399963
0.396119
0.392259
0.388382
0.384489
0.380581
0.376657
0.372717
0.368763
0.364793
0.360808
0.356808
0.352793
0.348764
0.344721
0.340663
0.336592
0.332507
0.328408
0.324295
0.320169
0.316030
0.311878
0.307713
0.303536
0.299346
0.295144
0.290930
0.286703
0.282465
0.278216
0.273955
0.269682
0.265399
0.261105
0.256800
0.252484
0.248158
0.243822
0.239476
0.235120
0.230754
0.226379
0.221995
0.217602
0.213199
0.208788
0.204368
0.199940
0.195504
0.191060
0.186608
0.182148
0.177681
0.173206
0.168724
0.164236
0.159740
0.155239
0.150730
0.146216
0.141696
0.137169
0.132638
0.128100
0.123558
0.119010
0.114458
0.109901
0.105339
0.100773
0.096203
0.091629
0.087051
0.082470
0.077885
0.073297
0.068707
0.064113
0.059517
0.054918
0.050317
0.045714
0.041109
0.036502
0.031894
0.027285
0.022674
0.018063
0.013450
0.008838
0.004225
-0.000389
-0.005002
-0.009615
-0.014228
-0.018840
-0.023451
-0.028061
-0.032671
-0.037279
-0.041885
-0.046490
-0.051092
-0.055693
-0.060291
-0.064887
-0.069481
-0.074071
-0.078658
-0.083243
-0.087824
-0.092401
-0.096974
-0.101544
-0.106109
-0.110670
-0.115227
-0.119779
-0.124326
-0.128867
-0.133404
-0.137935
-0.142461
-0.146981
-0.151494
-0.156002
-0.160503
-0.164998
-0.169486
-0.173967
-0.178441
-0.182908
-0.187367
-0.191819
-0.196263
-0.200699
-0.205127
-0.209546
-0.213957
-0.218359
-0.222753
-0.227137
-0.231512
-0.235878
-0.240234
-0.244580
-0.248916
-0.253242
-0.257558
-0.261864
-0.266159
-0.270443
-0.274716
-0.278978
-0.283228
-0.287468
-0.291695
-0.295911
-0.300114
-0.304306
-0.308485
-0.312651
-0.316805
-0.320946
-0.325074
-0.329189
-0.333291
-0.337379
-0.341453
-0.345514
-0.349560
-0.353592
-0.357611
-0.361614
-0.365603
-0.369577
-0.373536
-0.377480
-0.381409
-0.385323
-0.389220
-0.393102
-0.396968
-0.400819
-0.404652
-0.408470
-0.412271
-0.416055
-0.419823
-0.423573
-0.427307
-0.431023
-0.434722
-0.438403
-0.442066
-0.445712
-0.449340
-0.452949
-0.456540
-0.460113
-0.463668
-0.467203
-0.470720
-0.474218
-0.477696
-0.481155
-0.484595
-0.488016
-0.491416
-0.494797
-0.498158
-0.501499
-0.504820
-0.508120
-0.511400
-0.514659
-0.517898
-0.521116
-0.524313
-0.527488
-0.530643
-0.533776
-0.536887
-0.539977
-0.543045
-0.546092
-0.549116
-0.552119
-0.555099
-0.558057
-0.560992
-0.563905
-0.566795
-0.569663
-0.572507
-0.575329
-0.578127
-0.580903
-0.583654
-0.586383
-0.589088
-0.591769
-0.594427
-0.597060
-0.599670
-0.602256
-0.604817
-0.607355
-0.609868
-0.612356
-0.614820
-0.617259
-0.619674
-0.622063
-0.624428
-0.626768
-0.629082
-0.631372
-0.633636
-0.635875
-0.638088
-0.640276
-0.642438
-0.644574
-0.646685
-0.648769
-0.650828
-0.652861
-0.654867
-0.656848
-0.658802
-0.660730
-0.662631
-0.664506
-0.666354
-0.668176
-0.669971
-0.671739
-0.673480
-0.675195
-0.676882
-0.678543
-0.680176
-0.681782
-0.683361
-0.684912
-0.686437
-0.687934
-0.689403
-0.690845
-0.692259
-0.693646
-0.695005
-0.696336
-0.697640
-0.698916
-0.700163
-0.701383
-0.702575
-0.703739
-0.704875
-0.705983
-0.707063
-0.708114
-0.709137
-0.710132
-0.711099
-0.712038
-0.712948
-0.713829
-0.714682
-0.715507
-0.716304
-0.717071
-0.717811
-0.718521
-0.719203
-0.719857
-0.720481
-0.721078
-0.721645
-0.722184
-0.722694
-0.723175
-0.723628
-0.724051
-0.724446
-0.724812
-0.725150
-0.725458
-0.725738
-0.725989
-0.726211
-0.726404
-0.726568
-0.726704
-0.726810
-0.726888
-0.726937
-0.726957
-0.726948
-0.726910
-0.726843
-0.726748
-0.726623
-0.726470
-0.726288
-0.726077
-0.725838
-0.725569
-0.725272
-0.724946
-0.724591
-0.724208
-0.723795
-0.723354
-0.722885
-0.722386
-0.721859
-0.721304
-0.720720
-0.720107
-0.719466
-0.718796
-0.718098
-0.717371
-0.716616
-0.715832
-0.715020
-0.714180
-0.713311
-0.712414
-0.711489
-0.710536
-0.709554
-0.708545
-0.707507
-0.706442
-0.705348
-0.704227
-0.703077
-0.701900
-0.700695
-0.699462
-0.698202
-0.696914
-0.695598
-0.694255
-0.692884
-0.691486
-0.690061
-0.688608
-0.687128
-0.685621
-0.684086
-0.682525
-0.680937
-0.679321
-0.677679
-0.676010
-0.674314
-0.672592
-0.670843
-0.669067
-0.667265
-0.665437
-0.663582
-0.661701
-0.659794
-0.657861
-0.655901
-0.653916
-0.651905
-0.649868
-0.647806
-0.645718
-0.643604
-0.641465
-0.639301
-0.637111
-0.634896
-0.632656
-0.630391
-0.628101
-0.625787
-0.623447
-0.621083
-0.618694
-0.616281
-0.613844
-0.611382
-0.608896
-0.606386
-0.603852
-0.601295
-0.598713
-0.596108
-0.593479
-0.590827
-0.588152
-0.585453
-0.582731
-0.579986
-0.577218
-0.574428
-0.571614
-0.568778
-0.565920
-0.563039
-0.560136
-0.557211
-0.554264
-0.551295
-0.548304
-0.545292
-0.542258
-0.539202
-0.536125
-0.533027
-0.529908
-0.526769
-0.523608
-0.520426
-0.517224
-0.514002
-0.510759
-0.507496
-0.504213
-0.500911
-0.497588
-0.494246
-0.490884
-0.487502
-0.484102
-0.480682
-0.477244
-0.473786
-0.470310
-0.466815
-0.463302
-0.459770
-0.456221
-0.452653
-0.449067
-0.445464
-0.441843
-0.438204
-0.434549
-0.430876
-0.427186
-0.423479
-0.419755
-0.416015
-0.412258
-0.408485
-0.404696
-0.400891
-0.397070
-0.393234
-0.389381
-0.385514
-0.381631
-0.377733
-0.373820
-0.369893
-0.365950
-0.361994
-0.358023
-0.354037
-0.350038
-0.346025
-0.341998
-0.337958
-0.333904
-0.329838
-0.325758
-0.321665
-0.317559
-0.313441
-0.309311
-0.305168
-0.301013
-0.296847
-0.292668
-0.288478
-0.284277
-0.280064
-0.275840
-0.271605
-0.267360
-0.263104
-0.258837
-0.254561
-0.250274
-0.245977
-0.241671
-0.237355
-0.233029
-0.228695
-0.224351
-0.219998
-0.215637
-0.211267
-0.206889
-0.202502
-0.198108
-0.193706
-0.189296
-0.184878
-0.180453
-0.176021
-0.171582
-0.167137
-0.162684
-0.158225
-0.153760
-0.149289
-0.144812
-0.140329
-0.135841
-0.131347
-0.126848
-0.122344
-0.117835
-0.113321
-0.108803
-0.104281
-0.099754
-0.095224
-0.090690
-0.086152
-0.081611
-0.077066
-0.072518
-0.067968
-0.063415
-0.058859
-0.054301
-0.049741
-0.045179
-0.040615
-0.036049
-0.031482
-0.026914
-0.022345
-0.017775
-0.013204
-0.008632
-0.004061
0.000511
0.005083
0.009655
0.014226
0.018797
0.023367
0.027936
0.032504
0.037070
0.041635
0.046199
0.050761
0.055320
0.059878
0.064433
0.068985
0.073535
0.078082
0.082625
0.087166
0.091702
0.096236
0.100765
0.105290
0.109812
0.114328
0.118841
0.123348
0.127851
0.132348
0.136840
0.141327
0.145808
0.150283
0.154752
0.159215
0.163672
0.168122
0.172566
0.177002
0.181432
0.185854
0.190268
0.194676
0.199075
0.203466
0.207850
0.212225
0.216591
0.220949
0.225298
0.229638
0.233969
0.238290
0.242602
0.246904
0.251196
0.255478
0.259750
0.264012
0.268263
0.272503
0.276733
0.280951
0.285158
0.289353
0.293537
0.297709
0.301870
0.306018
0.310154
0.314277
0.318388
0.322486
0.326571
0.330643
0.334702
0.338747
0.342779
0.346797
0.350801
0.354791
0.358766
0.362727
0.366674
0.370606
0.374523
0.378425
0.382312
0.386183
0.390039
0.393879
0.397704
0.401512
0.405304
0.409080
0.412840
0.416583
0.420309
0.424018
0.427710
0.431385
0.435043
0.438683
0.442305
0.445909
0.449496
0.453064
0.456615
0.460146
0.463660
0.467154
0.470630
0.474087
0.477524
0.480942
0.484341
0.487721
0.491081
0.494421
0.497740
0.501040
0.504320
0.507579
0.510818
0.514036
0.517234
0.520410
0.523566
0.526700
0.529813
0.532905
0.535975
0.539023
0.542050
0.545055
0.548037
0.550998
0.553936
0.556852
0.559745
0.562616
0.565464
0.568289
0.571091
0.573869
0.576625
0.579357
0.582066
0.584751
0.587413
0.590051
0.592664
0.595254
0.597820
0.600361
0.602878
0.605371
0.607839
0.610283
0.612701
0.615095
0.617464
0.619808
0.622127
0.624420
0.626688
0.628931
0.631148
0.633339
0.635505
0.637645
0.639759
0.641847
0.643909
0.645945
0.647955
0.649938
0.651895
0.653825
0.655729
0.657606
0.659456
0.661279
0.663076
0.664846
0.666588
0.668304
0.669992
0.671653
0.673286
0.674892
0.676471
0.678022
0.679546
0.681042
0.682510
0.683950
0.685363
0.686747
0.688104
0.689432
0.690733
0.692005
0.693249
0.694465
0.695652
0.696811
0.697942
0.699044
0.700118
0.701163
0.702179
0.703167
0.704126
0.705056
0.705958
0.706831
0.707675
0.708490
0.709276
0.710033
0.710761
0.711460
0.712130
0.712771
0.713383
0.713965
0.714519
0.715043
0.715538
0.716004
0.716440
0.716847
0.717225
0.717574
0.717893
0.718182
0.718443
0.718674
0.718875
0.719048
0.719190
0.719304
0.719388
0.719442
0.719467
0.719462
0.719428
0.719365
0.719272
0.719150
0.718998
0.718817
0.718606
0.718366
0.718096
0.717797
0.717469
0.717111
0.716724
0.716307
0.715861
0.715386
0.714881
0.714347
0.713784
0.713191
0.712570
0.711919
0.711238
0.710529
0.709790
0.709023
0.708226
0.707400
0.706545
0.705661
0.704749
0.703807
0.702836
0.701837
0.700809
0.699751
0.698666
0.697551
0.696408
0.695236
0.694036
0.692807
0.691550
0.690264
0.688950
0.687608
0.686238
0.684839
0.683412
0.681957
0.680474
0.678963
0.677424
0.675857
0.674263
0.672641
0.670991
0.669314
0.667609
0.665876
0.664117
0.662330
0.660515
0.658674
0.656805
0.654910
0.652987
0.651038
0.649062
0.647059
0.645030
0.642974
0.640892
0.638783
0.636648
0.634487
0.632299
0.630086
0.627847
0.625582
0.623291
0.620975
0.618633
0.616265
0.613872
0.611454
0.609011
0.606543
0.604050
0.601532
0.598989
0.596421
0.593829
0.591213
0.588572
0.585907
0.583218
0.580505
0.577768
0.575007
0.572223
0.569415
0.566583
0.563728
0.560850
0.557949
0.555025
0.552079
0.549109
0.546117
0.543102
0.540065
0.537006
0.533925
0.530821
0.527696
0.524549
0.521381
0.518191
0.514979
0.511747
0.508494
0.505219
0.501924
0.498608
0.495271
0.491915
0.488538
0.485140
0.481723
0.478286
0.474830
0.471353
0.467858
0.464343
0.460809
0.457256
0.453684
0.450094
0.446485
0.442858
0.439212
0.435549
0.431867
0.428168
0.424451
0.420717
0.416965
0.413196
0.409410
0.405608
0.401788
0.397952
0.394100
0.390232
0.386347
0.382447
0.378531
0.374599
0.370652
0.366690
0.362712
0.358720
0.354713
0.350691
0.346655
0.342604
0.338540
0.334462
0.330369
0.326264
0.322145
0.318012
0.313867
0.309709
0.305537
0.301354
0.297158
0.292950
0.288729
0.284497
0.280253
0.275998
0.271731
0.267454
0.263165
0.258865
0.254555
0.250234
0.245903
0.241562
0.237211
0.232850
0.228480
0.224100
0.219711
0.215313
0.210907
0.206491
0.202067
0.197635
0.193195
0.188746
0.184290
0.179827
0.175356
0.170878
0.166393
0.161901
0.157402
0.152897
0.148386
0.143868
0.139345
0.134816
0.130281
0.125741
0.121196
0.116646
0.112091
0.107532
0.102968
0.098400
0.093828
0.089252
0.084672
0.080089
0.075503
0.070913
0.066321
0.061726
0.057128
0.052528
0.047926
0.043322
0.038716
0.034108
0.029499
0.024889
0.020278
0.015666
0.011054
0.006441
0.001827
-0.002786
-0.007400
-0.012013
-0.016625
-0.021237
-0.025848
-0.030458
-0.035067
-0.039674
-0.044279
-0.048883
-0.053485
-0.058085
-0.062682
-0.067277
-0.071869
-0.076458
-0.081044
-0.085627
-0.090206
-0.094782
-0.099353
-0.103921
-0.108484
-0.113043
-0.117598
-0.122147
-0.126692
-0.131232
-0.135766
-0.140294
-0.144817
-0.149334
-0.153845
-0.158350
-0.162848
-0.167340
-0.171825
-0.176302
-0.180773
-0.185236
-0.189692
-0.194140
-0.198580
-0.203012
-0.207436
-0.211852
-0.216259
-0.220657
-0.225046
-0.229426
-0.233796
-0.238157
-0.242509
-0.246850
-0.251182
-0.255503
-0.259814
-0.264115
-0.268405
-0.272683
-0.276951
-0.281208
-0.285453
-0.289687
-0.293908
-0.298118
-0.302316
-0.306502
-0.310675
-0.314835
-0.318983
-0.323118
-0.327240
-0.331348
-0.335444
-0.339525
-0.343593
-0.347647
-0.351687
-0.355712
-0.359723
-0.363720
-0.367702
-0.371669
-0.375621
-0.379558
-0.383479
-0.387385
-0.391275
-0.395150
-0.399008
-0.402850
-0.406677
-0.410486
-0.414279
-0.418055
-0.421815
-0.425557
-0.429282
-0.432990
-0.436681
-0.440354
-0.444008
-0.447646
-0.451265
-0.454865
-0.458448
-0.462012
-0.465557
-0.469084
-0.472591
-0.476080
-0.479549
-0.482999
-0.486430
-0.489841
-0.493232
-0.496603
-0.499955
-0.503286
-0.506597
-0.509888
-0.513158
-0.516407
-0.519636
-0.522843
-0.526030
-0.529195
-0.532340
-0.535462
-0.538564
-0.541643
-0.544701
-0.547737
-0.550751
-0.553743
-0.556712
-0.559659
-0.562584
-0.565486
-0.568365
-0.571222
-0.574055
-0.576866
-0.579653
-0.582417
-0.585158
-0.587875
-0.590569
-0.593239
-0.595885
-0.598507
-0.601105
-0.603679
-0.606229
-0.608755
-0.611256
-0.613733
-0.616185
-0.618612
-0.621015
-0.623392
-0.625745
-0.628073
-0.630375
-0.632653
-0.634905
-0.637131
-0.639332
-0.641508
-0.643657
-0.645781
-0.647880
-0.649952
-0.651998
-0.654018
-0.656012
-0.657980
-0.659922
-0.661837
-0.663725
-0.665588
-0.667423
-0.669232
-0.671014
-0.672769
-0.674498
-0.676199
-0.677874
-0.679521
-0.681141
-0.682734
-0.684300
-0.685839
-0.687350
-0.688834
-0.690290
-0.691719
-0.693120
-0.694493
-0.695839
-0.697157
-0.698447
-0.699709
-0.700944
-0.702150
-0.703329
-0.704479
-0.705602
-0.706696
-0.707762
-0.708800
-0.709810
-0.710791
-0.711745
-0.712669
-0.713566
-0.714434
-0.715273
-0.716085
-0.716867
-0.717621
-0.718347
-0.719044
-0.719712
-0.720352
-0.720963
-0.721545
-0.722099
-0.722624
-0.723120
-0.723588
-0.724026
-0.724436
-0.724817
-0.725170
-0.725493
-0.725788
-0.726054
-0.726291
-0.726499
-0.726678
-0.726829
-0.726950
-0.727043
-0.727107
-0.727142
-0.727148
-0.727125
-0.727074
-0.726993
-0.726884
-0.726746
-0.726579
-0.726383
-0.726158
-0.725905
-0.725622
-0.725311
-0.724972
-0.724603
-0.724206
-0.723780
-0.723325
-0.722842
-0.722330
-0.721789
-0.721220
-0.720622
-0.719995
-0.719340
-0.718657
-0.717945
-0.717204
-0.716436
-0.715639
-0.714813
-0.713959
-0.713077
-0.712167
-0.711228
-0.710261
-0.709266
-0.708243
-0.707192
-0.706113
-0.705007
-0.703872
-0.702709
-0.701518
-0.700300
-0.699054
-0.697780
-0.696479
-0.695150
-0.693794
-0.692410
-0.690999
-0.689560
-0.688095
-0.686602
-0.685081
-0.683534
-0.681960
-0.680359
-0.678730
-0.677075
-0.675393
-0.673685
-0.671950
-0.670188
-0.668400
-0.666585
-0.664744
-0.662877
-0.660983
-0.659064
-0.657118
-0.655146
-0.653149
-0.651126
-0.649076
-0.647002
-0.644901
-0.642776
-0.640624
-0.638448
-0.636246
-0.634019
-0.631767
-0.629490
-0.627189
-0.624862
-0.622511
-0.620135
-0.617735
-0.615310
-0.612861
-0.610388
-0.607890
-0.605369
-0.602824
-0.600254
-0.597662
-0.595045
-0.592405
-0.589742
-0.587055
-0.584345
-0.581613
-0.578857
-0.576078
-0.573277
-0.570452
-0.567606
-0.564737
-0.561845
-0.558932
-0.555996
-0.553038
-0.550059
-0.547058
-0.544035
-0.540991
-0.537925
-0.534838
-0.531730
-0.528601
-0.525452
-0.522281
-0.519090
-0.515878
-0.512646
-0.509393
-0.506121
-0.502829
-0.499516
-0.496184
-0.492832
-0.489461
-0.486071
-0.482661
-0.479233
-0.475785
-0.472318
-0.468833
-0.465330
-0.461808
-0.458268
-0.454709
-0.451133
-0.447539
-0.443927
-0.440298
-0.436651
-0.432987
-0.429306
-0.425608
-0.421893
-0.418161
-0.414413
-0.410649
-0.406868
-0.403072
-0.399259
-0.395431
-0.391587
-0.387727
-0.383852
-0.379962
-0.376057
-0.372137
-0.368203
-0.364253
-0.360290
-0.356312
-0.352320
-0.348314
-0.344295
-0.340262
-0.336215
-0.332155
-0.328082
-0.323996
-0.319897
-0.315786
-0.311662
-0.307525
-0.303377
-0.299216
-0.295044
-0.290860
-0.286664
-0.282458
-0.278240
-0.274011
-0.269771
-0.265520
-0.261259
-0.256988
-0.252706
-0.248415
-0.244114
-0.239803
-0.235482
-0.231152
-0.226813
-0.222465
-0.218109
-0.213743
-0.209369
-0.204987
-0.200597
-0.196199
-0.191793
-0.187379
-0.182958
-0.178530
-0.174095
-0.169653
-0.165204
-0.160748
-0.156286
-0.151818
-0.147344
-0.142865
-0.138379
-0.133888
-0.129392
-0.124890
-0.120384
-0.115873
-0.111357
-0.106837
-0.102313
-0.097784
-0.093252
-0.088716
-0.084177
-0.079634
-0.075088
-0.070539
-0.065987
-0.061433
-0.056876
-0.052317
-0.047756
-0.043193
-0.038628
-0.034062
-0.029494
-0.024926
-0.020356
-0.015785
-0.011214
-0.006643
-0.002071
0.002501
0.007073
0.011644
0.016215
0.020786
0.025355
0.029924
0.034491
0.039057
0.043621
0.048184
0.052744
0.057303
0.061859
0.066413
0.070964
0.075512
0.080058
0.084600
0.089139
0.093674
0.098205
0.102732
0.107256
0.111775
0.116289
0.120799
0.125305
0.129805
0.134300
0.138789
0.143273
0.147751
0.152224
0.156690
0.161150
0.165603
0.170050
0.174491
0.178924
0.183350
0.187768
0.192179
0.196583
0.200978
0.205366
0.209745
0.214116
0.218479
0.222832
0.227177
0.231512
0.235839
0.240155
0.244463
0.248760
0.253048
0.257325
0.261592
0.265848
0.270094
0.274329
0.278553
0.282766
0.286968
0.291158
0.295336
0.299502
0.303657
0.307799
0.311929
0.316047
0.320151
0.324243
0.328322
0.332388
0.336440
0.340479
0.344504
0.348515
0.352512
0.356496
0.360464
0.364419
0.368358
0.372283
0.376193
0.380088
0.383967
0.387831
0.391680
0.395512
0.399329
0.403130
0.406914
0.410682
0.414434
0.418169
0.421887
0.425588
0.429272
0.432938
0.436587
0.440219
0.443833
0.447429
0.451007
0.454566
0.458108
0.461631
0.465135
0.468621
0.472087
0.475535
0.478963
0.482372
0.485762
0.489132
0.492482
0.495813
0.499123
0.502413
0.505683
0.508933
0.512162
0.515370
0.518557
0.521724
0.524869
0.527993
0.531096
0.534178
0.537237
0.540275
0.543292
0.546286
0.549258
0.552208
0.555135
0.558040
0.560923
0.563783
0.566620
0.569434
0.572224
0.574992
0.577737
0.580458
0.583155
0.585829
0.588479
0.591106
0.593708
0.596286
0.598840
0.601370
0.603876
0.606357
0.608813
0.611245
0.613651
0.616033
0.618390
0.620722
0.623029
0.625310
0.627566
0.629797
0.632001
0.634181
0.636334
0.638462
0.640563
0.642639
0.644688
0.646712
0.648709
0.650679
0.652623
0.654541
0.656432
0.658296
0.660134
0.661944
0.663728
0.665485
0.667214
0.668917
0.670592
0.672240
0.673860
0.675453
0.677019
0.678557
0.680067
0.681550
0.683005
0.684432
0.685831
0.687202
0.688545
0.689860
0.691147
0.692406
0.693637
0.694839
0.696013
0.697158
0.698275
0.699364
0.700424
0.701455
0.702458
0.703432
0.704377
0.705294
0.706182
0.707041
0.707871
0.708672
0.709444
0.710188
0.710902
0.711587
0.712243
0.712870
0.713468
0.714037
0.714576
0.715086
0.715567
0.716019
0.716442
0.716835
0.717199
0.717533
0.717838
0.718114
0.718360
0.718577
0.718765
0.718923
0.719052
0.719151
0.719221
0.719261
0.719272
0.719253
0.719205
0.719128
0.719021
0.718884
0.718718
0.718523
0.718298
0.718044
0.717761
0.717447
0.717105
0.716733
0.716332
0.715901
0.715441
0.714952
0.714433
0.713885
0.713308
0.712701
0.712066
0.711401
0.710707
0.709983
0.709231
0.708449
0.707639
0.706799
0.705930
0.705032
0.704106
0.703150
0.702166
0.701153
0.700111
0.699040
0.697940
0.696812
0.695655
0.694470
0.693256
0.692014
0.690743
0.689444
0.688116
0.686760
0.685376
0.683964
0.682524
0.681056
0.679559
0.678035
0.676483
0.674903
0.673295
0.671660
0.669997
0.668306
0.666588
0.664843
0.663070
0.661270
0.659443
0.657588
0.655707
0.653798
0.651863
0.649901
0.647912
0.645897
0.643855
0.641786
0.639691
0.637570
0.635422
0.633249
0.631049
0.628823
0.626572
0.624294
0.621991
0.619663
0.617309
0.614929
0.612524
0.610094
0.607639
0.605159
0.602654
0.600124
0.597569
0.594990
0.592386
0.589758
0.587106
0.584429
0.581729
0.579004
0.576256
0.573484
0.570688
0.567869
0.565026
0.562161
0.559272
0.556360
0.553425
0.550467
0.547487
0.544484
0.541458
0.538411
0.535341
0.532249
0.529135
0.526000
0.522842
0.519664
0.516464
0.513242
0.510000
0.506736
0.503452
0.500147
0.496821
0.493475
0.490108
0.486722
0.483315
0.479888
0.476442
0.472976
0.469491
0.465986
0.462462
0.458919
0.455357
0.451776
0.448177
0.444559
0.440923
0.437269
0.433597
0.429907
0.426199
0.422474
0.418731
0.414972
0.411195
0.407401
0.403590
0.399763
0.395919
0.392059
0.388183
0.384291
0.380383
0.376459
0.372520
0.368566
0.364596
0.360612
0.356612
0.352598
0.348570
0.344527
0.340470
0.336399
0.332314
0.328215
0.324103
0.319978
0.315839
0.311687
0.307523
0.303346
0.299156
0.294954
0.290741
0.286515
0.282277
0.278028
0.273767
0.269495
0.265212
0.260918
0.256613
0.252298
0.247972
0.243636
0.239291
0.234935
0.230570
0.226195
0.221811
0.217417
0.213015
0.208604
0.204185
0.199757
0.195321
0.190877
0.186425
0.181965
0.177498
0.173024
0.168542
0.164054
0.159559
0.155057
0.150549
0.146035
0.141515
0.136989
0.132457
0.127920
0.123377
0.118830
0.114278
0.109721
0.105159
0.100593
0.096023
0.091449
0.086872
0.082290
0.077706
0.073118
0.068527
0.063933
0.059337
0.054738
0.050137
0.045534
0.040929
0.036323
0.031714
0.027105
0.022494
0.017883
0.013271
0.008658
0.004045
-0.000569
-0.005182
-0.009795
-0.014408
-0.019020
-0.023631
-0.028242
-0.032851
-0.037459
-0.042065
-0.046670
-0.051273
-0.055874
-0.060472
-0.065069
-0.069662
-0.074253
-0.078840
-0.083425
-0.088006
-0.092583
-0.097157
-0.101726
-0.106292
-0.110853
-0.115410
-0.119962
-0.124509
-0.129051
-0.133588
-0.138120
-0.142645
-0.147165
-0.151679
-0.156187
-0.160689
-0.165184
-0.169672
-0.174154
-0.178628
-0.183095
-0.187555
-0.192007
-0.196451
-0.200887
-0.205315
-0.209735
-0.214146
-0.218549
-0.222942
-0.227327
-0.231702
-0.236068
-0.240425
-0.244771
-0.249108
-0.253435
-0.257751
-0.262057
-0.266352
-0.270637
-0.274910
-0.279173
-0.283424
-0.287663
-0.291891
-0.296107
-0.300311
-0.304503
-0.308683
-0.312850
-0.317004
-0.321145
-0.325274
-0.329389
-0.333491
-0.337580
-0.341655
-0.345716
-0.349763
-0.353796
-0.357814
-0.361818
-0.365808
-0.369782
-0.373742
-0.377687
-0.381616
-0.385530
-0.389428
-0.393311
-0.397177
-0.401028
-0.404862
-0.408681
-0.412482
-0.416267
-0.420035
-0.423786
-0.427520
-0.431237
-0.434936
-0.438618
-0.442282
-0.445929
-0.449557
-0.453167
-0.456759
-0.460332
-0.463887
-0.467423
-0.470941
-0.474439
-0.477918
-0.481378
-0.484819
-0.488240
-0.491641
-0.495023
-0.498385
-0.501726
-0.505047
-0.508349
-0.511629
-0.514889
-0.518128
-0.521347
-0.524544
-0.527721
-0.530876
-0.534009
-0.537122
-0.540212
-0.543281
-0.546329
-0.549354
-0.552357
-0.555338
-0.558296
-0.561232
-0.564146
-0.567037
-0.569905
-0.572751
-0.575573
-0.578372
-0.581148
-0.583901
-0.586630
-0.589336
-0.592018
-0.594676
-0.597311
-0.599921
-0.602507
-0.605070
-0.607608
-0.610122
-0.612611
-0.615075
-0.617515
-0.619931
-0.622321
-0.624687
-0.627027
-0.629343
-0.631633
-0.633898
-0.636137
-0.638351
-0.640540
-0.642703
-0.644840
-0.646951
-0.649037
-0.651097
-0.653130
-0.655137
-0.657119
-0.659074
-0.661002
-0.662904
-0.664780
-0.666629
-0.668452
-0.670247
-0.672016
-0.673759
-0.675474
-0.677162
-0.678823
-0.680457
-0.682064
-0.683644
-0.685197
-0.686722
-0.688220
-0.689690
-0.691133
-0.692548
-0.693935
-0.695295
-0.696627
-0.697932
-0.699208
-0.700457
-0.701678
-0.702871
-0.704035
-0.705172
-0.706281
-0.707361
-0.708414
-0.709438
-0.710434
-0.711401
-0.712341
-0.713252
-0.714134
-0.714988
-0.715814
-0.716611
-0.717380
-0.718120
-0.718831
-0.719514
-0.720168
-0.720794
-0.721391
-0.721959
-0.722499
-0.723010
-0.723492
-0.723945
-0.724370
-0.724766
-0.725133
-0.725471
-0.725780
-0.726061
-0.726313
-0.726536
-0.726730
-0.726895
-0.727031
-0.727138
-0.727217
-0.727267
-0.727287
-0.727279
-0.727242
-0.727177
-0.727082
-0.726958
-0.726806
-0.726625
-0.726415
-0.726176
-0.725908
-0.725612
-0.725287
-0.724933
-0.724550
-0.724139
-0.723699
-0.723230
-0.722732
-0.722206
-0.721652
-0.721068
-0.720456
-0.719816
-0.719147
-0.718449
-0.717723
-0.716969
-0.716186
-0.715375
-0.714536
-0.713668
-0.712772
-0.711848
-0.710895
-0.709915
-0.708906
-0.707869
-0.706804
-0.705712
-0.704591
-0.703442
-0.702266
-0.701062
-0.699830
-0.698570
-0.697283
-0.695968
-0.694626
-0.693256
-0.691859
-0.690434
-0.688982
-0.687503
-0.685996
-0.684463
-0.682902
-0.681315
-0.679700
-0.678059
-0.676390
-0.674695
-0.672974
-0.671225
-0.669451
-0.667649
-0.665822
-0.663968
-0.662088
-0.660181
-0.658249
-0.656290
-0.654306
-0.652296
-0.650260
-0.648198
-0.646110
-0.643998
-0.641859
-0.639696
-0.637507
-0.635292
-0.633053
-0.630789
-0.628500
-0.626186
-0.623847
-0.621484
-0.619096
-0.616683
-0.614247
-0.611786
-0.609300
-0.606791
-0.604258
-0.601701
-0.599120
-0.596516
-0.593888
-0.591236
-0.588561
-0.585863
-0.583142
-0.580398
-0.577631
-0.574841
-0.572028
-0.569193
-0.566335
-0.563455
-0.560553
-0.557628
-0.554682
-0.551713
-0.548723
-0.545711
-0.542678
-0.539623
-0.536547
-0.533450
-0.530331
-0.527192
-0.524032
-0.520851
-0.517650
-0.514428
-0.511186
-0.507923
-0.504641
-0.501339
-0.498017
-0.494675
-0.491314
-0.487933
-0.484533
-0.481114
-0.477676
-0.474219
-0.470743
-0.467249
-0.463736
-0.460205
-0.456656
-0.453089
-0.449504
-0.445901
-0.442281
-0.438643
-0.434987
-0.431315
-0.427625
-0.423919
-0.420196
-0.416456
-0.412700
-0.408928
-0.405139
-0.401334
-0.397514
-0.393678
-0.389826
-0.385959
-0.382077
-0.378179
-0.374267
-0.370340
-0.366398
-0.362441
-0.358471
-0.354486
-0.350487
-0.346475
-0.342448
-0.338408
-0.334355
-0.330289
-0.326209
-0.322117
-0.318012
-0.313894
-0.309764
-0.305622
-0.301467
-0.297301
-0.293123
-0.288933
-0.284732
-0.280520
-0.276296
-0.272062
-0.267817
-0.263561
-0.259295
-0.255018
-0.250732
-0.246435
-0.242129
-0.237814
-0.233488
-0.229154
-0.224811
-0.220458
-0.216097
-0.211728
-0.207350
-0.202963
-0.198569
-0.194167
-0.189757
-0.185340
-0.180916
-0.176484
-0.172045
-0.167600
-0.163147
-0.158689
-0.154224
-0.149753
-0.145276
-0.140793
-0.136305
-0.131811
-0.127313
-0.122809
-0.118300
-0.113786
-0.109269
-0.104746
-0.100220
-0.095689
-0.091155
-0.086618
-0.082076
-0.077532
-0.072984
-0.068434
-0.063881
-0.059325
-0.054767
-0.050207
-0.045645
-0.041081
-0.036516
-0.031949
-0.027381
-0.022811
-0.018241
-0.013670
-0.009099
-0.004527
0.000045
0.004617
0.009188
0.013760
0.018330
0.022900
0.027470
0.032038
0.036604
0.041169
0.045733
0.050295
0.054854
0.059412
0.063967
0.068520
0.073069
0.077616
0.082160
0.086701
0.091238
0.095771
0.100301
0.104826
0.109348
0.113864
0.118377
0.122885
0.127387
0.131885
0.136377
0.140864
0.145346
0.149821
0.154290
0.158754
0.163211
0.167661
0.172105
0.176542
0.180971
0.185394
0.189809
0.194216
0.198616
0.203008
0.207392
0.211767
0.216134
0.220492
0.224841
0.229182
0.233513
0.237834
0.242147
0.246449
0.250742
0.255025
0.259297
0.263559
0.267810
0.272051
0.276281
0.280500
0.284707
0.288903
0.293088
0.297260
0.301421
0.305570
0.309706
0.313830
0.317941
0.322040
0.326126
0.330198
0.334258
0.338303
0.342336
0.346354
0.350359
0.354349
0.358326
0.362288
0.366235
0.370168
0.374085
0.377988
0.381876
0.385748
0.389604
0.393445
0.397270
0.401079
0.404872
0.408649
0.412409
0.416153
0.419880
0.423590
0.427283
0.430958
0.434617
0.438257
0.441881
0.445486
0.449073
0.452643
0.456194
0.459726
0.463240
0.466736
0.470212
0.473670
0.477109
0.480528
0.483928
0.487308
0.490669
0.494010
0.497330
0.500631
0.503912
0.507172
0.510412
0.513631
0.516830
0.520007
0.523164
0.526299
0.529413
0.532506
0.535577
0.538626
0.541654
0.544660
0.547644
0.550605
0.553545
0.556462
0.559356
0.562228
0.565077
0.567903
0.570706
0.573486
0.576243
0.578976
0.581686
0.584373
0.587035
0.589674
0.592289
0.594880
0.597447
0.599990
0.602508
0.605002
0.607472
0.609916
0.612336
0.614731
0.617102
0.619447
0.621767
0.624061
0.626331
0.628575
0.630793
0.632986
0.635153
0.637295
0.639410
0.641499
0.643563
0.645600
0.647611
0.649595
0.651554
0.653485
0.655391
0.657269
0.659121
0.660946
0.662744
0.664515
0.666259
0.667976
0.669665
0.671328
0.672963
0.674571
0.676151
0.677703
0.679229
0.680726
0.682196
0.683637
0.685051
0.686438
0.687796
0.689126
0.690428
0.691701
0.692947
0.694164
0.695353
0.696514
0.697646
0.698750
0.699825
0.700872
0.701890
0.702880
0.703840
0.704772
0.705676
0.706550
0.707396
0.708212
0.709000
0.709759
0.710488
0.711189
0.711861
0.712503
0.713117
0.713701
0.714256
0.714782
0.715279
0.715746
0.716185
0.716593
0.716973
0.717323
0.717644
0.717936
0.718198
0.718430
0.718634
0.718808
0.718952
0.719067
0.719153
0.719209
0.719236
0.719233
0.719201
0.719139
0.719048
0.718928
0.718778
0.718598
0.718389
0.718151
0.717883
0.717586
0.717259
0.716903
0.716518
0.716103
0.715659
0.715185
0.714682
0.714150
0.713589
0.712998
0.712378
0.711729
0.711051
0.710343
0.709606
0.708840
0.708045
0.707221
0.706368
0.705486
0.704575
0.703635
0.702667
0.701669
0.700643
0.699587
0.698503
0.697391
0.696249
0.695080
0.693881
0.692654
0.691399
0.690115
0.688803
0.687462
0.686093
0.684697
0.683272
0.681818
0.680337
0.678828
0.677291
0.675726
0.674134
0.672513
0.670865
0.669190
0.667486
0.665756
0.663998
0.662213
0.660400
0.658561
0.656694
0.654800
0.652879
0.650932
0.648958
0.646957
0.644929
0.642875
0.640794
0.638687
0.636554
0.634395
0.632209
0.629998
0.627760
0.625497
0.623208
0.620893
0.618553
0.616187
0.613796
0.611380
0.608938
0.606472
0.603980
0.601464
0.598923
0.596357
0.593767
0.591152
0.588513
0.585849
0.583162
0.580450
0.577715
0.574956
0.572173
0.569367
0.566537
0.563684
0.560807
0.557908
0.554986
0.552040
0.549072
0.546082
0.543069
0.540033
0.536976
0.533896
0.530794
0.527670
0.524525
0.521358
0.518170
0.514960
0.511729
0.508477
0.505204
0.501910
0.498596
0.495261
0.491905
0.488530
0.485134
0.481718
0.478283
0.474828
0.471353
0.467859
0.464345
0.460813
0.457261
0.453691
0.450102
0.446494
0.442868
0.439224
0.435562
0.431882
0.428184
0.424468
0.420735
0.416985
0.413217
0.409432
0.405631
0.401813
0.397978
0.394127
0.390260
0.386377
0.382477
0.378562
0.374632
0.370686
0.366725
0.362748
0.358757
0.354751
0.350731
0.346696
0.342646
0.338583
0.334506
0.330415
0.326310
0.322192
0.318061
0.313916
0.309759
0.305589
0.301406
0.297211
0.293004
0.288784
0.284553
0.280310
0.276056
0.271790
0.267513
0.263225
0.258927
0.254617
0.250297
0.245967
0.241627
0.237277
0.232917
0.228547
0.224168
0.219780
0.215383
0.210977
0.206562
0.202139
0.197708
0.193268
0.188820
0.184365
0.179902
0.175432
0.170954
0.166470
0.161979
0.157481
0.152976
0.148465
0.143948
0.139426
0.134897
0.130363
0.125824
0.121279
0.116730
0.112175
0.107616
0.103053
0.098485
0.093914
0.089338
0.084759
0.080176
0.075590
0.071001
0.066409
0.061814
0.057217
0.052618
0.048016
0.043412
0.038806
0.034199
0.029591
0.024981
0.020370
0.015758
0.011146
0.006533
0.001920
-0.002693
-0.007306
-0.011919
-0.016531
-0.021143
-0.025754
-0.030364
-0.034972
-0.039579
-0.044185
-0.048789
-0.053390
-0.057990
-0.062587
-0.067182
-0.071774
-0.076363
-0.080949
-0.085532
-0.090111
-0.094686
-0.099258
-0.103826
-0.108389
-0.112948
-0.117503
-0.122052
-0.126597
-0.131136
-0.135671
-0.140199
-0.144722
-0.149240
-0.153751
-0.158255
-0.162754
-0.167246
-0.171730
-0.176208
-0.180679
-0.185143
-0.189599
-0.194047
-0.198487
-0.202920
-0.207344
-0.211759
-0.216167
-0.220565
-0.224954
-0.229334
-0.233705
-0.238067
-0.242418
-0.246760
-0.251092
-0.255414
-0.259725
-0.264026
-0.268316
-0.272595
-0.276863
-0.281120
-0.285366
-0.289600
-0.293822
-0.298032
-0.302231
-0.306417
-0.310590
-0.314751
-0.318899
-0.323035
-0.327157
-0.331266
-0.335361
-0.339443
-0.343512
-0.347566
-0.351606
-0.355632
-0.359644
-0.363641
-0.367623
-0.371591
-0.375543
-0.379481
-0.383403
-0.387309
-0.391200
-0.395075
-0.398934
-0.402777
-0.406604
-0.410414
-0.414207
-0.417984
-0.421744
-0.425487
-0.429213
-0.432921
-0.436612
-0.440286
-0.443941
-0.447579
-0.451199
-0.454800
-0.458383
-0.461948
-0.465494
-0.469021
-0.472529
-0.476018
-0.479488
-0.482939
-0.486370
-0.489782
-0.493174
-0.496546
-0.499898
-0.503230
-0.506542
-0.509833
-0.513103
-0.516354
-0.519583
-0.522791
-0.525979
-0.529145
-0.532290
-0.535413
-0.538515
-0.541595
-0.544654
-0.547690
-0.550705
-0.553697
-0.556668
-0.559615
-0.562541
-0.565444
-0.568324
-0.571181
-0.574015
-0.576826
-0.579614
-0.582379
-0.585121
-0.587838
-0.590533
-0.593203
-0.595850
-0.598473
-0.601072
-0.603647
-0.606198
-0.608724
-0.611226
-0.613703
-0.616156
-0.618584
-0.620988
-0.623366
-0.625719
-0.628048
-0.630351
-0.632629
-0.634882
-0.637109
-0.639311
-0.641487
-0.643638
-0.645762
-0.647861
-0.649934
-0.651981
-0.654002
-0.655997
-0.657965
-0.659907
-0.661823
-0.663713
-0.665575
-0.667412
-0.669221
-0.671004
-0.672760
-0.674489
-0.676191
-0.677866
-0.679515
-0.681135
-0.682729
-0.684296
-0.685835
-0.687347
-0.688831
-0.690288
-0.691717
-0.693119
-0.694493
-0.695840
-0.697158
-0.698449
-0.699712
-0.700947
-0.702155
-0.703334
-0.704485
-0.705608
-0.706703
-0.707770
-0.708808
-0.709819
-0.710801
-0.711755
-0.712680
-0.713577
-0.714446
-0.715286
-0.716098
-0.716881
-0.717636
-0.718362
-0.719059
-0.719728
-0.720368
-0.720980
-0.721563
-0.722117
-0.722643
-0.723140
-0.723608
-0.724047
-0.724458
-0.724839
-0.725192
-0.725516
-0.725812
-0.726078
-0.726316
-0.726524
-0.726704
-0.726855
-0.726977
-0.727070
-0.727135
-0.727170
-0.727177
-0.727155
-0.727103
-0.727024
-0.726915
-0.726777
-0.726610
-0.726415
-0.726191
-0.725938
-0.725656
-0.725346
-0.725006
-0.724638
-0.724241
-0.723816
-0.723361
-0.722878
-0.722367
-0.721827
-0.721258
-0.720660
-0.720034
-0.719380
-0.718697
-0.717985
-0.717245
-0.716477
-0.715680
-0.714855
-0.714001
-0.713120
-0.712210
-0.711271
-0.710305
-0.709310
-0.708288
-0.707237
-0.706159
-0.705052
-0.703918
-0.702755
-0.701565
-0.700347
-0.699101
-0.697828
-0.696527
-0.695198
-0.693842
-0.692459
-0.691048
-0.689610
-0.688144
-0.686652
-0.685132
-0.683585
-0.682011
-0.680410
-0.678782
-0.677127
-0.675445
-0.673737
-0.672002
-0.670241
-0.668453
-0.666638
-0.664797
-0.662930
-0.661037
-0.659118
-0.657172
-0.655201
-0.653203
-0.651180
-0.649131
-0.647057
-0.644957
-0.642831
-0.640680
-0.638504
-0.636302
-0.634076
-0.631824
-0.629547
-0.627245
-0.624919
-0.622568
-0.620192
-0.617792
-0.615367
-0.612919
-0.610445
-0.607948
-0.605427
-0.602882
-0.600313
-0.597720
-0.595104
-0.592464
-0.589801
-0.587114
-0.584404
-0.581672
-0.578916
-0.576137
-0.573336
-0.570512
-0.567665
-0.564796
-0.561905
-0.558991
-0.556056
-0.553098
-0.550119
-0.547118
-0.544095
-0.541051
-0.537985
-0.534898
-0.531791
-0.528662
-0.525512
-0.522341
-0.519150
-0.515938
-0.512706
-0.509454
-0.506181
-0.502889
-0.499577
-0.496244
-0.492893
-0.489522
-0.486131
-0.482722
-0.479293
-0.475845
-0.472379
-0.468894
-0.465390
-0.461868
-0.458328
-0.454769
-0.451193
-0.447599
-0.443987
-0.440358
-0.436711
-0.433047
-0.429366
-0.425668
-0.421953
-0.418221
-0.414473
-0.410708
-0.406928
-0.403131
-0.399318
-0.395490
-0.391645
-0.387786
-0.383911
-0.380021
-0.376116
-0.372196
-0.368261
-0.364312
-0.360348
-0.356370
-0.352378
-0.348372
-0.344352
-0.340319
-0.336272
-0.332212
-0.328139
-0.324053
-0.319954
-0.315842
-0.311718
-0.307582
-0.303433
-0.299272
-0.295100
-0.290916
-0.286720
-0.282513
-0.278295
-0.274066
-0.269826
-0.265575
-0.261314
-0.257042
-0.252760
-0.248469
-0.244167
-0.239856
-0.235535
-0.231205
-0.226866
-0.222518
-0.218161
-0.213795
-0.209421
-0.205039
-0.200648
-0.196250
-0.191844
-0.187430
-0.183009
-0.178580
-0.174145
-0.169702
-0.165253
-0.160797
-0.156335
-0.151867
-0.147393
-0.142913
-0.138427
-0.133936
-0.129439
-0.124937
-0.120431
-0.115919
-0.111403
-0.106883
-0.102358
-0.097829
-0.093297
-0.088760
-0.084221
-0.079678
-0.075131
-0.070582
-0.066030
-0.061475
-0.056918
-0.052359
-0.047797
-0.043234
-0.038669
-0.034102
-0.029534
-0.024965
-0.020395
-0.015824
-0.011253
-0.006681
-0.002109
0.002464
0.007036
0.011608
0.016179
0.020750
0.025320
0.029889
0.034457
0.039023
0.043588
0.048151
0.052712
0.057271
0.061828
0.066382
0.070933
0.075482
0.080028
0.084571
0.089110
0.093645
0.098177
0.102705
0.107229
0.111749
0.116264
0.120774
0.125280
0.129780
0.134276
0.138766
0.143250
0.147729
0.152202
0.156669
0.161130
0.165584
0.170031
0.174472
0.178906
0.183332
0.187751
0.192163
0.196567
0.200963
0.205352
0.209731
0.214103
0.218466
0.222820
0.227165
0.231502
0.235829
0.240146
0.244454
0.248752
0.253040
0.257318
0.261586
0.265843
0.270090
0.274325
0.278550
0.282764
0.286966
0.291157
0.295336
0.299503
0.303658
0.307801
0.311932
0.316050
0.320156
0.324248
0.328328
0.332394
0.336448
0.340487
0.344513
0.348525
0.352523
0.356507
0.360477
0.364432
0.368373
0.372298
0.376209
0.380105
0.383985
0.387850
0.391699
0.395533
0.399350
0.403152
0.406937
0.410706
0.414459
0.418195
0.421914
0.425616
0.429301
0.432968
0.436618
0.440251
0.443866
0.447463
0.451041
0.454602
0.458145
0.461669
0.465174
0.468661
0.472128
0.475577
0.479006
0.482417
0.485807
0.489178
0.492530
0.495861
0.499173
0.502464
0.505735
0.508986
0.512216
0.515425
0.518614
0.521782
0.524928
0.528053
0.531157
0.534240
0.537301
0.540340
0.543358
0.546353
0.549326
0.552277
0.555206
0.558113
0.560996
0.563857
0.566695
0.569511
0.572303
0.575072
0.577818
0.580540
0.583239
0.585914
0.588566
0.591193
0.593797
0.596377
0.598932
0.601463
0.603970
0.606453
0.608910
0.611343
0.613752
0.616135
0.618493
0.620826
0.623135
0.625417
0.627675
0.629907
0.632113
0.634294
0.636449
0.638578
0.640681
0.642758
0.644809
0.646834
0.648832
0.650804
0.652750
0.654669
0.656562
0.658427
0.660266
0.662079
0.663864
0.665622
0.667353
0.669057
0.670734
0.672384
0.674006
0.675600
0.677168
0.678707
0.680219
0.681703
0.683160
0.684589
0.685989
0.687362
0.688707
0.690024
0.691312
0.692573
0.693805
0.695009
0.696185
0.697332
0.698451
0.699541
0.700603
0.701636
0.702640
0.703616
0.704563
0.705482
0.706371
0.707232
0.708064
0.708867
0.709641
0.710386
0.711102
0.711789
0.712447
0.713076
0.713675
0.714246
0.714787
0.715299
0.715782
0.716236
0.716660
0.717055
0.717421
0.717757
0.718064
0.718342
0.718590
0.718809
0.718998
0.719158
0.719289
0.719390
0.719462
0.719504
0.719517
0.719500
0.719454
0.719378
0.719273
0.719139
0.718975
0.718781
0.718559
0.718306
0.718025
0.717714
0.717373
0.717003
0.716604
0.716175
0.715717
0.715230
0.714713
0.714167
0.713592
0.712987
0.712353
0.711690
0.710998
0.710277
0.709526
0.708747
0.707938
0.707101
0.706234
0.705338
0.704414
0.703460
0.702478
0.701466
0.700426
0.699358
0.698260
0.697134
0.695979
0.694796
0.693584
0.692343
0.691075
0.689778
0.688452
0.687098
0.685716
0.684306
0.682868
0.681401
0.679907
0.678385
0.676835
0.675257
0.673651
0.672018
0.670357
0.668668
0.666952
0.665209
0.663438
0.661640
0.659815
0.657962
0.656083
0.654177
0.652243
0.650283
0.648296
0.646283
0.644243
0.642176
0.640083
0.637964
0.635819
0.633647
0.631449
0.629225
0.626976
0.624701
0.622400
0.620073
0.617721
0.615343
0.612940
0.610512
0.608059
0.605581
0.603078
0.600550
0.597997
0.595420
0.592818
0.590192
0.587542
0.584867
0.582168
0.579446
0.576699
0.573929
0.571135
0.568318
0.565477
0.562613
0.559726
0.556816
0.553883
0.550927
0.547949
0.544948
0.541924
0.538878
0.535810
0.532720
0.529609
0.526475
0.523320
0.520143
0.516944
0.513725
0.510484
0.507222
0.503940
0.500636
0.497312
0.493968
0.490603
0.487218
0.483813
0.480389
0.476944
0.473480
0.469996
0.466493
0.462971
0.459429
0.455869
0.452290
0.448693
0.445077
0.441442
0.437790
0.434119
0.430431
0.426725
0.423001
0.419260
0.415502
0.411727
0.407935
0.404126
0.400300
0.396458
0.392599
0.388725
0.384834
0.380928
0.377006
0.373068
0.369115
0.365147
0.361164
0.357166
0.353154
0.349127
0.345085
0.341030
0.336960
0.332877
0.328779
0.324669
0.320545
0.316408
0.312257
0.308094
0.303919
0.299730
0.295530
0.291317
0.287093
0.282856
0.278608
0.274349
0.270078
0.265797
0.261504
0.257200
0.252886
0.248562
0.244228
0.239883
0.235528
0.231164
0.226791
0.222408
0.218016
0.213615
0.209205
0.204787
0.200360
0.195925
0.191482
0.187031
0.182573
0.178107
0.173634
0.169153
0.164666
0.160172
0.155671
0.151164
0.146651
0.142132
0.137606
0.133076
0.128540
0.123998
0.119452
0.114900
0.110344
0.105784
0.101219
0.096650
0.092077
0.087500
0.082919
0.078336
0.073749
0.069159
0.064566
0.059970
0.055372
0.050772
0.046170
0.041566
0.036960
0.032352
0.027744
0.023134
0.018523
0.013912
0.009299
0.004687
0.000074
-0.004538
-0.009151
-0.013763
-0.018374
-0.022985
-0.027595
-0.032204
-0.036811
-0.041417
-0.046021
-0.050624
-0.055224
-0.059822
-0.064417
-0.069010
-0.073600
-0.078187
-0.082771
-0.087352
-0.091929
-0.096502
-0.101071
-0.105636
-0.110197
-0.114754
-0.119305
-0.123852
-0.128394
-0.132930
-0.137461
-0.141987
-0.146506
-0.151020
-0.155528
-0.160029
-0.164524
-0.169012
-0.173493
-0.177967
-0.182434
-0.186893
-0.191345
-0.195789
-0.200225
-0.204653
-0.209072
-0.213483
-0.217886
-0.222279
-0.226664
-0.231039
-0.235405
-0.239761
-0.244107
-0.248444
-0.252771
-0.257087
-0.261393
-0.265688
-0.269972
-0.274246
-0.278508
-0.282759
-0.286998
-0.291226
-0.295442
-0.299646
-0.303838
-0.308018
-0.312185
-0.316339
-0.320480
-0.324609
-0.328724
-0.332826
-0.336915
-0.340990
-0.345051
-0.349098
-0.353131
-0.357150
-0.361154
-0.365143
-0.369118
-0.373078
-0.377023
-0.380952
-0.384866
-0.388765
-0.392647
-0.396514
-0.400365
-0.404200
-0.408018
-0.411820
-0.415605
-0.419373
-0.423124
-0.426859
-0.430576
-0.434275
-0.437957
-0.441621
-0.445268
-0.448897
-0.452507
-0.456099
-0.459673
-0.463228
-0.466764
-0.470282
-0.473781
-0.477260
-0.480720
-0.484161
-0.487583
-0.490984
-0.494366
-0.497728
-0.501070
-0.504392
-0.507693
-0.510974
-0.514234
-0.517474
-0.520693
-0.523890
-0.527067
-0.530223
-0.533357
-0.536469
-0.539560
-0.542630
-0.545677
-0.548703
-0.551706
-0.554688
-0.557647
-0.560583
-0.563497
-0.566388
-0.569257
-0.572103
-0.574925
-0.577725
-0.580502
-0.583255
-0.585984
-0.588690
-0.591373
-0.594032
-0.596666
-0.599277
-0.601864
-0.604427
-0.606965
-0.609480
-0.611969
-0.614434
-0.616875
-0.619291
-0.621681
-0.624047
-0.626388
-0.628704
-0.630995
-0.633260
-0.635500
-0.637715
-0.639904
-0.642067
-0.644205
-0.646317
-0.648403
-0.650463
-0.652497
-0.654504
-0.656486
-0.658441
-0.660371
-0.662273
-0.664149
-0.665999
-0.667822
-0.669618
-0.671387
-0.673130
-0.674846
-0.676534
-0.678196
-0.679831
-0.681438
-0.683018
-0.684571
-0.686097
-0.687595
-0.689066
-0.690509
-0.691925
-0.693313
-0.694673
-0.696005
-0.697310
-0.698587
-0.699836
-0.701058
-0.702251
-0.703416
-0.704553
-0.705662
-0.706743
-0.707796
-0.708821
-0.709817
-0.710785
-0.711725
-0.712636
-0.713519
-0.714373
-0.715199
-0.715997
-0.716766
-0.717506
-0.718218
-0.718902
-0.719556
-0.720182
-0.720780
-0.721348
-0.721888
-0.722400
-0.722882
-0.723336
-0.723761
-0.724157
-0.724525
-0.724863
-0.725173
-0.725454
-0.725706
-0.725929
-0.726123
-0.726289
-0.726425
-0.726533
-0.726612
-0.726662
-0.726683
-0.726675
-0.726639
-0.726573
-0.726479
-0.726356
-0.726204
-0.726023
-0.725813
-0.725575
-0.725307
-0.725011
-0.724686
-0.724333
-0.723950
-0.723539
-0.723099
-0.722631
-0.722133
-0.721607
-0.721053
-0.720470
-0.719858
-0.719218
-0.718549
-0.717852
-0.717126
-0.716372
-0.715589
-0.714779
-0.713939
-0.713072
-0.712176
-0.711252
-0.710300
-0.709319
-0.708311
-0.707274
-0.706209
-0.705117
-0.703996
-0.702848
-0.701672
-0.700468
-0.699236
-0.697976
-0.696689
-0.695374
-0.694032
-0.692662
-0.691265
-0.689841
-0.688389
-0.686910
-0.685403
-0.683870
-0.682309
-0.680722
-0.679107
-0.677466
-0.675798
-0.674103
-0.672381
-0.670633
-0.668858
-0.667057
-0.665229
-0.663375
-0.661495
-0.659589
-0.657656
-0.655698
-0.653714
-0.651703
-0.649667
-0.647605
-0.645518
-0.643405
-0.641267
-0.639103
-0.636914
-0.634700
-0.632461
-0.630196
-0.627907
-0.625593
-0.623254
-0.620891
-0.618503
-0.616090
-0.613653
-0.611192
-0.608707
-0.606198
-0.603664
-0.601107
-0.598526
-0.595922
-0.593293
-0.590642
-0.587967
-0.585269
-0.582547
-0.579803
-0.577036
-0.574245
-0.571433
-0.568597
-0.565739
-0.562859
-0.559956
-0.557032
-0.554085
-0.551117
-0.548126
-0.545114
-0.542080
-0.539025
-0.535949
-0.532852
-0.529733
-0.526593
-0.523433
-0.520252
-0.517050
-0.513828
-0.510586
-0.507323
-0.504041
-0.500738
-0.497416
-0.494074
-0.490712
-0.487331
-0.483931
-0.480511
-0.477073
-0.473616
-0.470140
-0.466645
-0.463132
-0.459601
-0.456051
-0.452484
-0.448898
-0.445295
-0.441674
-0.438036
-0.434380
-0.430707
-0.427017
-0.423311
-0.419587
-0.415847
-0.412090
-0.408318
-0.404529
-0.400723
-0.396903
-0.393066
-0.389214
-0.385346
-0.381463
-0.377566
-0.373653
-0.369725
-0.365783
-0.361826
-0.357855
-0.353870
-0.349870
-0.345857
-0.341830
-0.337790
-0.333736
-0.329669
-0.325589
-0.321496
-0.317391
-0.313272
-0.309142
-0.304999
-0.300844
-0.296677
-0.292498
-0.288308
-0.284106
-0.279893
-0.275669
-0.271434
-0.267189
-0.262932
-0.258666
-0.254389
-0.250101
-0.245804
-0.241498
-0.237181
-0.232855
-0.228520
-0.224176
-0.219823
-0.215462
-0.211091
-0.206713
-0.202326
-0.197931
-0.193528
-0.189118
-0.184700
-0.180275
-0.175842
-0.171403
-0.166957
-0.162504
-0.158044
-0.153579
-0.149107
-0.144629
-0.140146
-0.135657
-0.131163
-0.126663
-0.122158
-0.117649
-0.113135
-0.108616
-0.104093
-0.099566
-0.095035
-0.090500
-0.085961
-0.081419
-0.076874
-0.072325
-0.067774
-0.063220
-0.058664
-0.054105
-0.049544
-0.044981
-0.040417
-0.035850
-0.031282
-0.026713
-0.022143
-0.017572
-0.013000
-0.008428
-0.003856
0.000717
0.005290
0.009863
0.014435
0.019007
0.023577
0.028147
0.032716
0.037284
0.041850
0.046415
0.050977
0.055538
0.060096
0.064653
0.069206
0.073757
0.078305
0.082849
0.087391
0.091929
0.096463
0.100994
0.105520
0.110043
0.114561
0.119074
0.123583
0.128087
0.132585
0.137079
0.141567
0.146049
0.150525
0.154996
0.159460
0.163918
0.168370
0.172815
0.177252
0.181683
0.186107
0.190523
0.194932
0.199332
0.203725
0.208110
0.212486
0.216854
0.221214
0.225564
0.229905
0.234238
0.238561
0.242874
0.247178
0.251472
0.255755
0.260029
0.264292
0.268545
0.272787
0.277017
0.281237
0.285446
0.289643
0.293829
0.298003
0.302165
0.306315
0.310452
0.314577
0.318690
0.322790
0.326877
0.330950
0.335011
0.339058
0.343092
0.347111
0.351117
0.355109
0.359087
0.363050
0.366998
0.370932
0.374851
0.378755
0.382644
0.386517
0.390375
0.394218
0.398044
0.401854
0.405649
0.409427
0.413188
0.416933
0.420661
0.424373
0.428067
0.431744
0.435403
0.439046
0.442670
0.446277
0.449866
0.453436
0.456989
0.460523
0.464038
0.467535
0.471013
0.474472
0.477912
0.481332
0.484734
0.488115
0.491477
0.494820
0.498142
0.501444
0.504726
0.507988
0.511229
0.514450
0.517650
0.520829
0.523987
0.527123
0.530239
0.533333
0.536406
0.539457
0.542486
0.545493
0.548478
0.551441
0.554382
0.557300
0.560196
0.563070
0.565920
0.568748
0.571552
0.574334
0.577092
0.579827
0.582538
0.585226
0.587891
0.590531
0.593148
0.595740
0.598309
0.600853
0.603373
0.605868
0.608339
0.610785
0.613207
0.615603
0.617975
0.620322
0.622643
0.624940
0.627211
0.629456
0.631676
0.633870
0.636039
0.638182
0.640299
0.642390
0.644455
0.646494
0.648506
0.650492
0.652452
0.654385
0.656292
0.658172
0.660026
0.661852
0.663652
0.665424
0.667170
0.668888
0.670580
0.672244
0.673880
0.675490
0.677072
0.678626
0.680153
0.681652
0.683123
0.684566
0.685982
0.687370
0.688729
0.690061
0.691365
0.692640
0.693887
0.695106
0.696297
0.697459
0.698593
0.699699
0.700775
0.701824
0.702844
0.703835
0.704797
0.705731
0.706635
0.707512
0.708359
0.709177
0.709966
0.710727
0.711458
0.712161
0.712834
0.713478
0.714093
0.714679
0.715236
0.715764
0.716262
0.716731
0.717171
0.717581
0.717963
0.718315
0.718637
0.718930
0.719194
0.719429
0.719634
0.719809
0.719955
0.720072
0.720159
0.720217
0.720246
0.720245
0.720214
0.720154
0.720065
0.719946
0.719797
0.719620
0.719412
0.719176
0.718910
0.718614
0.718289
0.717935
0.717551
0.717138
0.716695
0.716224
0.715722
0.715192
0.714632
0.714043
0.713425
0.712777
0.712101
0.711395
0.710660
0.709895
0.709102
0.708280
0.707429
0.706548
0.705639
0.704701
0.703734
0.702738
0.701713
0.700659
0.699577
0.698466
0.697326
0.696158
0.694961
0.693736
0.692482
0.691200
0.689890
0.688551
0.687184
0.685789
0.684365
0.682914
0.681434
0.679927
0.678391
0.676828
0.675237
0.673618
0.671972
0.670298
0.668597
0.666868
0.665111
0.663328
0.661517
0.659679
0.657814
0.655922
0.654003
0.652057
0.650084
0.648085
0.646059
0.644007
0.641928
0.639822
0.637691
0.635533
0.633349
0.631139
0.628903
0.626642
0.624354
0.622041
0.619703
0.617339
0.614949
0.612534
0.610095
0.607630
0.605140
0.602625
0.600085
0.597521
0.594933
0.592319
0.589682
0.587020
0.584334
0.581624
0.578891
0.576133
0.573352
0.570547
0.567719
0.564867
0.561993
0.559095
0.556174
0.553230
0.550264
0.547275
0.544263
0.541230
0.538173
0.535095
0.531995
0.528873
0.525729
0.522564
0.519377
0.516169
0.512939
0.509689
0.506417
0.503125
0.499812
0.496479
0.493125
0.489751
0.486357
0.482943
0.479509
0.476055
0.472582
0.469089
0.465577
0.462046
0.458496
0.454927
0.451340
0.447734
0.444109
0.440466
0.436806
0.433127
0.429431
0.425716
0.421985
0.418236
0.414470
0.410687
0.406887
0.403070
0.399237
0.395387
0.391522
0.387640
0.383742
0.379829
0.375899
0.371955
0.367995
0.364020
0.360031
0.356026
0.352007
0.347973
0.343925
0.339863
0.335788
0.331698
0.327595
0.323478
0.319348
0.315205
0.311049
0.306880
0.302699
0.298506
0.294300
0.290082
0.285852
0.281610
0.277357
0.273093
0.268817
0.264531
0.260233
0.255925
0.251607
0.247278
0.242939
0.238590
0.234232
0.229863
0.225486
0.221099
0.216703
0.212298
0.207885
0.203463
0.199033
0.194595
0.190148
0.185694
0.181233
0.176764
0.172288
0.167804
0.163314
0.158817
0.154314
0.149805
0.145289
0.140768
0.136240
0.131708
0.127169
0.122626
0.118078
0.113525
0.108967
0.104405
0.099838
0.095268
0.090694
0.086116
0.081534
0.076949
0.072361
0.067771
0.063177
0.058581
0.053982
0.049382
0.044779
0.040175
0.035569
0.030961
0.026353
0.021743
0.017132
0.012521
0.007909
0.003297
-0.001315
-0.005927
-0.010538
-0.015150
-0.019760
-0.024370
-0.028979
-0.033586
-0.038192
-0.042797
-0.047399
-0.052000
-0.056599
-0.061195
-0.065789
-0.070379
-0.074968
-0.079552
-0.084134
-0.088712
-0.093287
-0.097858
-0.102424
-0.106987
-0.111545
-0.116098
-0.120647
-0.125191
-0.129729
-0.134262
-0.138790
-0.143312
-0.147828
-0.152338
-0.156842
-0.161340
-0.165831
-0.170315
-0.174792
-0.179262
-0.183724
-0.188179
-0.192627
-0.197066
-0.201498
-0.205921
-0.210336
-0.214742
-0.219139
-0.223528
-0.227907
-0.232277
-0.236638
-0.240989
-0.245330
-0.249661
-0.253982
-0.258292
-0.262592
-0.266881
-0.271160
-0.275427
-0.279683
-0.283928
-0.288161
-0.292383
-0.296592
-0.300790
-0.304975
-0.309148
-0.313308
-0.317456
-0.321590
-0.325712
-0.329820
-0.333915
-0.337996
-0.342064
-0.346117
-0.350157
-0.354182
-0.358193
-0.362190
-0.366172
-0.370138
-0.374090
-0.378027
-0.381948
-0.385854
-0.389744
-0.393619
-0.397477
-0.401319
-0.405145
-0.408955
-0.412748
-0.416524
-0.420284
-0.424026
-0.427752
-0.431459
-0.435150
-0.438823
-0.442478
-0.446115
-0.449734
-0.453335
-0.456917
-0.460482
-0.464027
-0.467554
-0.471061
-0.474550
-0.478020
-0.481470
-0.484901
-0.488312
-0.491703
-0.495075
-0.498427
-0.501758
-0.505069
-0.508360
-0.511630
-0.514880
-0.518109
-0.521317
-0.524504
-0.527670
-0.530814
-0.533937
-0.537039
-0.540119
-0.543177
-0.546213
-0.549228
-0.552220
-0.555190
-0.558137
-0.561062
-0.563965
-0.566844
-0.569701
-0.572535
-0.575346
-0.578134
-0.580898
-0.583640
-0.586357
-0.589051
-0.591722
-0.594368
-0.596991
-0.599590
-0.602164
-0.604715
-0.607241
-0.609743
-0.612220
-0.614672
-0.617100
-0.619503
-0.621882
-0.624235
-0.626563
-0.628866
-0.631144
-0.633397
-0.635624
-0.637825
-0.640002
-0.642152
-0.644276
-0.646375
-0.648448
-0.650495
-0.652516
-0.654510
-0.656479
-0.658421
-0.660337
-0.662226
-0.664089
-0.665925
-0.667734
-0.669517
-0.671273
-0.673002
-0.674704
-0.676379
-0.678028
-0.679648
-0.681242
-0.682809
-0.684348
-0.685860
-0.687344
-0.688801
-0.690230
-0.691632
-0.693006
-0.694353
-0.695672
-0.696962
-0.698226
-0.699461
-0.700668
-0.701847
-0.702998
-0.704122
-0.705217
-0.706283
-0.707322
-0.708333
-0.709315
-0.710269
-0.711194
-0.712091
-0.712960
-0.713800
-0.714612
-0.715396
-0.716150
-0.716877
-0.717574
-0.718243
-0.718884
-0.719496
-0.720079
-0.720633
-0.721159
-0.721656
-0.722124
-0.722564
-0.722974
-0.723356
-0.723709
-0.724033
-0.724329
-0.724595
-0.724833
-0.725042
-0.725222
-0.725373
-0.725496
-0.725589
-0.725654
-0.725689
-0.725696
-0.725674
-0.725623
-0.725543
-0.725435
-0.725297
-0.725131
-0.724936
-0.724712
-0.724459
-0.724178
-0.723867
-0.723528
-0.723160
-0.722764
-0.722338
-0.721884
-0.721402
-0.720890
-0.720350
-0.719782
-0.719185
-0.718559
-0.717905
-0.717222
-0.716511
-0.715771
-0.715003
-0.714206
-0.713381
-0.712528
-0.711647
-0.710737
-0.709799
-0.708833
-0.707839
-0.706816
-0.705766
-0.704688
-0.703581
-0.702447
-0.701285
-0.700095
-0.698877
-0.697632
-0.696359
-0.695058
-0.693730
-0.692374
-0.690991
-0.689580
-0.688142
-0.686677
-0.685185
-0.683665
-0.682118
-0.680544
-0.678944
-0.677316
-0.675661
-0.673980
-0.672272
-0.670538
-0.668776
-0.666989
-0.665174
-0.663334
-0.661467
-0.659574
-0.657655
-0.655710
-0.653739
-0.651741
-0.649719
-0.647670
-0.645596
-0.643496
-0.641370
-0.639220
-0.637043
-0.634842
-0.632616
-0.630364
-0.628088
-0.625786
-0.623460
-0.621109
-0.618734
-0.616334
-0.613909
-0.611461
-0.608988
-0.606491
-0.603970
-0.601425
-0.598856
-0.596263
-0.593647
-0.591007
-0.588344
-0.585658
-0.582949
-0.580216
-0.577460
-0.574682
-0.571881
-0.569057
-0.566210
-0.563341
-0.560450
-0.557537
-0.554601
-0.551644
-0.548665
-0.545664
-0.542641
-0.539597
-0.536531
-0.533445
-0.530337
-0.527208
-0.524058
-0.520888
-0.517696
-0.514485
-0.511253
-0.508000
-0.504728
-0.501436
-0.498123
-0.494791
-0.491440
-0.488068
-0.484678
-0.481268
-0.477840
-0.474392
-0.470925
-0.467440
-0.463937
-0.460414
-0.456874
-0.453316
-0.449739
-0.446145
-0.442533
-0.438904
-0.435257
-0.431593
-0.427911
-0.424213
-0.420498
-0.416766
-0.413018
-0.409254
-0.405473
-0.401676
-0.397863
-0.394034
-0.390190
-0.386330
-0.382455
-0.378564
-0.374659
-0.370739
-0.366804
-0.362854
-0.358890
-0.354912
-0.350920
-0.346914
-0.342894
-0.338860
-0.334813
-0.330753
-0.326679
-0.322593
-0.318493
-0.314381
-0.310257
-0.306120
-0.301971
-0.297810
-0.293637
-0.289452
-0.285256
-0.281049
-0.276830
-0.272601
-0.268360
-0.264109
-0.259847
-0.255575
-0.251293
-0.247001
-0.242699
-0.238387
-0.234066
-0.229735
-0.225396
-0.221047
-0.216689
-0.212323
-0.207949
-0.203566
-0.199175
-0.194775
-0.190369
-0.185954
-0.181532
-0.177103
-0.172667
-0.168224
-0.163774
-0.159318
-0.154855
-0.150386
-0.145911
-0.141430
-0.136943
-0.132451
-0.127954
-0.123452
-0.118944
-0.114432
-0.109915
-0.105394
-0.100868
-0.096339
-0.091805
-0.087268
-0.082728
-0.078183
-0.073636
-0.069086
-0.064533
-0.059977
-0.055419
-0.050859
-0.046297
-0.041732
-0.037166
-0.032599
-0.028030
-0.023460
-0.018889
-0.014317
-0.009744
-0.005171
-0.000598
0.003976
0.008549
0.013122
0.017694
0.022266
0.026837
0.031407
0.035976
0.040544
0.045110
0.049674
0.054236
0.058797
0.063354
0.067910
0.072463
0.077013
0.081560
0.086104
0.090644
0.095181
0.099714
0.104243
0.108769
0.113290
0.117806
0.122318
0.126825
0.131327
0.135824
0.140315
0.144801
0.149281
0.153756
0.158224
0.162686
0.167142
0.171591
0.176033
0.180468
0.184896
0.189317
0.193730
0.198136
0.202533
0.206923
0.211305
0.215678
0.220042
0.224398
0.228745
0.233083
0.237411
0.241731
0.246040
0.250340
0.254630
0.258909
0.263179
0.267438
0.271686
0.275923
0.280150
0.284365
0.288569
0.292762
0.296942
0.301111
0.305268
0.309413
0.313546
0.317666
0.321773
0.325867
0.329949
0.334017
0.338072
0.342114
0.346142
0.350156
0.354156
0.358141
0.362113
0.366070
0.370012
0.373940
0.377853
0.381750
0.385633
0.389499
0.393351
0.397186
0.401006
0.404810
0.408597
0.412368
0.416122
0.419860
0.423581
0.427285
0.430972
0.434642
0.438294
0.441929
0.445546
0.449145
0.452726
0.456288
0.459833
0.463359
0.466866
0.470355
0.473825
0.477276
0.480707
0.484120
0.487513
0.490886
0.494240
0.497573
0.500887
0.504180
0.507454
0.510706
0.513939
0.517150
0.520341
0.523511
0.526660
0.529787
0.532894
0.535978
0.539042
0.542083
0.545103
0.548100
0.551076
0.554029
0.556961
0.559869
0.562755
0.565618
0.568459
0.571277
0.574071
0.576842
0.579591
0.582315
0.585016
0.587694
0.590348
0.592978
0.595584
0.598166
0.600724
0.603257
0.605766
0.608251
0.610711
0.613146
0.615557
0.617943
0.620303
0.622639
0.624949
0.627235
0.629494
0.631729
0.633937
0.636120
0.638278
0.640409
0.642515
0.644594
0.646647
0.648675
0.650676
0.652650
0.654598
0.656520
0.658415
0.660283
0.662124
0.663939
0.665726
0.667487
0.669221
0.670927
0.672606
0.674258
0.675883
0.677480
0.679049
0.680591
0.682106
0.683592
0.685051
0.686482
0.687886
0.689261
0.690608
0.691927
0.693218
0.694481
0.695716
0.696922
0.698100
0.699250
0.700371
0.701464
0.702528
0.703563
0.704570
0.705548
0.706498
0.707419
0.708311
0.709174
0.710008
0.710813
0.711590
0.712337
0.713056
0.713745
0.714405
0.715036
0.715638
0.716211
0.716755
0.717269
0.717755
0.718211
0.718637
0.719035
0.719403
0.719741
0.720051
0.720331
0.720581
0.720802
0.720994
0.721156
0.721289
0.721393
0.721467
0.721511
0.721526
0.721512
0.721468
0.721395
0.721292
0.721160
0.720998
0.720807
0.720587
0.720337
0.720057
0.719748
0.719410
0.719042
0.718645
0.718219
0.717763
0.717278
0.716764
0.716220
0.715647
0.715044
0.714413
0.713752
0.713062
0.712343
0.711595
0.710817
0.710011
0.709175
0.708311
0.707417
0.706495
0.705543
0.704563
0.703554
0.702516
0.701450
0.700354
0.699230
0.698078
0.696896
0.695687
0.694448
0.693182
0.691887
0.690563
0.689211
0.687832
0.686423
0.684987
0.683523
0.682031
0.680511
0.678962
0.677387
0.675783
0.674152
0.672493
0.670806
0.669092
0.667351
0.665582
0.663786
0.661963
0.660112
0.658235
0.656330
0.654399
0.652441
0.650456
0.648445
0.646407
0.644342
0.642251
0.640134
0.637990
0.635820
0.633624
0.631403
0.629155
0.626882
0.624582
0.622258
0.619907
0.617532
0.615131
0.612704
0.610253
0.607777
0.605275
0.602749
0.600199
0.597623
0.595023
0.592399
0.589750
0.587078
0.584381
0.581660
0.578915
0.576147
0.573355
0.570539
0.567700
0.564838
0.561953
0.559044
0.556113
0.553159
0.550182
0.547183
0.544161
0.541117
0.538051
0.534963
0.531852
0.528720
0.525567
0.522392
0.519195
0.515977
0.512738
0.509478
0.506197
0.502895
0.499573
0.496230
0.492867
0.489484
0.486081
0.482657
0.479214
0.475752
0.472270
0.468768
0.465247
0.461708
0.458149
0.454572
0.450976
0.447361
0.443729
0.440078
0.436409
0.432722
0.429017
0.425295
0.421556
0.417799
0.414025
0.410235
0.406427
0.402603
0.398762
0.394906
0.391032
0.387143
0.383239
0.379318
0.375382
0.371431
0.367464
0.363482
0.359486
0.355475
0.351449
0.347409
0.343355
0.339287
0.335205
0.331109
0.327000
0.322877
0.318741
0.314593
0.310431
0.306257
0.302070
0.297871
0.293660
0.289436
0.285201
0.280955
0.276697
0.272427
0.268147
0.263856
0.259554
0.255241
0.250918
0.246585
0.242241
0.237888
0.233526
0.229153
0.224772
0.220381
0.215981
0.211573
0.207156
0.202730
0.198297
0.193855
0.189406
0.184948
0.180484
0.176012
0.171533
0.167047
0.162554
0.158054
0.153549
0.149037
0.144519
0.139995
0.135465
0.130930
0.126390
0.121845
0.117295
0.112740
0.108181
0.103617
0.099049
0.094477
0.089902
0.085322
0.080740
0.076154
0.071565
0.066974
0.062379
0.057783
0.053184
0.048582
0.043979
0.039375
0.034769
0.030161
0.025552
0.020943
0.016332
0.011722
0.007110
0.002499
-0.002113
-0.006724
-0.011335
-0.015946
-0.020555
-0.025164
-0.029771
-0.034378
-0.038982
-0.043586
-0.048187
-0.052786
-0.057383
-0.061977
-0.066569
-0.071158
-0.075744
-0.080327
-0.084906
-0.089482
-0.094054
-0.098622
-0.103187
-0.107746
-0.112302
-0.116852
-0.121398
-0.125939
-0.130474
-0.135004
-0.139528
-0.144047
-0.148560
-0.153066
-0.157567
-0.162060
-0.166547
-0.171027
-0.175500
-0.179966
-0.184425
-0.188875
-0.193318
-0.197753
-0.202180
-0.206599
-0.211009
-0.215410
-0.219803
-0.224186
-0.228560
-0.232925
-0.237281
-0.241626
-0.245962
-0.250287
-0.254603
-0.258907
-0.263202
-0.267485
-0.271758
-0.276019
-0.280269
-0.284508
-0.288734
-0.292950
-0.297153
-0.301344
-0.305522
-0.309688
-0.313842
-0.317983
-0.322110
-0.326225
-0.330326
-0.334414
-0.338488
-0.342548
-0.346594
-0.350626
-0.354644
-0.358647
-0.362636
-0.366610
-0.370569
-0.374513
-0.378441
-0.382355
-0.386252
-0.390134
-0.394000
-0.397850
-0.401684
-0.405501
-0.409302
-0.413087
-0.416854
-0.420605
-0.424338
-0.428054
-0.431753
-0.435434
-0.439098
-0.442744
-0.446372
-0.449981
-0.453573
-0.457146
-0.460700
-0.464236
-0.467753
-0.471251
-0.474729
-0.478189
-0.481629
-0.485050
-0.488451
-0.491832
-0.495193
-0.498534
-0.501856
-0.505156
-0.508436
-0.511696
-0.514935
-0.518153
-0.521350
-0.524526
-0.527681
-0.530815
-0.533927
-0.537017
-0.540086
-0.543133
-0.546158
-0.549161
-0.552141
-0.555100
-0.558036
-0.560949
-0.563840
-0.566708
-0.569553
-0.572375
-0.575174
-0.577950
-0.580703
-0.583432
-0.586138
-0.588820
-0.591478
-0.594112
-0.596723
-0.599309
-0.601871
-0.604409
-0.606923
-0.609412
-0.611877
-0.614317
-0.616732
-0.619122
-0.621488
-0.623828
-0.626144
-0.628434
-0.630699
-0.632939
-0.635153
-0.637341
-0.639504
-0.641641
-0.643753
-0.645839
-0.647898
-0.649932
-0.651939
-0.653921
-0.655876
-0.657804
-0.659706
-0.661582
-0.663431
-0.665254
-0.667050
-0.668819
-0.670561
-0.672277
-0.673965
-0.675627
-0.677261
-0.678868
-0.680448
-0.682001
-0.683526
-0.685024
-0.686494
-0.687937
-0.689352
-0.690740
-0.692100
-0.693433
-0.694737
-0.696014
-0.697263
-0.698484
-0.699677
-0.700842
-0.701979
-0.703088
-0.704169
-0.705221
-0.706246
-0.707242
-0.708209
-0.709149
-0.710060
-0.710943
-0.711797
-0.712623
-0.713421
-0.714189
-0.714930
-0.715642
-0.716325
-0.716979
-0.717605
-0.718202
-0.718771
-0.719311
-0.719822
-0.720305
-0.720758
-0.721183
-0.721579
-0.721946
-0.722285
-0.722595
-0.722875
-0.723127
-0.723351
-0.723545
-0.723710
-0.723847
-0.723955
-0.724033
-0.724083
-0.724104
-0.724097
-0.724060
-0.723995
-0.723900
-0.723777
-0.723625
-0.723444
-0.723234
-0.722996
-0.722728
-0.722432
-0.722107
-0.721754
-0.721371
-0.720960
-0.720520
-0.720052
-0.719555
-0.719029
-0.718474
-0.717891
-0.717280
-0.716639
-0.715971
-0.715274
-0.714548
-0.713794
-0.713011
-0.712200
-0.711361
-0.710494
-0.709598
-0.708674
-0.707722
-0.706741
-0.705733
-0.704696
-0.703632
-0.702539
-0.701419
-0.700271
-0.699094
-0.697890
-0.696659
-0.695399
-0.694112
-0.692798
-0.691455
-0.690086
-0.688689
-0.687264
-0.685812
-0.684333
-0.682827
-0.681294
-0.679733
-0.678146
-0.676532
-0.674890
-0.673222
-0.671527
-0.669806
-0.668058
-0.666283
-0.664482
-0.662654
-0.660801
-0.658920
-0.657014
-0.655082
-0.653123
-0.651139
-0.649129
-0.647093
-0.645031
-0.642944
-0.640831
-0.638693
-0.636529
-0.634340
-0.632126
-0.629887
-0.627623
-0.625334
-0.623020
-0.620681
-0.618318
-0.615930
-0.613517
-0.611081
-0.608620
-0.606134
-0.603625
-0.601092
-0.598535
-0.595954
-0.593349
-0.590721
-0.588070
-0.585395
-0.582696
-0.579975
-0.577231
-0.574464
-0.571673
-0.568861
-0.566025
-0.563167
-0.560287
-0.557385
-0.554460
-0.551513
-0.548545
-0.545554
-0.542542
-0.539509
-0.536454
-0.533377
-0.530280
-0.527161
-0.524021
-0.520861
-0.517680
-0.514478
-0.511256
-0.508014
-0.504751
-0.501468
-0.498166
-0.494843
-0.491501
-0.488139
-0.484758
-0.481358
-0.477939
-0.474500
-0.471043
-0.467567
-0.464072
-0.460559
-0.457027
-0.453478
-0.449910
-0.446324
-0.442721
-0.439100
-0.435461
-0.431806
-0.428133
-0.424443
-0.420736
-0.417012
-0.413272
-0.409515
-0.405742
-0.401952
-0.398147
-0.394326
-0.390489
-0.386637
-0.382769
-0.378886
-0.374988
-0.371074
-0.367147
-0.363204
-0.359247
-0.355275
-0.351290
-0.347290
-0.343277
-0.339250
-0.335209
-0.331155
-0.327087
-0.323007
-0.318914
-0.314808
-0.310689
-0.306558
-0.302415
-0.298259
-0.294092
-0.289913
-0.285722
-0.281520
-0.277307
-0.273082
-0.268847
-0.264600
-0.260344
-0.256076
-0.251799
-0.247511
-0.243214
-0.238906
-0.234589
-0.230263
-0.225927
-0.221583
-0.217229
-0.212867
-0.208496
-0.204117
-0.199729
-0.195334
-0.190930
-0.186519
-0.182101
-0.177675
-0.173241
-0.168801
-0.164354
-0.159901
-0.155441
-0.150974
-0.146502
-0.142023
-0.137539
-0.133049
-0.128554
-0.124054
-0.119548
-0.115038
-0.110523
-0.106003
-0.101479
-0.096951
-0.092419
-0.087883
-0.083344
-0.078801
-0.074255
-0.069706
-0.065154
-0.060599
-0.056041
-0.051482
-0.046920
-0.042356
-0.037790
-0.033223
-0.028654
-0.024084
-0.019512
-0.014940
-0.010367
-0.005794
-0.001220
0.003354
0.007927
0.012501
0.017075
0.021647
0.026220
0.030791
0.035361
0.039930
0.044497
0.049063
0.053627
0.058189
0.062748
0.067306
0.071860
0.076413
0.080962
0.085508
0.090051
0.094590
0.099126
0.103658
0.108185
0.112709
0.117229
0.121743
0.126253
0.130759
0.135259
0.139754
0.144243
0.148727
0.153205
0.157677
0.162143
0.166602
0.171055
0.175502
0.179941
0.184373
0.188799
0.193216
0.197626
0.202029
0.206423
0.210810
0.215188
0.219557
0.223918
0.228270
0.232614
0.236948
0.241272
0.245587
0.249893
0.254188
0.258474
0.262749
0.267014
0.271269
0.275512
0.279745
0.283967
0.288177
0.292376
0.296564
0.300739
0.304903
0.309055
0.313195
0.317322
0.321436
0.325538
0.329627
0.333702
0.337765
0.341814
0.345849
0.349871
0.353879
0.357873
0.361852
0.365818
0.369768
0.373704
0.377625
0.381531
0.385422
0.389298
0.393158
0.397002
0.400830
0.404643
0.408439
0.412219
0.415983
0.419730
0.423461
0.427174
0.430870
0.434550
0.438211
0.441856
0.445483
0.449091
0.452682
0.456255
0.459810
0.463346
0.466864
0.470363
0.473843
0.477305
0.480747
0.484170
0.487573
0.490957
0.494322
0.497666
0.500991
0.504296
0.507580
0.510844
0.514088
0.517311
0.520513
0.523694
0.526854
0.529994
0.533112
0.536208
0.539283
0.542337
0.545368
0.548378
0.551366
0.554331
0.557274
0.560195
0.563094
0.565969
0.568822
0.571652
0.574459
0.577243
0.580004
0.582742
0.585456
0.588146
0.590813
0.593456
0.596075
0.598670
0.601241
0.603788
0.606310
0.608808
0.611282
0.613731
0.616155
0.618554
0.620928
0.623277
0.625602
0.627901
0.630174
0.632422
0.634645
0.636842
0.639013
0.641159
0.643278
0.645372
0.647439
0.649481
0.651496
0.653485
0.655447
0.657383
0.659292
0.661175
0.663031
0.664860
0.666663
0.668438
0.670186
0.671907
0.673601
0.675268
0.676907
0.678519
0.680104
0.681661
0.683190
0.684692
0.686166
0.687612
0.689030
0.690421
0.691783
0.693117
0.694424
0.695702
0.696952
0.698173
0.699367
0.700532
0.701668
0.702776
0.703856
0.704907
0.705929
0.706923
0.707888
0.708825
0.709732
0.710611
0.711461
0.712282
0.713074
0.713837
0.714571
0.715276
0.715952
0.716599
0.717217
0.717805
0.718365
0.718895
0.719396
0.719868
0.720311
0.720724
0.721108
0.721462
0.721787
0.722083
0.722350
0.722587
0.722794
0.722973
0.723121
0.723241
0.723331
0.723391
0.723422
0.723424
0.723396
0.723339
0.723252
0.723136
0.722990
0.722815
0.722610
0.722376
0.722113
0.721820
0.721497
0.721145
0.720764
0.720354
0.719914
0.719445
0.718946
0.718418
0.717861
0.717274
0.716659
0.716014
0.715340
0.714636
0.713904
0.713142
0.712351
0.711532
0.710683
0.709805
0.708898
0.707962
0.706998
0.706004
0.704982
0.703931
0.702851
0.701743
0.700605
0.699440
0.698245
0.697023
0.695771
0.694492
0.693183
0.691847
0.690482
0.689090
0.687669
0.686220
0.684743
0.683237
0.681705
0.680144
0.678555
0.676939
0.675295
0.673623
0.671924
0.670198
0.668444
0.666662
0.664854
0.663018
0.661155
0.659266
0.657349
0.655405
0.653435
0.651438
0.649414
0.647364
0.645287
0.643184
0.641055
0.638899
0.636718
0.634510
0.632277
0.630017
0.627732
0.625421
0.623085
0.620723
0.618336
0.615923
0.613485
0.611023
0.608535
0.606022
0.603485
0.600923
0.598336
0.595725
0.593090
0.590430
0.587747
0.585039
0.582307
0.579552
0.576773
0.573970
0.571144
0.568294
0.565421
0.562526
0.559607
0.556665
0.553701
0.550714
0.547704
0.544672
0.541618
0.538542
0.535444
0.532324
0.529182
0.526019
0.522834
0.519627
0.516400
0.513151
0.509882
0.506592
0.503281
0.499949
0.496597
0.493225
0.489833
0.486420
0.482988
0.479536
0.476065
0.472574
0.469064
0.465535
0.461987
0.458419
0.454834
0.451229
0.447607
0.443966
0.440307
0.436630
0.432935
0.429223
0.425493
0.421746
0.417982
0.414200
0.410402
0.406587
0.402756
0.398908
0.395044
0.391163
0.387267
0.383355
0.379428
0.375485
0.371527
0.367554
0.363566
0.359563
0.355545
0.351513
0.347467
0.343407
0.339332
0.335244
0.331143
0.327027
0.322899
0.318758
0.314603
0.310436
0.306256
0.302064
0.297860
0.293643
0.289415
0.285175
0.280924
0.276661
0.272387
0.268102
0.263806
0.259499
0.255182
0.250855
0.246517
0.242170
0.237812
0.233446
0.229069
0.224684
0.220290
0.215886
0.211474
0.207054
0.202625
0.198188
0.193743
0.189290
0.184830
0.180362
0.175888
0.171406
0.166917
0.162421
0.157920
0.153411
0.148897
0.144377
0.139851
0.135319
0.130782
0.126240
0.121693
0.117141
0.112585
0.108024
0.103459
0.098890
0.094316
0.089740
0.085159
0.080576
0.075989
0.071399
0.066807
0.062212
0.057615
0.053015
0.048414
0.043811
0.039206
0.034599
0.029992
0.025383
0.020774
0.016164
0.011553
0.006942
0.002331
-0.002280
-0.006890
-0.011500
-0.016110
-0.020718
-0.025326
-0.029933
-0.034538
-0.039141
-0.043743
-0.048342
-0.052940
-0.057535
-0.062128
-0.066718
-0.071305
-0.075889
-0.080469
-0.085046
-0.089620
-0.094190
-0.098755
-0.103317
-0.107874
-0.112426
-0.116974
-0.121517
-0.126055
-0.130587
-0.135114
-0.139635
-0.144150
-0.148659
-0.153162
-0.157659
-0.162149
-0.166632
-0.171108
-0.175577
-0.180039
-0.184493
-0.188939
-0.193378
-0.197809
-0.202231
-0.206645
-0.211050
-0.215447
-0.219835
-0.224213
-0.228582
-0.232942
-0.237292
-0.241632
-0.245963
-0.250283
-0.254593
-0.258892
-0.263180
-0.267458
-0.271725
-0.275980
-0.280224
-0.284456
-0.288677
-0.292886
-0.297083
-0.301267
-0.305439
-0.309599
-0.313746
-0.317879
-0.322000
-0.326108
-0.330202
-0.334283
-0.338349
-0.342402
-0.346441
-0.350466
-0.354476
-0.358472
-0.362453
-0.366419
-0.370371
-0.374307
-0.378227
-0.382133
-0.386022
-0.389896
-0.393754
-0.397595
-0.401421
-0.405230
-0.409022
-0.412798
-0.416557
-0.420299
-0.424023
-0.427731
-0.431420
-0.435093
-0.438747
-0.442384
-0.446002
-0.449603
-0.453185
-0.456748
-0.460293
-0.463819
-0.467326
-0.470815
-0.474284
-0.477733
-0.481164
-0.484574
-0.487965
-0.491336
-0.494687
-0.498018
-0.501329
-0.504619
-0.507889
-0.511138
-0.514367
-0.517574
-0.520761
-0.523926
-0.527070
-0.530193
-0.533294
-0.536373
-0.539431
-0.542467
-0.545481
-0.548473
-0.551442
-0.554389
-0.557314
-0.560216
-0.563095
-0.565951
-0.568785
-0.571596
-0.574383
-0.577147
-0.579888
-0.582605
-0.585299
-0.587969
-0.590615
-0.593237
-0.595836
-0.598410
-0.600960
-0.603486
-0.605987
-0.608464
-0.610916
-0.613344
-0.615746
-0.618124
-0.620477
-0.622805
-0.625108
-0.627386
-0.629638
-0.631865
-0.634066
-0.636242
-0.638392
-0.640516
-0.642614
-0.644687
-0.646733
-0.648754
-0.650748
-0.652716
-0.654658
-0.656574
-0.658463
-0.660325
-0.662161
-0.663970
-0.665753
-0.667508
-0.669237
-0.670939
-0.672614
-0.674262
-0.675882
-0.677476
-0.679042
-0.680581
-0.682092
-0.683577
-0.685033
-0.686462
-0.687864
-0.689238
-0.690584
-0.691902
-0.693193
-0.694456
-0.695691
-0.696898
-0.698077
-0.699228
-0.700351
-0.701445
-0.702512
-0.703550
-0.704561
-0.705543
-0.706496
-0.707421
-0.708318
-0.709187
-0.710027
-0.710839
-0.711622
-0.712376
-0.713102
-0.713800
-0.714469
-0.715109
-0.715720
-0.716303
-0.716857
-0.717383
-0.717880
-0.718348
-0.718787
-0.719197
-0.719579
-0.719932
-0.720256
-0.720551
-0.720818
-0.721055
-0.721264
-0.721444
-0.721595
-0.721717
-0.721810
-0.721874
-0.721910
-0.721916
-0.721894
-0.721843
-0.721763
-0.721654
-0.721516
-0.721350
-0.721155
-0.720930
-0.720677
-0.720396
-0.720085
-0.719746
-0.719378
-0.718981
-0.718555
-0.718101
-0.717618
-0.717107
-0.716566
-0.715998
-0.715400
-0.714774
-0.714120
-0.713437
-0.712725
-0.711985
-0.711217
-0.710420
-0.709595
-0.708741
-0.707860
-0.706950
-0.706012
-0.705045
-0.704051
-0.703028
-0.701978
-0.700899
-0.699792
-0.698658
-0.697496
-0.696305
-0.695087
-0.693842
-0.692568
-0.691268
-0.689939
-0.688583
-0.687199
-0.685789
-0.684350
-0.682885
-0.681392
-0.679872
-0.678325
-0.676751
-0.675150
-0.673522
-0.671867
-0.670186
-0.668477
-0.666743
-0.664981
-0.663193
-0.661379
-0.659538
-0.657671
-0.655777
-0.653858
-0.651912
-0.649941
-0.647943
-0.645920
-0.643871
-0.641797
-0.639696
-0.637571
-0.635420
-0.633243
-0.631041
-0.628815
-0.626563
-0.624286
-0.621984
-0.619658
-0.617306
-0.614931
-0.612530
-0.610105
-0.607656
-0.605183
-0.602686
-0.600164
-0.597619
-0.595050
-0.592457
-0.589840
-0.587200
-0.584537
-0.581850
-0.579140
-0.576407
-0.573651
-0.570872
-0.568070
-0.565246
-0.562399
-0.559530
-0.556638
-0.553724
-0.550788
-0.547831
-0.544851
-0.541849
-0.538826
-0.535782
-0.532716
-0.529629
-0.526520
-0.523391
-0.520241
-0.517070
-0.513878
-0.510666
-0.507433
-0.504180
-0.500907
-0.497615
-0.494302
-0.490969
-0.487617
-0.484245
-0.480854
-0.477444
-0.474015
-0.470567
-0.467100
-0.463614
-0.460110
-0.456587
-0.453046
-0.449487
-0.445910
-0.442315
-0.438703
-0.435073
-0.431425
-0.427760
-0.424079
-0.420380
-0.416664
-0.412932
-0.409183
-0.405418
-0.401636
-0.397838
-0.394025
-0.390196
-0.386351
-0.382490
-0.378614
-0.374723
-0.370817
-0.366896
-0.362961
-0.359010
-0.355046
-0.351067
-0.347074
-0.343067
-0.339046
-0.335012
-0.330964
-0.326903
-0.322829
-0.318741
-0.314641
-0.310529
-0.306403
-0.302266
-0.298116
-0.293954
-0.289781
-0.285595
-0.281398
-0.277190
-0.272971
-0.268740
-0.264499
-0.260247
-0.255985
-0.251712
-0.247429
-0.243136
-0.238833
-0.234520
-0.230198
-0.225867
-0.221526
-0.217176
-0.212818
-0.208451
-0.204075
-0.199692
-0.195300
-0.190900
-0.186492
-0.182077
-0.177654
-0.173224
-0.168787
-0.164343
-0.159892
-0.155434
-0.150971
-0.146501
-0.142025
-0.137543
-0.133055
-0.128562
-0.124064
-0.119561
-0.115052
-0.110539
-0.106021
-0.101499
-0.096972
-0.092442
-0.087907
-0.083369
-0.078827
-0.074282
-0.069734
-0.065183
-0.060629
-0.056072
-0.051513
-0.046952
-0.042388
-0.037823
-0.033255
-0.028687
-0.024117
-0.019545
-0.014973
-0.010400
-0.005827
-0.001252
0.003322
0.007897
0.012471
0.017045
0.021619
0.026192
0.030764
0.035335
0.039905
0.044474
0.049041
0.053607
0.058170
0.062732
0.067291
0.071848
0.076402
0.080953
0.085501
0.090046
0.094588
0.099126
0.103661
0.108191
0.112718
0.117240
0.121757
0.126271
0.130779
0.135282
0.139780
0.144273
0.148760
0.153242
0.157718
0.162187
0.166651
0.171108
0.175558
0.180001
0.184438
0.188867
0.193290
0.197704
0.202111
0.206510
0.210901
0.215284
0.219659
0.224025
0.228382
0.232730
0.237070
0.241400
0.245720
0.250031
0.254333
0.258624
0.262905
0.267176
0.271436
0.275686
0.279925
0.284153
0.288370
0.292575
0.296769
0.300952
0.305122
0.309281
0.313427
0.317561
0.321682
0.325791
0.329887
0.333970
0.338040
0.342097
0.346140
0.350169
0.354185
0.358186
0.362174
0.366147
0.370106
0.374050
0.377979
0.381893
0.385793
0.389677
0.393545
0.397398
0.401235
0.405056
0.408862
0.412651
0.416424
0.420180
0.423919
0.427642
0.431348
0.435036
0.438708
0.442362
0.445998
0.449616
0.453217
0.456800
0.460365
0.463911
0.467439
0.470948
0.474438
0.477910
0.481363
0.484796
0.488210
0.491605
0.494980
0.498335
0.501671
0.504986
0.508282
0.511557
0.514811
0.518045
0.521259
0.524452
0.527623
0.530774
0.533903
0.537011
0.540098
0.543163
0.546207
0.549228
0.552228
0.555205
0.558160
0.561093
0.564004
0.566892
0.569757
0.572600
0.575419
0.578216
0.580989
0.583739
0.586466
0.589169
0.591848
0.594504
0.597136
0.599744
0.602328
0.604888
0.607423
0.609934
0.612421
0.614883
0.617321
0.619733
0.622121
0.624484
0.626821
0.629134
0.631421
0.633683
0.635919
0.638130
0.640315
0.642474
0.644608
0.646716
0.648797
0.650853
0.652882
0.654885
0.656861
0.658812
0.660735
0.662632
0.664503
0.666346
0.668163
0.669953
0.671716
0.673451
0.675160
0.676841
0.678495
0.680122
0.681721
0.683293
0.684837
0.686354
0.687843
0.689304
0.690737
0.692142
0.693520
0.694869
0.696191
0.697484
0.698749
0.699986
0.701194
0.702375
0.703527
0.704650
0.705745
0.706811
0.707849
0.708858
0.709839
0.710791
0.711714
0.712608
0.713473
0.714310
0.715117
0.715896
0.716646
0.717367
0.718058
0.718721
0.719354
0.719959
0.720534
0.721080
0.721597
0.722084
0.722542
0.722971
0.723371
0.723741
0.724082
0.724394
0.724676
0.724929
0.725153
0.725347
0.725512
0.725647
0.725753
0.725829
0.725876
0.725894
0.725882
0.725840
0.725769
0.725669
0.725539
0.725380
0.725191
0.724973
0.724726
0.724449
0.724142
0.723806
0.723441
0.723046
0.722622
0.722169
0.721686
0.721174
0.720633
0.720062
0.719463
0.718833
0.718175
0.717488
0.716771
0.716025
0.715250
0.714446
0.713613
0.712751
0.711860
0.710940
0.709991
0.709013
0.708007
0.706971
0.705907
0.704814
0.703693
0.702542
0.701364
0.700156
0.698921
0.697656
0.696364
0.695043
0.693694
0.692316
0.690911
0.689477
0.688015
0.686525
0.685007
0.683462
0.681888
0.680287
0.678658
0.677002
0.675318
0.673606
0.671867
0.670101
0.668308
0.666487
0.664639
0.662764
0.660862
0.658933
0.656978
0.654995
0.652986
0.650951
0.648888
0.646800
0.644685
0.642544
0.640377
0.638183
0.635964
0.633719
0.631448
0.629151
0.626829
0.624481
0.622108
0.619709
0.617285
0.614836
0.612362
0.609864
0.607340
0.604792
0.602219
0.599621
0.596999
0.594353
0.591683
0.588988
0.586270
0.583528
0.580762
0.577972
0.575159
0.572322
0.569463
0.566580
0.563674
0.560745
0.557793
0.554819
0.551822
0.548802
0.545761
0.542697
0.539611
0.536503
0.533373
0.530222
0.527049
0.523855
0.520639
0.517402
0.514145
0.510866
0.507567
0.504247
0.500906
0.497545
0.494164
0.490763
0.487342
0.483902
0.480441
0.476961
0.473462
0.469944
0.466406
0.462850
0.459275
0.455681
0.452069
0.448438
0.444790
0.441123
0.437438
0.433736
0.430016
0.426279
0.422524
0.418753
0.414964
0.411159
0.407337
0.403498
0.399643
0.395772
0.391885
0.387983
0.384064
0.380130
0.376181
0.372216
0.368237
0.364242
0.360233
0.356210
0.352172
0.348120
0.344053
0.339973
0.335880
0.331772
0.327652
0.323518
0.319371
0.315211
0.311039
0.306854
0.302657
0.298448
0.294226
0.289993
0.285749
0.281492
0.277225
0.272946
0.268657
0.264357
0.260046
0.255725
0.251393
0.247052
0.242700
0.238339
0.233969
0.229589
0.225200
0.220802
0.216395
0.211980
0.207556
0.203124
0.198684
0.194237
0.189781
0.185318
0.180848
0.176370
0.171886
0.167394
0.162897
0.158393
0.153882
0.149366
0.144843
0.140316
0.135782
0.131243
0.126700
0.122151
0.117598
0.113040
0.108478
0.103911
0.099341
0.094767
0.090189
0.085608
0.081023
0.076436
0.071846
0.067253
0.062657
0.058059
0.053460
0.048858
0.044255
0.039650
0.035044
0.030436
0.025828
0.021219
0.016609
0.011999
0.007389
0.002778
-0.001832
-0.006442
-0.011051
-0.015659
-0.020267
-0.024874
-0.029479
-0.034082
-0.038684
-0.043284
-0.047883
-0.052478
-0.057072
-0.061663
-0.066251
-0.070836
-0.075417
-0.079996
-0.084571
-0.089142
-0.093709
-0.098272
-0.102831
-0.107386
-0.111935
-0.116480
-0.121020
-0.125555
-0.130084
-0.134607
-0.139125
-0.143637
-0.148143
-0.152642
-0.157135
-0.161621
-0.166101
-0.170573
-0.175038
-0.179496
-0.183946
-0.188388
-0.192823
-0.197249
-0.201667
-0.206076
-0.210477
-0.214869
-0.219252
-0.223625
-0.227990
-0.232344
-0.236689
-0.241024
-0.245349
-0.249664
-0.253969
-0.258262
-0.262545
-0.266817
-0.271078
-0.275328
-0.279566
-0.283792
-0.288007
-0.292210
-0.296400
-0.300579
-0.304744
-0.308898
-0.313038
-0.317165
-0.321279
-0.325380
-0.329468
-0.333541
-0.337601
-0.341647
-0.345679
-0.349697
-0.353700
-0.357688
-0.361662
-0.365621
-0.369564
-0.373493
-0.377406
-0.381303
-0.385185
-0.389051
-0.392901
-0.396735
-0.400552
-0.404353
-0.408137
-0.411904
-0.415655
-0.419388
-0.423105
-0.426803
-0.430485
-0.434148
-0.437794
-0.441422
-0.445031
-0.448623
-0.452196
-0.455750
-0.459286
-0.462803
-0.466301
-0.469780
-0.473239
-0.476680
-0.480100
-0.483501
-0.486883
-0.490244
-0.493586
-0.496907
-0.500208
-0.503488
-0.506748
-0.509987
-0.513205
-0.516403
-0.519579
-0.522734
-0.525868
-0.528980
-0.532071
-0.535139
-0.538187
-0.541212
-0.544215
-0.547196
-0.550155
-0.553091
-0.556005
-0.558896
-0.561764
-0.564609
-0.567432
-0.570231
-0.573007
-0.575760
-0.578490
-0.581196
-0.583878
-0.586537
-0.589171
-0.591782
-0.594369
-0.596932
-0.599470
-0.601984
-0.604473
-0.606939
-0.609379
-0.611795
-0.614185
-0.616551
-0.618892
-0.621208
-0.623499
-0.625764
-0.628004
-0.630219
-0.632408
-0.634571
-0.636709
-0.638821
-0.640907
-0.642967
-0.645001
-0.647009
-0.648991
-0.650946
-0.652875
-0.654778
-0.656654
-0.658504
-0.660327
-0.662123
-0.663893
-0.665636
-0.667352
-0.669041
-0.670703
-0.672337
-0.673945
-0.675525
-0.677079
-0.678604
-0.680103
-0.681574
-0.683017
-0.684433
-0.685821
-0.687182
-0.688515
-0.689820
-0.691097
-0.692347
-0.693568
-0.694762
-0.695927
-0.697065
-0.698174
-0.699255
-0.700308
-0.701333
-0.702330
-0.703298
-0.704238
-0.705150
-0.706033
-0.706888
-0.707715
-0.708513
-0.709282
-0.710023
-0.710735
-0.711419
-0.712074
-0.712700
-0.713298
-0.713867
-0.714408
-0.714919
-0.715402
-0.715856
-0.716282
-0.716678
-0.717046
-0.717385
-0.717695
-0.717977
-0.718229
-0.718453
-0.718647
-0.718813
-0.718950
-0.719058
-0.719138
-0.719188
-0.719210
-0.719202
-0.719166
-0.719101
-0.719007
-0.718885
-0.718733
-0.718552
-0.718343
-0.718105
-0.717838
-0.717543
-0.717218
-0.716865
-0.716483
-0.716072
-0.715633
-0.715164
-0.714668
-0.714142
-0.713588
-0.713005
-0.712394
-0.711754
-0.711086
-0.710389
-0.709664
-0.708910
-0.708128
-0.707317
-0.706478
-0.705611
-0.704716
-0.703792
-0.702840
-0.701860
-0.700852
-0.699816
-0.698752
-0.697659
-0.696539
-0.695391
-0.694215
-0.693012
-0.691780
-0.690521
-0.689234
-0.687920
-0.686578
-0.685208
-0.683811
-0.682387
-0.680936
-0.679457
-0.677951
-0.676417
-0.674857
-0.673270
-0.671656
-0.670015
-0.668347
-0.666652
-0.664931
-0.663183
-0.661408
-0.659607
-0.657780
-0.655926
-0.654046
-0.652140
-0.650207
-0.648249
-0.646265
-0.644255
-0.642219
-0.640157
-0.638070
-0.635957
-0.633819
-0.631655
-0.629466
-0.627252
-0.625013
-0.622749
-0.620460
-0.618146
-0.615807
-0.613443
-0.611055
-0.608643
-0.606206
-0.603745
-0.601260
-0.598750
-0.596217
-0.593660
-0.591079
-0.588474
-0.585846
-0.583194
-0.580519
-0.577821
-0.575099
-0.572355
-0.569587
-0.566797
-0.563984
-0.561148
-0.558290
-0.555410
-0.552507
-0.549582
-0.546635
-0.543666
-0.540676
-0.537663
-0.534629
-0.531574
-0.528497
-0.525399
-0.522281
-0.519141
-0.515980
-0.512798
-0.509596
-0.506374
-0.503131
-0.499868
-0.496585
-0.493282
-0.489959
-0.486617
-0.483255
-0.479873
-0.476472
-0.473052
-0.469613
-0.466156
-0.462679
-0.459184
-0.455670
-0.452138
-0.448588
-0.445020
-0.441434
-0.437830
-0.434208
-0.430569
-0.426913
-