-2.621094
-2.619551
-2.618007
-2.616464
-2.614920
-2.613375
-2.611831
-2.610286
-2.608741
-2.607195
-2.605649
-2.604103
-2.602557
-2.601010
-2.599463
-2.597916
-2.596368
-2.594820
-2.593272
-2.591723
-2.590174
-2.588625
-2.587075
-2.585525
-2.583975
-2.582425
-2.580874
-2.579323
-2.577771
-2.576219
-2.574667
-2.573115
-2.571562
-2.570009
-2.568456
-2.566902
-2.565348
-2.563794
-2.562240
-2.560685
-2.559130
-2.557574
-2.556018
-2.554462
-2.552906
-2.551349
-2.549792
-2.548235
-2.546677
-2.545119
-2.543561
-2.542003
-2.540444
-2.538885
-2.537325
-2.535766
-2.534205
-2.532645
-2.531084
-2.529523
-2.527962
-2.526401
-2.524839
-2.523276
-2.521714
-2.520151
-2.518588
-2.517025
-2.515461
-2.513897
-2.512333
-2.510768
-2.509203
-2.507638
-2.506072
-2.504506
-2.502940
-2.501374
-2.499807
-2.498240
-2.496673
-2.495105
-2.493537
-2.491969
-2.490400
-2.488831
-2.487262
-2.485693
-2.484123
-2.482553
-2.480983
-2.479412
-2.477841
-2.476270
-2.474698
-2.473126
-2.471554
-2.469982
-2.468409
-2.466836
-2.465263
-2.463689
-2.462115
-2.460541
-2.458966
-2.457391
-2.455816
-2.454241
-2.452665
-2.451089
-2.449513
-2.447936
-2.446359
-2.444782
-2.443205
-2.441627
-2.440049
-2.438471
-2.436892
-2.435313
-2.433734
-2.432154
-2.430574
-2.428994
-2.427414
-2.425833
-2.424252
-2.422671
-2.421089
-2.419507
-2.417925
-2.416342
-2.414760
-2.413177
-2.411593
-2.410010
-2.408426
-2.406841
-2.405257
-2.403672
-2.402087
-2.400502
-2.398916
-2.397330
-2.395744
-2.394157
-2.392570
-2.390983
-2.389396
-2.387808
-2.386220
-2.384632
-2.383043
-2.381454
-2.379865
-2.378276
-2.376686
-2.375096
-2.373506
-2.371915
-2.370324
-2.368733
-2.367142
-2.365550
-2.363958
-2.362365
-2.360773
-2.359180
-2.357587
-2.355993
-2.354400
-2.352806
-2.351211
-2.349617
-2.348022
-2.346427
-2.344831
-2.343235
-2.341639
-2.340043
-2.338447
-2.336850
-2.335253
-2.333655
-2.332057
-2.330459
-2.328861
-2.327263
-2.325664
-2.324065
-2.322465
-2.320866
-2.319266
-2.317665
-2.316065
-2.314464
-2.312863
-2.311262
-2.309660
-2.308058
-2.306456
-2.304853
-2.303251
-2.301647
-2.300044
-2.298441
-2.296837
-2.295233
-2.293628
-2.292023
-2.290418
-2.288813
-2.287208
-2.285602
-2.283996
-2.282389
-2.280783
-2.279176
-2.277568
-2.275961
-2.274353
-2.272745
-2.271137
-2.269528
-2.267919
-2.266310
-2.264701
-2.263091
-2.261481
-2.259871
-2.258260
-2.256650
-2.255039
-2.253427
-2.251816
-2.250204
-2.248592
-2.246979
-2.245367
-2.243754
-2.242140
-2.240527
-2.238913
-2.237299
-2.235685
-2.234070
-2.232455
-2.230840
-2.229225
-2.227609
-2.225993
-2.224377
-2.222760
-2.221144
-2.219527
-2.217909
-2.216292
-2.214674
-2.213056
-2.211437
-2.209819
-2.208200
-2.206581
-2.204961
-2.203341
-2.201721
-2.200101
-2.198481
-2.196860
-2.195239
-2.193617
-2.191996
-2.190374
-2.188752
-2.187130
-2.185507
-2.183884
-2.182261
-2.180637
-2.179014
-2.177390
-2.175765
-2.174141
-2.172516
-2.170891
-2.169266
-2.167640
-2.166014
-2.164388
-2.162762
-2.161135
-2.159509
-2.157881
-2.156254
-2.154626
-2.152998
-2.151370
-2.149742
-2.148113
-2.146484
-2.144855
-2.143225
-2.141596
-2.139966
-2.138335
-2.136705
-2.135074
-2.133443
-2.131812
-2.130180
-2.128548
-2.126916
-2.125284
-2.123651
-2.122018
-2.120385
-2.118752
-2.117118
-2.115484
-2.113850
-2.112216
-2.110581
-2.108946
-2.107311
-2.105676
-2.104040
-2.102404
-2.100768
-2.099131
-2.097495
-2.095858
-2.094220
-2.092583
-2.090945
-2.089307
-2.087669
-2.086030
-2.084392
-2.082753
-2.081113
-2.079474
-2.077834
-2.076194
-2.074554
-2.072913
-2.071273
-2.069632
-2.067990
-2.066349
-2.064707
-2.063065
-2.061423
-2.059780
-2.058137
-2.056494
-2.054851
-2.053207
-2.051564
-2.049920
-2.048275
-2.046631
-2.044986
-2.043341
-2.041696
-2.040050
-2.038404
-2.036758
-2.035112
-2.033466
-2.031819
-2.030172
-2.028524
-2.026877
-2.025229
-2.023581
-2.021933
-2.020284
-2.018636
-2.016987
-2.015337
-2.013688
-2.012038
-2.010388
-2.008738
-2.007088
-2.005437
-2.003786
-2.002135
-2.000483
-1.998832
-1.997180
-1.995527
-1.993875
-1.992222
-1.990569
-1.988916
-1.987263
-1.985609
-1.983955
-1.982301
-1.980647
-1.978992
-1.977337
-1.975682
-1.974027
-1.972372
-1.970716
-1.969060
-1.967403
-1.965747
-1.964090
-1.962433
-1.960776
-1.959118
-1.957461
-1.955803
-1.954144
-1.952486
-1.950827
-1.949168
-1.947509
-1.945850
-1.944190
-1.942530
-1.940870
-1.939210
-1.937549
-1.935889
-1.934228
-1.932566
-1.930905
-1.929243
-1.927581
-1.925919
-1.924256
-1.922594
-1.920931
-1.919268
-1.917604
-1.915940
-1.914277
-1.912612
-1.910948
-1.909284
-1.907619
-1.905954
-1.904288
-1.902623
-1.900957
-1.899291
-1.897625
-1.895959
-1.894292
-1.892625
-1.890958
-1.889291
-1.887623
-1.885955
-1.884287
-1.882619
-1.880950
-1.879282
-1.877613
-1.875943
-1.874274
-1.872604
-1.870935
-1.869264
-1.867594
-1.865924
-1.864253
-1.862582
-1.860910
-1.859239
-1.857567
-1.855895
-1.854223
-1.852551
-1.850878
-1.849205
-1.847532
-1.845859
-1.844185
-1.842512
-1.840838
-1.839164
-1.837489
-1.835814
-1.834140
-1.832465
-1.830789
-1.829114
-1.827438
-1.825762
-1.824086
-1.822409
-1.820733
-1.819056
-1.817379
-1.815701
-1.814024
-1.812346
-1.810668
-1.808990
-1.807311
-1.805633
-1.803954
-1.802275
-1.800595
-1.798916
-1.797236
-1.795556
-1.793876
-1.792196
-1.790515
-1.788834
-1.787153
-1.785472
-1.783790
-1.782108
-1.780426
-1.778744
-1.777062
-1.775379
-1.773696
-1.772013
-1.770330
-1.768647
-1.766963
-1.765279
-1.763595
-1.761911
-1.760226
-1.758541
-1.756856
-1.755171
-1.753486
-1.751800
-1.750114
-1.748428
-1.746742
-1.745056
-1.743369
-1.741682
-1.739995
-1.738307
-1.736620
-1.734932
-1.733244
-1.731556
-1.729868
-1.728179
-1.726490
-1.724801
-1.723112
-1.721422
-1.719733
-1.718043
-1.716353
-1.714662
-1.712972
-1.711281
-1.709590
-1.707899
-1.706208
-1.704516
-1.702825
-1.701133
-1.699440
-1.697748
-1.696055
-1.694363
-1.692670
-1.690976
-1.689283
-1.687589
-1.685895
-1.684201
-1.682507
-1.680813
-1.679118
-1.677423
-1.675728
-1.674033
-1.672337
-1.670642
-1.668946
-1.667249
-1.665553
-1.663857
-1.662160
-1.660463
-1.658766
-1.657069
-1.655371
-1.653673
-1.651975
-1.650277
-1.648579
-1.646880
-1.645182
-1.643483
-1.641783
-1.640084
-1.638385
-1.636685
-1.634985
-1.633285
-1.631584
-1.629884
-1.628183
-1.626482
-1.624781
-1.623079
-1.621378
-1.619676
-1.617974
-1.616272
-1.614570
-1.612867
-1.611164
-1.609461
-1.607758
-1.606055
-1.604351
-1.602648
-1.600944
-1.599240
-1.597535
-1.595831
-1.594126
-1.592421
-1.590716
-1.589011
-1.587305
-1.585600
-1.583894
-1.582188
-1.580481
-1.578775
-1.577068
-1.575361
-1.573654
-1.571947
-1.570240
-1.568532
-1.566824
-1.565116
-1.563408
-1.561699
-1.559991
-1.558282
-1.556573
-1.554864
-1.553155
-1.551445
-1.549735
-1.548025
-1.546315
-1.544605
-1.542894
-1.541184
-1.539473
-1.537762
-1.536050
-1.534339
-1.532627
-1.530916
-1.529204
-1.527491
-1.525779
-1.524066
-1.522354
-1.520641
-1.518928
-1.517214
-1.515501
-1.513787
-1.512073
-1.510359
-1.508645
-1.506930
-1.505216
-1.503501
-1.501786
-1.500071
-1.498355
-1.496640
-1.494924
-1.493208
-1.491492
-1.489776
-1.488059
-1.486343
-1.484626
-1.482909
-1.481192
-1.479474
-1.477757
-1.476039
-1.474321
-1.472603
-1.470884
-1.469166
-1.467447
-1.465729
-1.464010
-1.462290
-1.460571
-1.458851
-1.457132
-1.455412
-1.453692
-1.451971
-1.450251
-1.448530
-1.446809
-1.445089
-1.443367
-1.441646
-1.439924
-1.438203
-1.436481
-1.434759
-1.433037
-1.431314
-1.429592
-1.427869
-1.426146
-1.424423
-1.422700
-1.420976
-1.419252
-1.417529
-1.415805
-1.414081
-1.412356
-1.410632
-1.408907
-1.407182
-1.405457
-1.403732
-1.402007
-1.400281
-1.398555
-1.396829
-1.395103
-1.393377
-1.391651
-1.389924
-1.388197
-1.386470
-1.384743
-1.383016
-1.381289
-1.379561
-1.377833
-1.376105
-1.374377
-1.372649
-1.370921
-1.369192
-1.367463
-1.365734
-1.364005
-1.362276
-1.360546
-1.358817
-1.357087
-1.355357
-1.353627
-1.351896
-1.350166
-1.348435
-1.346705
-1.344974
-1.343243
-1.341511
-1.339780
-1.338048
-1.336316
-1.334584
-1.332852
-1.331120
-1.329388
-1.327655
-1.325922
-1.324189
-1.322456
-1.320723
-1.318989
-1.317256
-1.315522
-1.313788
-1.312054
-1.310320
-1.308585
-1.306851
-1.305116
-1.303381
-1.301646
-1.299911
-1.298176
-1.296440
-1.294704
-1.292969
-1.291233
-1.289496
-1.287760
-1.286024
-1.284287
-1.282550
-1.280813
-1.279076
-1.277339
-1.275601
-1.273864
-1.272126
-1.270388
-1.268650
-1.266912
-1.265173
-1.263435
-1.261696
-1.259957
-1.258218
-1.256479
-1.254740
-1.253001
-1.251261
-1.249521
-1.247781
-1.246041
-1.244301
-1.242560
-1.240820
-1.239079
-1.237338
-1.235597
-1.233856
-1.232115
-1.230373
-1.228632
-1.226890
-1.225148
-1.223406
-1.221664
-1.219922
-1.218179
-1.216436
-1.214694
-1.212951
-1.211207
-1.209464
-1.207721
-1.205977
-1.204233
-1.202490
-1.200746
-1.199001
-1.197257
-1.195513
-1.193768
-1.192023
-1.190278
-1.188533
-1.186788
-1.185043
-1.183297
-1.181552
-1.179806
-1.178060
-1.176314
-1.174568
-1.172821
-1.171075
-1.169328
-1.167581
-1.165834
-1.164087
-1.162340
-1.160593
-1.158845
-1.157098
-1.155350
-1.153602
-1.151854
-1.150106
-1.148357
-1.146609
-1.144860
-1.143111
-1.141362
-1.139613
-1.137864
-1.136115
-1.134365
-1.132615
-1.130866
-1.129116
-1.127366
-1.125615
-1.123865
-1.122115
-1.120364
-1.118613
-1.116862
-1.115111
-1.113360
-1.111609
-1.109857
-1.108106
-1.106354
-1.104602
-1.102850
-1.101098
-1.099346
-1.097593
-1.095841
-1.094088
-1.092335
-1.090582
-1.088829
-1.087076
-1.085323
-1.083569
-1.081816
-1.080062
-1.078308
-1.076554
-1.074800
-1.073046
-1.071291
-1.069537
-1.067782
-1.066027
-1.064272
-1.062517
-1.060762
-1.059006
-1.057251
-1.055495
-1.053740
-1.051984
-1.050228
-1.048472
-1.046715
-1.044959
-1.043202
-1.041446
-1.039689
-1.037932
-1.036175
-1.034418
-1.032661
-1.030903
-1.029146
-1.027388
-1.025630
-1.023872
-1.022114
-1.020356
-1.018598
-1.016839
-1.015081
-1.013322
-1.011563
-1.009804
-1.008045
-1.006286
-1.004527
-1.002767
-1.001008
-0.999248
-0.997488
-0.995728
-0.993968
-0.992208
-0.990448
-0.988687
-0.986927
-0.985166
-0.983405
-0.981644
-0.979883
-0.978122
-0.976361
-0.974600
-0.972838
-0.971076
-0.969315
-0.967553
-0.965791
-0.964029
-0.962266
-0.960504
-0.958742
-0.956979
-0.955216
-0.953453
-0.951691
-0.949927
-0.948164
-0.946401
-0.944638
-0.942874
-0.941110
-0.939347
-0.937583
-0.935819
-0.934055
-0.932290
-0.930526
-0.928761
-0.926997
-0.925232
-0.923467
-0.921702
-0.919937
-0.918172
-0.916407
-0.914642
-0.912876
-0.911110
-0.909345
-0.907579
-0.905813
-0.904047
-0.902281
-0.900514
-0.898748
-0.896982
-0.895215
-0.893448
-0.891681
-0.889914
-0.888147
-0.886380
-0.884613
-0.882845
-0.881078
-0.879310
-0.877543
-0.875775
-0.874007
-0.872239
-0.870471
-0.868702
-0.866934
-0.865166
-0.863397
-0.861628
-0.859859
-0.858091
-0.856322
-0.854552
-0.852783
-0.851014
-0.849244
-0.847475
-0.845705
-0.843935
-0.842166
-0.840396
-0.838626
-0.836855
-0.835085
-0.833315
-0.831544
-0.829774
-0.828003
-0.826232
-0.824461
-0.822690
-0.820919
-0.819148
-0.817377
-0.815605
-0.813834
-0.812062
-0.810290
-0.808519
-0.806747
-0.804975
-0.803203
-0.801430
-0.799658
-0.797886
-0.796113
-0.794340
-0.792568
-0.790795
-0.789022
-0.787249
-0.785476
-0.783703
-0.781929
-0.780156
-0.778383
-0.776609
-0.774835
-0.773062
-0.771288
-0.769514
-0.767740
-0.765965
-0.764191
-0.762417
-0.760642
-0.758868
-0.757093
-0.755318
-0.753544
-0.751769
-0.749994
-0.748219
-0.746443
-0.744668
-0.742893
-0.741117
-0.739342
-0.737566
-0.735790
-0.734014
-0.732239
-0.730462
-0.728686
-0.726910
-0.725134
-0.723357
-0.721581
-0.719804
-0.718028
-0.716251
-0.714474
-0.712697
-0.710920
-0.709143
-0.707366
-0.705589
-0.703811
-0.702034
-0.700256
-0.698479
-0.696701
-0.694923
-0.693145
-0.691367
-0.689589
-0.687811
-0.686033
-0.684255
-0.682476
-0.680698
-0.678919
-0.677140
-0.675362
-0.673583
-0.671804
-0.670025
-0.668246
-0.666467
-0.664688
-0.662908
-0.661129
-0.659349
-0.657570
-0.655790
-0.654010
-0.652231
-0.650451
-0.648671
-0.646891
-0.645110
-0.643330
-0.641550
-0.639770
-0.637989
-0.636209
-0.634428
-0.632647
-0.630866
-0.629086
-0.627305
-0.625524
-0.623743
-0.621961
-0.620180
-0.618399
-0.616617
-0.614836
-0.613054
-0.611273
-0.609491
-0.607709
-0.605927
-0.604145
-0.602363
-0.600581
-0.598799
-0.597017
-0.595235
-0.593452
-0.591670
-0.589887
-0.588105
-0.586322
-0.584539
-0.582756
-0.580974
-0.579191
-0.577408
-0.575624
-0.573841
-0.572058
-0.570275
-0.568491
-0.566708
-0.564924
-0.563141
-0.561357
-0.559573
-0.557789
-0.556006
-0.554222
-0.552438
-0.550653
-0.548869
-0.547085
-0.545301
-0.543516
-0.541732
-0.539947
-0.538163
-0.536378
-0.534594
-0.532809
-0.531024
-0.529239
-0.527454
-0.525669
-0.523884
-0.522099
-0.520314
-0.518528
-0.516743
-0.514957
-0.513172
-0.511386
-0.509601
-0.507815
-0.506029
-0.504244
-0.502458
-0.500672
-0.498886
-0.497100
-0.495314
-0.493527
-0.491741
-0.489955
-0.488169
-0.486382
-0.484596
-0.482809
-0.481022
-0.479236
-0.477449
-0.475662
-0.473875
-0.472089
-0.470302
-0.468515
-0.466727
-0.464940
-0.463153
-0.461366
-0.459579
-0.457791
-0.456004
-0.454216
-0.452429
-0.450641
-0.448853
-0.447066
-0.445278
-0.443490
-0.441702
-0.439914
-0.438126
-0.436338
-0.434550
-0.432762
-0.430974
-0.429186
-0.427397
-0.425609
-0.423820
-0.422032
-0.420243
-0.418455
-0.416666
-0.414878
-0.413089
-0.411300
-0.409511
-0.407722
-0.405933
-0.404144
-0.402355
-0.400566
-0.398777
-0.396988
-0.395199
-0.393409
-0.391620
-0.389831
-0.388041
-0.386252
-0.384462
-0.382673
-0.380883
-0.379093
-0.377304
-0.375514
-0.373724
-0.371934
-0.370144
-0.368354
-0.366564
-0.364774
-0.362984
-0.361194
-0.359404
-0.357614
-0.355823
-0.354033
-0.352243
-0.350452
-0.348662
-0.346871
-0.345081
-0.343290
-0.341500
-0.339709
-0.337918
-0.336127
-0.334337
-0.332546
-0.330755
-0.328964
-0.327173
-0.325382
-0.323591
-0.321800
-0.320009
-0.318218
-0.316426
-0.314635
-0.312844
-0.311053
-0.309261
-0.307470
-0.305678
-0.303887
-0.302095
-0.300304
-0.298512
-0.296721
-0.294929
-0.293137
-0.291346
-0.289554
-0.287762
-0.285970
-0.284178
-0.282386
-0.280594
-0.278802
-0.277010
-0.275218
-0.273426
-0.271634
-0.269842
-0.268050
-0.266258
-0.264465
-0.262673
-0.260881
-0.259088
-0.257296
-0.255503
-0.253711
-0.251919
-0.250126
-0.248333
-0.246541
-0.244748
-0.242956
-0.241163
-0.239370
-0.237578
-0.235785
-0.233992
-0.232199
-0.230406
-0.228613
-0.226821
-0.225028
-0.223235
-0.221442
-0.219649
-0.217856
-0.216063
-0.214269
-0.212476
-0.210683
-0.208890
-0.207097
-0.205303
-0.203510
-0.201717
-0.199924
-0.198130
-0.196337
-0.194544
-0.192750
-0.190957
-0.189163
-0.187370
-0.185576
-0.183783
-0.181989
-0.180196
-0.178402
-0.176608
-0.174815
-0.173021
-0.171227
-0.169434
-0.167640
-0.165846
-0.164052
-0.162259
-0.160465
-0.158671
-0.156877
-0.155083
-0.153289
-0.151496
-0.149702
-0.147908
-0.146114
-0.144320
-0.142526
-0.140732
-0.138938
-0.137144
-0.135349
-0.133555
-0.131761
-0.129967
-0.128173
-0.126379
-0.124585
-0.122791
-0.120996
-0.119202
-0.117408
-0.115614
-0.113819
-0.112025
-0.110231
-0.108437
-0.106642
-0.104848
-0.103054
-0.101259
-0.099465
-0.097670
-0.095876
-0.094082
-0.092287
-0.090493
-0.088698
-0.086904
-0.085109
-0.083315
-0.081520
-0.079726
-0.077931
-0.076137
-0.074342
-0.072548
-0.070753
-0.068959
-0.067164
-0.065370
-0.063575
-0.061780
-0.059986
-0.058191
-0.056397
-0.054602
-0.052807
-0.051013
-0.049218
-0.047424
-0.045629
-0.043834
-0.042040
-0.040245
-0.038450
-0.036656
-0.034861
-0.033066
-0.031272
-0.029477
-0.027682
-0.025887
-0.024093
-0.022298
-0.020503
-0.018709
-0.016914
-0.015119
-0.013324
-0.011530
-0.009735
-0.007940
-0.006146
-0.004351
-0.002556
-0.000761
0.001033
0.002828
0.004623
0.006418
0.008212
0.010007
0.011802
0.013596
0.015391
0.017186
0.018981
0.020775
0.022570
0.024365
0.026159
0.027954
0.029749
0.031543
0.033338
0.035133
0.036928
0.038722
0.040517
0.042312
0.044106
0.045901
0.047696
0.049490
0.051285
0.053079
0.054874
0.056669
0.058463
0.060258
0.062053
0.063847
0.065642
0.067436
0.069231
0.071025
0.072820
0.074614
0.076409
0.078204
0.079998
0.081793
0.083587
0.085382
0.087176
0.088970
0.090765
0.092559
0.094354
0.096148
0.097943
0.099737
0.101531
0.103326
0.105120
0.106914
0.108709
0.110503
0.112297
0.114092
0.115886
0.117680
0.119474
0.121269
0.123063
0.124857
0.126651
0.128445
0.130239
0.132034
0.133828
0.135622
0.137416
0.139210
0.141004
0.142798
0.144592
0.146386
0.148180
0.149974
0.151768
0.153562
0.155356
0.157150
0.158943
0.160737
0.162531
0.164325
0.166119
0.167912
0.169706
0.171500
0.173294
0.175087
0.176881
0.178675
0.180468
0.182262
0.184055
0.185849
0.187642
0.189436
0.191229
0.193023
0.194816
0.196610
0.198403
0.200196
0.201990
0.203783
0.205576
0.207370
0.209163
0.210956
0.212749
0.214542
0.216335
0.218128
0.219922
0.221715
0.223508
0.225301
0.227093
0.228886
0.230679
0.232472
0.234265
0.236058
0.237851
0.239643
0.241436
0.243229
0.245021
0.246814
0.248607
0.250399
0.252192
0.253984
0.255777
0.257569
0.259361
0.261154
0.262946
0.264738
0.266531
0.268323
0.270115
0.271907
0.273700
0.275492
0.277284
0.279076
0.280868
0.282660
0.284452
0.286244
0.288035
0.289827
0.291619
0.293411
0.295202
0.296994
0.298786
0.300577
0.302369
0.304160
0.305952
0.307743
0.309535
0.311326
0.313118
0.314909
0.316700
0.318491
0.320282
0.322074
0.323865
0.325656
0.327447
0.329238
0.331029
0.332820
0.334610
0.336401
0.338192
0.339983
0.341773
0.343564
0.345355
0.347145
0.348936
0.350726
0.352517
0.354307
0.356097
0.357888
0.359678
0.361468
0.363258
0.365048
0.366838
0.368628
0.370418
0.372208
0.373998
0.375788
0.377578
0.379367
0.381157
0.382947
0.384736
0.386526
0.388315
0.390105
0.391894
0.393684
0.395473
0.397262
0.399051
0.400840
0.402629
0.404419
0.406208
0.407996
0.409785
0.411574
0.413363
0.415152
0.416940
0.418729
0.420518
0.422306
0.424095
0.425883
0.427671
0.429460
0.431248
0.433036
0.434824
0.436613
0.438401
0.440189
0.441976
0.443764
0.445552
0.447340
0.449128
0.450915
0.452703
0.454490
0.456278
0.458065
0.459853
0.461640
0.463427
0.465215
0.467002
0.468789
0.470576
0.472363
0.474150
0.475936
0.477723
0.479510
0.481297
0.483083
0.484870
0.486656
0.488443
0.490229
0.492015
0.493802
0.495588
0.497374
0.499160
0.500946
0.502732
0.504518
0.506304
0.508089
0.509875
0.511661
0.513446
0.515232
0.517017
0.518802
0.520588
0.522373
0.524158
0.525943
0.527728
0.529513
0.531298
0.533083
0.534868
0.536652
0.538437
0.540221
0.542006
0.543790
0.545575
0.547359
0.549143
0.550927
0.552711
0.554495
0.556279
0.558063
0.559847
0.561631
0.563414
0.565198
0.566981
0.568765
0.570548
0.572332
0.574115
0.575898
0.577681
0.579464
0.581247
0.583030
0.584813
0.586595
0.588378
0.590161
0.591943
0.593726
0.595508
0.597290
0.599072
0.600854
0.602637
0.604418
0.606200
0.607982
0.609764
0.611546
0.613327
0.615109
0.616890
0.618672
0.620453
0.622234
0.624015
0.625796
0.627577
0.629358
0.631139
0.632920
0.634700
0.636481
0.638261
0.640042
0.641822
0.643602
0.645382
0.647163
0.648943
0.650723
0.652502
0.654282
0.656062
0.657841
0.659621
0.661400
0.663180
0.664959
0.666738
0.668517
0.670296
0.672075
0.673854
0.675633
0.677412
0.679190
0.680969
0.682747
0.684525
0.686304
0.688082
0.689860
0.691638
0.693416
0.695194
0.696971
0.698749
0.700527
0.702304
0.704081
0.705859
0.707636
0.709413
0.711190
0.712967
0.714744
0.716521
0.718297
0.720074
0.721850
0.723627
0.725403
0.727179
0.728955
0.730731
0.732507
0.734283
0.736059
0.737835
0.739610
0.741386
0.743161
0.744936
0.746711
0.748487
0.750262
0.752036
0.753811
0.755586
0.757361
0.759135
0.760910
0.762684
0.764458
0.766232
0.768006
0.769780
0.771554
0.773328
0.775102
0.776875
0.778649
0.780422
0.782195
0.783969
0.785742
0.787515
0.789288
0.791060
0.792833
0.794606
0.796378
0.798150
0.799923
0.801695
0.803467
0.805239
0.807011
0.808783
0.810554
0.812326
0.814097
0.815869
0.817640
0.819411
0.821182
0.822953
0.824724
0.826495
0.828266
0.830036
0.831806
0.833577
0.835347
0.837117
0.838887
0.840657
0.842427
0.844197
0.845966
0.847736
0.849505
0.851274
0.853044
0.854813
0.856582
0.858350
0.860119
0.861888
0.863656
0.865425
0.867193
0.868961
0.870729
0.872497
0.874265
0.876033
0.877801
0.879568
0.881336
0.883103
0.884870
0.886637
0.888404
0.890171
0.891938
0.893705
0.895471
0.897238
0.899004
0.900770
0.902536
0.904302
0.906068
0.907834
0.909599
0.911365
0.913130
0.914896
0.916661
0.918426
0.920191
0.921956
0.923720
0.925485
0.927249
0.929014
0.930778
0.932542
0.934306
0.936070
0.937834
0.939597
0.941361
0.943124
0.944888
0.946651
0.948414
0.950177
0.951940
0.953702
0.955465
0.957227
0.958990
0.960752
0.962514
0.964276
0.966038
0.967800
0.969561
0.971323
0.973084
0.974846
0.976607
0.978368
0.980129
0.981889
0.983650
0.985410
0.987171
0.988931
0.990691
0.992451
0.994211
0.995971
0.997731
0.999490
1.001250
1.003009
1.004768
1.006527
1.008286
1.010045
1.011803
1.013562
1.015320
1.017078
1.018836
1.020594
1.022352
1.024110
1.025868
1.027625
1.029383
1.031140
1.032897
1.034654
1.036411
1.038167
1.039924
1.041680
1.043437
1.045193
1.046949
1.048705
1.050461
1.052216
1.053972
1.055727
1.057482
1.059238
1.060993
1.062747
1.064502
1.066257
1.068011
1.069765
1.071520
1.073274
1.075028
1.076781
1.078535
1.080289
1.082042
1.083795
1.085548
1.087301
1.089054
1.090807
1.092559
1.094312
1.096064
1.097816
1.099568
1.101320
1.103072
1.104823
1.106575
1.108326
1.110077
1.111828
1.113579
1.115330
1.117081
1.118831
1.120581
1.122332
1.124082
1.125831
1.127581
1.129331
1.131080
1.132830
1.134579
1.136328
1.138077
1.139826
1.141574
1.143323
1.145071
1.146819
1.148567
1.150315
1.152063
1.153811
1.155558
1.157305
1.159053
1.160800
1.162546
1.164293
1.166040
1.167786
1.169533
1.171279
1.173025
1.174771
1.176516
1.178262
1.180007
1.181752
1.183498
1.185243
1.186987
1.188732
1.190477
1.192221
1.193965
1.195709
1.197453
1.199197
1.200941
1.202684
1.204427
1.206170
1.207913
1.209656
1.211399
1.213142
1.214884
1.216626
1.218368
1.220110
1.221852
1.223594
1.225335
1.227077
1.228818
1.230559
1.232300
1.234040
1.235781
1.237521
1.239262
1.241002
1.242742
1.244481
1.246221
1.247960
1.249700
1.251439
1.253178
1.254917
1.256655
1.258394
1.260132
1.261870
1.263608
1.265346
1.267084
1.268822
1.270559
1.272296
1.274033
1.275770
1.277507
1.279244
1.280980
1.282716
1.284453
1.286188
1.287924
1.289660
1.291395
1.293131
1.294866
1.296601
1.298336
1.300070
1.301805
1.303539
1.305273
1.307007
1.308741
1.310475
1.312208
1.313942
1.315675
1.317408
1.319141
1.320873
1.322606
1.324338
1.326070
1.327802
1.329534
1.331266
1.332997
1.334729
1.336460
1.338191
1.339922
1.341653
1.343383
1.345113
1.346844
1.348574
1.350303
1.352033
1.353762
1.355492
1.357221
1.358950
1.360679
1.362407
1.364136
1.365864
1.367592
1.369320
1.371048
1.372776
1.374503
1.376230
1.377957
1.379684
1.381411
1.383137
1.384864
1.386590
1.388316
1.390042
1.391768
1.393493
1.395219
1.396944
1.398669
1.400394
1.402118
1.403843
1.405567
1.407291
1.409015
1.410739
1.412462
1.414186
1.415909
1.417632
1.419355
1.421077
1.422800
1.424522
1.426244
1.427966
1.429688
1.431410
1.433131
1.434852
1.436574
1.438294
1.440015
1.441736
1.443456
1.445176
1.446896
1.448616
1.450336
1.452055
1.453774
1.455493
1.457212
1.458931
1.460649
1.462368
1.464086
1.465804
1.467522
1.469239
1.470957
1.472674
1.474391
1.476108
1.477824
1.479541
1.481257
1.482973
1.484689
1.486405
1.488120
1.489836
1.491551
1.493266
1.494981
1.496695
1.498410
1.500124
1.501838
1.503552
1.505266
1.506979
1.508692
1.510406
1.512118
1.513831
1.515544
1.517256
1.518968
1.520680
1.522392
1.524103
1.525815
1.527526
1.529237
1.530948
1.532658
1.534369
1.536079
1.537789
1.539499
1.541209
1.542918
1.544627
1.546336
1.548045
1.549754
1.551462
1.553171
1.554879
1.556587
1.558294
1.560002
1.561709
1.563416
1.565123
1.566830
1.568536
1.570243
1.571949
1.573655
1.575361
1.577066
1.578771
1.580477
1.582181
1.583886
1.585591
1.587295
1.588999
1.590703
1.592407
1.594110
1.595814
1.597517
1.599220
1.600923
1.602625
1.604327
1.606030
1.607731
1.609433
1.611135
1.612836
1.614537
1.616238
1.617939
1.619639
1.621340
1.623040
1.624740
1.626439
1.628139
1.629838
1.631537
1.633236
1.634935
1.636633
1.638331
1.640029
1.641727
1.643425
1.645122
1.646819
1.648516
1.650213
1.651910
1.653606
1.655302
1.656998
1.658694
1.660390
1.662085
1.663780
1.665475
1.667170
1.668864
1.670559
1.672253
1.673947
1.675640
1.677334
1.679027
1.680720
1.682413
1.684106
1.685798
1.687490
1.689182
1.690874
1.692565
1.694257
1.695948
1.697639
1.699329
1.701020
1.702710
1.704400
1.706090
1.707780
1.709469
1.711158
1.712847
1.714536
1.716225
1.717913
1.719601
1.721289
1.722977
1.724664
1.726351
1.728038
1.729725
1.731412
1.733098
1.734784
1.736470
1.738156
1.739842
1.741527
1.743212
1.744897
1.746581
1.748266
1.749950
1.751634
1.753318
1.755001
1.756685
1.758368
1.760051
1.761733
1.763416
1.765098
1.766780
1.768462
1.770143
1.771824
1.773506
1.775186
1.776867
1.778548
1.780228
1.781908
1.783587
1.785267
1.786946
1.788625
1.790304
1.791983
1.793661
1.795339
1.797017
1.798695
1.800373
1.802050
1.803727
1.805404
1.807080
1.808757
1.810433
1.812109
1.813784
1.815460
1.817135
1.818810
1.820485
1.822159
1.823834
1.825508
1.827182
1.828855
1.830529
1.832202
1.833875
1.835547
1.837220
1.838892
1.840564
1.842236
1.843908
1.845579
1.847250
1.848921
1.850591
1.852262
1.853932
1.855602
1.857272
1.858941
1.860610
1.862279
1.863948
1.865616
1.867285
1.868953
1.870621
1.872288
1.873955
1.875623
1.877289
1.878956
1.880622
1.882289
1.883955
1.885620
1.887286
1.888951
1.890616
1.892281
1.893945
1.895609
1.897273
1.898937
1.900601
1.902264
1.903927
1.905590
1.907253
1.908915
1.910577
1.912239
1.913900
1.915562
1.917223
1.918884
1.920545
1.922205
1.923865
1.925525
1.927185
1.928844
1.930503
1.932162
1.933821
1.935480
1.937138
1.938796
1.940454
1.942111
1.943768
1.945425
1.947082
1.948739
1.950395
1.952051
1.953707
1.955362
1.957018
1.958673
1.960328
1.961982
1.963636
1.965291
1.966944
1.968598
1.970251
1.971904
1.973557
1.975210
1.976862
1.978514
1.980166
1.981818
1.983469
1.985120
1.986771
1.988422
1.990072
1.991722
1.993372
1.995021
1.996671
1.998320
1.999969
2.001617
2.003266
2.004914
2.006562
2.008209
2.009856
2.011504
2.013150
2.014797
2.016443
2.018089
2.019735
2.021381
2.023026
2.024671
2.026316
2.027960
2.029605
2.031249
2.032892
2.034536
2.036179
2.037822
2.039465
2.041107
2.042750
2.044392
2.046033
2.047675
2.049316
2.050957
2.052598
2.054238
2.055878
2.057518
2.059158
2.060797
2.062437
2.064075
2.065714
2.067352
2.068990
2.070628
2.072266
2.073903
2.075540
2.077177
2.078814
2.080450
2.082086
2.083722
2.085357
2.086992
2.088627
2.090262
2.091897
2.093531
2.095165
2.096798
2.098432
2.100065
2.101698
2.103330
2.104963
2.106595
2.108227
2.109858
2.111489
2.113120
2.114751
2.116382
2.118012
2.119642
2.121272
2.122901
2.124530
2.126159
2.127788
2.129416
2.131044
2.132672
2.134299
2.135927
2.137554
2.139181
2.140807
2.142433
2.144059
2.145685
2.147310
2.148935
2.150560
2.152185
2.153809
2.155433
2.157057
2.158680
2.160304
2.161927
2.163549
2.165172
2.166794
2.168416
2.170037
2.171659
2.173280
2.174901
2.176521
2.178141
2.179761
2.181381
2.183000
2.184620
2.186238
2.187857
2.189475
2.191093
2.192711
2.194329
2.195946
2.197563
2.199179
2.200796
2.202412
2.204028
2.205643
2.207259
2.208874
2.210488
2.212103
2.213717
2.215331
2.216945
2.218558
2.220171
2.221784
2.223396
2.225009
2.226620
2.228232
2.229844
2.231455
2.233065
2.234676
2.236286
2.237896
2.239506
2.241115
2.242725
2.244333
2.245942
2.247550
2.249158
2.250766
2.252373
2.253981
2.255588
2.257194
2.258800
2.260406
2.262012
2.263618
2.265223
2.266828
2.268432
2.270037
2.271641
2.273245
2.274848
2.276451
2.278054
2.279657
2.281259
2.282861
2.284463
2.286064
2.287666
2.289266
2.290867
2.292467
2.294067
2.295667
2.297267
2.298866
2.300465
2.302063
2.303662
2.305260
2.306857
2.308455
2.310052
2.311649
2.313245
2.314842
2.316438
2.318033
2.319629
2.321224
2.322819
2.324413
2.326007
2.327601
2.329195
2.330788
2.332381
2.333974
2.335567
2.337159
2.338751
2.340342
2.341934
2.343525
2.345115
2.346706
2.348296
2.349886
2.351475
2.353065
2.354654
2.356242
2.357831
2.359419
2.361006
2.362594
2.364181
2.365768
2.367355
2.368941
2.370527
2.372113
2.373698
2.375283
2.376868
2.378452
2.380037
2.381620
2.383204
2.384787
2.386370
2.387953
2.389536
2.391118
2.392699
2.394281
2.395862
2.397443
2.399024
2.400604
2.402184
2.403764
2.405343
2.406922
2.408501
2.410080
2.411658
2.413236
2.414813
2.416391
2.417968
2.419544
2.421121
2.422697
2.424272
2.425848
2.427423
2.428998
2.430572
2.432147
2.433721
2.435294
2.436868
2.438441
2.440013
2.441586
2.443158
2.444730
2.446301
2.447872
2.449443
2.451014
2.452584
2.454154
2.455724
2.457293
2.458862
2.460431
2.461999
2.463567
2.465135
2.466703
2.468270
2.469837
2.471403
2.472970
2.474536
2.476101
2.477667
2.479232
2.480796
2.482361
2.483925
2.485489
2.487052
2.488615
2.490178
2.491741
2.493303
2.494865
2.496426
2.497988
2.499548
2.501109
2.502669
2.504229
2.505789
2.507349
2.508908
2.510466
2.512025
2.513583
2.515141
2.516698
2.518256
2.519812
2.521369
2.522925
2.524481
2.526037
2.527592
2.529147
2.530702
2.532256
2.533810
2.535364
2.536917
2.538470
2.540023
2.541575
2.543128
2.544679
2.546231
2.547782
2.549333
2.550883
2.552434
2.553983
2.555533
2.557082
2.558631
2.560180
2.561728
2.563276
2.564824
2.566371
2.567918
2.569465
2.571011
2.572557
2.574103
2.575648
2.577193
2.578738
2.580282
2.581827
2.583370
2.584914
2.586457
2.588000
2.589542
2.591084
2.592626
2.594168
2.595709
2.597250
2.598790
2.600330
2.601870
2.603410
2.604949
2.606488
2.608027
2.609565
2.611103
2.612640
2.614178
2.615715
2.617251
2.618787
2.620323
2.621859
2.623394
2.624929
2.626464
2.627998
2.629532
2.631066
2.632599
2.634132
2.635665
2.637197
2.638729
2.640261
2.641792
2.643323
2.644854
2.646384
2.647914
2.649444
2.650973
2.652502
2.654031
2.655559
2.657088
2.658615
2.660143
2.661670
2.663196
2.664723
2.666249
2.667774
2.669300
2.670825
2.672350
2.673874
2.675398
2.676922
2.678445
2.679968
2.681491
2.683013
2.684535
2.686057
2.687578
2.689099
2.690620
2.692140
2.693660
2.695180
2.696699
2.698218
2.699737
2.701255
2.702773
2.704291
2.705808
2.707325
2.708841
2.710358
2.711874
2.713389
2.714905
2.716420
2.717934
2.719448
2.720962
2.722476
2.723989
2.725502
2.727014
2.728527
2.730039
2.731550
2.733061
2.734572
2.736083
2.737593
2.739102
2.740612
2.742121
2.743630
2.745138
2.746646
2.748154
2.749662
2.751169
2.752675
2.754182
2.755688
2.757193
2.758699
2.760204
2.761708
2.763213
2.764717
2.766220
2.767724
2.769226
2.770729
2.772231
2.773733
2.775235
2.776736
2.778237
2.779737
2.781237
2.782737
2.784237
2.785736
2.787234
2.788733
2.790231
2.791729
2.793226
2.794723
2.796220
2.797716
2.799212
2.800708
2.802203
2.803698
2.805192
2.806686
2.808180
2.809674
2.811167
2.812660
2.814152
2.815644
2.817136
2.818627
2.820119
2.821609
2.823100
2.824590
2.826079
2.827568
2.829057
2.830546
2.832034
2.833522
2.835010
2.836497
2.837984
2.839470
2.840956
2.842442
2.843927
2.845412
2.846897
2.848381
2.849865
2.851349
2.852832
2.854315
2.855798
2.857280
2.858762
2.860243
2.861724
2.863205
2.864685
2.866165
2.867645
2.869124
2.870603
2.872082
2.873560
2.875038
2.876516
2.877993
2.879470
2.880946
2.882422
2.883898
2.885373
2.886848
2.888323
2.889797
2.891271
2.892745
2.894218
2.895691
2.897163
2.898635
2.900107
2.901578
2.903049
2.904520
2.905990
2.907460
2.908930
2.910399
2.911868
2.913337
2.914805
2.916272
2.917740
2.919207
2.920674
2.922140
2.923606
2.925071
2.926537
2.928001
2.929466
2.930930
2.932394
2.933857
2.935320
2.936783
2.938245
2.939707
2.941169
2.942630
2.944091
2.945551
2.947011
2.948471
2.949930
2.951389
2.952848
2.954306
2.955764
2.957221
2.958679
2.960135
2.961592
2.963048
2.964503
2.965959
2.967414
2.968868
2.970322
2.971776
2.973230
2.974683
2.976135
2.977588
2.979040
2.980491
2.981942
2.983393
2.984844
2.986294
2.987744
2.989193
2.990642
2.992090
2.993539
2.994987
2.996434
2.997881
2.999328
3.000774
3.002220
3.003666
3.005111
3.006556
3.008000
3.009445
3.010888
3.012332
3.013775
3.015217
3.016659
3.018101
3.019543
3.020984
3.022425
3.023865
3.025305
3.026745
3.028184
3.029623
3.031061
3.032499
3.033937
3.035374
3.036811
3.038248
3.039684
3.041120
3.042555
3.043990
3.045425
3.046859
3.048293
3.049727
3.051160
3.052593
3.054025
3.055457
3.056889
3.058320
3.059751
3.061181
3.062611
3.064041
3.065470
3.066899
3.068328
3.069756
3.071184
3.072611
3.074039
3.075465
3.076892
3.078317
3.079743
3.081168
3.082593
3.084017
3.085441
3.086865
3.088288
3.089711
3.091133
3.092555
3.093977
3.095398
3.096819
3.098240
3.099660
3.101080
3.102499
3.103918
3.105337
3.106755
3.108173
3.109590
3.111007
3.112424
3.113840
3.115256
3.116671
3.118086
3.119501
3.120915
3.122329
3.123743
3.125156
3.126569
3.127981
3.129393
3.130805
3.132216
3.133627
3.135037
3.136447
3.137857
3.139266
3.140675
3.142084
3.143492
3.144899
3.146307
3.147714
3.149120
3.150526
3.151932
3.153337
3.154742
3.156147
3.157551
3.158955
3.160358
3.161761
3.163164
3.164566
3.165968
3.167369
3.168770
3.170171
3.171571
3.172971
3.174370
3.175769
3.177168
3.178566
3.179964
3.181362
3.182759
3.184155
3.185552
3.186948
3.188343
3.189738
3.191133
3.192527
3.193921
3.195314
3.196708
3.198100
3.199493
3.200884
3.202276
3.203667
3.205058
3.206448
3.207838
3.209228
3.210617
3.212005
3.213394
3.214782
3.216169
3.217556
3.218943
3.220329
3.221715
3.223101
3.224486
3.225871
3.227255
3.228639
3.230022
3.231405
3.232788
3.234170
3.235552
3.236934
3.238315
3.239696
3.241076
3.242456
3.243835
3.245214
3.246593
3.247971
3.249349
3.250727
3.252104
3.253480
3.254857
3.256233
3.257608
3.258983
3.260358
3.261732
3.263106
3.264479
3.265852
3.267225
3.268597
3.269969
3.271340
3.272711
3.274082
3.275452
3.276822
3.278191
3.279560
3.280929
3.282297
3.283664
3.285032
3.286399
3.287765
3.289131
3.290497
3.291862
3.293227
3.294592
3.295956
3.297319
3.298683
3.300045
3.301408
3.302770
3.304131
3.305493
3.306853
3.308214
3.309574
3.310933
3.312292
3.313651
3.315009
3.316367
3.317725
3.319082
3.320438
3.321795
3.323151
3.324506
3.325861
3.327216
3.328570
3.329924
3.331277
3.332630
3.333982
3.335334
3.336686
3.338037
3.339388
3.340739
3.342089
3.343438
3.344788
3.346136
3.347485
3.348833
3.350180
3.351528
3.352874
3.354221
3.355566
3.356912
3.358257
3.359602
3.360946
3.362290
3.363633
3.364976
3.366319
3.367661
3.369002
3.370344
3.371685
3.373025
3.374365
3.375705
3.377044
3.378383
3.379721
3.381059
3.382397
3.383734
3.385070
3.386407
3.387743
3.389078
3.390413
3.391748
3.393082
3.394416
3.395749
3.397082
3.398414
3.399746
3.401078
3.402409
3.403740
3.405070
3.406400
3.407730
3.409059
3.410388
3.411716
3.413044
3.414371
3.415698
3.417025
3.418351
3.419677
3.421002
3.422327
3.423651
3.424975
3.426299
3.427622
3.428945
3.430267
3.431589
3.432911
3.434232
3.435552
3.436872
3.438192
3.439512
3.440831
3.442149
3.443467
3.444785
3.446102
3.447419
3.448735
3.450051
3.451367
3.452682
3.453996
3.455311
3.456624
3.457938
3.459251
3.460563
3.461875
3.463187
3.464498
3.465809
3.467119
3.468429
3.469739
3.471048
3.472357
3.473665
3.474973
3.476280
3.477587
3.478893
3.480199
3.481505
3.482810
3.484115
3.485419
3.486723
3.488027
3.489330
3.490632
3.491935
3.493236
3.494538
3.495839
3.497139
3.498439
3.499739
3.501038
3.502337
3.503635
3.504933
3.506230
3.507527
3.508824
3.510120
3.511415
3.512711
3.514006
3.515300
3.516594
3.517887
3.519180
3.520473
3.521765
3.523057
3.524348
3.525639
3.526930
3.528220
3.529509
3.530799
3.532087
3.533376
3.534663
3.535951
3.537238
3.538524
3.539810
3.541096
3.542381
3.543666
3.544950
3.546234
3.547518
3.548801
3.550083
3.551365
3.552647
3.553928
3.555209
3.556490
3.557770
3.559049
3.560328
3.561607
3.562885
3.564163
3.565440
3.566717
3.567993
3.569269
3.570545
3.571820
3.573095
3.574369
3.575643
3.576916
3.578189
3.579461
3.580733
3.582005
3.583276
3.584547
3.585817
3.587087
3.588356
3.589625
3.590893
3.592161
3.593429
3.594696
3.595963
3.597229
3.598495
3.599760
3.601025
3.602290
3.603554
3.604817
3.606080
3.607343
3.608605
3.609867
3.611128
3.612389
3.613650
3.614910
3.616169
3.617428
3.618687
3.619945
3.621203
3.622460
3.623717
3.624974
3.626230
3.627485
3.628740
3.629995
3.631249
3.632503
3.633756
3.635009
3.636262
3.637513
3.638765
3.640016
3.641267
3.642517
3.643767
3.645016
3.646265
3.647513
3.648761
3.650008
3.651255
3.652502
3.653748
3.654994
3.656239
3.657484
3.658728
3.659972
3.661215
3.662458
3.663701
3.664943
3.666184
3.667425
3.668666
3.669906
3.671146
3.672385
3.673624
3.674863
3.676101
3.677338
3.678575
3.679812
3.681048
3.682284
3.683519
3.684754
3.685988
3.687222
3.688455
3.689688
3.690921
3.692153
3.693384
3.694615
3.695846
3.697076
3.698306
3.699536
3.700764
3.701993
3.703221
3.704448
3.705675
3.706902
3.708128
3.709354
3.710579
3.711804
3.713028
3.714252
3.715475
3.716698
3.717921
3.719143
3.720364
3.721585
3.722806
3.724026
3.725246
3.726465
3.727684
3.728902
3.730120
3.731337
3.732554
3.733771
3.734987
3.736203
3.737418
3.738632
3.739847
3.741060
3.742274
3.743486
3.744699
3.745911
3.747122
3.748333
3.749543
3.750754
3.751963
3.753172
3.754381
3.755589
3.756797
3.758004
3.759211
3.760417
3.761623
3.762829
3.764034
3.765238
3.766442
3.767646
3.768849
3.770051
3.771254
3.772455
3.773657
3.774857
3.776058
3.777257
3.778457
3.779656
3.780854
3.782052
3.783250
3.784447
3.785643
3.786840
3.788035
3.789230
3.790425
3.791619
3.792813
3.794007
3.795199
3.796392
3.797584
3.798775
3.799966
3.801157
3.802347
3.803536
3.804726
3.805914
3.807102
3.808290
3.809477
3.810664
3.811850
3.813036
3.814222
3.815407
3.816591
3.817775
3.818959
3.820142
3.821324
3.822506
3.823688
3.824869
3.826050
3.827230
3.828410
3.829589
3.830768
3.831946
3.833124
3.834301
3.835478
3.836655
3.837831
3.839006
3.840181
3.841356
3.842530
3.843703
3.844877
3.846049
3.847221
3.848393
3.849564
3.850735
3.851905
3.853075
3.854245
3.855414
3.856582
3.857750
3.858917
3.860084
3.861251
3.862417
3.863582
3.864748
3.865912
3.867076
3.868240
3.869403
3.870566
3.871728
3.872890
3.874051
3.875212
3.876372
3.877532
3.878692
3.879850
3.881009
3.882167
3.883324
3.884481
3.885638
3.886794
3.887949
3.889105
3.890259
3.891413
3.892567
3.893720
3.894873
3.896025
3.897177
3.898328
3.899479
3.900629
3.901779
3.902928
3.904077
3.905226
3.906374
3.907521
3.908668
3.909815
3.910961
3.912106
3.913251
3.914396
3.915540
3.916683
3.917826
3.918969
3.920111
3.921253
3.922394
3.923535
3.924675
3.925815
3.926954
3.928093
3.929231
3.930369
3.931506
3.932643
3.933780
3.934915
3.936051
3.937186
3.938320
3.939454
3.940588
3.941721
3.942853
3.943985
3.945117
3.946248
3.947379
3.948509
3.949638
3.950767
3.951896
3.953024
3.954152
3.955279
3.956406
3.957532
3.958658
3.959783
3.960908
3.962032
3.963156
3.964279
3.965402
3.966524
3.967646
3.968768
3.969888
3.971009
3.972129
3.973248
3.974367
3.975486
3.976604
3.977721
3.978838
3.979954
3.981070
3.982186
3.983301
3.984416
3.985530
3.986643
3.987756
3.988869
3.989981
3.991093
3.992204
3.993314
3.994425
3.995534
3.996643
3.997752
3.998860
3.999968
4.001075
4.002182
4.003288
4.004394
4.005499
4.006604
4.007708
4.008812
4.009915
4.011018
4.012120
4.013222
4.014324
4.015424
4.016525
4.017625
4.018724
4.019823
4.020921
4.022019
4.023117
4.024214
4.025310
4.026406
4.027501
4.028596
4.029691
4.030785
4.031878
4.032971
4.034064
4.035156
4.036247
4.037338
4.038429
4.039519
4.040608
4.041697
4.042786
4.043874
4.044961
4.046048
4.047135
4.048221
4.049306
4.050391
4.051476
4.052560
4.053644
4.054727
4.055809
4.056891
4.057973
4.059054
4.060135
4.061215
4.062294
4.063374
4.064452
4.065530
4.066608
4.067685
4.068762
4.069838
4.070913
4.071989
4.073063
4.074137
4.075211
4.076284
4.077357
4.078429
4.079501
4.080572
4.081642
4.082713
4.083782
4.084851
4.085920
4.086988
4.088056
4.089123
4.090190
4.091256
4.092322
4.093387
4.094451
4.095516
4.096579
4.097642
4.098705
4.099767
4.100829
4.101890
4.102951
4.104011
4.105071
4.106130
4.107188
4.108247
4.109304
4.110361
4.111418
4.112474
4.113530
4.114585
4.115640
4.116694
4.117747
4.118801
4.119853
4.120905
4.121957
4.123008
4.124059
4.125109
4.126158
4.127208
4.128256
4.129304
4.130352
4.131399
4.132446
4.133492
4.134537
4.135582
4.136627
4.137671
4.138715
4.139758
4.140800
4.141842
4.142884
4.143925
4.144965
4.146005
4.147045
4.148084
4.149123
4.150161
4.151198
4.152235
4.153272
4.154308
4.155343
4.156378
4.157413
4.158447
4.159480
4.160513
4.161545
4.162577
4.163609
4.164640
4.165670
4.166700
4.167729
4.168758
4.169787
4.170815
4.171842
4.172869
4.173895
4.174921
4.175946
4.176971
4.177996
4.179019
4.180043
4.181065
4.182088
4.183110
4.184131
4.185152
4.186172
4.187192
4.188211
4.189229
4.190248
4.191265
4.192283
4.193299
4.194315
4.195331
4.196346
4.197361
4.198375
4.199389
4.200402
4.201414
4.202426
4.203438
4.204449
4.205460
4.206470
4.207479
4.208488
4.209497
4.210505
4.211512
4.212519
4.213526
4.214531
4.215537
4.216542
4.217546
4.218550
4.219553
4.220556
4.221559
4.222561
4.223562
4.224563
4.225563
4.226563
4.227562
4.228561
4.229559
4.230557
4.231554
4.232551
4.233547
4.234542
4.235538
4.236532
4.237526
4.238520
4.239513
4.240506
4.241498
4.242489
4.243480
4.244471
4.245461
4.246450
4.247439
4.248428
4.249416
4.250403
4.251390
4.252376
4.253362
4.254348
4.255332
4.256317
4.257300
4.258284
4.259267
4.260249
4.261231
4.262212
4.263192
4.264173
4.265152
4.266131
4.267110
4.268088
4.269066
4.270043
4.271019
4.271995
4.272971
4.273946
4.274920
4.275894
4.276868
4.277841
4.278813
4.279785
4.280756
4.281727
4.282698
4.283667
4.284637
4.285605
4.286574
4.287541
4.288509
4.289475
4.290441
4.291407
4.292372
4.293337
4.294301
4.295264
4.296227
4.297190
4.298152
4.299113
4.300074
4.301035
4.301995
4.302954
4.303913
4.304871
4.305829
4.306786
4.307743
4.308699
4.309655
4.310610
4.311565
4.312519
4.313473
4.314426
4.315379
4.316331
4.317282
4.318233
4.319184
4.320134
4.321083
4.322032
4.322981
4.323928
4.324876
4.325823
4.326769
4.327715
4.328660
4.329605
4.330549
4.331493
4.332436
4.333378
4.334321
4.335262
4.336203
4.337144
4.338084
4.339023
4.339962
4.340901
4.341839
4.342776
4.343713
4.344649
4.345585
4.346520
4.347455
4.348389
4.349323
4.350256
4.351189
4.352121
4.353053
4.353984
4.354914
4.355844
4.356774
4.357703
4.358631
4.359559
4.360486
4.361413
4.362339
4.363265
4.364191
4.365115
4.366039
4.366963
4.367886
4.368809
4.369731
4.370653
4.371574
4.372494
4.373414
4.374334
4.375253
4.376171
4.377089
4.378006
4.378923
4.379839
4.380755
4.381670
4.382585
4.383499
4.384413
4.385326
4.386238
4.387150
4.388062
4.388973
4.389883
4.390793
4.391703
4.392611
4.393520
4.394428
4.395335
4.396242
4.397148
4.398053
4.398959
4.399863
4.400767
4.401671
4.402574
4.403476
4.404378
4.405280
4.406180
4.407081
4.407981
4.408880
4.409779
4.410677
4.411575
4.412472
4.413368
4.414264
4.415160
4.416055
4.416949
4.417843
4.418737
4.419630
4.420522
4.421414
4.422305
4.423196
4.424086
4.424976
4.425865
4.426754
4.427642
4.428529
4.429416
4.430303
4.431189
4.432074
4.432959
4.433843
4.434727
4.435610
4.436493
4.437375
4.438257
4.439138
4.440019
4.440899
4.441778
4.442657
4.443536
4.444414
4.445291
4.446168
4.447044
4.447920
4.448795
4.449670
4.450544
4.451418
4.452291
4.453163
4.454035
4.454907
4.455778
4.456648
4.457518
4.458387
4.459256
4.460124
4.460992
4.461859
4.462726
4.463592
4.464457
4.465322
4.466187
4.467051
4.467914
4.468777
4.469639
4.470501
4.471362
4.472223
4.473083
4.473943
4.474802
4.475661
4.476519
4.477376
4.478233
4.479089
4.479945
4.480801
4.481655
4.482510
4.483363
4.484216
4.485069
4.485921
4.486773
4.487624
4.488474
4.489324
4.490173
4.491022
4.491871
4.492718
4.493566
4.494412
4.495258
4.496104
4.496949
4.497794
4.498638
4.499481
4.500324
4.501166
4.502008
4.502849
4.503690
4.504530
4.505370
4.506209
4.507047
4.507885
4.508723
4.509560
4.510396
4.511232
4.512067
4.512902
4.513736
4.514570
4.515403
4.516236
4.517068
4.517899
4.518730
4.519561
4.520390
4.521220
4.522049
4.522877
4.523704
4.524532
4.525358
4.526184
4.527010
4.527835
4.528659
4.529483
4.530306
4.531129
4.531951
4.532773
4.533594
4.534415
4.535235
4.536055
4.536874
4.537692
4.538510
4.539327
4.540144
4.540960
4.541776
4.542591
4.543406
4.544220
4.545033
4.545846
4.546659
4.547471
4.548282
4.549093
4.549903
4.550713
4.551522
4.552330
4.553139
4.553946
4.554753
4.555559
4.556365
4.557171
4.557975
4.558780
4.559583
4.560386
4.561189
4.561991
4.562793
4.563594
4.564394
4.565194
4.565993
4.566792
4.567590
4.568388
4.569185
4.569981
4.570777
4.571573
4.572368
4.573162
4.573956
4.574749
4.575542
4.576334
4.577126
4.577917
4.578707
4.579497
4.580287
4.581076
4.581864
4.582652
4.583439
4.584226
4.585012
4.585798
4.586583
4.587367
4.588151
4.588934
4.589717
4.590500
4.591281
4.592062
4.592843
4.593623
4.594403
4.595182
4.595960
4.596738
4.597515
4.598292
4.599068
4.599844
4.600619
4.601394
4.602168
4.602941
4.603714
4.604487
4.605258
4.606030
4.606800
4.607571
4.608340
4.609109
4.609878
4.610646
4.611413
4.612180
4.612946
4.613712
4.614477
4.615242
4.616006
4.616770
4.617533
4.618295
4.619057
4.619818
4.620579
4.621339
4.622099
4.622858
4.623617
4.624375
4.625132
4.625889
4.626645
4.627401
4.628156
4.628911
4.629665
4.630419
4.631172
4.631924
4.632676
4.633428
4.634178
4.634929
4.635678
4.636427
4.637176
4.637924
4.638672
4.639419
4.640165
4.640911
4.641656
4.642401
4.643145
4.643888
4.644632
4.645374
4.646116
4.646857
4.647598
4.648338
4.649078
4.649817
4.650556
4.651294
4.652031
4.652768
4.653505
4.654241
4.654976
4.655711
4.656445
4.657178
4.657911
4.658644
4.659376
4.660107
4.660838
4.661568
4.662298
4.663027
4.663756
4.664484
4.665211
4.665938
4.666665
4.667390
4.668116
4.668840
4.669564
4.670288
4.671011
4.671734
4.672455
4.673177
4.673898
4.674618
4.675337
4.676057
4.676775
4.677493
4.678211
4.678928
4.679644
4.680360
4.681075
4.681789
4.682504
4.683217
4.683930
4.684642
4.685354
4.686066
4.686776
4.687487
4.688196
4.688905
4.689614
4.690322
4.691029
4.691736
4.692442
4.693148
4.693853
4.694558
4.695262
4.695965
4.696668
4.697370
4.698072
4.698773
4.699474
4.700174
4.700874
4.701573
4.702271
4.702969
4.703666
4.704363
4.705059
4.705755
4.706450
4.707144
4.707838
4.708532
4.709225
4.709917
4.710609
4.711300
4.711990
4.712680
4.713370
4.714059
4.714747
4.715435
4.716122
4.716809
4.717495
4.718180
4.718865
4.719550
4.720234
4.720917
4.721600
4.722282
4.722963
4.723644
4.724325
4.725005
4.725684
4.726363
4.727041
4.727719
4.728396
4.729072
4.729748
4.730424
4.731099
4.731773
4.732447
4.733120
4.733792
4.734464
4.735136
4.735807
4.736477
4.737147
4.737816
4.738485
4.739153
4.739820
4.740487
4.741154
4.741819
4.742485
4.743149
4.743814
4.744477
4.745140
4.745803
4.746465
4.747126
4.747787
4.748447
4.749106
4.749766
4.750424
4.751082
4.751739
4.752396
4.753052
4.753708
4.754363
4.755018
4.755672
4.756325
4.756978
4.757630
4.758282
4.758933
4.759584
4.760234
4.760883
4.761532
4.762180
4.762828
4.763475
4.764122
4.764768
4.765414
4.766059
4.766703
4.767347
4.767990
4.768633
4.769275
4.769916
4.770557
4.771198
4.771838
4.772477
4.773116
4.773754
4.774391
4.775028
4.775665
4.776301
4.776936
4.777571
4.778205
4.778838
4.779472
4.780104
4.780736
4.781367
4.781998
4.782628
4.783258
4.783887
4.784515
4.785143
4.785771
4.786398
4.787024
4.787650
4.788275
4.788899
4.789523
4.790147
4.790769
4.791392
4.792013
4.792634
4.793255
4.793875
4.794494
4.795113
4.795732
4.796349
4.796967
4.797583
4.798199
4.798815
4.799429
4.800044
4.800657
4.801271
4.801883
4.802495
4.803107
4.803718
4.804328
4.804938
4.805547
4.806156
4.806764
4.807371
4.807978
4.808584
4.809190
4.809795
4.810400
4.811004
4.811608
4.812211
4.812813
4.813415
4.814016
4.814617
4.815217
4.815816
4.816415
4.817013
4.817611
4.818209
4.818805
4.819401
4.819997
4.820592
4.821186
4.821780
4.822373
4.822966
4.823558
4.824150
4.824740
4.825331
4.825921
4.826510
4.827099
4.827687
4.828274
4.828861
4.829448
4.830033
4.830619
4.831203
4.831788
4.832371
4.832954
4.833536
4.834118
4.834700
4.835280
4.835860
4.836440
4.837019
4.837597
4.838175
4.838752
4.839329
4.839905
4.840481
4.841056
4.841630
4.842204
4.842777
4.843350
4.843922
4.844493
4.845064
4.845635
4.846205
4.846774
4.847343
4.847911
4.848478
4.849045
4.849612
4.850177
4.850743
4.851307
4.851871
4.852435
4.852998
4.853560
4.854122
4.854683
4.855244
4.855804
4.856364
4.856922
4.857481
4.858039
4.858596
4.859153
4.859709
4.860264
4.860819
4.861373
4.861927
4.862480
4.863033
4.863585
4.864137
4.864688
4.865238
4.865788
4.866337
4.866885
4.867433
4.867981
4.868528
4.869074
4.869620
4.870165
4.870710
4.871254
4.871797
4.872340
4.872882
4.873424
4.873965
4.874506
4.875046
4.875585
4.876124
4.876662
4.877200
4.877737
4.878274
4.878810
4.879345
4.879880
4.880414
4.880948
4.881481
4.882014
4.882546
4.883077
4.883608
4.884138
4.884668
4.885197
4.885725
4.886253
4.886781
4.887308
4.887834
4.888359
4.888885
4.889409
4.889933
4.890456
4.890979
4.891501
4.892023
4.892544
4.893064
4.893584
4.894104
4.894622
4.895140
4.895658
4.896175
4.896691
4.897207
4.897723
4.898237
4.898751
4.899265
4.899778
4.900290
4.900802
4.901313
4.901824
4.902334
4.902844
4.903353
4.903861
4.904369
4.904876
4.905383
4.905889
4.906394
4.906899
4.907403
4.907907
4.908410
4.908913
4.909415
4.909916
4.910417
4.910918
4.911417
4.911916
4.912415
4.912913
4.913410
4.913907
4.914404
4.914899
4.915394
4.915889
4.916383
4.916876
4.917369
4.917861
4.918353
4.918844
4.919334
4.919824
4.920314
4.920802
4.921290
4.921778
4.922265
4.922752
4.923237
4.923723
4.924207
4.924691
4.925175
4.925658
4.926140
4.926622
4.927103
4.927584
4.928064
4.928544
4.929023
4.929501
4.929979
4.930456
4.930933
4.931409
4.931884
4.932359
4.932833
4.933307
4.933780
4.934253
4.934725
4.935196
4.935667
4.936137
4.936607
4.937076
4.937544
4.938012
4.938480
4.938947
4.939413
4.939878
4.940343
4.940808
4.941272
4.941735
4.942198
4.942660
4.943121
4.943582
4.944043
4.944503
4.944962
4.945421
4.945879
4.946336
4.946793
4.947250
4.947705
4.948161
4.948615
4.949069
4.949523
4.949976
4.950428
4.950880
4.951331
4.951781
4.952231
4.952681
4.953129
4.953578
4.954025
4.954472
4.954919
4.955365
4.955810
4.956255
4.956699
4.957143
4.957586
4.958028
4.958470
4.958911
4.959352
4.959792
4.960232
4.960671
4.961109
4.961547
4.961984
4.962421
4.962857
4.963292
4.963727
4.964162
4.964595
4.965029
4.965461
4.965893
4.966325
4.966755
4.967186
4.967615
4.968044
4.968473
4.968901
4.969328
4.969755
4.970181
4.970607
4.971032
4.971456
4.971880
4.972304
4.972726
4.973148
4.973570
4.973991
4.974411
4.974831
4.975250
4.975669
4.976087
4.976505
4.976921
4.977338
4.977754
4.978169
4.978583
4.978997
4.979411
4.979824
4.980236
4.980647
4.981059
4.981469
4.981879
4.982288
4.982697
4.983105
4.983513
4.983920
4.984326
4.984732
4.985137
4.985542
4.985946
4.986350
4.986753
4.987155
4.987557
4.987958
4.988359
4.988759
4.989158
4.989557
4.989955
4.990353
4.990750
4.991147
4.991543
4.991938
4.992333
4.992727
4.993121
4.993514
4.993907
4.994298
4.994690
4.995080
4.995471
4.995860
4.996249
4.996638
4.997025
4.997413
4.997799
4.998185
4.998571
4.998956
4.999340
4.999724
5.000107
5.000490
5.000872
5.001253
5.001634
5.002014
5.002394
5.002773
5.003151
5.003529
5.003907
5.004283
5.004660
5.005035
5.005410
5.005785
5.006159
5.006532
5.006905
5.007277
5.007648
5.008019
5.008389
5.008759
5.009128
5.009497
5.009865
5.010232
5.010599
5.010966
5.011331
5.011696
5.012061
5.012425
5.012788
5.013151
5.013513
5.013875
5.014236
5.014596
5.014956
5.015315
5.015674
5.016032
5.016390
5.016747
5.017103
5.017459
5.017814
5.018169
5.018523
5.018876
5.019229
5.019581
5.019933
5.020284
5.020635
5.020985
5.021334
5.021683
5.022031
5.022379
5.022726
5.023072
5.023418
5.023763
5.024108
5.024452
5.024796
5.025139
5.025481
5.025823
5.026164
5.026505
5.026845
5.027184
5.027523
5.027861
5.028199
5.028536
5.028873
5.029209
5.029544
5.029879
5.030213
5.030546
5.030880
5.031212
5.031544
5.031875
5.032206
5.032536
5.032865
5.033194
5.033523
5.033851
5.034178
5.034504
5.034830
5.035156
5.035481
5.035805
5.036129
5.036452
5.036774
5.037096
5.037418
5.037738
5.038059
5.038378
5.038697
5.039016
5.039333
5.039651
5.039967
5.040284
5.040599
5.040914
5.041228
5.041542
5.041855
5.042168
5.042480
5.042791
5.043102
5.043412
5.043722
5.044031
5.044340
5.044648
5.044955
5.045262
5.045568
5.045873
5.046179
5.046483
5.046787
5.047090
5.047393
5.047695
5.047996
5.048297
5.048598
5.048897
5.049196
5.049495
5.049793
5.050090
5.050387
5.050683
5.050979
5.051274
5.051569
5.051863
5.052156
5.052449
5.052741
5.053032
5.053323
5.053614
5.053904
5.054193
5.054481
5.054770
5.055057
5.055344
5.055630
5.055916
5.056201
5.056486
5.056770
5.057053
5.057336
5.057618
5.057900
5.058181
5.058461
5.058741
5.059020
5.059299
5.059577
5.059855
5.060132
5.060408
5.060684
5.060959
5.061234
5.061508
5.061781
5.062054
5.062326
5.062598
5.062869
5.063140
5.063410
5.063679
5.063948
5.064216
5.064484
5.064751
5.065017
5.065283
5.065548
5.065813
5.066077
5.066340
5.066603
5.066866
5.067127
5.067389
5.067649
5.067909
5.068169
5.068427
5.068686
5.068943
5.069200
5.069457
5.069713
5.069968
5.070223
5.070477
5.070731
5.070984
5.071236
5.071488
5.071739
5.071990
5.072240
5.072489
5.072738
5.072987
5.073234
5.073481
5.073728
5.073974
5.074219
5.074464
5.074708
5.074952
5.075195
5.075437
5.075679
5.075921
5.076161
5.076402
5.076641
5.076880
5.077118
5.077356
5.077593
5.077830
5.078066
5.078301
5.078536
5.078771
5.079004
5.079237
5.079470
5.079702
5.079933
5.080164
5.080394
5.080624
5.080853
5.081081
5.081309
5.081536
5.081763
5.081989
5.082215
5.082440
5.082664
5.082888
5.083111
5.083333
5.083555
5.083777
5.083998
5.084218
5.084438
5.084657
5.084875
5.085093
5.085310
5.085527
5.085743
5.085959
5.086174
5.086388
5.086602
5.086815
5.087028
5.087240
5.087451
5.087662
5.087873
5.088082
5.088292
5.088500
5.088708
5.088915
5.089122
5.089328
5.089534
5.089739
5.089944
5.090147
5.090351
5.090553
5.090756
5.090957
5.091158
5.091358
5.091558
5.091757
5.091956
5.092154
5.092352
5.092548
5.092745
5.092940
5.093135
5.093330
5.093524
5.093717
5.093910
5.094102
5.094294
5.094485
5.094675
5.094865
5.095054
5.095243
5.095431
5.095619
5.095806
5.095992
5.096178
5.096363
5.096547
5.096731
5.096915
5.097098
5.097280
5.097462
5.097643
5.097823
5.098003
5.098182
5.098361
5.098539
5.098717
5.098894
5.099070
5.099246
5.099421
5.099596
5.099770
5.099944
5.100116
5.100289
5.100460
5.100632
5.100802
5.100972
5.101142
5.101310
5.101479
5.101646
5.101813
5.101980
5.102146
5.102311
5.102476
5.102640
5.102803
5.102966
5.103129
5.103290
5.103452
5.103612
5.103772
5.103932
5.104091
5.104249
5.104407
5.104564
5.104720
5.104876
5.105032
5.105186
5.105341
5.105494
5.105647
5.105800
5.105952
5.106103
5.106254
5.106404
5.106553
5.106702
5.106851
5.106998
5.107146
5.107292
5.107438
5.107584
5.107728
5.107873
5.108016
5.108160
5.108302
5.108444
5.108585
5.108726
5.108866
5.109006
5.109145
5.109283
5.109421
5.109559
5.109695
5.109831
5.109967
5.110102
5.110236
5.110370
5.110503
5.110636
5.110768
5.110899
5.111030
5.111160
5.111290
5.111419
5.111547
5.111675
5.111803
5.111930
5.112056
5.112181
5.112306
5.112431
5.112555
5.112678
5.112801
5.112923
5.113044
5.113165
5.113285
5.113405
5.113524
5.113643
5.113761
5.113878
5.113995
5.114111
5.114227
5.114342
5.114457
5.114571
5.114684
5.114797
5.114909
5.115021
5.115132
5.115242
5.115352
5.115461
5.115570
5.115678
5.115785
5.115892
5.115999
5.116104
5.116210
5.116314
5.116418
5.116522
5.116625
5.116727
5.116828
5.116930
5.117030
5.117130
5.117229
5.117328
5.117426
5.117524
5.117621
5.117717
5.117813
5.117908
5.118003
5.118097
5.118191
5.118284
5.118376
5.118468
5.118559
5.118650
5.118740
5.118829
5.118918
5.119006
5.119094
5.119181
5.119268
5.119354
5.119439
5.119524
5.119608
5.119692
5.119775
5.119857
5.119939
5.120020
5.120101
5.120181
5.120261
5.120340
5.120418
5.120496
5.120573
5.120650
5.120726
5.120801
5.120876
5.120950
5.121024
5.121097
5.121170
5.121242
5.121313
5.121384
5.121454
5.121524
5.121593
5.121661
5.121729
5.121796
5.121863
5.121929
5.121995
5.122060
5.122124
5.122188
5.122251
5.122314
5.122376
5.122438
5.122499
5.122559
5.122619
5.122678
5.122736
5.122794
5.122852
5.122909
5.122965
5.123021
5.123076
5.123130
5.123184
5.123238
5.123290
5.123343
5.123394
5.123445
5.123496
5.123546
5.123595
5.123643
5.123692
5.123739
5.123786
5.123833
5.123878
5.123924
5.123968
5.124012
5.124056
5.124099
5.124141
5.124183
5.124224
5.124264
5.124304
5.124344
5.124383
5.124421
5.124459
5.124496
5.124532
5.124568
5.124603
5.124638
5.124672
5.124706
5.124739
5.124771
5.124803
5.124835
5.124865
5.124895
5.124925
5.124954
5.124982
5.125010
5.125037
5.125064
5.125090
5.125115
5.125140
5.125165
5.125188
5.125211
5.125234
5.125256
5.125277
5.125298
5.125319
5.125338
5.125357
5.125376
5.125394
5.125411
5.125428
5.125444
5.125460
5.125475
5.125489
5.125503
5.125516
5.125529
5.125541
5.125553
5.125564
5.125574
5.125584
5.125593
5.125602
5.125610
5.125617
5.125624
5.125631
5.125636
5.125642
5.125646
5.125650
5.125654
5.125657
5.125659
5.125661
5.125662
5.125662
5.125662
5.125662
5.125660
5.125659
5.125656
5.125653
5.125650
5.125646
5.125641
5.125636
5.125630
5.125624
5.125617
5.125609
5.125601
5.125592
5.125583
5.125573
5.125563
5.125551
5.125540
5.125528
5.125515
5.125502
5.125488
5.125473
5.125458
5.125442
5.125426
5.125409
5.125392
5.125374
5.125355
5.125336
5.125317
5.125296
5.125275
5.125254
5.125232
5.125209
5.125186
5.125162
5.125138
5.125113
5.125088
5.125062
5.125035
5.125008
5.124980
5.124952
5.124923
5.124893
5.124863
5.124832
5.124801
5.124769
5.124737
5.124704
5.124670
5.124636
5.124601
5.124566
5.124530
5.124494
5.124457
5.124419
5.124381
5.124342
5.124303
5.124263
5.124222
5.124181
5.124139
5.124097
5.124054
5.124011
5.123967
5.123922
5.123877
5.123832
5.123785
5.123739
5.123691
5.123643
5.123595
5.123545
5.123496
5.123445
5.123394
5.123343
5.123291
5.123238
5.123185
5.123131
5.123077
5.123022
5.122967
5.122910
5.122854
5.122797
5.122739
5.122680
5.122621
5.122562
5.122502
5.122441
5.122380
5.122318
5.122256
5.122193
5.122129
5.122065
5.122000
5.121935
5.121869
5.121803
5.121736
5.121668
5.121600
5.121531
5.121462
5.121392
5.121321
5.121250
5.121179
5.121107
5.121034
5.120960
5.120887
5.120812
5.120737
5.120661
5.120585
5.120508
5.120431
5.120353
5.120274
5.120195
5.120116
5.120035
5.119955
5.119873
5.119791
5.119709
5.119626
5.119542
5.119458
5.119373
5.119287
5.119201
5.119115
5.119028
5.118940
5.118852
5.118763
5.118673
5.118583
5.118493
5.118402
5.118310
5.118218
5.118125
5.118031
5.117937
5.117843
5.117747
5.117652
5.117555
5.117458
5.117361
5.117263
5.117164
5.117065
5.116965
5.116865
5.116764
5.116663
5.116561
5.116458
5.116355
5.116251
5.116147
5.116042
5.115936
5.115830
5.115724
5.115616
5.115509
5.115400
5.115291
5.115182
5.115072
5.114961
5.114850
5.114738
5.114626
5.114513
5.114399
5.114285
5.114170
5.114055
5.113939
5.113823
5.113706
5.113588
5.113470
5.113352
5.113232
5.113113
5.112992
5.112871
5.112750
5.112628
5.112505
5.112382
5.112258
5.112134
5.112009
5.111883
5.111757
5.111630
5.111503
5.111375
5.111247
5.111118
5.110988
5.110858
5.110728
5.110596
5.110465
5.110332
5.110199
5.110066
5.109932
5.109797
5.109662
5.109526
5.109389
5.109252
5.109115
5.108977
5.108838
5.108699
5.108559
5.108419
5.108278
5.108136
5.107994
5.107852
5.107708
5.107565
5.107420
5.107275
5.107130
5.106984
5.106837
5.106690
5.106542
5.106394
5.106245
5.106095
5.105945
5.105794
5.105643
5.105491
5.105339
5.105186
5.105033
5.104879
5.104724
5.104569
5.104413
5.104257
5.104100
5.103942
5.103784
5.103626
5.103466
5.103307
5.103146
5.102985
5.102824
5.102662
5.102499
5.102336
5.102173
5.102008
5.101843
5.101678
5.101512
5.101345
5.101178
5.101010
5.100842
5.100673
5.100504
5.100334
5.100163
5.099992
5.099821
5.099648
5.099475
5.099302
5.099128
5.098954
5.098778
5.098603
5.098427
5.098250
5.098072
5.097894
5.097716
5.097537
5.097357
5.097177
5.096996
5.096815
5.096633
5.096450
5.096267
5.096084
5.095900
5.095715
5.095530
5.095344
5.095157
5.094970
5.094783
5.094595
5.094406
5.094217
5.094027
5.093836
5.093645
5.093454
5.093262
5.093069
5.092876
5.092682
5.092487
5.092293
5.092097
5.091901
5.091704
5.091507
5.091309
5.091111
5.090912
5.090713
5.090513
5.090312
5.090111
5.089909
5.089707
5.089504
5.089300
5.089096
5.088892
5.088687
5.088481
5.088275
5.088068
5.087861
5.087653
5.087444
5.087235
5.087025
5.086815
5.086604
5.086393
5.086181
5.085969
5.085756
5.085542
5.085328
5.085113
5.084898
5.084682
5.084466
5.084249
5.084031
5.083813
5.083594
5.083375
5.083155
5.082935
5.082714
5.082492
5.082270
5.082048
5.081825
5.081601
5.081376
5.081152
5.080926
5.080700
5.080474
5.080246
5.080019
5.079790
5.079562
5.079332
5.079102
5.078872
5.078641
5.078409
5.078177
5.077944
5.077711
5.077477
5.077242
5.077007
5.076772
5.076536
5.076299
5.076062
5.075824
5.075586
5.075347
5.075107
5.074867
5.074626
5.074385
5.074143
5.073901
5.073658
5.073415
5.073171
5.072926
5.072681
5.072435
5.072189
5.071942
5.071695
5.071447
5.071199
5.070949
5.070700
5.070450
5.070199
5.069948
5.069696
5.069443
5.069190
5.068937
5.068683
5.068428
5.068173
5.067917
5.067661
5.067404
5.067146
5.066888
5.066630
5.066370
5.066111
5.065850
5.065590
5.065328
5.065066
5.064804
5.064541
5.064277
5.064013
5.063748
5.063483
5.063217
5.062951
5.062684
5.062416
5.062148
5.061879
5.061610
5.061340
5.061070
5.060799
5.060528
5.060255
5.059983
5.059710
5.059436
5.059162
5.058887
5.058612
5.058336
5.058059
5.057782
5.057505
5.057226
5.056948
5.056668
5.056389
5.056108
5.055827
5.055546
5.055264
5.054981
5.054698
5.054414
5.054130
5.053845
5.053559
5.053273
5.052987
5.052700
5.052412
5.052124
5.051835
5.051546
5.051256
5.050966
5.050675
5.050383
5.050091
5.049798
5.049505
5.049211
5.048917
5.048622
5.048327
5.048031
5.047734
5.047437
5.047139
5.046841
5.046542
5.046243
5.045943
5.045643
5.045342
5.045040
5.044738
5.044435
5.044132
5.043828
5.043524
5.043219
5.042914
5.042608
5.042301
5.041994
5.041686
5.041378
5.041069
5.040760
5.040450
5.040140
5.039829
5.039517
5.039205
5.038892
5.038579
5.038265
5.037951
5.037636
5.037321
5.037005
5.036688
5.036371
5.036053
5.035735
5.035416
5.035097
5.034777
5.034457
5.034136
5.033814
5.033492
5.033170
5.032846
5.032523
5.032198
5.031873
5.031548
5.031222
5.030896
5.030569
5.030241
5.029913
5.029584
5.029255
5.028925
5.028595
5.028264
5.027932
5.027600
5.027268
5.026934
5.026601
5.026266
5.025932
5.025596
5.025260
5.024924
5.024587
5.024249
5.023911
5.023573
5.023233
5.022894
5.022553
5.022213
5.021871
5.021529
5.021187
5.020844
5.020500
5.020156
5.019811
5.019466
5.019120
5.018774
5.018427
5.018079
5.017731
5.017383
5.017033
5.016684
5.016333
5.015983
5.015631
5.015280
5.014927
5.014574
5.014221
5.013866
5.013512
5.013157
5.012801
5.012445
5.012088
5.011730
5.011373
5.011014
5.010655
5.010295
5.009935
5.009575
5.009213
5.008852
5.008489
5.008127
5.007763
5.007399
5.007035
5.006670
5.006304
5.005938
5.005571
5.005204
5.004836
5.004468
5.004099
5.003729
5.003359
5.002989
5.002618
5.002246
5.001874
5.001501
5.001128
5.000754
5.000380
5.000005
4.999629
4.999253
4.998877
4.998500
4.998122
4.997744
4.997365
4.996986
4.996606
4.996225
4.995844
4.995463
4.995081
4.994698
4.994315
4.993932
4.993547
4.993163
4.992777
4.992391
4.992005
4.991618
4.991231
4.990842
4.990454
4.990065
4.989675
4.989285
4.988894
4.988503
4.988111
4.987719
4.987326
4.986932
4.986538
4.986143
4.985748
4.985353
4.984956
4.984560
4.984162
4.983765
4.983366
4.982967
4.982568
4.982168
4.981767
4.981366
4.980964
4.980562
4.980159
4.979756
4.979352
4.978948
4.978543
4.978138
4.977732
4.977325
4.976918
4.976510
4.976102
4.975693
4.975284
4.974874
4.974464
4.974053
4.973642
4.973230
4.972817
4.972404
4.971990
4.971576
4.971162
4.970746
4.970331
4.969914
4.969497
4.969080
4.968662
4.968244
4.967824
4.967405
4.966985
4.966564
4.966143
4.965721
4.965299
4.964876
4.964453
4.964029
4.963604
4.963179
4.962754
4.962328
4.961901
4.961474
4.961046
4.960618
4.960189
4.959760
4.959330
4.958900
4.958469
4.958037
4.957605
4.957173
4.956740
4.956306
4.955872
4.955437
4.955002
4.954566
4.954130
4.953693
4.953256
4.952818
4.952379
4.951940
4.951501
4.951061
4.950620
4.950179
4.949737
4.949295
4.948852
4.948409
4.947965
4.947520
4.947076
4.946630
4.946184
4.945737
4.945290
4.944843
4.944395
4.943946
4.943497
4.943047
4.942597
4.942146
4.941694
4.941242
4.940790
4.940337
4.939883
4.939429
4.938975
4.938519
4.938064
4.937608
4.937151
4.936693
4.936236
4.935777
4.935318
4.934859
4.934399
4.933938
4.933477
4.933016
4.932554
4.932091
4.931628
4.931164
4.930700
4.930235
4.929770
4.929304
4.928837
4.928370
4.927903
4.927435
4.926966
4.926497
4.926028
4.925558
4.925087
4.924616
4.924144
4.923672
4.923199
4.922725
4.922251
4.921777
4.921302
4.920827
4.920351
4.919874
4.919397
4.918919
4.918441
4.917962
4.917483
4.917003
4.916523
4.916042
4.915561
4.915079
4.914597
4.914114
4.913630
4.913146
4.912662
4.912176
4.911691
4.911205
4.910718
4.910231
4.909743
4.909255
4.908766
4.908277
4.907787
4.907296
4.906805
4.906314
4.905822
4.905329
4.904836
4.904343
4.903849
4.903354
4.902859
4.902363
4.901867
4.901370
4.900873
4.900375
4.899876
4.899377
4.898878
4.898378
4.897878
4.897377
4.896875
4.896373
4.895870
4.895367
4.894863
4.894359
4.893855
4.893349
4.892843
4.892337
4.891830
4.891323
4.890815
4.890307
4.889798
4.889288
4.888778
4.888268
4.887756
4.887245
4.886733
4.886220
4.885707
4.885193
4.884679
4.884164
4.883649
4.883133
4.882617
4.882100
4.881582
4.881064
4.880546
4.880027
4.879507
4.878987
4.878467
4.877946
4.877424
4.876902
4.876379
4.875856
4.875332
4.874808
4.874283
4.873758
4.873232
4.872705
4.872179
4.871651
4.871123
4.870595
4.870066
4.869536
4.869006
4.868475
4.867944
4.867413
4.866881
4.866348
4.865815
4.865281
4.864747
4.864212
4.863677
4.863141
4.862604
4.862068
4.861530
4.860992
4.860454
4.859915
4.859375
4.858835
4.858295
4.857754
4.857212
4.856670
4.856127
4.855584
4.855040
4.854496
4.853951
4.853406
4.852860
4.852314
4.851767
4.851220
4.850672
4.850124
4.849575
4.849025
4.848475
4.847925
4.847374
4.846822
4.846270
4.845717
4.845164
4.844611
4.844057
4.843502
4.842947
4.842391
4.841835
4.841278
4.840721
4.840163
4.839605
4.839046
4.838486
4.837927
4.837366
4.836805
4.836244
4.835682
4.835119
4.834556
4.833993
4.833429
4.832864
4.832299
4.831734
4.831167
4.830601
4.830034
4.829466
4.828898
4.828329
4.827760
4.827190
4.826620
4.826049
4.825478
4.824906
4.824333
4.823761
4.823187
4.822613
4.822039
4.821464
4.820888
4.820312
4.819736
4.819159
4.818581
4.818003
4.817425
4.816846
4.816266
4.815686
4.815105
4.814524
4.813942
4.813360
4.812777
4.812194
4.811610
4.811026
4.810441
4.809856
4.809270
4.808684
4.808097
4.807510
4.806922
4.806334
4.805745
4.805155
4.804565
4.803975
4.803384
4.802792
4.802200
4.801608
4.801015
4.800421
4.799827
4.799233
4.798637
4.798042
4.797446
4.796849
4.796252
4.795654
4.795056
4.794457
4.793858
4.793258
4.792658
4.792057
4.791456
4.790854
4.790252
4.789649
4.789046
4.788442
4.787838
4.787233
4.786628
4.786022
4.785415
4.784808
4.784201
4.783593
4.782985
4.782376
4.781766
4.781156
4.780546
4.779935
4.779323
4.778711
4.778098
4.777485
4.776872
4.776258
4.775643
4.775028
4.774412
4.773796
4.773180
4.772562
4.771945
4.771327
4.770708
4.770089
4.769469
4.768849
4.768228
4.767607
4.766985
4.766363
4.765740
4.765117
4.764493
4.763869
4.763244
4.762619
4.761993
4.761366
4.760740
4.760112
4.759484
4.758856
4.758227
4.757598
4.756968
4.756337
4.755706
4.755075
4.754443
4.753811
4.753178
4.752544
4.751910
4.751276
4.750641
4.750005
4.749369
4.748733
4.748096
4.747458
4.746820
4.746182
4.745543
4.744903
4.744263
4.743622
4.742981
4.742340
4.741698
4.741055
4.740412
4.739768
4.739124
4.738480
4.737835
4.737189
4.736543
4.735896
4.735249
4.734601
4.733953
4.733304
4.732655
4.732006
4.731355
4.730705
4.730054
4.729402
4.728750
4.728097
4.727444
4.726790
4.726136
4.725481
4.724826
4.724170
4.723514
4.722857
4.722200
4.721542
4.720884
4.720225
4.719566
4.718906
4.718246
4.717585
4.716924
4.716262
4.715600
4.714937
4.714274
4.713610
4.712946
4.712281
4.711616
4.710950
4.710284
4.709617
4.708949
4.708282
4.707613
4.706945
4.706275
4.705605
4.704935
4.704264
4.703593
4.702921
4.702249
4.701576
4.700903
4.700229
4.699555
4.698880
4.698204
4.697529
4.696852
4.696176
4.695498
4.694820
4.694142
4.693463
4.692784
4.692104
4.691424
4.690743
4.690062
4.689380
4.688698
4.688015
4.687331
4.686648
4.685963
4.685279
4.684593
4.683907
4.683221
4.682534
4.681847
4.681159
4.680471
4.679782
4.679093
4.678403
4.677713
4.677022
4.676331
4.675639
4.674947
4.674254
4.673561
4.672867
4.672173
4.671478
4.670783
4.670087
4.669391
4.668694
4.667997
4.667299
4.666601
4.665902
4.665203
4.664503
4.663803
4.663102
4.662401
4.661699
4.660997
4.660294
4.659591
4.658887
4.658183
4.657479
4.656773
4.656068
4.655362
4.654655
4.653948
4.653240
4.652532
4.651823
4.651114
4.650405
4.649695
4.648984
4.648273
4.647561
4.646849
4.646137
4.645424
4.644710
4.643996
4.643281
4.642566
4.641851
4.641135
4.640418
4.639701
4.638984
4.638266
4.637547
4.636828
4.636109
4.635389
4.634669
4.633948
4.633226
4.632504
4.631782
4.631059
4.630336
4.629612
4.628887
4.628162
4.627437
4.626711
4.625985
4.625258
4.624531
4.623803
4.623075
4.622346
4.621617
4.620887
4.620157
4.619426
4.618695
4.617963
4.617231
4.616498
4.615765
4.615031
4.614297
4.613562
4.612827
4.612091
4.611355
4.610619
4.609882
4.609144
4.608406
4.607667
4.606928
4.606189
4.605449
4.604708
4.603967
4.603226
4.602484
4.601741
4.600998
4.600255
4.599511
4.598767
4.598022
4.597276
4.596530
4.595784
4.595037
4.594290
4.593542
4.592794
4.592045
4.591296
4.590546
4.589796
4.589045
4.588294
4.587542
4.586790
4.586037
4.585284
4.584530
4.583776
4.583022
4.582267
4.581511
4.580755
4.579999
4.579241
4.578484
4.577726
4.576967
4.576209
4.575449
4.574689
4.573929
4.573168
4.572406
4.571645
4.570882
4.570119
4.569356
4.568592
4.567828
4.567063
4.566298
4.565532
4.564766
4.563999
4.563232
4.562465
4.561697
4.560928
4.560159
4.559389
4.558619
4.557849
4.557078
4.556306
4.555534
4.554762
4.553989
4.553215
4.552442
4.551667
4.550892
4.550117
4.549341
4.548565
4.547788
4.547011
4.546233
4.545455
4.544676
4.543897
4.543117
4.542337
4.541557
4.540775
4.539994
4.539212
4.538429
4.537646
4.536863
4.536079
4.535294
4.534509
4.533724
4.532938
4.532152
4.531365
4.530578
4.529790
4.529002
4.528213
4.527424
4.526634
4.525844
4.525053
4.524262
4.523471
4.522678
4.521886
4.521093
4.520299
4.519505
4.518711
4.517916
4.517121
4.516325
4.515528
4.514732
4.513934
4.513136
4.512338
4.511539
4.510740
4.509941
4.509140
4.508340
4.507539
4.506737
4.505935
4.505133
4.504330
4.503526
4.502722
4.501918
4.501113
4.500307
4.499502
4.498695
4.497888
4.497081
4.496273
4.495465
4.494657
4.493847
4.493038
4.492228
4.491417
4.490606
4.489795
4.488983
4.488170
4.487357
4.486544
4.485730
4.484916
4.484101
4.483286
4.482470
4.481654
4.480837
4.480020
4.479202
4.478384
4.477565
4.476746
4.475927
4.475107
4.474286
4.473465
4.472644
4.471822
4.471000
4.470177
4.469354
4.468530
4.467706
4.466881
4.466056
4.465230
4.464404
4.463578
4.462751
4.461923
4.461095
4.460267
4.459438
4.458608
4.457779
4.456948
4.456118
4.455286
4.454455
4.453622
4.452790
4.451957
4.451123
4.450289
4.449455
4.448620
4.447784
4.446948
4.446112
4.445275
4.444438
4.443600
4.442762
4.441923
4.441084
4.440244
4.439404
4.438563
4.437722
4.436881
4.436039
4.435197
4.434354
4.433510
4.432667
4.431822
4.430977
4.430132
4.429287
4.428440
4.427594
4.426747
4.425899
4.425051
4.424203
4.423354
4.422504
4.421655
4.420804
4.419954
4.419102
4.418251
4.417398
4.416546
4.415693
4.414839
4.413985
4.413131
4.412276
4.411420
4.410565
4.409708
4.408851
4.407994
4.407136
4.406278
4.405420
4.404561
4.403701
4.402841
4.401981
4.401120
4.400258
4.399396
4.398534
4.397671
4.396808
4.395944
4.395080
4.394216
4.393351
4.392485
4.391619
4.390753
4.389886
4.389018
4.388151
4.387282
4.386414
4.385544
4.384675
4.383805
4.382934
4.382063
4.381191
4.380320
4.379447
4.378574
4.377701
4.376827
4.375953
4.375078
4.374203
4.373327
4.372451
4.371575
4.370698
4.369821
4.368943
4.368064
4.367185
4.366306
4.365427
4.364546
4.363666
4.362785
4.361903
4.361021
4.360139
4.359256
4.358372
4.357489
4.356604
4.355720
4.354834
4.353949
4.353063
4.352176
4.351289
4.350402
4.349514
4.348626
4.347737
4.346848
4.345958
4.345068
4.344177
4.343286
4.342394
4.341502
4.340610
4.339717
4.338824
4.337930
4.337036
4.336141
4.335246
4.334350
4.333454
4.332558
4.331661
4.330763
4.329866
4.328967
4.328069
4.327169
4.326270
4.325370
4.324469
4.323568
4.322667
4.321765
4.320862
4.319960
4.319056
4.318153
4.317248
4.316344
4.315439
4.314533
4.313627
4.312721
4.311814
4.310907
4.309999
4.309091
4.308182
4.307273
4.306363
4.305453
4.304543
4.303632
4.302721
4.301809
4.300897
4.299984
4.299071
4.298157
4.297243
4.296329
4.295414
4.294499
4.293583
4.292667
4.291750
4.290833
4.289915
4.288997
4.288079
4.287160
4.286240
4.285320
4.284400
4.283479
4.282558
4.281637
4.280715
4.279792
4.278869
4.277946
4.277022
4.276098
4.275173
4.274248
4.273322
4.272396
4.271470
4.270543
4.269615
4.268688
4.267759
4.266831
4.265901
4.264972
4.264042
4.263111
4.262180
4.261249
4.260317
4.259385
4.258452
4.257519
4.256586
4.255651
4.254717
4.253782
4.252847
4.251911
4.250975
4.250038
4.249101
4.248163
4.247225
4.246287
4.245348
4.244409
4.243469
4.242529
4.241588
4.240647
4.239706
4.238764
4.237821
4.236878
4.235935
4.234991
4.234047
4.233103
4.232158
4.231212
4.230266
4.229320
4.228373
4.227426
4.226478
4.225530
4.224582
4.223633
4.222683
4.221733
4.220783
4.219832
4.218881
4.217929
4.216977
4.216025
4.215072
4.214119
4.213165
4.212211
4.211256
4.210301
4.209345
4.208389
4.207433
4.206476
4.205519
4.204561
4.203603
4.202644
4.201685
4.200726
4.199766
4.198806
4.197845
4.196884
4.195922
4.194960
4.193998
4.193035
4.192071
4.191107
4.190143
4.189179
4.188213
4.187248
4.186282
4.185316
4.184349
4.183381
4.182414
4.181446
4.180477
4.179508
4.178539
4.177569
4.176598
4.175628
4.174657
4.173685
4.172713
4.171741
4.170768
4.169794
4.168821
4.167846
4.166872
4.165897
4.164921
4.163945
4.162969
4.161992
4.161015
4.160037
4.159059
4.158081
4.157102
4.156123
4.155143
4.154163
4.153182
4.152201
4.151219
4.150238
4.149255
4.148272
4.147289
4.146306
4.145322
4.144337
4.143352
4.142367
4.141381
4.140395
4.139408
4.138421
4.137434
4.136446
4.135457
4.134469
4.133479
4.132490
4.131500
4.130509
4.129518
4.128527
4.127535
4.126543
4.125551
4.124558
4.123564
4.122570
4.121576
4.120581
4.119586
4.118590
4.117594
4.116598
4.115601
4.114604
4.113606
4.112608
4.111610
4.110611
4.109611
4.108611
4.107611
4.106610
4.105609
4.104