-15.575202
-15.574688
-15.574175
-15.573661
-15.573148
-15.572634
-15.572120
-15.571607
-15.571093
-15.570579
-15.570065
-15.569552
-15.569038
-15.568524
-15.568010
-15.567496
-15.566982
-15.566468
-15.565954
-15.565440
-15.564926
-15.564412
-15.563898
-15.563383
-15.562869
-15.562355
-15.561841
-15.561326
-15.560812
-15.560298
-15.559783
-15.559269
-15.558754
-15.558240
-15.557725
-15.557211
-15.556696
-15.556181
-15.555667
-15.555152
-15.554637
-15.554123
-15.553608
-15.553093
-15.552578
-15.552063
-15.551549
-15.551034
-15.550519
-15.550004
-15.549489
-15.548974
-15.548459
-15.547943
-15.547428
-15.546913
-15.546398
-15.545883
-15.545367
-15.544852
-15.544337
-15.543822
-15.543306
-15.542791
-15.542275
-15.541760
-15.541244
-15.540729
-15.540213
-15.539698
-15.539182
-15.538666
-15.538151
-15.537635
-15.537119
-15.536603
-15.536088
-15.535572
-15.535056
-15.534540
-15.534024
-15.533508
-15.532992
-15.532476
-15.531960
-15.531444
-15.530928
-15.530412
-15.529896
-15.529379
-15.528863
-15.528347
-15.527831
-15.527314
-15.526798
-15.526282
-15.525765
-15.525249
-15.524732
-15.524216
-15.523699
-15.523183
-15.522666
-15.522149
-15.521633
-15.521116
-15.520599
-15.520083
-15.519566
-15.519049
-15.518532
-15.518015
-15.517498
-15.516982
-15.516465
-15.515948
-15.515431
-15.514914
-15.514396
-15.513879
-15.513362
-15.512845
-15.512328
-15.511811
-15.511293
-15.510776
-15.510259
-15.509741
-15.509224
-15.508707
-15.508189
-15.507672
-15.507154
-15.506637
-15.506119
-15.505601
-15.505084
-15.504566
-15.504049
-15.503531
-15.503013
-15.502495
-15.501977
-15.501460
-15.500942
-15.500424
-15.499906
-15.499388
-15.498870
-15.498352
-15.497834
-15.497316
-15.496798
-15.496280
-15.495761
-15.495243
-15.494725
-15.494207
-15.493688
-15.493170
-15.492652
-15.492133
-15.491615
-15.491097
-15.490578
-15.490060
-15.489541
-15.489022
-15.488504
-15.487985
-15.487467
-15.486948
-15.486429
-15.485910
-15.485392
-15.484873
-15.484354
-15.483835
-15.483316
-15.482797
-15.482278
-15.481759
-15.481240
-15.480721
-15.480202
-15.479683
-15.479164
-15.478645
-15.478126
-15.477606
-15.477087
-15.476568
-15.476048
-15.475529
-15.475010
-15.474490
-15.473971
-15.473451
-15.472932
-15.472412
-15.471893
-15.471373
-15.470854
-15.470334
-15.469814
-15.469295
-15.468775
-15.468255
-15.467735
-15.467215
-15.466695
-15.466176
-15.465656
-15.465136
-15.464616
-15.464096
-15.463576
-15.463056
-15.462535
-15.462015
-15.461495
-15.460975
-15.460455
-15.459934
-15.459414
-15.458894
-15.458374
-15.457853
-15.457333
-15.456812
-15.456292
-15.455771
-15.455251
-15.454730
-15.454210
-15.453689
-15.453168
-15.452648
-15.452127
-15.451606
-15.451085
-15.450565
-15.450044
-15.449523
-15.449002
-15.448481
-15.447960
-15.447439
-15.446918
-15.446397
-15.445876
-15.445355
-15.444834
-15.444313
-15.443791
-15.443270
-15.442749
-15.442228
-15.441706
-15.441185
-15.440664
-15.440142
-15.439621
-15.439099
-15.438578
-15.438056
-15.437535
-15.437013
-15.436492
-15.435970
-15.435448
-15.434926
-15.434405
-15.433883
-15.433361
-15.432839
-15.432317
-15.431796
-15.431274
-15.430752
-15.430230
-15.429708
-15.429186
-15.428664
-15.428142
-15.427619
-15.427097
-15.426575
-15.426053
-15.425531
-15.425008
-15.424486
-15.423964
-15.423441
-15.422919
-15.422396
-15.421874
-15.421351
-15.420829
-15.420306
-15.419784
-15.419261
-15.418739
-15.418216
-15.417693
-15.417170
-15.416648
-15.416125
-15.415602
-15.415079
-15.414556
-15.414033
-15.413510
-15.412987
-15.412464
-15.411941
-15.411418
-15.410895
-15.410372
-15.409849
-15.409326
-15.408803
-15.408279
-15.407756
-15.407233
-15.406709
-15.406186
-15.405663
-15.405139
-15.404616
-15.404092
-15.403569
-15.403045
-15.402522
-15.401998
-15.401474
-15.400951
-15.400427
-15.399903
-15.399380
-15.398856
-15.398332
-15.397808
-15.397284
-15.396760
-15.396236
-15.395712
-15.395188
-15.394664
-15.394140
-15.393616
-15.393092
-15.392568
-15.392044
-15.391520
-15.390995
-15.390471
-15.389947
-15.389422
-15.388898
-15.388374
-15.387849
-15.387325
-15.386800
-15.386276
-15.385751
-15.385227
-15.384702
-15.384177
-15.383653
-15.383128
-15.382603
-15.382079
-15.381554
-15.381029
-15.380504
-15.379979
-15.379454
-15.378929
-15.378405
-15.377880
-15.377355
-15.376829
-15.376304
-15.375779
-15.375254
-15.374729
-15.374204
-15.373679
-15.373153
-15.372628
-15.372103
-15.371577
-15.371052
-15.370527
-15.370001
-15.369476
-15.368950
-15.368425
-15.367899
-15.367373
-15.366848
-15.366322
-15.365796
-15.365271
-15.364745
-15.364219
-15.363693
-15.363168
-15.362642
-15.362116
-15.361590
-15.361064
-15.360538
-15.360012
-15.359486
-15.358960
-15.358434
-15.357908
-15.357381
-15.356855
-15.356329
-15.355803
-15.355277
-15.354750
-15.354224
-15.353697
-15.353171
-15.352645
-15.352118
-15.351592
-15.351065
-15.350539
-15.350012
-15.349485
-15.348959
-15.348432
-15.347905
-15.347379
-15.346852
-15.346325
-15.345798
-15.345271
-15.344745
-15.344218
-15.343691
-15.343164
-15.342637
-15.342110
-15.341583
-15.341056
-15.340528
-15.340001
-15.339474
-15.338947
-15.338420
-15.337892
-15.337365
-15.336838
-15.336310
-15.335783
-15.335256
-15.334728
-15.334201
-15.333673
-15.333146
-15.332618
-15.332090
-15.331563
-15.331035
-15.330507
-15.329980
-15.329452
-15.328924
-15.328396
-15.327869
-15.327341
-15.326813
-15.326285
-15.325757
-15.325229
-15.324701
-15.324173
-15.323645
-15.323117
-15.322588
-15.322060
-15.321532
-15.321004
-15.320476
-15.319947
-15.319419
-15.318891
-15.318362
-15.317834
-15.317305
-15.316777
-15.316248
-15.315720
-15.315191
-15.314663
-15.314134
-15.313606
-15.313077
-15.312548
-15.312019
-15.311491
-15.310962
-15.310433
-15.309904
-15.309375
-15.308846
-15.308317
-15.307788
-15.307259
-15.306730
-15.306201
-15.305672
-15.305143
-15.304614
-15.304085
-15.303555
-15.303026
-15.302497
-15.301968
-15.301438
-15.300909
-15.300380
-15.299850
-15.299321
-15.298791
-15.298262
-15.297732
-15.297203
-15.296673
-15.296143
-15.295614
-15.295084
-15.294554
-15.294024
-15.293495
-15.292965
-15.292435
-15.291905
-15.291375
-15.290845
-15.290315
-15.289785
-15.289255
-15.288725
-15.288195
-15.287665
-15.287135
-15.286605
-15.286075
-15.285544
-15.285014
-15.284484
-15.283953
-15.283423
-15.282893
-15.282362
-15.281832
-15.281301
-15.280771
-15.280240
-15.279710
-15.279179
-15.278649
-15.278118
-15.277587
-15.277057
-15.276526
-15.275995
-15.275464
-15.274933
-15.274403
-15.273872
-15.273341
-15.272810
-15.272279
-15.271748
-15.271217
-15.270686
-15.270155
-15.269624
-15.269092
-15.268561
-15.268030
-15.267499
-15.266967
-15.266436
-15.265905
-15.265373
-15.264842
-15.264311
-15.263779
-15.263248
-15.262716
-15.262185
-15.261653
-15.261121
-15.260590
-15.260058
-15.259526
-15.258995
-15.258463
-15.257931
-15.257399
-15.256868
-15.256336
-15.255804
-15.255272
-15.254740
-15.254208
-15.253676
-15.253144
-15.252612
-15.252080
-15.251547
-15.251015
-15.250483
-15.249951
-15.249419
-15.248886
-15.248354
-15.247822
-15.247289
-15.246757
-15.246224
-15.245692
-15.245159
-15.244627
-15.244094
-15.243562
-15.243029
-15.242497
-15.241964
-15.241431
-15.240898
-15.240366
-15.239833
-15.239300
-15.238767
-15.238234
-15.237701
-15.237168
-15.236635
-15.236102
-15.235569
-15.235036
-15.234503
-15.233970
-15.233437
-15.232904
-15.232371
-15.231837
-15.231304
-15.230771
-15.230237
-15.229704
-15.229171
-15.228637
-15.228104
-15.227570
-15.227037
-15.226503
-15.225970
-15.225436
-15.224903
-15.224369
-15.223835
-15.223301
-15.222768
-15.222234
-15.221700
-15.221166
-15.220632
-15.220099
-15.219565
-15.219031
-15.218497
-15.217963
-15.217429
-15.216895
-15.216360
-15.215826
-15.215292
-15.214758
-15.214224
-15.213690
-15.213155
-15.212621
-15.212087
-15.211552
-15.211018
-15.210483
-15.209949
-15.209414
-15.208880
-15.208345
-15.207811
-15.207276
-15.206742
-15.206207
-15.205672
-15.205137
-15.204603
-15.204068
-15.203533
-15.202998
-15.202463
-15.201928
-15.201394
-15.200859
-15.200324
-15.199789
-15.199254
-15.198718
-15.198183
-15.197648
-15.197113
-15.196578
-15.196043
-15.195507
-15.194972
-15.194437
-15.193901
-15.193366
-15.192831
-15.192295
-15.191760
-15.191224
-15.190689
-15.190153
-15.189618
-15.189082
-15.188546
-15.188011
-15.187475
-15.186939
-15.186403
-15.185868
-15.185332
-15.184796
-15.184260
-15.183724
-15.183188
-15.182652
-15.182116
-15.181580
-15.181044
-15.180508
-15.179972
-15.179436
-15.178900
-15.178363
-15.177827
-15.177291
-15.176755
-15.176218
-15.175682
-15.175146
-15.174609
-15.174073
-15.173536
-15.173000
-15.172463
-15.171927
-15.171390
-15.170853
-15.170317
-15.169780
-15.169243
-15.168707
-15.168170
-15.167633
-15.167096
-15.166559
-15.166022
-15.165486
-15.164949
-15.164412
-15.163875
-15.163338
-15.162800
-15.162263
-15.161726
-15.161189
-15.160652
-15.160115
-15.159577
-15.159040
-15.158503
-15.157966
-15.157428
-15.156891
-15.156353
-15.155816
-15.155278
-15.154741
-15.154203
-15.153666
-15.153128
-15.152591
-15.152053
-15.151515
-15.150978
-15.150440
-15.149902
-15.149364
-15.148826
-15.148289
-15.147751
-15.147213
-15.146675
-15.146137
-15.145599
-15.145061
-15.144523
-15.143985
-15.143446
-15.142908
-15.142370
-15.141832
-15.141294
-15.140755
-15.140217
-15.139679
-15.139140
-15.138602
-15.138063
-15.137525
-15.136987
-15.136448
-15.135909
-15.135371
-15.134832
-15.134294
-15.133755
-15.133216
-15.132678
-15.132139
-15.131600
-15.131061
-15.130522
-15.129984
-15.129445
-15.128906
-15.128367
-15.127828
-15.127289
-15.126750
-15.126211
-15.125672
-15.125132
-15.124593
-15.124054
-15.123515
-15.122976
-15.122436
-15.121897
-15.121358
-15.120818
-15.120279
-15.119739
-15.119200
-15.118661
-15.118121
-15.117581
-15.117042
-15.116502
-15.115963
-15.115423
-15.114883
-15.114344
-15.113804
-15.113264
-15.112724
-15.112184
-15.111645
-15.111105
-15.110565
-15.110025
-15.109485
-15.108945
-15.108405
-15.107865
-15.107324
-15.106784
-15.106244
-15.105704
-15.105164
-15.104624
-15.104083
-15.103543
-15.103003
-15.102462
-15.101922
-15.101381
-15.100841
-15.100300
-15.099760
-15.099219
-15.098679
-15.098138
-15.097598
-15.097057
-15.096516
-15.095975
-15.095435
-15.094894
-15.094353
-15.093812
-15.093271
-15.092730
-15.092190
-15.091649
-15.091108
-15.090567
-15.090026
-15.089484
-15.088943
-15.088402
-15.087861
-15.087320
-15.086779
-15.086237
-15.085696
-15.085155
-15.084613
-15.084072
-15.083531
-15.082989
-15.082448
-15.081906
-15.081365
-15.080823
-15.080282
-15.079740
-15.079198
-15.078657
-15.078115
-15.077573
-15.077032
-15.076490
-15.075948
-15.075406
-15.074864
-15.074322
-15.073780
-15.073238
-15.072696
-15.072154
-15.071612
-15.071070
-15.070528
-15.069986
-15.069444
-15.068902
-15.068360
-15.067817
-15.067275
-15.066733
-15.066190
-15.065648
-15.065106
-15.064563
-15.064021
-15.063478
-15.062936
-15.062393
-15.061851
-15.061308
-15.060765
-15.060223
-15.059680
-15.059137
-15.058594
-15.058052
-15.057509
-15.056966
-15.056423
-15.055880
-15.055337
-15.054794
-15.054251
-15.053708
-15.053165
-15.052622
-15.052079
-15.051536
-15.050993
-15.050450
-15.049906
-15.049363
-15.048820
-15.048277
-15.047733
-15.047190
-15.046646
-15.046103
-15.045560
-15.045016
-15.044473
-15.043929
-15.043385
-15.042842
-15.042298
-15.041755
-15.041211
-15.040667
-15.040123
-15.039580
-15.039036
-15.038492
-15.037948
-15.037404
-15.036860
-15.036316
-15.035772
-15.035228
-15.034684
-15.034140
-15.033596
-15.033052
-15.032508
-15.031964
-15.031419
-15.030875
-15.030331
-15.029787
-15.029242
-15.028698
-15.028154
-15.027609
-15.027065
-15.026520
-15.025976
-15.025431
-15.024887
-15.024342
-15.023797
-15.023253
-15.022708
-15.022163
-15.021618
-15.021074
-15.020529
-15.019984
-15.019439
-15.018894
-15.018349
-15.017804
-15.017259
-15.016714
-15.016169
-15.015624
-15.015079
-15.014534
-15.013989
-15.013444
-15.012899
-15.012353
-15.011808
-15.011263
-15.010717
-15.010172
-15.009627
-15.009081
-15.008536
-15.007990
-15.007445
-15.006899
-15.006354
-15.005808
-15.005263
-15.004717
-15.004171
-15.003625
-15.003080
-15.002534
-15.001988
-15.001442
-15.000896
-15.000351
-14.999805
-14.999259
-14.998713
-14.998167
-14.997621
-14.997075
-14.996529
-14.995982
-14.995436
-14.994890
-14.994344
-14.993798
-14.993251
-14.992705
-14.992159
-14.991612
-14.991066
-14.990520
-14.989973
-14.989427
-14.988880
-14.988334
-14.987787
-14.987241
-14.986694
-14.986147
-14.985601
-14.985054
-14.984507
-14.983960
-14.983414
-14.982867
-14.982320
-14.981773
-14.981226
-14.980679
-14.980132
-14.979585
-14.979038
-14.978491
-14.977944
-14.977397
-14.976850
-14.976303
-14.975755
-14.975208
-14.974661
-14.974114
-14.973566
-14.973019
-14.972472
-14.971924
-14.971377
-14.970829
-14.970282
-14.969734
-14.969187
-14.968639
-14.968092
-14.967544
-14.966996
-14.966449
-14.965901
-14.965353
-14.964805
-14.964258
-14.963710
-14.963162
-14.962614
-14.962066
-14.961518
-14.960970
-14.960422
-14.959874
-14.959326
-14.958778
-14.958230
-14.957682
-14.957133
-14.956585
-14.956037
-14.955489
-14.954940
-14.954392
-14.953844
-14.953295
-14.952747
-14.952198
-14.951650
-14.951101
-14.950553
-14.950004
-14.949456
-14.948907
-14.948358
-14.947810
-14.947261
-14.946712
-14.946163
-14.945615
-14.945066
-14.944517
-14.943968
-14.943419
-14.942870
-14.942321
-14.941772
-14.941223
-14.940674
-14.940125
-14.939576
-14.939027
-14.938477
-14.937928
-14.937379
-14.936830
-14.936280
-14.935731
-14.935182
-14.934632
-14.934083
-14.933534
-14.932984
-14.932435
-14.931885
-14.931335
-14.930786
-14.930236
-14.929687
-14.929137
-14.928587
-14.928038
-14.927488
-14.926938
-14.926388
-14.925838
-14.925288
-14.924738
-14.924189
-14.923639
-14.923089
-14.922539
-14.921989
-14.921438
-14.920888
-14.920338
-14.919788
-14.919238
-14.918688
-14.918137
-14.917587
-14.917037
-14.916486
-14.915936
-14.915386
-14.914835
-14.914285
-14.913734
-14.913184
-14.912633
-14.912083
-14.911532
-14.910981
-14.910431
-14.909880
-14.909329
-14.908779
-14.908228
-14.907677
-14.907126
-14.906575
-14.906024
-14.905473
-14.904922
-14.904371
-14.903820
-14.903269
-14.902718
-14.902167
-14.901616
-14.901065
-14.900514
-14.899963
-14.899411
-14.898860
-14.898309
-14.897757
-14.897206
-14.896655
-14.896103
-14.895552
-14.895000
-14.894449
-14.893897
-14.893346
-14.892794
-14.892243
-14.891691
-14.891139
-14.890587
-14.890036
-14.889484
-14.888932
-14.888380
-14.887829
-14.887277
-14.886725
-14.886173
-14.885621
-14.885069
-14.884517
-14.883965
-14.883413
-14.882861
-14.882308
-14.881756
-14.881204
-14.880652
-14.880100
-14.879547
-14.878995
-14.878443
-14.877890
-14.877338
-14.876785
-14.876233
-14.875680
-14.875128
-14.874575
-14.874023
-14.873470
-14.872918
-14.872365
-14.871812
-14.871259
-14.870707
-14.870154
-14.869601
-14.869048
-14.868495
-14.867943
-14.867390
-14.866837
-14.866284
-14.865731
-14.865178
-14.864625
-14.864071
-14.863518
-14.862965
-14.862412
-14.861859
-14.861306
-14.860752
-14.860199
-14.859646
-14.859092
-14.858539
-14.857985
-14.857432
-14.856879
-14.856325
-14.855772
-14.855218
-14.854664
-14.854111
-14.853557
-14.853003
-14.852450
-14.851896
-14.851342
-14.850788
-14.850235
-14.849681
-14.849127
-14.848573
-14.848019
-14.847465
-14.846911
-14.846357
-14.845803
-14.845249
-14.844695
-14.844141
-14.843587
-14.843032
-14.842478
-14.841924
-14.841370
-14.840815
-14.840261
-14.839707
-14.839152
-14.838598
-14.838043
-14.837489
-14.836934
-14.836380
-14.835825
-14.835271
-14.834716
-14.834161
-14.833607
-14.833052
-14.832497
-14.831942
-14.831388
-14.830833
-14.830278
-14.829723
-14.829168
-14.828613
-14.828058
-14.827503
-14.826948
-14.826393
-14.825838
-14.825283
-14.824728
-14.824172
-14.823617
-14.823062
-14.822507
-14.821951
-14.821396
-14.820841
-14.820285
-14.819730
-14.819175
-14.818619
-14.818064
-14.817508
-14.816953
-14.816397
-14.815841
-14.815286
-14.814730
-14.814174
-14.813619
-14.813063
-14.812507
-14.811951
-14.811395
-14.810840
-14.810284
-14.809728
-14.809172
-14.808616
-14.808060
-14.807504
-14.806948
-14.806392
-14.805835
-14.805279
-14.804723
-14.804167
-14.803611
-14.803054
-14.802498
-14.801942
-14.801385
-14.800829
-14.800273
-14.799716
-14.799160
-14.798603
-14.798047
-14.797490
-14.796933
-14.796377
-14.795820
-14.795264
-14.794707
-14.794150
-14.793593
-14.793037
-14.792480
-14.791923
-14.791366
-14.790809
-14.790252
-14.789695
-14.789138
-14.788581
-14.788024
-14.787467
-14.786910
-14.786353
-14.785796
-14.785238
-14.784681
-14.784124
-14.783567
-14.783009
-14.782452
-14.781895
-14.781337
-14.780780
-14.780222
-14.779665
-14.779107
-14.778550
-14.777992
-14.777435
-14.776877
-14.776319
-14.775762
-14.775204
-14.774646
-14.774089
-14.773531
-14.772973
-14.772415
-14.771857
-14.771299
-14.770741
-14.770183
-14.769625
-14.769067
-14.768509
-14.767951
-14.767393
-14.766835
-14.766277
-14.765719
-14.765160
-14.764602
-14.764044
-14.763485
-14.762927
-14.762369
-14.761810
-14.761252
-14.760693
-14.760135
-14.759576
-14.759018
-14.758459
-14.757901
-14.757342
-14.756783
-14.756225
-14.755666
-14.755107
-14.754549
-14.753990
-14.753431
-14.752872
-14.752313
-14.751754
-14.751195
-14.750636
-14.750077
-14.749518
-14.748959
-14.748400
-14.747841
-14.747282
-14.746723
-14.746164
-14.745604
-14.745045
-14.744486
-14.743926
-14.743367
-14.742808
-14.742248
-14.741689
-14.741129
-14.740570
-14.740010
-14.739451
-14.738891
-14.738332
-14.737772
-14.737212
-14.736653
-14.736093
-14.735533
-14.734973
-14.734414
-14.733854
-14.733294
-14.732734
-14.732174
-14.731614
-14.731054
-14.730494
-14.729934
-14.729374
-14.728814
-14.728254
-14.727694
-14.727134
-14.726573
-14.726013
-14.725453
-14.724893
-14.724332
-14.723772
-14.723211
-14.722651
-14.722091
-14.721530
-14.720970
-14.720409
-14.719849
-14.719288
-14.718727
-14.718167
-14.717606
-14.717045
-14.716485
-14.715924
-14.715363
-14.714802
-14.714242
-14.713681
-14.713120
-14.712559
-14.711998
-14.711437
-14.710876
-14.710315
-14.709754
-14.709193
-14.708632
-14.708070
-14.707509
-14.706948
-14.706387
-14.705826
-14.705264
-14.704703
-14.704142
-14.703580
-14.703019
-14.702457
-14.701896
-14.701334
-14.700773
-14.700211
-14.699650
-14.699088
-14.698527
-14.697965
-14.697403
-14.696841
-14.696280
-14.695718
-14.695156
-14.694594
-14.694032
-14.693470
-14.692909
-14.692347
-14.691785
-14.691223
-14.690661
-14.690099
-14.689536
-14.688974
-14.688412
-14.687850
-14.687288
-14.686726
-14.686163
-14.685601
-14.685039
-14.684476
-14.683914
-14.683352
-14.682789
-14.682227
-14.681664
-14.681102
-14.680539
-14.679976
-14.679414
-14.678851
-14.678289
-14.677726
-14.677163
-14.676600
-14.676038
-14.675475
-14.674912
-14.674349
-14.673786
-14.673223
-14.672660
-14.672097
-14.671534
-14.670971
-14.670408
-14.669845
-14.669282
-14.668719
-14.668156
-14.667593
-14.667029
-14.666466
-14.665903
-14.665339
-14.664776
-14.664213
-14.663649
-14.663086
-14.662522
-14.661959
-14.661395
-14.660832
-14.660268
-14.659705
-14.659141
-14.658577
-14.658014
-14.657450
-14.656886
-14.656322
-14.655759
-14.655195
-14.654631
-14.654067
-14.653503
-14.652939
-14.652375
-14.651811
-14.651247
-14.650683
-14.650119
-14.649555
-14.648991
-14.648427
-14.647862
-14.647298
-14.646734
-14.646170
-14.645605
-14.645041
-14.644477
-14.643912
-14.643348
-14.642783
-14.642219
-14.641654
-14.641090
-14.640525
-14.639960
-14.639396
-14.638831
-14.638267
-14.637702
-14.637137
-14.636572
-14.636007
-14.635443
-14.634878
-14.634313
-14.633748
-14.633183
-14.632618
-14.632053
-14.631488
-14.630923
-14.630358
-14.629793
-14.629228
-14.628662
-14.628097
-14.627532
-14.626967
-14.626402
-14.625836
-14.625271
-14.624705
-14.624140
-14.623575
-14.623009
-14.622444
-14.621878
-14.621313
-14.620747
-14.620182
-14.619616
-14.619050
-14.618485
-14.617919
-14.617353
-14.616787
-14.616222
-14.615656
-14.615090
-14.614524
-14.613958
-14.613392
-14.612826
-14.612260
-14.611694
-14.611128
-14.610562
-14.609996
-14.609430
-14.608864
-14.608297
-14.607731
-14.607165
-14.606599
-14.606032
-14.605466
-14.604900
-14.604333
-14.603767
-14.603200
-14.602634
-14.602067
-14.601501
-14.600934
-14.600368
-14.599801
-14.599234
-14.598668
-14.598101
-14.597534
-14.596968
-14.596401
-14.595834
-14.595267
-14.594700
-14.594133
-14.593566
-14.592999
-14.592432
-14.591865
-14.591298
-14.590731
-14.590164
-14.589597
-14.589030
-14.588463
-14.587896
-14.587328
-14.586761
-14.586194
-14.585626
-14.585059
-14.584492
-14.583924
-14.583357
-14.582789
-14.582222
-14.581654
-14.581087
-14.580519
-14.579952
-14.579384
-14.578816
-14.578249
-14.577681
-14.577113
-14.576545
-14.575978
-14.575410
-14.574842
-14.574274
-14.573706
-14.573138
-14.572570
-14.572002
-14.571434
-14.570866
-14.570298
-14.569730
-14.569162
-14.568593
-14.568025
-14.567457
-14.566889
-14.566320
-14.565752
-14.565184
-14.564615
-14.564047
-14.563479
-14.562910
-14.562342
-14.561773
-14.561205
-14.560636
-14.560067
-14.559499
-14.558930
-14.558361
-14.557793
-14.557224
-14.556655
-14.556086
-14.555518
-14.554949
-14.554380
-14.553811
-14.553242
-14.552673
-14.552104
-14.551535
-14.550966
-14.550397
-14.549828
-14.549259
-14.548689
-14.548120
-14.547551
-14.546982
-14.546412
-14.545843
-14.545274
-14.544704
-14.544135
-14.543566
-14.542996
-14.542427
-14.541857
-14.541288
-14.540718
-14.540149
-14.539579
-14.539009
-14.538440
-14.537870
-14.537300
-14.536730
-14.536161
-14.535591
-14.535021
-14.534451
-14.533881
-14.533311
-14.532741
-14.532171
-14.531601
-14.531031
-14.530461
-14.529891
-14.529321
-14.528751
-14.528181
-14.527610
-14.527040
-14.526470
-14.525900
-14.525329
-14.524759
-14.524189
-14.523618
-14.523048
-14.522477
-14.521907
-14.521336
-14.520766
-14.520195
-14.519625
-14.519054
-14.518483
-14.517913
-14.517342
-14.516771
-14.516200
-14.515629
-14.515059
-14.514488
-14.513917
-14.513346
-14.512775
-14.512204
-14.511633
-14.511062
-14.510491
-14.509920
-14.509349
-14.508778
-14.508206
-14.507635
-14.507064
-14.506493
-14.505922
-14.505350
-14.504779
-14.504208
-14.503636
-14.503065
-14.502493
-14.501922
-14.501350
-14.500779
-14.500207
-14.499636
-14.499064
-14.498492
-14.497921
-14.497349
-14.496777
-14.496205
-14.495634
-14.495062
-14.494490
-14.493918
-14.493346
-14.492774
-14.492202
-14.491630
-14.491058
-14.490486
-14.489914
-14.489342
-14.488770
-14.488198
-14.487626
-14.487053
-14.486481
-14.485909
-14.485337
-14.484764
-14.484192
-14.483620
-14.483047
-14.482475
-14.481902
-14.481330
-14.480757
-14.480185
-14.479612
-14.479040
-14.478467
-14.477894
-14.477322
-14.476749
-14.476176
-14.475603
-14.475031
-14.474458
-14.473885
-14.473312
-14.472739
-14.472166
-14.471593
-14.471020
-14.470447
-14.469874
-14.469301
-14.468728
-14.468155
-14.467582
-14.467008
-14.466435
-14.465862
-14.465289
-14.464715
-14.464142
-14.463569
-14.462995
-14.462422
-14.461848
-14.461275
-14.460701
-14.460128
-14.459554
-14.458981
-14.458407
-14.457833
-14.457260
-14.456686
-14.456112
-14.455539
-14.454965
-14.454391
-14.453817
-14.453243
-14.452669
-14.452095
-14.451522
-14.450948
-14.450374
-14.449799
-14.449225
-14.448651
-14.448077
-14.447503
-14.446929
-14.446355
-14.445780
-14.445206
-14.444632
-14.444058
-14.443483
-14.442909
-14.442334
-14.441760
-14.441186
-14.440611
-14.440037
-14.439462
-14.438887
-14.438313
-14.437738
-14.437164
-14.436589
-14.436014
-14.435439
-14.434865
-14.434290
-14.433715
-14.433140
-14.432565
-14.431990
-14.431416
-14.430841
-14.430266
-14.429691
-14.429116
-14.428540
-14.427965
-14.427390
-14.426815
-14.426240
-14.425665
-14.425089
-14.424514
-14.423939
-14.423364
-14.422788
-14.422213
-14.421637
-14.421062
-14.420487
-14.419911
-14.419335
-14.418760
-14.418184
-14.417609
-14.417033
-14.416457
-14.415882
-14.415306
-14.414730
-14.414155
-14.413579
-14.413003
-14.412427
-14.411851
-14.411275
-14.410699
-14.410123
-14.409547
-14.408971
-14.408395
-14.407819
-14.407243
-14.406667
-14.406091
-14.405515
-14.404938
-14.404362
-14.403786
-14.403210
-14.402633
-14.402057
-14.401480
-14.400904
-14.400328
-14.399751
-14.399175
-14.398598
-14.398022
-14.397445
-14.396868
-14.396292
-14.395715
-14.395138
-14.394562
-14.393985
-14.393408
-14.392831
-14.392255
-14.391678
-14.391101
-14.390524
-14.389947
-14.389370
-14.388793
-14.388216
-14.387639
-14.387062
-14.386485
-14.385907
-14.385330
-14.384753
-14.384176
-14.383599
-14.383021
-14.382444
-14.381867
-14.381289
-14.380712
-14.380135
-14.379557
-14.378980
-14.378402
-14.377825
-14.377247
-14.376669
-14.376092
-14.375514
-14.374937
-14.374359
-14.373781
-14.373203
-14.372626
-14.372048
-14.371470
-14.370892
-14.370314
-14.369736
-14.369158
-14.368580
-14.368002
-14.367424
-14.366846
-14.366268
-14.365690
-14.365112
-14.364534
-14.363955
-14.363377
-14.362799
-14.362221
-14.361642
-14.361064
-14.360486
-14.359907
-14.359329
-14.358750
-14.358172
-14.357593
-14.357015
-14.356436
-14.355858
-14.355279
-14.354700
-14.354122
-14.353543
-14.352964
-14.352386
-14.351807
-14.351228
-14.350649
-14.350070
-14.349491
-14.348912
-14.348334
-14.347755
-14.347176
-14.346597
-14.346017
-14.345438
-14.344859
-14.344280
-14.343701
-14.343122
-14.342542
-14.341963
-14.341384
-14.340805
-14.340225
-14.339646
-14.339067
-14.338487
-14.337908
-14.337328
-14.336749
-14.336169
-14.335590
-14.335010
-14.334430
-14.333851
-14.333271
-14.332691
-14.332112
-14.331532
-14.330952
-14.330372
-14.329792
-14.329213
-14.328633
-14.328053
-14.327473
-14.326893
-14.326313
-14.325733
-14.325153
-14.324573
-14.323992
-14.323412
-14.322832
-14.322252
-14.321672
-14.321091
-14.320511
-14.319931
-14.319350
-14.318770
-14.318190
-14.317609
-14.317029
-14.316448
-14.315868
-14.315287
-14.314707
-14.314126
-14.313546
-14.312965
-14.312384
-14.311803
-14.311223
-14.310642
-14.310061
-14.309480
-14.308900
-14.308319
-14.307738
-14.307157
-14.306576
-14.305995
-14.305414
-14.304833
-14.304252
-14.303671
-14.303090
-14.302508
-14.301927
-14.301346
-14.300765
-14.300184
-14.299602
-14.299021
-14.298440
-14.297858
-14.297277
-14.296695
-14.296114
-14.295533
-14.294951
-14.294370
-14.293788
-14.293206
-14.292625
-14.292043
-14.291461
-14.290880
-14.290298
-14.289716
-14.289134
-14.288553
-14.287971
-14.287389
-14.286807
-14.286225
-14.285643
-14.285061
-14.284479
-14.283897
-14.283315
-14.282733
-14.282151
-14.281569
-14.280987
-14.280404
-14.279822
-14.279240
-14.278658
-14.278075
-14.277493
-14.276911
-14.276328
-14.275746
-14.275163
-14.274581
-14.273998
-14.273416
-14.272833
-14.272251
-14.271668
-14.271085
-14.270503
-14.269920
-14.269337
-14.268755
-14.268172
-14.267589
-14.267006
-14.266423
-14.265840
-14.265257
-14.264675
-14.264092
-14.263509
-14.262926
-14.262342
-14.261759
-14.261176
-14.260593
-14.260010
-14.259427
-14.258844
-14.258260
-14.257677
-14.257094
-14.256510
-14.255927
-14.255344
-14.254760
-14.254177
-14.253593
-14.253010
-14.252426
-14.251843
-14.251259
-14.250676
-14.250092
-14.249508
-14.248925
-14.248341
-14.247757
-14.247173
-14.246589
-14.246006
-14.245422
-14.244838
-14.244254
-14.243670
-14.243086
-14.242502
-14.241918
-14.241334
-14.240750
-14.240166
-14.239582
-14.238998
-14.238413
-14.237829
-14.237245
-14.236661
-14.236076
-14.235492
-14.234908
-14.234323
-14.233739
-14.233154
-14.232570
-14.231985
-14.231401
-14.230816
-14.230232
-14.229647
-14.229063
-14.228478
-14.227893
-14.227309
-14.226724
-14.226139
-14.225554
-14.224969
-14.224385
-14.223800
-14.223215
-14.222630
-14.222045
-14.221460
-14.220875
-14.220290
-14.219705
-14.219120
-14.218535
-14.217949
-14.217364
-14.216779
-14.216194
-14.215608
-14.215023
-14.214438
-14.213852
-14.213267
-14.212682
-14.212096
-14.211511
-14.210925
-14.210340
-14.209754
-14.209169
-14.208583
-14.207998
-14.207412
-14.206826
-14.206240
-14.205655
-14.205069
-14.204483
-14.203897
-14.203312
-14.202726
-14.202140
-14.201554
-14.200968
-14.200382
-14.199796
-14.199210
-14.198624
-14.198038
-14.197452
-14.196865
-14.196279
-14.195693
-14.195107
-14.194521
-14.193934
-14.193348
-14.192762
-14.192175
-14.191589
-14.191002
-14.190416
-14.189830
-14.189243
-14.188657
-14.188070
-14.187483
-14.186897
-14.186310
-14.185723
-14.185137
-14.184550
-14.183963
-14.183377
-14.182790
-14.182203
-14.181616
-14.181029
-14.180442
-14.179855
-14.179268
-14.178681
-14.178094
-14.177507
-14.176920
-14.176333
-14.175746
-14.175159
-14.174572
-14.173984
-14.173397
-14.172810
-14.172223
-14.171635
-14.171048
-14.170460
-14.169873
-14.169286
-14.168698
-14.168111
-14.167523
-14.166936
-14.166348
-14.165760
-14.165173
-14.164585
-14.163997
-14.163410
-14.162822
-14.162234
-14.161646
-14.161059
-14.160471
-14.159883
-14.159295
-14.158707
-14.158119
-14.157531
-14.156943
-14.156355
-14.155767
-14.155179
-14.154591
-14.154003
-14.153414
-14.152826
-14.152238
-14.151650
-14.151061
-14.150473
-14.149885
-14.149296
-14.148708
-14.148120
-14.147531
-14.146943
-14.146354
-14.145766
-14.145177
-14.144589
-14.144000
-14.143411
-14.142823
-14.142234
-14.141645
-14.141056
-14.140468
-14.139879
-14.139290
-14.138701
-14.138112
-14.137523
-14.136934
-14.136345
-14.135756
-14.135167
-14.134578
-14.133989
-14.133400
-14.132811
-14.132222
-14.131633
-14.131043
-14.130454
-14.129865
-14.129276
-14.128686
-14.128097
-14.127508
-14.126918
-14.126329
-14.125739
-14.125150
-14.124560
-14.123971
-14.123381
-14.122792
-14.122202
-14.121612
-14.121023
-14.120433
-14.119843
-14.119253
-14.118664
-14.118074
-14.117484
-14.116894
-14.116304
-14.115714
-14.115124
-14.114534
-14.113944
-14.113354
-14.112764
-14.112174
-14.111584
-14.110994
-14.110404
-14.109813
-14.109223
-14.108633
-14.108043
-14.107452
-14.106862
-14.106272
-14.105681
-14.105091
-14.104500
-14.103910
-14.103319
-14.102729
-14.102138
-14.101548
-14.100957
-14.100366
-14.099776
-14.099185
-14.098594
-14.098004
-14.097413
-14.096822
-14.096231
-14.095640
-14.095049
-14.094459
-14.093868
-14.093277
-14.092686
-14.092095
-14.091504
-14.090912
-14.090321
-14.089730
-14.089139
-14.088548
-14.087957
-14.087365
-14.086774
-14.086183
-14.085592
-14.085000
-14.084409
-14.083817
-14.083226
-14.082635
-14.082043
-14.081452
-14.080860
-14.080268
-14.079677
-14.079085
-14.078494
-14.077902
-14.077310
-14.076718
-14.076127
-14.075535
-14.074943
-14.074351
-14.073759
-14.073168
-14.072576
-14.071984
-14.071392
-14.070800
-14.070208
-14.069616
-14.069023
-14.068431
-14.067839
-14.067247
-14.066655
-14.066063
-14.065470
-14.064878
-14.064286
-14.063694
-14.063101
-14.062509
-14.061916
-14.061324
-14.060731
-14.060139
-14.059546
-14.058954
-14.058361
-14.057769
-14.057176
-14.056583
-14.055991
-14.055398
-14.054805
-14.054213
-14.053620
-14.053027
-14.052434
-14.051841
-14.051248
-14.050655
-14.050062
-14.049469
-14.048876
-14.048283
-14.047690
-14.047097
-14.046504
-14.045911
-14.045318
-14.044725
-14.044131
-14.043538
-14.042945
-14.042352
-14.041758
-14.041165
-14.040571
-14.039978
-14.039385
-14.038791
-14.038198
-14.037604
-14.037011
-14.036417
-14.035823
-14.035230
-14.034636
-14.034042
-14.033449
-14.032855
-14.032261
-14.031667
-14.031073
-14.030480
-14.029886
-14.029292
-14.028698
-14.028104
-14.027510
-14.026916
-14.026322
-14.025728
-14.025134
-14.024540
-14.023945
-14.023351
-14.022757
-14.022163
-14.021569
-14.020974
-14.020380
-14.019786
-14.019191
-14.018597
-14.018002
-14.017408
-14.016814
-14.016219
-14.015624
-14.015030
-14.014435
-14.013841
-14.013246
-14.012651
-14.012057
-14.011462
-14.010867
-14.010273
-14.009678
-14.009083
-14.008488
-14.007893
-14.007298
-14.006703
-14.006108
-14.005513
-14.004918
-14.004323
-14.003728
-14.003133
-14.002538
-14.001943
-14.001348
-14.000752
-14.000157
-13.999562
-13.998967
-13.998371
-13.997776
-13.997181
-13.996585
-13.995990
-13.995394
-13.994799
-13.994203
-13.993608
-13.993012
-13.992417
-13.991821
-13.991225
-13.990630
-13.990034
-13.989438
-13.988843
-13.988247
-13.987651
-13.987055
-13.986459
-13.985863
-13.985267
-13.984672
-13.984076
-13.983480
-13.982884
-13.982288
-13.981691
-13.981095
-13.980499
-13.979903
-13.979307
-13.978711
-13.978114
-13.977518
-13.976922
-13.976326
-13.975729
-13.975133
-13.974536
-13.973940
-13.973344
-13.972747
-13.972151
-13.971554
-13.970957
-13.970361
-13.969764
-13.969168
-13.968571
-13.967974
-13.967378
-13.966781
-13.966184
-13.965587
-13.964990
-13.964394
-13.963797
-13.963200
-13.962603
-13.962006
-13.961409
-13.960812
-13.960215
-13.959618
-13.959021
-13.958423
-13.957826
-13.957229
-13.956632
-13.956035
-13.955437
-13.954840
-13.954243
-13.953645
-13.953048
-13.952451
-13.951853
-13.951256
-13.950658
-13.950061
-13.949463
-13.948866
-13.948268
-13.947671
-13.947073
-13.946475
-13.945878
-13.945280
-13.944682
-13.944084
-13.943486
-13.942889
-13.942291
-13.941693
-13.941095
-13.940497
-13.939899
-13.939301
-13.938703
-13.938105
-13.937507
-13.936909
-13.936311
-13.935713
-13.935114
-13.934516
-13.933918
-13.933320
-13.932721
-13.932123
-13.931525
-13.930926
-13.930328
-13.929730
-13.929131
-13.928533
-13.927934
-13.927336
-13.926737
-13.926138
-13.925540
-13.924941
-13.924343
-13.923744
-13.923145
-13.922546
-13.921948
-13.921349
-13.920750
-13.920151
-13.919552
-13.918953
-13.918354
-13.917755
-13.917156
-13.916557
-13.915958
-13.915359
-13.914760
-13.914161
-13.913562
-13.912963
-13.912364
-13.911764
-13.911165
-13.910566
-13.909966
-13.909367
-13.908768
-13.908168
-13.907569
-13.906969
-13.906370
-13.905771
-13.905171
-13.904571
-13.903972
-13.903372
-13.902773
-13.902173
-13.901573
-13.900974
-13.900374
-13.899774
-13.899174
-13.898574
-13.897975
-13.897375
-13.896775
-13.896175
-13.895575
-13.894975
-13.894375
-13.893775
-13.893175
-13.892575
-13.891975
-13.891374
-13.890774
-13.890174
-13.889574
-13.888974
-13.888373
-13.887773
-13.887173
-13.886572
-13.885972
-13.885372
-13.884771
-13.884171
-13.883570
-13.882970
-13.882369
-13.881768
-13.881168
-13.880567
-13.879967
-13.879366
-13.878765
-13.878164
-13.877564
-13.876963
-13.876362
-13.875761
-13.875160
-13.874559
-13.873959
-13.873358
-13.872757
-13.872156
-13.871555
-13.870954
-13.870352
-13.869751
-13.869150
-13.868549
-13.867948
-13.867347
-13.866745
-13.866144
-13.865543
-13.864941
-13.864340
-13.863739
-13.863137
-13.862536
-13.861934
-13.861333
-13.860731
-13.860130
-13.859528
-13.858927
-13.858325
-13.857723
-13.857122
-13.856520
-13.855918
-13.855317
-13.854715
-13.854113
-13.853511
-13.852909
-13.852307
-13.851706
-13.851104
-13.850502
-13.849900
-13.849298
-13.848696
-13.848093
-13.847491
-13.846889
-13.846287
-13.845685
-13.845083
-13.844480
-13.843878
-13.843276
-13.842674
-13.842071
-13.841469
-13.840866
-13.840264
-13.839662
-13.839059
-13.838457
-13.837854
-13.837252
-13.836649
-13.836046
-13.835444
-13.834841
-13.834238
-13.833636
-13.833033
-13.832430
-13.831827
-13.831224
-13.830622
-13.830019
-13.829416
-13.828813
-13.828210
-13.827607
-13.827004
-13.826401
-13.825798
-13.825195
-13.824592
-13.823988
-13.823385
-13.822782
-13.822179
-13.821576
-13.820972
-13.820369
-13.819766
-13.819162
-13.818559
-13.817956
-13.817352
-13.816749
-13.816145
-13.815542
-13.814938
-13.814335
-13.813731
-13.813127
-13.812524
-13.811920
-13.811316
-13.810713
-13.810109
-13.809505
-13.808901
-13.808297
-13.807693
-13.807090
-13.806486
-13.805882
-13.805278
-13.804674
-13.804070
-13.803466
-13.802862
-13.802257
-13.801653
-13.801049
-13.800445
-13.799841
-13.799237
-13.798632
-13.798028
-13.797424
-13.796819
-13.796215
-13.795611
-13.795006
-13.794402
-13.793797
-13.793193
-13.792588
-13.791984
-13.791379
-13.790774
-13.790170
-13.789565
-13.788960
-13.788356
-13.787751
-13.787146
-13.786541
-13.785936
-13.785332
-13.784727
-13.784122
-13.783517
-13.782912
-13.782307
-13.781702
-13.781097
-13.780492
-13.779887
-13.779282
-13.778676
-13.778071
-13.777466
-13.776861
-13.776256
-13.775650
-13.775045
-13.774440
-13.773834
-13.773229
-13.772624
-13.772018
-13.771413
-13.770807
-13.770202
-13.769596
-13.768991
-13.768385
-13.767779
-13.767174
-13.766568
-13.765962
-13.765357
-13.764751
-13.764145
-13.763539
-13.762933
-13.762327
-13.761722
-13.761116
-13.760510
-13.759904
-13.759298
-13.758692
-13.758086
-13.757480
-13.756873
-13.756267
-13.755661
-13.755055
-13.754449
-13.753843
-13.753236
-13.752630
-13.752024
-13.751417
-13.750811
-13.750205
-13.749598
-13.748992
-13.748385
-13.747779
-13.747172
-13.746566
-13.745959
-13.745352
-13.744746
-13.744139
-13.743532
-13.742926
-13.742319
-13.741712
-13.741105
-13.740499
-13.739892
-13.739285
-13.738678
-13.738071
-13.737464
-13.736857
-13.736250
-13.735643
-13.735036
-13.734429
-13.733822
-13.733215
-13.732608
-13.732000
-13.731393
-13.730786
-13.730179
-13.729571
-13.728964
-13.728357
-13.727749
-13.727142
-13.726534
-13.725927
-13.725319
-13.724712
-13.724104
-13.723497
-13.722889
-13.722282
-13.721674
-13.721066
-13.720459
-13.719851
-13.719243
-13.718635
-13.718028
-13.717420
-13.716812
-13.716204
-13.715596
-13.714988
-13.714380
-13.713772
-13.713164
-13.712556
-13.711948
-13.711340
-13.710732
-13.710124
-13.709516
-13.708907
-13.708299
-13.707691
-13.707083
-13.706474
-13.705866
-13.705258
-13.704649
-13.704041
-13.703432
-13.702824
-13.702215
-13.701607
-13.700998
-13.700390
-13.699781
-13.699173
-13.698564
-13.697955
-13.697347
-13.696738
-13.696129
-13.695520
-13.694911
-13.694303
-13.693694
-13.693085
-13.692476
-13.691867
-13.691258
-13.690649
-13.690040
-13.689431
-13.688822
-13.688213
-13.687604
-13.686995
-13.686385
-13.685776
-13.685167
-13.684558
-13.683948
-13.683339
-13.682730
-13.682120
-13.681511
-13.680902
-13.680292
-13.679683
-13.679073
-13.678464
-13.677854
-13.677244
-13.676635
-13.676025
-13.675416
-13.674806
-13.674196
-13.673586
-13.672977
-13.672367
-13.671757
-13.671147
-13.670537
-13.669928
-13.669318
-13.668708
-13.668098
-13.667488
-13.666878
-13.666268
-13.665658
-13.665047
-13.664437
-13.663827
-13.663217
-13.662607
-13.661997
-13.661386
-13.660776
-13.660166
-13.659555
-13.658945
-13.658335
-13.657724
-13.657114
-13.656503
-13.655893
-13.655282
-13.654672
-13.654061
-13.653450
-13.652840
-13.652229
-13.651618
-13.651008
-13.650397
-13.649786
-13.649175
-13.648565
-13.647954
-13.647343
-13.646732
-13.646121
-13.645510
-13.644899
-13.644288
-13.643677
-13.643066
-13.642455
-13.641844
-13.641233
-13.640622
-13.640010
-13.639399
-13.638788
-13.638177
-13.637565
-13.636954
-13.636343
-13.635731
-13.635120
-13.634509
-13.633897
-13.633286
-13.632674
-13.632063
-13.631451
-13.630840
-13.630228
-13.629616
-13.629005
-13.628393
-13.627781
-13.627170
-13.626558
-13.625946
-13.625334
-13.624722
-13.624110
-13.623499
-13.622887
-13.622275
-13.621663
-13.621051
-13.620439
-13.619827
-13.619215
-13.618602
-13.617990
-13.617378
-13.616766
-13.616154
-13.615542
-13.614929
-13.614317
-13.613705
-13.613092
-13.612480
-13.611868
-13.611255
-13.610643
-13.610030
-13.609418
-13.608805
-13.608193
-13.607580
-13.606967
-13.606355
-13.605742
-13.605129
-13.604517
-13.603904
-13.603291
-13.602678
-13.602066
-13.601453
-13.600840
-13.600227
-13.599614
-13.599001
-13.598388
-13.597775
-13.597162
-13.596549
-13.595936
-13.595323
-13.594710
-13.594097
-13.593484
-13.592870
-13.592257
-13.591644
-13.591031
-13.590417
-13.589804
-13.589190
-13.588577
-13.587964
-13.587350
-13.586737
-13.586123
-13.585510
-13.584896
-13.584283
-13.583669
-13.583055
-13.582442
-13.581828
-13.581214
-13.580601
-13.579987
-13.579373
-13.578759
-13.578145
-13.577532
-13.576918
-13.576304
-13.575690
-13.575076
-13.574462
-13.573848
-13.573234
-13.572620
-13.572006
-13.571391
-13.570777
-13.570163
-13.569549
-13.568935
-13.568320
-13.567706
-13.567092
-13.566478
-13.565863
-13.565249
-13.564634
-13.564020
-13.563405
-13.562791
-13.562176
-13.561562
-13.560947
-13.560333
-13.559718
-13.559103
-13.558489
-13.557874
-13.557259
-13.556645
-13.556030
-13.555415
-13.554800
-13.554185
-13.553570
-13.552956
-13.552341
-13.551726
-13.551111
-13.550496
-13.549881
-13.549265
-13.548650
-13.548035
-13.547420
-13.546805
-13.546190
-13.545575
-13.544959
-13.544344
-13.543729
-13.543113
-13.542498
-13.541883
-13.541267
-13.540652
-13.540036
-13.539421
-13.538805
-13.538190
-13.537574
-13.536959
-13.536343
-13.535727
-13.535112
-13.534496
-13.533880
-13.533265
-13.532649
-13.532033
-13.531417
-13.530801
-13.530185
-13.529570
-13.528954
-13.528338
-13.527722
-13.527106
-13.526490
-13.525874
-13.525257
-13.524641
-13.524025
-13.523409
-13.522793
-13.522177
-13.521560
-13.520944
-13.520328
-13.519711
-13.519095
-13.518479
-13.517862
-13.517246
-13.516629
-13.516013
-13.515397
-13.514780
-13.514163
-13.513547
-13.512930
-13.512314
-13.511697
-13.511080
-13.510464
-13.509847
-13.509230
-13.508613
-13.507996
-13.507380
-13.506763
-13.506146
-13.505529
-13.504912
-13.504295
-13.503678
-13.503061
-13.502444
-13.501827
-13.501210
-13.500593
-13.499975
-13.499358
-13.498741
-13.498124
-13.497507
-13.496889
-13.496272
-13.495655
-13.495037
-13.494420
-13.493802
-13.493185
-13.492568
-13.491950
-13.491332
-13.490715
-13.490097
-13.489480
-13.488862
-13.488244
-13.487627
-13.487009
-13.486391
-13.485774
-13.485156
-13.484538
-13.483920
-13.483302
-13.482684
-13.482067
-13.481449
-13.480831
-13.480213
-13.479595
-13.478977
-13.478359
-13.477740
-13.477122
-13.476504
-13.475886
-13.475268
-13.474650
-13.474031
-13.473413
-13.472795
-13.472176
-13.471558
-13.470940
-13.470321
-13.469703
-13.469084
-13.468466
-13.467847
-13.467229
-13.466610
-13.465992
-13.465373
-13.464754
-13.464136
-13.463517
-13.462898
-13.462280
-13.461661
-13.461042
-13.460423
-13.459804
-13.459186
-13.458567
-13.457948
-13.457329
-13.456710
-13.456091
-13.455472
-13.454853
-13.454234
-13.453615
-13.452995
-13.452376
-13.451757
-13.451138
-13.450519
-13.449899
-13.449280
-13.448661
-13.448041
-13.447422
-13.446803
-13.446183
-13.445564
-13.444944
-13.444325
-13.443705
-13.443086
-13.442466
-13.441847
-13.441227
-13.440607
-13.439988
-13.439368
-13.438748
-13.438128
-13.437509
-13.436889
-13.436269
-13.435649
-13.435029
-13.434409
-13.433789
-13.433170
-13.432550
-13.431930
-13.431309
-13.430689
-13.430069
-13.429449
-13.428829
-13.428209
-13.427589
-13.426968
-13.426348
-13.425728
-13.425108
-13.424487
-13.423867
-13.423247
-13.422626
-13.422006
-13.421385
-13.420765
-13.420144
-13.419524
-13.418903
-13.418283
-13.417662
-13.417041
-13.416421
-13.415800
-13.415179
-13.414559
-13.413938
-13.413317
-13.412696
-13.412075
-13.411455
-13.410834
-13.410213
-13.409592
-13.408971
-13.408350
-13.407729
-13.407108
-13.406487
-13.405866
-13.405244
-13.404623
-13.404002
-13.403381
-13.402760
-13.402138
-13.401517
-13.400896
-13.400274
-13.399653
-13.399032
-13.398410
-13.397789
-13.397167
-13.396546
-13.395924
-13.395303
-13.394681
-13.394060
-13.393438
-13.392816
-13.392195
-13.391573
-13.390951
-13.390330
-13.389708
-13.389086
-13.388464
-13.387842
-13.387221
-13.386599
-13.385977
-13.385355
-13.384733
-13.384111
-13.383489
-13.382867
-13.382245
-13.381622
-13.381000
-13.380378
-13.379756
-13.379134
-13.378512
-13.377889
-13.377267
-13.376645
-13.376022
-13.375400
-13.374778
-13.374155
-13.373533
-13.372910
-13.372288
-13.371665
-13.371043
-13.370420
-13.369798
-13.369175
-13.368552
-13.367930
-13.367307
-13.366684
-13.366061
-13.365439
-13.364816
-13.364193
-13.363570
-13.362947
-13.362324
-13.361701
-13.361078
-13.360455
-13.359832
-13.359209
-13.358586
-13.357963
-13.357340
-13.356717
-13.356094
-13.355471
-13.354847
-13.354224
-13.353601
-13.352978
-13.352354
-13.351731
-13.351108
-13.350484
-13.349861
-13.349237
-13.348614
-13.347990
-13.347367
-13.346743
-13.346120
-13.345496
-13.344873
-13.344249
-13.343625
-13.343001
-13.342378
-13.341754
-13.341130
-13.340506
-13.339883
-13.339259
-13.338635
-13.338011
-13.337387
-13.336763
-13.336139
-13.335515
-13.334891
-13.334267
-13.333643
-13.333019
-13.332395
-13.331770
-13.331146
-13.330522
-13.329898
-13.329273
-13.328649
-13.328025
-13.327400
-13.326776
-13.326152
-13.325527
-13.324903
-13.324278
-13.323654
-13.323029
-13.322405
-13.321780
-13.321156
-13.320531
-13.319906
-13.319282
-13.318657
-13.318032
-13.317407
-13.316783
-13.316158
-13.315533
-13.314908
-13.314283
-13.313658
-13.313033
-13.312408
-13.311783
-13.311158
-13.310533
-13.309908
-13.309283
-13.308658
-13.308033
-13.307408
-13.306783
-13.306157
-13.305532
-13.304907
-13.304282
-13.303656
-13.303031
-13.302406
-13.301780
-13.301155
-13.300529
-13.299904
-13.299278
-13.298653
-13.298027
-13.297402
-13.296776
-13.296150
-13.295525
-13.294899
-13.294273
-13.293648
-13.293022
-13.292396
-13.291770
-13.291144
-13.290519
-13.289893
-13.289267
-13.288641
-13.288015
-13.287389
-13.286763
-13.286137
-13.285511
-13.284885
-13.284259
-13.283632
-13.283006
-13.282380
-13.281754
-13.281128
-13.280501
-13.279875
-13.279249
-13.278622
-13.277996
-13.277370
-13.276743
-13.276117
-13.275490
-13.274864
-13.274237
-13.273611
-13.272984
-13.272357
-13.271731
-13.271104
-13.270477
-13.269851
-13.269224
-13.268597
-13.267971
-13.267344
-13.266717
-13.266090
-13.265463
-13.264836
-13.264209
-13.263582
-13.262955
-13.262328
-13.261701
-13.261074
-13.260447
-13.259820
-13.259193
-13.258566
-13.257939
-13.257311
-13.256684
-13.256057
-13.255429
-13.254802
-13.254175
-13.253547
-13.252920
-13.252293
-13.251665
-13.251038
-13.250410
-13.249783
-13.249155
-13.248528
-13.247900
-13.247272
-13.246645
-13.246017
-13.245389
-13.244762
-13.244134
-13.243506
-13.242878
-13.242250
-13.241623
-13.240995
-13.240367
-13.239739
-13.239111
-13.238483
-13.237855
-13.237227
-13.236599
-13.235971
-13.235343
-13.234714
-13.234086
-13.233458
-13.232830
-13.232202
-13.231573
-13.230945
-13.230317
-13.229688
-13.229060
-13.228432
-13.227803
-13.227175
-13.226546
-13.225918
-13.225289
-13.224661
-13.224032
-13.223404
-13.222775
-13.222146
-13.221518
-13.220889
-13.220260
-13.219632
-13.219003
-13.218374
-13.217745
-13.217116
-13.216487
-13.215859
-13.215230
-13.214601
-13.213972
-13.213343
-13.212714
-13.212085
-13.211456
-13.210826
-13.210197
-13.209568
-13.208939
-13.208310
-13.207681
-13.207051
-13.206422
-13.205793
-13.205163
-13.204534
-13.203905
-13.203275
-13.202646
-13.202016
-13.201387
-13.200757
-13.200128
-13.199498
-13.198869
-13.198239
-13.197609
-13.196980
-13.196350
-13.195720
-13.195091
-13.194461
-13.193831
-13.193201
-13.192571
-13.191942
-13.191312
-13.190682
-13.190052
-13.189422
-13.188792
-13.188162
-13.187532
-13.186902
-13.186272
-13.185641
-13.185011
-13.184381
-13.183751
-13.183121
-13.182490
-13.181860
-13.181230
-13.180600
-13.179969
-13.179339
-13.178708
-13.178078
-13.177448
-13.176817
-13.176187
-13.175556
-13.174926
-13.174295
-13.173664
-13.173034
-13.172403
-13.171772
-13.171142
-13.170511
-13.169880
-13.169249
-13.168619
-13.167988
-13.167357
-13.166726
-13.166095
-13.165464
-13.164833
-13.164202
-13.163571
-13.162940
-13.162309
-13.161678
-13.161047
-13.160416
-13.159785
-13.159153
-13.158522
-13.157891
-13.157260
-13.156628
-13.155997
-13.155366
-13.154734
-13.154103
-13.153472
-13.152840
-13.152209
-13.151577
-13.150946
-13.150314
-13.149683
-13.149051
-13.148419
-13.147788
-13.147156
-13.146524
-13.145893
-13.145261
-13.144629
-13.143997
-13.143366
-13.142734
-13.142102
-13.141470
-13.140838
-13.140206
-13.139574
-13.138942
-13.138310
-13.137678
-13.137046
-13.136414
-13.135782
-13.135150
-13.134517
-13.133885
-13.133253
-13.132621
-13.131989
-13.131356
-13.130724
-13.130092
-13.129459
-13.128827
-13.128194
-13.127562
-13.126929
-13.126297
-13.125664
-13.125032
-13.124399
-13.123767
-13.123134
-13.122501
-13.121869
-13.121236
-13.120603
-13.119970
-13.119338
-13.118705
-13.118072
-13.117439
-13.116806
-13.116173
-13.115541
-13.114908
-13.114275
-13.113642
-13.113009
-13.112375
-13.111742
-13.111109
-13.110476
-13.109843
-13.109210
-13.108577
-13.107943
-13.107310
-13.106677
-13.106044
-13.105410
-13.104777
-13.104143
-13.103510
-13.102877
-13.102243
-13.101610
-13.100976
-13.100343
-13.099709
-13.099075
-13.098442
-13.097808
-13.097175
-13.096541
-13.095907
-13.095273
-13.094640
-13.094006
-13.093372
-13.092738
-13.092104
-13.091470
-13.090836
-13.090203
-13.089569
-13.088935
-13.088301
-13.087667
-13.087032
-13.086398
-13.085764
-13.085130
-13.084496
-13.083862
-13.083228
-13.082593
-13.081959
-13.081325
-13.080690
-13.080056
-13.079422
-13.078787
-13.078153
-13.077518
-13.076884
-13.076249
-13.075615
-13.074980
-13.074346
-13.073711
-13.073077
-13.072442
-13.071807
-13.071173
-13.070538
-13.069903
-13.069268
-13.068634
-13.067999
-13.067364
-13.066729
-13.066094
-13.065459
-13.064824
-13.064189
-13.063554
-13.062919
-13.062284
-13.061649
-13.061014
-13.060379
-13.059744
-13.059109
-13.058473
-13.057838
-13.057203
-13.056568
-13.055932
-13.055297
-13.054662
-13.054026
-13.053391
-13.052755
-13.052120
-13.051485
-13.050849
-13.050214
-13.049578
-13.048942
-13.048307
-13.047671
-13.047036
-13.046400
-13.045764
-13.045128
-13.044493
-13.043857
-13.043221
-13.042585
-13.041949
-13.041314
-13.040678
-13.040042
-13.039406
-13.038770
-13.038134
-13.037498
-13.036862
-13.036226
-13.035590
-13.034953
-13.034317
-13.033681
-13.033045
-13.032409
-13.031772
-13.031136
-13.030500
-13.029863
-13.029227
-13.028591
-13.027954
-13.027318
-13.026681
-13.026045
-13.025408
-13.024772
-13.024135
-13.023499
-13.022862
-13.022226
-13.021589
-13.020952
-13.020316
-13.019679
-13.019042
-13.018405
-13.017768
-13.017132
-13.016495
-13.015858
-13.015221
-13.014584
-13.013947
-13.013310
-13.012673
-13.012036
-13.011399
-13.010762
-13.010125
-13.009488
-13.008851
-13.008213
-13.007576
-13.006939
-13.006302
-13.005664
-13.005027
-13.004390
-13.003752
-13.003115
-13.002478
-13.001840
-13.001203
-13.000565
-12.999928
-12.999290
-12.998653
-12.998015
-12.997377
-12.996740
-12.996102
-12.995464
-12.994827
-12.994189
-12.993551
-12.992914
-12.992276
-12.991638
-12.991000
-12.990362
-12.989724
-12.989086
-12.988448
-12.987810
-12.987172
-12.986534
-12.985896
-12.985258
-12.984620
-12.983982
-12.983344
-12.982706
-12.982067
-12.981429
-12.980791
-12.980153
-12.979514
-12.978876
-12.978238
-12.977599
-12.976961
-12.976322
-12.975684
-12.975045
-12.974407
-12.973768
-12.973130
-12.972491
-12.971853
-12.971214
-12.970575
-12.969937
-12.969298
-12.968659
-12.968021
-12.967382
-12.966743
-12.966104
-12.965465
-12.964826
-12.964187
-12.963549
-12.962910
-12.962271
-12.961632
-12.960993
-12.960354
-12.959714
-12.959075
-12.958436
-12.957797
-12.957158
-12.956519
-12.955879
-12.955240
-12.954601
-12.953962
-12.953322
-12.952683
-12.952044
-12.951404
-12.950765
-12.950125
-12.949486
-12.948846
-12.948207
-12.947567
-12.946928
-12.946288
-12.945648
-12.945009
-12.944369
-12.943729
-12.943090
-12.942450
-12.941810
-12.941170
-12.940530
-12.939891
-12.939251
-12.938611
-12.937971
-12.937331
-12.936691
-12.936051
-12.935411
-12.934771
-12.934131
-12.933491
-12.932851
-12.932210
-12.931570
-12.930930
-12.930290
-12.929650
-12.929009
-12.928369
-12.927729
-12.927088
-12.926448
-12.925808
-12.925167
-12.924527
-12.923886
-12.923246
-12.922605
-12.921965
-12.921324
-12.920684
-12.920043
-12.919402
-12.918762
-12.918121
-12.917480
-12.916839
-12.916199
-12.915558
-12.914917
-12.914276
-12.913635
-12.912994
-12.912353
-12.911713
-12.911072
-12.910431
-12.909790
-12.909148
-12.908507
-12.907866
-12.907225
-12.906584
-12.905943
-12.905302
-12.904660
-12.904019
-12.903378
-12.902737
-12.902095
-12.901454
-12.900813
-12.900171
-12.899530
-12.898888
-12.898247
-12.897605
-12.896964
-12.896322
-12.895681
-12.895039
-12.894398
-12.893756
-12.893114
-12.892473
-12.891831
-12.891189
-12.890547
-12.889906
-12.889264
-12.888622
-12.887980
-12.887338
-12.886696
-12.886054
-12.885412
-12.884770
-12.884128
-12.883486
-12.882844
-12.882202
-12.881560
-12.880918
-12.880276
-12.879634
-12.878991
-12.878349
-12.877707
-12.877065
-12.876422
-12.875780
-12.875138
-12.874495
-12.873853
-12.873210
-12.872568
-12.871925
-12.871283
-12.870640
-12.869998
-12.869355
-12.868713
-12.868070
-12.867427
-12.866785
-12.866142
-12.865499
-12.864856
-12.864214
-12.863571
-12.862928
-12.862285
-12.861642
-12.860999
-12.860356
-12.859714
-12.859071
-12.858428
-12.857785
-12.857141
-12.856498
-12.855855
-12.855212
-12.854569
-12.853926
-12.853283
-12.852639
-12.851996
-12.851353
-12.850710
-12.850066
-12.849423
-12.848780
-12.848136
-12.847493
-12.846849
-12.846206
-12.845562
-12.844919
-12.844275
-12.843632
-12.842988
-12.842344
-12.841701
-12.841057
-12.840413
-12.839770
-12.839126
-12.838482
-12.837838
-12.837195
-12.836551
-12.835907
-12.835263
-12.834619
-12.833975
-12.833331
-12.832687
-12.832043
-12.831399
-12.830755
-12.830111
-12.829467
-12.828823
-12.828179
-12.827534
-12.826890
-12.826246
-12.825602
-12.824957
-12.824313
-12.823669
-12.823024
-12.822380
-12.821736
-12.821091
-12.820447
-12.819802
-12.819158
-12.818513
-12.817869
-12.817224
-12.816579
-12.815935
-12.815290
-12.814645
-12.814001
-12.813356
-12.812711
-12.812066
-12.811422
-12.810777
-12.810132
-12.809487
-12.808842
-12.808197
-12.807552
-12.806907
-12.806262
-12.805617
-12.804972
-12.804327
-12.803682
-12.803037
-12.802392
-12.801747
-12.801101
-12.800456
-12.799811
-12.799166
-12.798520
-12.797875
-12.797230
-12.796584
-12.795939
-12.795294
-12.794648
-12.794003
-12.793357
-12.792712
-12.792066
-12.791421
-12.790775
-12.790129
-12.789484
-12.788838
-12.788192
-12.787547
-12.786901
-12.786255
-12.785609
-12.784963
-12.784318
-12.783672
-12.783026
-12.782380
-12.781734
-12.781088
-12.780442
-12.779796
-12.779150
-12.778504
-12.777858
-12.777212
-12.776566
-12.775920
-12.775273
-12.774627
-12.773981
-12.773335
-12.772688
-12.772042
-12.771396
-12.770749
-12.770103
-12.769457
-12.768810
-12.768164
-12.767517
-12.766871
-12.766224
-12.765578
-12.764931
-12.764284
-12.763638
-12.762991
-12.762345
-12.761698
-12.761051
-12.760404
-12.759758
-12.759111
-12.758464
-12.757817
-12.757170
-12.756523
-12.755876
-12.755230
-12.754583
-12.753936
-12.753289
-12.752642
-12.751994
-12.751347
-12.750700
-12.750053
-12.749406
-12.748759
-12.748112
-12.747464
-12.746817
-12.746170
-12.745522
-12.744875
-12.744228
-12.743580
-12.742933
-12.742286
-12.741638
-12.740991
-12.740343
-12.739696
-12.739048
-12.738400
-12.737753
-12.737105
-12.736458
-12.735810
-12.735162
-12.734514
-12.733867
-12.733219
-12.732571
-12.731923
-12.731275
-12.730628
-12.729980
-12.729332
-12.728684
-12.728036
-12.727388
-12.726740
-12.726092
-12.725444
-12.724796
-12.724148
-12.723499
-12.722851
-12.722203
-12.721555
-12.720907
-12.720258
-12.719610
-12.718962
-12.718313
-12.717665
-12.717017
-12.716368
-12.715720
-12.715071
-12.714423
-12.713774
-12.713126
-12.712477
-12.711829
-12.711180
-12.710531
-12.709883
-12.709234
-12.708585
-12.707937
-12.707288
-12.706639
-12.705990
-12.705341
-12.704693
-12.704044
-12.703395
-12.702746
-12.702097
-12.701448
-12.700799
-12.700150
-12.699501
-12.698852
-12.698203
-12.697554
-12.696905
-12.696255
-12.695606
-12.694957
-12.694308
-12.693658
-12.693009
-12.692360
-12.691710
-12.691061
-12.690412
-12.689762
-12.689113
-12.688463
-12.687814
-12.687164
-12.686515
-12.685865
-12.685216
-12.684566
-12.683917
-12.683267
-12.682617
-12.681967
-12.681318
-12.680668
-12.680018
-12.679368
-12.678719
-12.678069
-12.677419
-12.676769
-12.676119
-12.675469
-12.674819
-12.674169
-12.673519
-12.672869
-12.672219
-12.671569
-12.670919
-12.670269
-12.669618
-12.668968
-12.668318
-12.667668
-12.667018
-12.666367
-12.665717
-12.665067
-12.664416
-12.663766
-12.663115
-12.662465
-12.661815
-12.661164
-12.660514
-12.659863
-12.659212
-12.658562
-12.657911
-12.657261
-12.656610
-12.655959
-12.655309
-12.654658
-12.654007
-12.653356
-12.652706
-12.652055
-12.651404
-12.650753
-12.650102
-12.649451
-12.648800
-12.648149
-12.647498
-12.646847
-12.646196
-12.645545
-12.644894
-12.644243
-12.643592
-12.642941
-12.642289
-12.641638
-12.640987
-12.640336
-12.639685
-12.639033
-12.638382
-12.637730
-12.637079
-12.636428
-12.635776
-12.635125
-12.634473
-12.633822
-12.633170
-12.632519
-12.631867
-12.631216
-12.630564
-12.629912
-12.629261
-12.628609
-12.627957
-12.627305
-12.626654
-12.626002
-12.625350
-12.624698
-12.624046
-12.623394
-12.622743
-12.622091
-12.621439
-12.620787
-12.620135
-12.619483
-12.618831
-12.618178
-12.617526
-12.616874
-12.616222
-12.615570
-12.614918
-12.614265
-12.613613
-12.612961
-12.612309
-12.611656
-12.611004
-12.610352
-12.609699
-12.609047
-12.608394
-12.607742
-12.607089
-12.606437
-12.605784
-12.605132
-12.604479
-12.603826
-12.603174
-12.602521
-12.601868
-12.601216
-12.600563
-12.599910
-12.599257
-12.598605
-12.597952
-12.597299
-12.596646
-12.595993
-12.595340
-12.594687
-12.594034
-12.593381
-12.592728
-12.592075
-12.591422
-12.590769
-12.590116
-12.589463
-12.588810
-12.588156
-12.587503
-12.586850
-12.586197
-12.585543
-12.584890
-12.584237
-12.583583
-12.582930
-12.582276
-12.581623
-12.580970
-12.580316
-12.579663
-12.579009
-12.578355
-12.577702
-12.577048
-12.576395
-12.575741
-12.575087
-12.574434
-12.573780
-12.573126
-12.572472
-12.571819
-12.571165
-12.570511
-12.569857
-12.569203
-12.568549
-12.567895
-12.567241
-12.566587
-12.565933
-12.565279
-12.564625
-12.563971
-12.563317
-12.562663
-12.562009
-12.561354
-12.560700
-12.560046
-12.559392
-12.558737
-12.558083
-12.557429
-12.556774
-12.556120
-12.555466
-12.554811
-12.554157
-12.553502
-12.552848
-12.552193
-12.551539
-12.550884
-12.550229
-12.549575
-12.548920
-12.548266
-12.547611
-12.546956
-12.546301
-12.545647
-12.544992
-12.544337
-12.543682
-12.543027
-12.542372
-12.541717
-12.541063
-12.540408
-12.539753
-12.539098
-12.538443
-12.537788
-12.537132
-12.536477
-12.535822
-12.535167
-12.534512
-12.533857
-12.533201
-12.532546
-12.531891
-12.531236
-12.530580
-12.529925
-12.529270
-12.528614
-12.527959
-12.527303
-12.526648
-12.525992
-12.525337
-12.524681
-12.524026
-12.523370
-12.522715
-12.522059
-12.521403
-12.520748
-12.520092
-12.519436
-12.518780
-12.518125
-12.517469
-12.516813
-12.516157
-12.515501
-12.514845
-12.514189
-12.513533
-12.512878
-12.512222
-12.511566
-12.510909
-12.510253
-12.509597
-12.508941
-12.508285
-12.507629
-12.506973
-12.506316
-12.505660
-12.505004
-12.504348
-12.503691
-12.503035
-12.502379
-12.501722
-12.501066
-12.500410
-12.499753
-12.499097
-12.498440
-12.497784
-12.497127
-12.496470
-12.495814
-12.495157
-12.494501
-12.493844
-12.493187
-12.492531
-12.491874
-12.491217
-12.490560
-12.489903
-12.489247
-12.488590
-12.487933
-12.487276
-12.486619
-12.485962
-12.485305
-12.484648
-12.483991
-12.483334
-12.482677
-12.482020
-12.481363
-12.480706
-12.480048
-12.479391
-12.478734
-12.478077
-12.477419
-12.476762
-12.476105
-12.475448
-12.474790
-12.474133
-12.473475
-12.472818
-12.472160
-12.471503
-12.470845
-12.470188
-12.469530
-12.468873
-12.468215
-12.467558
-12.466900
-12.466242
-12.465585
-12.464927
-12.464269
-12.463611
-12.462954
-12.462296
-12.461638
-12.460980
-12.460322
-12.459664
-12.459006
-12.458348
-12.457690
-12.457032
-12.456374
-12.455716
-12.455058
-12.454400
-12.453742
-12.453084
-12.452426
-12.451767
-12.451109
-12.450451
-12.449793
-12.449134
-12.448476
-12.447818
-12.447159
-12.446501
-12.445843
-12.445184
-12.444526
-12.443867
-12.443209
-12.442550
-12.441892
-12.441233
-12.440574
-12.439916
-12.439257
-12.438598
-12.437940
-12.437281
-12.436622
-12.435963
-12.435305
-12.434646
-12.433987
-12.433328
-12.432669
-12.432010
-12.431351
-12.430692
-12.430033
-12.429374
-12.428715
-12.428056
-12.427397
-12.426738
-12.426079
-12.425420
-12.424761
-12.424101
-12.423442
-12.422783
-12.422124
-12.421464
-12.420805
-12.420146
-12.419486
-12.418827
-12.418168
-12.417508
-12.416849
-12.416189
-12.415530
-12.414870
-12.414211
-12.413551
-12.412891
-12.412232
-12.411572
-12.410912
-12.410253
-12.409593
-12.408933
-12.408273
-12.407614
-12.406954
-12.406294
-12.405634
-12.404974
-12.404314
-12.403654
-12.402994
-12.402334
-12.401674
-12.401014
-12.400354
-12.399694
-12.399034
-12.398374
-12.397714
-12.397054
-12.396393
-12.395733
-12.395073
-12.394413
-12.393752
-12.393092
-12.392432
-12.391771
-12.391111
-12.390451
-12.389790
-12.389130
-12.388469
-12.387809
-12.387148
-12.386488
-12.385827
-12.385166
-12.384506
-12.383845
-12.383184
-12.382524
-12.381863
-12.381202
-12.380542
-12.379881
-12.379220
-12.378559
-12.377898
-12.377237
-12.376576
-12.375915
-12.375254
-12.374593
-12.373932
-12.373271
-12.372610
-12.371949
-12.371288
-12.370627
-12.369966
-12.369305
-12.368644
-12.367982
-12.367321
-12.366660
-12.365999
-12.365337
-12.364676
-12.364014
-12.363353
-12.362692
-12.362030
-12.361369
-12.360707
-12.360046
-12.359384
-12.358723
-12.358061
-12.357400
-12.356738
-12.356076
-12.355415
-12.354753
-12.354091
-12.353429
-12.352768
-12.352106
-12.351444
-12.350782
-12.350120
-12.349458
-12.348797
-12.348135
-12.347473
-12.346811
-12.346149
-12.345487
-12.344825
-12.344162
-12.343500
-12.342838
-12.342176
-12.341514
-12.340852
-12.340190
-12.339527
-12.338865
-12.338203
-12.337540
-12.336878
-12.336216
-12.335553
-12.334891
-12.334228
-12.333566
-12.332904
-12.332241
-12.331579
-12.330916
-12.330253
-12.329591
-12.328928
-12.328266
-12.327603
-12.326940
-12.326277
-12.325615
-12.324952
-12.324289
-12.323626
-12.322964
-12.322301
-12.321638
-12.320975
-12.320312
-12.319649
-12.318986
-12.318323
-12.317660
-12.316997
-12.316334
-12.315671
-12.315008
-12.314345
-12.313681
-12.313018
-12.312355
-12.311692
-12.311028
-12.310365
-12.309702
-12.309039
-12.308375
-12.307712
-12.307048
-12.306385
-12.305722
-12.305058
-12.304395
-12.303731
-12.303067
-12.302404
-12.301740
-12.301077
-12.300413
-12.299749
-12.299086
-12.298422
-12.297758
-12.297095
-12.296431
-12.295767
-12.295103
-12.294439
-12.293775
-12.293112
-12.292448
-12.291784
-12.291120
-12.290456
-12.289792
-12.289128
-12.288464
-12.287799
-12.287135
-12.286471
-12.285807
-12.285143
-12.284479
-12.283814
-12.283150
-12.282486
-12.281822
-12.281157
-12.280493
-12.279829
-12.279164
-12.278500
-12.277835
-12.277171
-12.276506
-12.275842
-12.275177
-12.274513
-12.273848
-12.273184
-12.272519
-12.271854
-12.271190
-12.270525
-12.269860
-12.269196
-12.268531
-12.267866
-12.267201
-12.266536
-12.265871
-12.265207
-12.264542
-12.263877
-12.263212
-12.262547
-12.261882
-12.261217
-12.260552
-12.259887
-12.259222
-12.258556
-12.257891
-12.257226
-12.256561
-12.255896
-12.255230
-12.254565
-12.253900
-12.253235
-12.252569
-12.251904
-12.251239
-12.250573
-12.249908
-12.249242
-12.248577
-12.247911
-12.247246
-12.246580
-12.245915
-12.245249
-12.244583
-12.243918
-12.243252
-12.242586
-12.241921
-12.241255
-12.240589
-12.239924
-12.239258
-12.238592
-12.237926
-12.237260
-12.236594
-12.235928
-12.235262
-12.234596
-12.233930
-12.233264
-12.232598
-12.231932
-12.231266
-12.230600
-12.229934
-12.229268
-12.228602
-12.227935
-12.227269
-12.226603
-12.225937
-12.225270
-12.224604
-12.223938
-12.223271
-12.222605
-12.221939
-12.221272
-12.220606
-12.219939
-12.219273
-12.218606
-12.217940
-12.217273
-12.216606
-12.215940
-12.215273
-12.214607
-12.213940
-12.213273
-12.212606
-12.211940
-12.211273
-12.210606
-12.209939
-12.209272
-12.208605
-12.207939
-12.207272
-12.206605
-12.205938
-12.205271
-12.204604
-12.203937
-12.203270
-12.202602
-12.201935
-12.201268
-12.200601
-12.199934
-12.199267
-12.198599
-12.197932
-12.197265
-12.196598
-12.195930
-12.195263
-12.194596
-12.193928
-12.193261
-12.192593
-12.191926
-12.191258
-12.190591
-12.189923
-12.189256
-12.188588
-12.187921
-12.187253
-12.186585
-12.185918
-12.185250
-12.184582
-12.183914
-12.183247
-12.182579
-12.181911
-12.181243
-12.180575
-12.179907
-12.179240
-12.178572
-12.177904
-12.177236
-12.176568
-12.175900
-12.175232
-12.174564
-12.173895
-12.173227
-12.172559
-12.171891
-12.171223
-12.170555
-12.169886
-12.169218
-12.168550
-12.167882
-12.167213
-12.166545
-12.165876
-12.165208
-12.164540
-12.163871
-12.163203
-12.162534
-12.161866
-12.161197
-12.160529
-12.159860
-12.159191
-12.158523
-12.157854
-12.157185
-12.156517
-12.155848
-12.155179
-12.154511
-12.153842
-12.153173
-12.152504
-12.151835
-12.151166
-12.150497
-12.149828
-12.149160
-12.148491
-12.147822
-12.147152
-12.146483
-12.145814
-12.145145
-12.144476
-12.143807
-12.143138
-12.142469
-12.141799
-12.141130
-12.140461
-12.139792
-12.139122
-12.138453
-12.137784
-12.137114
-12.136445
-12.135775
-12.135106
-12.134437
-12.133767
-12.133098
-12.132428
-12.131758
-12.131089
-12.130419
-12.129750
-12.129080
-12.128410
-12.127741
-12.127071
-12.126401
-12.125731
-12.125062
-12.124392
-12.123722
-12.123052
-12.122382
-12.121712
-12.121042
-12.120372
-12.119702
-12.119032
-12.118362
-12.117692
-12.117022
-12.116352
-12.115682
-12.115012
-12.114342
-12.113671
-12.113001
-12.112331
-12.111661
-12.110990
-12.110320
-12.109650
-12.108979
-12.108309
-12.107639
-12.106968
-12.106298
-12.105627
-12.104957
-12.104286
-12.103616
-12.102945
-12.102275
-12.101604
-12.100933
-12.100263
-12.099592
-12.098921
-12.098251
-12.097580
-12.096909
-12.096238
-12.095568
-12.094897
-12.094226
-12.093555
-12.092884
-12.092213
-12.091542
-12.090871
-12.090200
-12.089529
-12.088858
-12.088187
-12.087516
-12.086845
-12.086174
-12.085502
-12.084831
-12.084160
-12.083489
-12.082818
-12.082146
-12.081475
-12.080804
-12.080132
-12.079461
-12.078790
-12.078118
-12.077447
-12.076775
-12.076104
-12.075432
-12.074761
-12.074089
-12.073418
-12.072746
-12.072074
-12.071403
-12.070731
-12.070059
-12.069388
-12.068716
-12.068044
-12.067372
-12.066700
-12.066029
-12.065357
-12.064685
-12.064013
-12.063341
-12.062669
-12.061997
-12.061325
-12.060653
-12.059981
-12.059309
-12.058637
-12.057965
-12.057293
-12.056620
-12.055948
-12.055276
-12.054604
-12.053932
-12.053259
-12.052587
-12.051915
-12.051242
-12.050570
-12.049898
-12.049225
-12.048553
-12.047880
-12.047208
-12.046535
-12.045863
-12.045190
-12.044518
-12.043845
-12.043172
-12.042500
-12.041827
-12.041154
-12.040482
-12.039809
-12.039136
-12.038463
-12.037791
-12.037118
-12.036445
-12.035772
-12.035099
-12.034426
-12.033753
-12.033080
-12.032407
-12.031734
-12.031061
-12.030388
-12.029715
-12.029042
-12.028369
-12.027696
-12.027023
-12.026349
-12.025676
-12.025003
-12.024330
-12.023656
-12.022983
-12.022310
-12.021636
-12.020963
-12.020290
-12.019616
-12.018943
-12.018269
-12.017596
-12.016922
-12.016249
-12.015575
-12.014902
-12.014228
-12.013554
-12.012881
-12.012207
-12.011533
-12.010860
-12.010186
-12.009512
-12.008838
-12.008164
-12.007491
-12.006817
-12.006143
-12.005469
-12.004795
-12.004121
-12.003447
-12.002773
-12.002099
-12.001425
-12.000751
-12.000077
-11.999403
-11.998729
-11.998054
-11.997380
-11.996706
-11.996032
-11.995357
-11.994683
-11.994009
-11.993335
-11.992660
-11.991986
-11.991311
-11.990637
-11.989963
-11.989288
-11.988614
-11.987939
-11.987265
-11.986590
-11.985915
-11.985241
-11.984566
-11.983892
-11.983217
-11.982542
-11.981868
-11.981193
-11.980518
-11.979843
-11.979168
-11.978494
-11.977819
-11.977144
-11.976469
-11.975794
-11.975119
-11.974444
-11.973769
-11.973094
-11.972419
-11.971744
-11.971069
-11.970394
-11.969719
-11.969044
-11.968368
-11.967693
-11.967018
-11.966343
-11.965667
-11.964992
-11.964317
-11.963642
-11.962966
-11.962291
-11.961615
-11.960940
-11.960265
-11.959589
-11.958914
-11.958238
-11.957562
-11.956887
-11.956211
-11.955536
-11.954860
-11.954184
-11.953509
-11.952833
-11.952157
-11.951482
-11.950806
-11.950130
-11.949454
-11.948778
-11.948103
-11.947427
-11.946751
-11.946075
-11.945399
-11.944723
-11.944047
-11.943371
-11.942695
-11.942019
-11.941343
-11.940667
-11.939990
-11.939314
-11.938638
-11.937962
-11.937286
-11.936609
-11.935933
-11.935257
-11.934580
-11.933904
-11.933228
-11.932551
-11.931875
-11.931199
-11.930522
-11.929846
-11.929169
-11.928493
-11.927816
-11.927139
-11.926463
-11.925786
-11.925110
-11.924433
-11.923756
-11.923080
-11.922403
-11.921726
-11.921049
-11.920372
-11.919696
-11.919019
-11.918342
-11.917665
-11.916988
-11.916311
-11.915634
-11.914957
-11.914280
-11.913603
-11.912926
-11.912249
-11.911572
-11.910895
-11.910218
-11.909541
-11.908863
-11.908186
-11.907509
-11.906832
-11.906154
-11.905477
-11.904800
-11.904122
-11.903445
-11.902768
-11.902090
-11.901413
-11.900735
-11.900058
-11.899380
-11.898703
-11.898025
-11.897348
-11.896670
-11.895993
-11.895315
-11.894637
-11.893960
-11.893282
-11.892604
-11.891926
-11.891249
-11.890571
-11.889893
-11.889215
-11.888537
-11.887859
-11.887181
-11.886504
-11.885826
-11.885148
-11.884470
-11.883792
-11.883113
-11.882435
-11.881757
-11.881079
-11.880401
-11.879723
-11.879045
-11.878366
-11.877688
-11.877010
-11.876332
-11.875653
-11.874975
-11.874297
-11.873618
-11.872940
-11.872262
-11.871583
-11.870905
-11.870226
-11.869548
-11.868869
-11.868191
-11.867512
-11.866833
-11.866155
-11.865476
-11.864797
-11.864119
-11.863440
-11.862761
-11.862083
-11.861404
-11.860725
-11.860046
-11.859367
-11.858688
-11.858010
-11.857331
-11.856652
-11.855973
-11.855294
-11.854615
-11.853936
-11.853257
-11.852578
-11.851899
-11.851219
-11.850540
-11.849861
-11.849182
-11.848503
-11.847823
-11.847144
-11.846465
-11.845786
-11.845106
-11.844427
-11.843748
-11.843068
-11.842389
-11.841709
-11.841030
-11.840350
-11.839671
-11.838991
-11.838312
-11.837632
-11.836953
-11.836273
-11.835593
-11.834914
-11.834234
-11.833554
-11.832875
-11.832195
-11.831515
-11.830835
-11.830155
-11.829476
-11.828796
-11.828116
-11.827436
-11.826756
-11.826076
-11.825396
-11.824716
-11.824036
-11.823356
-11.822676
-11.821996
-11.821316
-11.820636
-11.819955
-11.819275
-11.818595
-11.817915
-11.817234
-11.816554
-11.815874
-11.815194
-11.814513
-11.813833
-11.813152
-11.812472
-11.811792
-11.811111
-11.810431
-11.809750
-11.809070
-11.808389
-11.807709
-11.807028
-11.806347
-11.805667
-11.804986
-11.804305
-11.803625
-11.802944
-11.802263
-11.801582
-11.800902
-11.800221
-11.799540
-11.798859
-11.798178
-11.797497
-11.796816
-11.796135
-11.795454
-11.794773
-11.794092
-11.793411
-11.792730
-11.792049
-11.791368
-11.790687
-11.790006
-11.789325
-11.788643
-11.787962
-11.787281
-11.786600
-11.785918
-11.785237
-11.784556
-11.783874
-11.783193
-11.782512
-11.781830
-11.781149
-11.780467
-11.779786
-11.779104
-11.778423
-11.777741
-11.777060
-11.776378
-11.775696
-11.775015
-11.774333
-11.773651
-11.772970
-11.772288
-11.771606
-11.770924
-11.770242
-11.769561
-11.768879
-11.768197
-11.767515
-11.766833
-11.766151
-11.765469
-11.764787
-11.764105
-11.763423
-11.762741
-11.762059
-11.761377
-11.760695
-11.760013
-11.759330
-11.758648
-11.757966
-11.757284
-11.756602
-11.755919
-11.755237
-11.754555
-11.753872
-11.753190
-11.752508
-11.751825
-11.751143
-11.750460
-11.749778
-11.749095
-11.748413
-11.747730
-11.747048
-11.746365
-11.745682
-11.745000
-11.744317
-11.743634
-11.742952
-11.742269
-11.741586
-11.740903
-11.740221
-11.739538
-11.738855
-11.738172
-11.737489
-11.736806
-11.736123
-11.735440
-11.734757
-11.734074
-11.733391
-11.732708
-11.732025
-11.731342
-11.730659
-11.729976
-11.729293
-11.728610
-11.727926
-11.727243
-11.726560
-11.725877
-11.725193
-11.724510
-11.723827
-11.723143
-11.722460
-11.721776
-11.721093
-11.720410
-11.719726
-11.719043
-11.718359
-11.717676
-11.716992
-11.716308
-11.715625
-11.714941
-11.714258
-11.713574
-11.712890
-11.712206
-11.711523
-11.710839
-11.710155
-11.709471
-11.708787
-11.708104
-11.707420
-11.706736
-11.706052
-11.705368
-11.704684
-11.704000
-11.703316
-11.702632
-11.701948
-11.701264
-11.700580
-11.699896
-11.699211
-11.698527
-11.697843
-11.697159
-11.696475
-11.695790
-11.695106
-11.694422
-11.693737
-11.693053
-11.692369
-11.691684
-11.691000
-11.690316
-11.689631
-11.688947
-11.688262
-11.687578
-11.686893
-11.686208
-11.685524
-11.684839
-11.684155
-11.683470
-11.682785
-11.682101
-11.681416
-11.680731
-11.680046
-11.679362
-11.678677
-11.677992
-11.677307
-11.676622
-11.675937
-11.675252
-11.674567
-11.673882
-11.673197
-11.672512
-11.671827
-11.671142
-11.670457
-11.669772
-11.669087
-11.668402
-11.667717
-11.667031
-11.666346
-11.665661
-11.664976
-11.664290
-11.663605
-11.662920
-11.662234
-11.661549
-11.660864
-11.660178
-11.659493
-11.658807
-11.658122
-11.657436
-11.656751
-11.656065
-11.655380
-11.654694
-11.654008
-11.653323
-11.652637
-11.651951
-11.651266
-11.650580
-11.649894
-11.649208
-11.648523
-11.647837
-11.647151
-11.646465
-11.645779
-11.645093
-11.644407
-11.643721
-11.643035
-11.642349
-11.641663
-11.640977
-11.640291
-11.639605
-11.638919
-11.638233
-11.637547
-11.636861
-11.636174
-11.635488
-11.634802
-11.634116
-11.633429
-11.632743
-11.632057
-11.631370
-11.630684
-11.629998
-11.629311
-11.628625
-11.627938
-11.627252
-11.626565
-11.625879
-11.625192
-11.624506
-11.623819
-11.623132
-11.622446
-11.621759
-11.621072
-11.620386
-11.619699
-11.619012
-11.618325
-11.617639
-11.616952
-11.616265
-11.615578
-11.614891
-11.614204
-11.613517
-11.612830
-11.612143
-11.611456
-11.610769
-11.610082
-11.609395
-11.608708
-11.608021
-11.607334
-11.606647
-11.605960
-11.605272
-11.604585
-11.603898
-11.603211
-11.602523
-11.601836
-11.601149
-11.600461
-11.599774
-11.599087
-11.598399
-11.597712
-11.597024
-11.596337
-11.595649
-11.594962
-11.594274
-11.593587
-11.592899
-11.592211
-11.591524
-11.590836
-11.590148
-11.589461
-11.588773
-11.588085
-11.587397
-11.586710
-11.586022
-11.585334
-11.584646
-11.583958
-11.583270
-11.582582
-11.581894
-11.581206
-11.580518
-11.579830
-11.579142
-11.578454
-11.577766
-11.577078
-11.576390
-11.575702
-11.575014
-11.574326
-11.573637
-11.572949
-11.572261
-11.571572
-11.570884
-11.570196
-11.569508
-11.568819
-11.568131
-11.567442
-11.566754
-11.566065
-11.565377
-11.564688
-11.564000
-11.563311
-11.562623
-11.561934
-11.561246
-11.560557
-11.559868
-11.559180
-11.558491
-11.557802
-11.557113
-11.556425
-11.555736
-11.555047
-11.554358
-11.553669
-11.552980
-11.552292
-11.551603
-11.550914
-11.550225
-11.549536
-11.548847
-11.548158
-11.547469
-11.546779
-11.546090
-11.545401
-11.544712
-11.544023
-11.543334
-11.542645
-11.541955
-11.541266
-11.540577
-11.539887
-11.539198
-11.538509
-11.537819
-11.537130
-11.536441
-11.535751
-11.535062
-11.534372
-11.533683
-11.532993
-11.532304
-11.531614
-11.530924
-11.530235
-11.529545
-11.528856
-11.528166
-11.527476
-11.526786
-11.526097
-11.525407
-11.524717
-11.524027
-11.523338
-11.522648
-11.521958
-11.521268
-11.520578
-11.519888
-11.519198
-11.518508
-11.517818
-11.517128
-11.516438
-11.515748
-11.515058
-11.514368
-11.513678
-11.512987
-11.512297
-11.511607
-11.510917
-11.510227
-11.509536
-11.508846
-11.508156
-11.507465
-11.506775
-11.506085
-11.505394
-11.504704
-11.504013
-11.503323
-11.502632
-11.501942
-11.501251
-11.500561
-11.499870
-11.499180
-11.498489
-11.497798
-11.497108
-11.496417
-11.495726
-11.495035
-11.494345
-11.493654
-11.492963
-11.492272
-11.491581
-11.490891
-11.490200
-11.489509
-11.488818
-11.488127
-11.487436
-11.486745
-11.486054
-11.485363
-11.484672
-11.483981
-11.483290
-11.482599
-11.481907
-11.481216
-11.480525
-11.479834
-11.479143
-11.478451
-11.477760
-11.477069
-11.476377
-11.475686
-11.474995
-11.474303
-11.473612
-11.472920
-11.472229
-11.471537
-11.470846
-11.470154
-11.469463
-11.468771
-11.468080
-11.467388
-11.466696
-11.466005
-11.465313
-11.464621
-11.463930
-11.463238
-11.462546
-11.461854
-11.461163
-11.460471
-11.459779
-11.459087
-11.458395
-11.457703
-11.457011
-11.456319
-11.455627
-11.454935
-11.454243
-11.453551
-11.452859
-11.452167
-11.451475
-11.450783
-11.450091
-11.449399
-11.448706
-11.448014
-11.447322
-11.446630
-11.445937
-11.445245
-11.444553
-11.443860
-11.443168
-11.442475
-11.441783
-11.441091
-11.440398
-11.439706
-11.439013
-11.438321
-11.437628
-11.436936
-11.436243
-11.435550
-11.434858
-11.434165
-11.433472
-11.432780
-11.432087
-11.431394
-11.430701
-11.430009
-11.429316
-11.428623
-11.427930
-11.427237
-11.426544
-11.425851
-11.425158
-11.424465
-11.423772
-11.423079
-11.422386
-11.421693
-11.421000
-11.420307
-11.419614
-11.418921
-11.418228
-11.417535
-11.416841
-11.416148
-11.415455
-11.414762
-11.414068
-11.413375
-11.412682
-11.411988
-11.411295
-11.410601
-11.409908
-11.409215
-11.408521
-11.407828
-11.407134
-11.406441
-11.405747
-11.405053
-11.404360
-11.403666
-11.402973
-11.402279
-11.401585
-11.400891
-11.400198
-11.399504
-11.398810
-11.398116
-11.397423
-11.396729
-11.396035
-11.395341
-11.394647
-11.393953
-11.393259
-11.392565
-11.391871
-11.391177
-11.390483
-11.389789
-11.389095
-11.388401
-11.387707
-11.387013
-11.386319
-11.385624
-11.384930
-11.384236
-11.383542
-11.382847
-11.382153
-11.381459
-11.380764
-11.380070
-11.379376
-11.378681
-11.377987
-11.377292
-11.376598
-11.375903
-11.375209
-11.374514
-11.373820
-11.373125
-11.372431
-11.371736
-11.371041
-11.370347
-11.369652
-11.368957
-11.368263
-11.367568
-11.366873
-11.366178
-11.365483
-11.364789
-11.364094
-11.363399
-11.362704
-11.362009
-11.361314
-11.360619
-11.359924
-11.359229
-11.358534
-11.357839
-11.357144
-11.356449
-11.355754
-11.355058
-11.354363
-11.353668
-11.352973
-11.352278
-11.351582
-11.350887
-11.350192
-11.349497
-11.348801
-11.348106
-11.347410
-11.346715
-11.346020
-11.345324
-11.344629
-11.343933
-11.343238
-11.342542
-11.341847
-11.341151
-11.340455
-11.339760
-11.339064
-11.338368
-11.337673
-11.336977
-11.336281
-11.335586
-11.334890
-11.334194
-11.333498
-11.332802
-11.332107
-11.331411
-11.330715
-11.330019
-11.329323
-11.328627
-11.327931
-11.327235
-11.326539
-11.325843
-11.325147
-11.324451
-11.323754
-11.323058
-11.322362
-11.321666
-11.320970
-11.320274
-11.319577
-11.318881
-11.318185
-11.317488
-11.316792
-11.316096
-11.315399
-11.314703
-11.314007
-11.313310
-11.312614
-11.311917
-11.311221
-11.310524
-11.309828
-11.309131
-11.308434
-11.307738
-11.307041
-11.306344
-11.305648
-11.304951
-11.304254
-11.303558
-11.302861
-11.302164
-11.301467
-11.300770
-11.300074
-11.299377
-11.298680
-11.297983
-11.297286
-11.296589
-11.295892
-11.295195
-11.294498
-11.293801
-11.293104
-11.292407
-11.291710
-11.291012
-11.290315
-11.289618
-11.288921
-11.288224
-11.287526
-11.286829
-11.286132
-11.285435
-11.284737
-11.284040
-11.283343
-11.282645
-11.281948
-11.281250
-11.280553
-11.279855
-11.279158
-11.278460
-11.277763
-11.277065
-11.276368
-11.275670
-11.274972
-11.274275
-11.273577
-11.272879
-11.272182
-11.271484
-11.270786
-11.270088
-11.269391
-11.268693
-11.267995
-11.267297
-11.266599
-11.265901
-11.265203
-11.264505
-11.263807
-11.263109
-11.262411
-11.261713
-11.261015
-11.260317
-11.259619
-11.258921
-11.258223
-11.257525
-11.256826
-11.256128
-11.255430
-11.254732
-11.254033
-11.253335
-11.252637
-11.251938
-11.251240
-11.250542
-11.249843
-11.249145
-11.248446
-11.247748
-11.247049
-11.246351
-11.245652
-11.244954
-11.244255
-11.243557
-11.242858
-11.242159
-11.241461
-11.240762
-11.240063
-11.239365
-11.238666
-11.237967
-11.237268
-11.236569
-11.235871
-11.235172
-11.234473
-11.233774
-11.233075
-11.232376
-11.231677
-11.230978
-11.230279
-11.229580
-11.228881
-11.228182
-11.227483
-11.226784
-11.226085
-11.225385
-11.224686
-11.223987
-11.223288
-11.222589
-11.221889
-11.221190
-11.220491
-11.219791
-11.219092
-11.218393
-11.217693
-11.216994
-11.216294
-11.215595
-11.214896
-11.214196
-11.213497
-11.212797
-11.212097
-11.211398
-11.210698
-11.209999
-11.209299
-11.208599
-11.207900
-11.207200
-11.206500
-11.205800
-11.205101
-11.204401
-11.203701
-11.203001
-11.202301
-11.201601
-11.200901
-11.200202
-11.199502
-11.198802
-11.198102
-11.197402
-11.196702
-11.196002
-11.195301
-11.194601
-11.193901
-11.193201
-11.192501
-11.191801
-11.191101
-11.190400
-11.189700
-11.189000
-11.188299
-11.187599
-11.186899
-11.186198
-11.185498
-11.184798
-11.184097
-11.183397
-11.182696
-11.181996
-11.181295
-11.180595
-11.179894
-11.179194
-11.178493
-11.177793
-11.177092
-11.176391
-11.175691
-11.174990
-11.174289
-11.173588
-11.172888
-11.172187
-11.171486
-11.170785
-11.170084
-11.169383
-11.168683
-11.167982
-11.167281
-11.166580
-11.165879
-11.165178
-11.164477
-11.163776
-11.163075
-11.162374
-11.161673
-11.160971
-11.160270
-11.159569
-11.158868
-11.158167
-11.157465
-11.156764
-11.156063
-11.155362
-11.154660
-11.153959
-11.153258
-11.152556
-11.151855
-11.151153
-11.150452
-11.149751
-11.149049
-11.148348
-11.147646
-11.146944
-11.146243
-11.145541
-11.144840
-11.144138
-11.143436
-11.142735
-11.142033
-11.141331
-11.140630
-11.139928
-11.139226
-11.138524
-11.137822
-11.137120
-11.136419
-11.135717
-11.135015
-11.134313
-11.133611
-11.132909
-11.132207
-11.131505
-11.130803
-11.130101
-11.129399
-11.128697
-11.127995
-11.127292
-11.126590
-11.125888
-11.125186
-11.124484
-11.123781
-11.123079
-11.122377
-11.121674
-11.120972
-11.120270
-11.119567
-11.118865
-11.118163
-11.117460
-11.116758
-11.116055
-11.115353
-11.114650
-11.113948
-11.113245
-11.112542
-11.111840
-11.111137
-11.110434
-11.109732
-11.109029
-11.108326
-11.107624
-11.106921
-11.106218
-11.105515
-11.104812
-11.104110
-11.103407
-11.102704
-11.102001
-11.101298
-11.100595
-11.099892
-11.099189
-11.098486
-11.097783
-11.097080
-11.096377
-11.095674
-11.094971
-11.094268
-11.093564
-11.092861
-11.092158
-11.091455
-11.090752
-11.090048
-11.089345
-11.088642
-11.087938
-11.087235
-11.086532
-11.085828
-11.085125
-11.084421
-11.083718
-11.083014
-11.082311
-11.081607
-11.080904
-11.080200
-11.079497
-11.078793
-11.078089
-11.077386
-11.076682
-11.075978
-11.075275
-11.074571
-11.073867
-11.073163
-11.072460
-11.071756
-11.071052
-11.070348
-11.069644
-11.068940
-11.068236
-11.067532
-11.066828
-11.066124
-11.065420
-11.064716
-11.064012
-11.063308
-11.062604
-11.061900
-11.061196
-11.060492
-11.059788
-11.059083
-11.058379
-11.057675
-11.056971
-11.056266
-11.055562
-11.054858
-11.054153
-11.053449
-11.052745
-11.052040
-11.051336
-11.050631
-11.049927
-11.049222
-11.048518
-11.047813
-11.047109
-11.046404
-11.045700
-11.044995
-11.044290
-11.043586
-11.042881
-11.042176
-11.041472
-11.040767
-11.040062
-11.039357
-11.038652
-11.037948
-11.037243
-11.036538
-11.035833
-11.035128
-11.034423
-11.033718
-11.033013
-11.032308
-11.031603
-11.030898
-11.030193
-11.029488
-11.028783
-11.028078
-11.027373
-11.026667
-11.025962
-11.025257
-11.024552
-11.023846
-11.023141
-11.022436
-11.021731
-11.021025
-11.020320
-11.019614
-11.018909
-11.018204
-11.017498
-11.016793
-11.016087
-11.015382
-11.014676
-11.013971
-11.013265
-11.012560
-11.011854
-11.011148
-11.010443
-11.009737
-11.009031
-11.008326
-11.007620
-11.006914
-11.006208
-11.005502
-11.004797
-11.004091
-11.003385
-11.002679
-11.001973
-11.001267
-11.000561
-10.999855
-10.999149
-10.998443
-10.997737
-10.997031
-10.996325
-10.995619
-10.994913
-10.994207
-10.993501
-10.992794
-10.992088
-10.991382
-10.990676
-10.989970
-10.989263
-10.988557
-10.987851
-10.987144
-10.986438
-10.985731
-10.985025
-10.984319
-10.983612
-10.982906
-10.982199
-10.981493
-10.980786
-10.980080
-10.979373
-10.978666
-10.977960
-10.977253
-10.976547
-10.975840
-10.975133
-10.974426
-10.973720
-10.973013
-10.972306
-10.971599
-10.970892
-10.970186
-10.969479
-10.968772
-10.968065
-10.967358
-10.966651
-10.965944
-10.965237
-10.964530
-10.963823
-10.963116
-10.962409
-10.961702
-10.960995
-10.960288
-10.959580
-10.958873
-10.958166
-10.957459
-10.956752
-10.956044
-10.955337
-10.954630
-10.953922
-10.953215
-10.952508
-10.951800
-10.951093
-10.950385
-10.949678
-10.948970
-10.948263
-10.947555
-10.946848
-10.946140
-10.945433
-10.944725
-10.944017
-10.943310
-10.942602
-10.941894
-10.941187
-10.940479
-10.939771
-10.939064
-10.938356
-10.937648
-10.936940
-10.936232
-10.935524
-10.934816
-10.934109
-10.933401
-10.932693
-10.931985
-10.931277
-10.930569
-10.929861
-10.929153
-10.928444
-10.927736
-10.927028
-10.926320
-10.925612
-10.924904
-10.924196
-10.923487
-10.922779
-10.922071
-10.921362
-10.920654
-10.919946
-10.919237
-10.918529
-10.917821
-10.917112
-10.916404
-10.915695
-10.914987
-10.914278
-10.913570
-10.912861
-10.912153
-10.911444
-10.910736
-10.910027
-10.909318
-10.908610
-10.907901
-10.907192
-10.906484
-10.905775
-10.905066
-10.904357
-10.903648
-10.902940
-10.902231
-10.901522
-10.900813
-10.900104
-10.899395
-10.898686
-10.897977
-10.897268
-10.896559
-10.895850
-10.895141
-10.894432
-10.893723
-10.893014
-10.892305
-10.891595
-10.890886
-10.890177
-10.889468
-10.888759
-10.888049
-10.887340
-10.886631
-10.885921
-10.885212
-10.884503
-10.883793
-10.883084
-10.882374
-10.881665
-10.880955
-10.880246
-10.879536
-10.878827
-10.878117
-10.877408
-10.876698
-10.875989
-10.875279
-10.874569
-10.873860
-10.873150
-10.872440
-10.871730
-10.871021
-10.870311
-10.869601
-10.868891
-10.868181
-10.867471
-10.866762
-10.866052
-10.865342
-10.864632
-10.863922
-10.863212
-10.862502
-10.861792
-10.861082
-10.860372
-10.859662
-10.858951
-10.858241
-10.857531
-10.856821
-10.856111
-10.855400
-10.854690
-10.853980
-10.853270
-10.852559
-10.851849
-10.851139
-10.850428
-10.849718
-10.849008
-10.848297
-10.847587
-10.846876
-10.846166
-10.845455
-10.844745
-10.844034
-10.843324
-10.842613
-10.841902
-10.841192
-10.840481
-10.839770
-10.839060
-10.838349
-10.837638
-10.836927
-10.836217
-10.835506
-10.834795
-10.834084
-10.833373
-10.832662
-10.831951
-10.831241
-10.830530
-10.829819
-10.829108
-10.828397
-10.827686
-10.826975
-10.826264
-10.825552
-10.824841
-10.824130
-10.823419
-10.822708
-10.821997
-10.821285
-10.820574
-10.819863
-10.819152
-10.818440
-10.817729
-10.817018
-10.816306
-10.815595
-10.814884
-10.814172
-10.813461
-10.812749
-10.812038
-10.811326
-10.810615
-10.809903
-10.809192
-10.808480
-10.807768
-10.807057
-10.806345
-10.805633
-10.804922
-10.804210
-10.803498
-10.802787
-10.802075
-10.801363
-10.800651
-10.799939
-10.799227
-10.798516
-10.797804
-10.797092
-10.796380
-10.795668
-10.794956
-10.794244
-10.793532
-10.792820
-10.792108
-10.791396
-10.790684
-10.789972
-10.789259
-10.788547
-10.787835
-10.787123
-10.786411
-10.785698
-10.784986
-10.784274
-10.783561
-10.782849
-10.782137
-10.781424
-10.780712
-10.780000
-10.779287
-10.778575
-10.777862
-10.777150
-10.776437
-10.775725
-10.775012
-10.774300
-10.773587
-10.772874
-10.772162
-10.771449
-10.770736
-10.770024
-10.769311
-10.768598
-10.767885
-10.767173
-10.766460
-10.765747
-10.765034
-10.764321
-10.763608
-10.762896
-10.762183
-10.761470
-10.760757
-10.760044
-10.759331
-10.758618
-10.757905
-10.757192
-10.756479
-10.755765
-10.755052
-10.754339
-10.753626
-10.752913
-10.752200
-10.751486
-10.750773
-10.750060
-10.749347
-10.748633
-10.747920
-10.747207
-10.746493
-10.745780
-10.745066
-10.744353
-10.743639
-10.742926
-10.742212
-10.741499
-10.740785
-10.740072
-10.739358
-10.738645
-10.737931
-10.737217
-10.736504
-10.735790
-10.735076
-10.734363
-10.733649
-10.732935
-10.732221
-10.731508
-10.730794
-10.730080
-10.729366
-10.728652
-10.727938
-10.727224
-10.726510
-10.725796
-10.725082
-10.724368
-10.723654
-10.722940
-10.722226
-10.721512
-10.720798
-10.720084
-10.719370
-10.718656
-10.717941
-10.717227
-10.716513
-10.715799
-10.715084
-10.714370
-10.713656
-10.712941
-10.712227
-10.711513
-10.710798
-10.710084
-10.709369
-10.708655
-10.707940
-10.707226
-10.706511
-10.705797
-10.705082
-10.704368
-10.703653
-10.702939
-10.702224
-10.701509
-10.700795
-10.700080
-10.699365
-10.698650
-10.697936
-10.697221
-10.696506
-10.695791
-10.695076
-10.694361
-10.693647
-10.692932
-10.692217
-10.691502
-10.690787
-10.690072
-10.689357
-10.688642
-10.687927
-10.687212
-10.686497
-10.685781
-10.685066
-10.684351
-10.683636
-10.682921
-10.682206
-10.681490
-10.680775
-10.680060
-10.679344
-10.678629
-10.677914
-10.677198
-10.676483
-10.675768
-10.675052
-10.674337
-10.673621
-10.672906
-10.672190
-10.671475
-10.670759
-10.670044
-10.669328
-10.668613
-10.667897
-10.667181
-10.666466
-10.665750
-10.665034
-10.664319
-10.663603
-10.662887
-10.662171
-10.661455
-10.660740
-10.660024
-10.659308
-10.658592
-10.657876
-10.657160
-10.656444
-10.655728
-10.655012
-10.654296
-10.653580
-10.652864
-10.652148
-10.651432
-10.650716
-10.650000
-10.649284
-10.648568
-10.647851
-10.647135
-10.646419
-10.645703
-10.644986
-10.644270
-10.643554
-10.642837
-10.642121
-10.641405
-10.640688
-10.639972
-10.639255
-10.638539
-10.637823
-10.637106
-10.636390
-10.635673
-10.634956
-10.634240
-10.633523
-10.632807
-10.632090
-10.631373
-10.630657
-10.629940
-10.629223
-10.628506
-10.627790
-10.627073
-10.626356
-10.625639
-10.624922
-10.624206
-10.623489
-10.622772
-10.622055
-10.621338
-10.620621
-10.619904
-10.619187
-10.618470
-10.617753
-10.617036
-10.616319
-10.615602
-10.614885
-10.614167
-10.613450
-10.612733
-10.612016
-10.611299
-10.610581
-10.609864
-10.609147
-10.608430
-10.607712
-10.606995
-10.606278
-10.605560
-10.604843
-10.604125
-10.603408
-10.602690
-10.601973
-10.601255
-10.600538
-10.599820
-10.599103
-10.598385
-10.597668
-10.596950
-10.596232
-10.595515
-10.594797
-10.594079
-10.593362
-10.592644
-10.591926
-10.591208
-10.590490
-10.589773
-10.589055
-10.588337
-10.587619
-10.586901
-10.586183
-10.585465
-10.584747
-10.584029
-10.583311
-10.582593
-10.581875
-10.581157
-10.580439
-10.579721
-10.579003
-10.578285
-10.577566
-10.576848
-10.576130
-10.575412
-10.574693
-10.573975
-10.573257
-10.572539
-10.571820
-10.571102
-10.570384
-10.569665
-10.568947
-10.568228
-10.567510
-10.566791
-10.566073
-10.565354
-10.564636
-10.563917
-10.563199
-10.562480
-10.561761
-10.561043
-10.560324
-10.559605
-10.558887
-10.558168
-10.557449
-10.556731
-10.556012
-10.555293
-10.554574
-10.553855
-10.553136
-10.552418
-10.551699
-10.550980
-10.550261
-10.549542
-10.548823
-10.548104
-10.547385
-10.546666
-10.545947
-10.545228
-10.544509
-10.543789
-10.543070
-10.542351
-10.541632
-10.540913
-10.540194
-10.539474
-10.538755
-10.538036
-10.537316
-10.536597
-10.535878
-10.535158
-10.534439
-10.533720
-10.533000
-10.532281
-10.531561
-10.530842
-10.530122
-10.529403
-10.528683
-10.527964
-10.527244
-10.526525
-10.525805
-10.525085
-10.524366
-10.523646
-10.522926
-10.522207
-10.521487
-10.520767
-10.520047
-10.519327
-10.518608
-10.517888
-10.517168
-10.516448
-10.515728
-10.515008
-10.514288
-10.513568
-10.512848
-10.512128
-10.511408
-10.510688
-10.509968
-10.509248
-10.508528
-10.507808
-10.507088
-10.506368
-10.505647
-10.504927
-10.504207
-10.503487
-10.502766
-10.502046
-10.501326
-10.500606
-10.499885
-10.499165
-10.498444
-10.497724
-10.497004
-10.496283
-10.495563
-10.494842
-10.494122
-10.493401
-10.492681
-10.491960
-10.491240
-10.490519
-10.489798
-10.489078
-10.488357
-10.487636
-10.486916
-10.486195
-10.485474
-10.484753
-10.484033
-10.483312
-10.482591
-10.481870
-10.481149
-10.480428
-10.479707
-10.478987
-10.478266
-10.477545
-10.476824
-10.476103
-10.475382
-10.474661
-10.473940
-10.473218
-10.472497
-10.471776
-10.471055
-10.470334
-10.469613
-10.468892
-10.468170
-10.467449
-10.466728
-10.466007
-10.465285
-10.464564
-10.463843
-10.463121
-10.462400
-10.461678
-10.460957
-10.460236
-10.459514
-10.458793
-10.458071
