0.024987
0.025706
0.026412
0.027104
0.027783
0.028447
0.029097
0.029732
0.030352
0.030957
0.031546
0.032120
0.032678
0.033219
0.033745
0.034254
0.034747
0.035223
0.035682
0.036125
0.036550
0.036959
0.037351
0.037725
0.038083
0.038423
0.038747
0.039053
0.039342
0.039615
0.039870
0.040108
0.040330
0.040534
0.040722
0.040893
0.041048
0.041186
0.041308
0.041414
0.041504
0.041578
0.041636
0.041678
0.041705
0.041717
0.041713
0.041694
0.041661
0.041613
0.041550
0.041473
0.041382
0.041277
0.041158
0.041025
0.040879
0.040720
0.040548
0.040363
0.040166
0.039956
0.039734
0.039500
0.039254
0.038996
0.038727
0.038447
0.038155
0.037853
0.037540
0.037217
0.036883
0.036540
0.036186
0.035823
0.035451
0.035069
0.034678
0.034278
0.033870
0.033452
0.033027
0.032593
0.032152
0.031703
0.031246
0.030781
0.030310
0.029831
0.029345
0.028853
0.028354
0.027849
0.027337
0.026820
0.026296
0.025767
0.025233
0.024692
0.024147
0.023597
0.023041
0.022481
0.021916
0.021347
0.020773
0.020195
0.019614
0.019028
0.018439
0.017845
0.017249
0.016649
0.016046
0.015440
0.014831
0.014219
0.013605
0.012988
0.012368
0.011747
0.011123
0.010497
0.009870
0.009240
0.008609
0.007977
0.007343
0.006707
0.006071
0.005434
0.004795
0.004156
0.003516
0.002876
0.002235
0.001593
0.000952
0.000310
-0.000332
-0.000974
-0.001616
-0.002257
-0.002898
-0.003539
-0.004179
-0.004818
-0.005456
-0.006094
-0.006731
-0.007366
-0.008001
-0.008634
-0.009266
-0.009896
-0.010525
-0.011152
-0.011778
-0.012401
-0.013023
-0.013643
-0.014260
-0.014875
-0.015489
-0.016099
-0.016708
-0.017313
-0.017916
-0.018517
-0.019114
-0.019709
-0.020300
-0.020889
-0.021474
-0.022057
-0.022636
-0.023211
-0.023783
-0.024351
-0.024916
-0.025477
-0.026034
-0.026587
-0.027137
-0.027682
-0.028223
-0.028759
-0.029292
-0.029820
-0.030344
-0.030863
-0.031377
-0.031887
-0.032391
-0.032891
-0.033386
-0.033876
-0.034361
-0.034841
-0.035315
-0.035784
-0.036248
-0.036706
-0.037158
-0.037605
-0.038046
-0.038481
-0.038911
-0.039334
-0.039751
-0.040163
-0.040567
-0.040966
-0.041358
-0.041744
-0.042123
-0.042496
-0.042862
-0.043221
-0.043573
-0.043919
-0.044257
-0.044588
-0.044913
-0.045230
-0.045539
-0.045841
-0.046136
-0.046423
-0.046703
-0.046975
-0.047239
-0.047495
-0.047744
-0.047984
-0.048216
-0.048440
-0.048656
-0.048863
-0.049062
-0.049253
-0.049435
-0.049608
-0.049773
-0.049929
-0.050076
-0.050214
-0.050343
-0.050463
-0.050574
-0.050675
-0.050768
-0.050850
-0.050924
-0.050988
-0.051042
-0.051086
-0.051121
-0.051146
-0.051161
-0.051166
-0.051160
-0.051145
-0.051120
-0.051084
-0.051038
-0.050981
-0.050914
-0.050837
-0.050749
-0.050650
-0.050540
-0.050420
-0.050288
-0.050146
-0.049993
-0.049828
-0.049653
-0.049466
-0.049268
-0.049059
-0.048839
-0.048607
-0.048363
-0.048108
-0.047842
-0.047564
-0.047274
-0.046973
-0.046660
-0.046335
-0.045999
-0.045651
-0.045291
-0.044919
-0.044535
-0.044139
-0.043731
-0.043312
-0.042881
-0.042437
-0.041982
-0.041515
-0.041036
-0.040545
-0.040042
-0.039527
-0.039000
-0.038462
-0.037912
-0.037350
-0.036776
-0.036191
-0.035595
-0.034987
-0.034367
-0.033736
-0.033094
-0.032441
-0.031776
-0.031101
-0.030415
-0.029718
-0.029010
-0.028292
-0.027564
-0.026826
-0.026078
-0.025320
-0.024552
-0.023775
-0.022989
-0.022193
-0.021389
-0.020576
-0.019756
-0.018926
-0.018090
-0.017245
-0.016394
-0.015535
-0.014670
-0.013798
-0.012921
-0.012038
-0.011149
-0.010255
-0.009357
-0.008454
-0.007548
-0.006638
-0.005725
-0.004809
-0.003891
-0.002972
-0.002050
-0.001128
-0.000205
0.000718
0.001640
0.002562
0.003483
0.004401
0.005318
0.006232
0.007142
0.008049
0.008952
0.009850
0.010743
0.011631
0.012513
0.013388
0.014256
0.015116
0.015969
0.016813
0.017649
0.018475
0.019291
0.020098
0.020894
0.021678
0.022452
0.023214
0.023964
0.024701
0.025425
0.026137
0.026834
0.027518
0.028188
0.028844
0.029485
0.030111
0.030721
0.031317
0.031897
0.032461
0.033009
0.033541
0.034056
0.034555
0.035038
0.035504
0.035953
0.036385
0.036800
0.037199
0.037580
0.037944
0.038292
0.038622
0.038935
0.039230
0.039509
0.039771
0.040016
0.040244
0.040455
0.040650
0.040828
0.040989
0.041134
0.041262
0.041374
0.041470
0.041550
0.041614
0.041663
0.041696
0.041713
0.041716
0.041703
0.041675
0.041633
0.041576
0.041504
0.041419
0.041319
0.041205
0.041078
0.040938
0.040784
0.040617
0.040437
0.040244
0.040039
0.039822
0.039592
0.039351
0.039098
0.038833
0.038557
0.038270
0.037972
0.037663
0.037344
0.037015
0.036675
0.036325
0.035966
0.035597
0.035219
0.034831
0.034435
0.034030
0.033616
0.033194
0.032764
0.032325
0.031879
0.031425
0.030963
0.030495
0.030019
0.029536
0.029046
0.028550
0.028047
0.027538
0.027023
0.026501
0.025975
0.025442
0.024904
0.024361
0.023812
0.023259
0.022700
0.022137
0.021570
0.020998
0.020422
0.019841
0.019257
0.018669
0.018077
0.017482
0.016884
0.016282
0.015677
0.015069
0.014458
0.013845
0.013229
0.012611
0.011990
0.011367
0.010742
0.010115
0.009486
0.008856
0.008224
0.007590
0.006956
0.006320
0.005683
0.005045
0.004406
0.003766
0.003126
0.002485
0.001844
0.001202
0.000560
-0.000082
-0.000723
-0.001365
-0.002007
-0.002648
-0.003289
-0.003929
-0.004568
-0.005207
-0.005845
-0.006482
-0.007118
-0.007753
-0.008387
-0.009019
-0.009650
-0.010280
-0.010908
-0.011534
-0.012158
-0.012781
-0.013401
-0.014019
-0.014636
-0.015250
-0.015861
-0.016471
-0.017077
-0.017682
-0.018283
-0.018882
-0.019477
-0.020070
-0.020660
-0.021247
-0.021830
-0.022410
-0.022987
-0.023560
-0.024130
-0.024696
-0.025259
-0.025818
-0.026372
-0.026923
-0.027470
-0.028013
-0.028551
-0.029085
-0.029615
-0.030140
-0.030661
-0.031177
-0.031689
-0.032196
-0.032697
-0.033194
-0.033686
-0.034173
-0.034655
-0.035131
-0.035603
-0.036068
-0.036529
-0.036983
-0.037432
-0.037876
-0.038313
-0.038745
-0.039170
-0.039590
-0.040004
-0.040411
-0.040812
-0.041207
-0.041595
-0.041977
-0.042352
-0.042721
-0.043083
-0.043438
-0.043786
-0.044127
-0.044461
-0.044788
-0.045108
-0.045420
-0.045726
-0.046023
-0.046313
-0.046596
-0.046871
-0.047138
-0.047397
-0.047649
-0.047892
-0.048128
-0.048355
-0.048574
-0.048785
-0.048987
-0.049181
-0.049366
-0.049543
-0.049711
-0.049871
-0.050021
-0.050163
-0.050295
-0.050419
-0.050533
-0.050639
-0.050734
-0.050821
-0.050898
-0.050966
-0.051023
-0.051072
-0.051110
-0.051139
-0.051158
-0.051167
-0.051166
-0.051154
-0.051133
-0.051101
-0.051059
-0.051007
-0.050944
-0.050870
-0.050786
-0.050692
-0.050586
-0.050470
-0.050343
-0.050205
-0.050056
-0.049896
-0.049725
-0.049543
-0.049349
-0.049145
-0.048928
-0.048701
-0.048462
-0.048212
-0.047950
-0.047677
-0.047391
-0.047095
-0.046786
-0.046466
-0.046134
-0.045791
-0.045435
-0.045068
-0.044689
-0.044298
-0.043895
-0.043480
-0.043053
-0.042615
-0.042164
-0.041702
-0.041227
-0.040741
-0.040243
-0.039733
-0.039211
-0.038677
-0.038131
-0.037574
-0.037005
-0.036425
-0.035833
-0.035229
-0.034614
-0.033987
-0.033350
-0.032701
-0.032041
-0.031370
-0.030688
-0.029995
-0.029292
-0.028578
-0.027854
-0.027120
-0.026375
-0.025621
-0.024857
-0.024084
-0.023301
-0.022509
-0.021709
-0.020899
-0.020082
-0.019256
-0.018422
-0.017581
-0.016732
-0.015876
-0.015013
-0.014144
-0.013269
-0.012388
-0.011501
-0.010610
-0.009713
-0.008812
-0.007907
-0.006999
-0.006087
-0.005172
-0.004255
-0.003336
-0.002415
-0.001493
-0.000571
0.000352
0.001275
0.002197
0.003118
0.004037
0.004955
0.005870
0.006782
0.007690
0.008595
0.009495
0.010390
0.011280
0.012164
0.013041
0.013912
0.014776
0.015631
0.016479
0.017318
0.018148
0.018968
0.019779
0.020579
0.021368
0.022146
0.022913
0.023667
0.024409
0.025139
0.025855
0.026558
0.027248
0.027923
0.028585
0.029231
0.029863
0.030480
0.031081
0.031667
0.032238
0.032792
0.033330
0.033852
0.034358
0.034847
0.035319
0.035775
0.036214
0.036636
0.037041
0.037429
0.037800
0.038154
0.038491
0.038810
0.039113
0.039399
0.039667
0.039919
0.040154
0.040371
0.040572
0.040757
0.040924
0.041076
0.041210
0.041329
0.041431
0.041518
0.041588
0.041643
0.041682
0.041705
0.041714
0.041707
0.041685
0.041648
0.041597
0.041531
0.041451
0.041357
0.041249
0.041127
0.040992
0.040843
0.040681
0.040506
0.040319
0.040118
0.039906
0.039681
0.039444
0.039196
0.038936
0.038664
0.038381
0.038088
0.037783
0.037468
0.037143
0.036807
0.036461
0.036106
0.035741
0.035366
0.034982
0.034589
0.034188
0.033777
0.033358
0.032931
0.032496
0.032053
0.031602
0.031143
0.030677
0.030204
0.029724
0.029237
0.028743
0.028243
0.027736
0.027223
0.026704
0.026180
0.025649
0.025113
0.024572
0.024026
0.023474
0.022918
0.022356
0.021791
0.021220
0.020646
0.020067
0.019484
0.018898
0.018308
0.017714
0.017117
0.016516
0.015912
0.015306
0.014696
0.014084
0.013469
0.012851
0.012231
0.011609
0.010985
0.010359
0.009731
0.009101
0.008470
0.007837
0.007202
0.006567
0.005930
0.005293
0.004654
0.004015
0.003374
0.002734
0.002093
0.001451
0.000809
0.000168
-0.000474
-0.001116
-0.001758
-0.002399
-0.003040
-0.003680
-0.004320
-0.004959
-0.005598
-0.006235
-0.006872
-0.007507
-0.008141
-0.008774
-0.009406
-0.010036
-0.010664
-0.011291
-0.011916
-0.012539
-0.013161
-0.013780
-0.014397
-0.015012
-0.015625
-0.016235
-0.016842
-0.017448
-0.018050
-0.018650
-0.019247
-0.019841
-0.020432
-0.021020
-0.021605
-0.022186
-0.022764
-0.023339
-0.023910
-0.024478
-0.025042
-0.025602
-0.026158
-0.026711
-0.027259
-0.027803
-0.028343
-0.028879
-0.029411
-0.029938
-0.030460
-0.030978
-0.031492
-0.032000
-0.032504
-0.033003
-0.033497
-0.033986
-0.034470
-0.034948
-0.035422
-0.035889
-0.036352
-0.036809
-0.037260
-0.037706
-0.038145
-0.038579
-0.039008
-0.039430
-0.039846
-0.040255
-0.040659
-0.041056
-0.041447
-0.041831
-0.042209
-0.042581
-0.042945
-0.043303
-0.043654
-0.043998
-0.044334
-0.044664
-0.044987
-0.045302
-0.045610
-0.045911
-0.046204
-0.046490
-0.046768
-0.047038
-0.047300
-0.047555
-0.047801
-0.048040
-0.048271
-0.048493
-0.048707
-0.048913
-0.049110
-0.049299
-0.049479
-0.049650
-0.049813
-0.049967
-0.050112
-0.050248
-0.050376
-0.050494
-0.050602
-0.050702
-0.050792
-0.050873
-0.050944
-0.051006
-0.051058
-0.051100
-0.051133
-0.051156
-0.051169
-0.051171
-0.051164
-0.051147
-0.051119
-0.051081
-0.051033
-0.050974
-0.050905
-0.050825
-0.050734
-0.050633
-0.050521
-0.050399
-0.050265
-0.050120
-0.049965
-0.049798
-0.049620
-0.049431
-0.049231
-0.049019
-0.048796
-0.048562
-0.048316
-0.048059
-0.047790
-0.047509
-0.047217
-0.046914
-0.046598
-0.046271
-0.045932
-0.045581
-0.045218
-0.044844
-0.044458
-0.044059
-0.043649
-0.043227
-0.042793
-0.042347
-0.041890
-0.041420
-0.040938
-0.040445
-0.039939
-0.039422
-0.038893
-0.038352
-0.037799
-0.037235
-0.036659
-0.036072
-0.035472
-0.034862
-0.034240
-0.033606
-0.032962
-0.032306
-0.031640
-0.030962
-0.030274
-0.029574
-0.028865
-0.028145
-0.027414
-0.026674
-0.025924
-0.025163
-0.024394
-0.023615
-0.022827
-0.022029
-0.021223
-0.020409
-0.019586
-0.018756
-0.017917
-0.017071
-0.016218
-0.015358
-0.014492
-0.013619
-0.012740
-0.011856
-0.010966
-0.010071
-0.009172
-0.008269
-0.007362
-0.006451
-0.005537
-0.004621
-0.003703
-0.002783
-0.001861
-0.000939
-0.000016
0.000907
0.001829
0.002751
0.003671
0.004589
0.005505
0.006418
0.007328
0.008234
0.009136
0.010033
0.010925
0.011812
0.012692
0.013565
0.014432
0.015291
0.016142
0.016984
0.017818
0.018642
0.019456
0.020260
0.021054
0.021836
0.022607
0.023367
0.024114
0.024848
0.025570
0.026278
0.026973
0.027654
0.028321
0.028973
0.029611
0.030234
0.030841
0.031433
0.032010
0.032571
0.033115
0.033644
0.034156
0.034651
0.035130
0.035593
0.036038
0.036467
0.036879
0.037273
0.037651
0.038012
0.038355
0.038682
0.038991
0.039283
0.039558
0.039817
0.040058
0.040282
0.040490
0.040681
0.040855
0.041013
0.041154
0.041279
0.041388
0.041480
0.041557
0.041618
0.041663
0.041693
0.041707
0.041706
0.041690
0.041659
0.041614
0.041553
0.041479
0.041390
0.041288
0.041171
0.041041
0.040898
0.040741
0.040571
0.040389
0.040193
0.039986
0.039766
0.039534
0.039290
0.039034
0.038767
0.038489
0.038199
0.037899
0.037588
0.037267
0.036935
0.036593
0.036241
0.035880
0.035509
0.035129
0.034740
0.034341
0.033934
0.033519
0.033095
0.032663
0.032222
0.031774
0.031319
0.030856
0.030385
0.029908
0.029424
0.028932
0.028435
0.027931
0.027420
0.026904
0.026381
0.025853
0.025319
0.024780
0.024236
0.023686
0.023132
0.022572
0.022008
0.021440
0.020867
0.020290
0.019709
0.019124
0.018535
0.017942
0.017346
0.016747
0.016145
0.015539
0.014931
0.014319
0.013705
0.013089
0.012470
0.011849
0.011225
0.010600
0.009972
0.009343
0.008712
0.008080
0.007446
0.006811
0.006175
0.005538
0.004900
0.004260
0.003621
0.002980
0.002339
0.001698
0.001056
0.000414
-0.000227
-0.000869
-0.001511
-0.002152
-0.002794
-0.003434
-0.004074
-0.004714
-0.005352
-0.005990
-0.006627
-0.007263
-0.007898
-0.008531
-0.009163
-0.009794
-0.010423
-0.011050
-0.011676
-0.012300
-0.012922
-0.013542
-0.014160
-0.014776
-0.015390
-0.016001
-0.016610
-0.017216
-0.017819
-0.018420
-0.019018
-0.019613
-0.020206
-0.020795
-0.021381
-0.021964
-0.022543
-0.023119
-0.023692
-0.024261
-0.024826
-0.025388
-0.025946
-0.026500
-0.027050
-0.027595
-0.028137
-0.028675
-0.029208
-0.029737
-0.030261
-0.030781
-0.031296
-0.031807
-0.032313
-0.032814
-0.033309
-0.033800
-0.034286
-0.034767
-0.035242
-0.035712
-0.036177
-0.036636
-0.037089
-0.037537
-0.037979
-0.038415
-0.038846
-0.039270
-0.039689
-0.040101
-0.040507
-0.040907
-0.041300
-0.041687
-0.042067
-0.042441
-0.042808
-0.043169
-0.043522
-0.043869
-0.044209
-0.044541
-0.044867
-0.045185
-0.045496
-0.045800
-0.046096
-0.046384
-0.046665
-0.046939
-0.047204
-0.047462
-0.047712
-0.047953
-0.048187
-0.048413
-0.048630
-0.048839
-0.049039
-0.049231
-0.049415
-0.049590
-0.049756
-0.049914
-0.050062
-0.050202
-0.050333
-0.050454
-0.050567
-0.050670
-0.050764
-0.050849
-0.050924
-0.050989
-0.051045
-0.051091
-0.051128
-0.051154
-0.051171
-0.051178
-0.051174
-0.051161
-0.051137
-0.051104
-0.051059
-0.051005
-0.050940
-0.050864
-0.050778
-0.050681
-0.050573
-0.050454
-0.050325
-0.050185
-0.050034
-0.049871
-0.049698
-0.049513
-0.049317
-0.049110
-0.048892
-0.048662
-0.048420
-0.048168
-0.047903
-0.047627
-0.047340
-0.047041
-0.046730
-0.046407
-0.046073
-0.045727
-0.045369
-0.044999
-0.044617
-0.044224
-0.043818
-0.043401
-0.042972
-0.042530
-0.042077
-0.041612
-0.041135
-0.040646
-0.040146
-0.039633
-0.039109
-0.038572
-0.038024
-0.037465
-0.036893
-0.036310
-0.035716
-0.035110
-0.034492
-0.033863
-0.033223
-0.032572
-0.031909
-0.031236
-0.030552
-0.029857
-0.029151
-0.028435
-0.027709
-0.026973
-0.026226
-0.025470
-0.024704
-0.023928
-0.023144
-0.022350
-0.021548
-0.020736
-0.019917
-0.019089
-0.018254
-0.017411
-0.016561
-0.015703
-0.014839
-0.013969
-0.013092
-0.012210
-0.011322
-0.010430
-0.009532
-0.008631
-0.007725
-0.006816
-0.005903
-0.004988
-0.004070
-0.003151
-0.002230
-0.001308
-0.000385
0.000538
0.001461
0.002383
0.003303
0.004222
0.005139
0.006054
0.006965
0.007873
0.008776
0.009675
0.010569
0.011458
0.012341
0.013217
0.014086
0.014948
0.015802
0.016648
0.017485
0.018313
0.019131
0.019939
0.020737
0.021524
0.022300
0.023063
0.023815
0.024555
0.025282
0.025995
0.026696
0.027382
0.028054
0.028713
0.029356
0.029985
0.030598
0.031196
0.031779
0.032346
0.032897
0.033432
0.033950
0.034452
0.034938
0.035407
0.035859
0.036294
0.036712
0.037114
0.037498
0.037865
0.038216
0.038549
0.038865
0.039164
0.039446
0.039711
0.039959
0.040190
0.040404
0.040601
0.040782
0.040946
0.041094
0.041225
0.041340
0.041439
0.041522
0.041589
0.041640
0.041676
0.041696
0.041701
0.041691
0.041666
0.041626
0.041572
0.041503
0.041420
0.041323
0.041212
0.041087
0.040949
0.040797
0.040632
0.040455
0.040264
0.040061
0.039846
0.039619
0.039380
0.039129
0.038866
0.038592
0.038307
0.038011
0.037704
0.037387
0.037059
0.036721
0.036373
0.036016
0.035648
0.035272
0.034886
0.034491
0.034088
0.033675
0.033255
0.032826
0.032389
0.031944
0.031491
0.031031
0.030564
0.030089
0.029607
0.029119
0.028623
0.028122
0.027614
0.027100
0.026580
0.026054
0.025522
0.024985
0.024442
0.023895
0.023342
0.022785
0.022223
0.021656
0.021085
0.020509
0.019930
0.019346
0.018759
0.018168
0.017573
0.016975
0.016374
0.015770
0.015162
0.014552
0.013939
0.013323
0.012705
0.012085
0.011462
0.010838
0.010211
0.009583
0.008953
0.008321
0.007688
0.007053
0.006417
0.005780
0.005143
0.004504
0.003864
0.003224
0.002583
0.001942
0.001300
0.000659
0.000017
-0.000625
-0.001267
-0.001908
-0.002550
-0.003190
-0.003831
-0.004471
-0.005110
-0.005748
-0.006385
-0.007021
-0.007656
-0.008290
-0.008923
-0.009554
-0.010184
-0.010812
-0.011439
-0.012063
-0.012686
-0.013307
-0.013926
-0.014542
-0.015157
-0.015769
-0.016379
-0.016986
-0.017591
-0.018192
-0.018792
-0.019388
-0.019981
-0.020572
-0.021159
-0.021743
-0.022324
-0.022901
-0.023475
-0.024046
-0.024613
-0.025176
-0.025735
-0.026290
-0.026842
-0.027390
-0.027933
-0.028472
-0.029007
-0.029538
-0.030064
-0.030586
-0.031103
-0.031615
-0.032123
-0.032625
-0.033123
-0.033616
-0.034104
-0.034587
-0.035064
-0.035536
-0.036003
-0.036464
-0.036920
-0.037370
-0.037814
-0.038253
-0.038686
-0.039112
-0.039533
-0.039948
-0.040356
-0.040759
-0.041154
-0.041544
-0.041927
-0.042303
-0.042673
-0.043036
-0.043393
-0.043742
-0.044084
-0.044420
-0.044748
-0.045069
-0.045383
-0.045689
-0.045989
-0.046280
-0.046564
-0.046840
-0.047109
-0.047370
-0.047623
-0.047868
-0.048104
-0.048333
-0.048554
-0.048766
-0.048970
-0.049165
-0.049352
-0.049531
-0.049700
-0.049861
-0.050013
-0.050157
-0.050291
-0.050416
-0.050532
-0.050639
-0.050736
-0.050825
-0.050903
-0.050973
-0.051032
-0.051082
-0.051123
-0.051153
-0.051174
-0.051185
-0.051185
-0.051176
-0.051156
-0.051126
-0.051086
-0.051036
-0.050975
-0.050903
-0.050821
-0.050728
-0.050625
-0.050511
-0.050386
-0.050250
-0.050103
-0.049945
-0.049775
-0.049595
-0.049404
-0.049201
-0.048987
-0.048762
-0.048525
-0.048277
-0.048017
-0.047745
-0.047462
-0.047168
-0.046862
-0.046544
-0.046214
-0.045872
-0.045519
-0.045154
-0.044777
-0.044388
-0.043987
-0.043575
-0.043150
-0.042713
-0.042265
-0.041805
-0.041332
-0.040848
-0.040352
-0.039844
-0.039324
-0.038793
-0.038249
-0.037694
-0.037127
-0.036549
-0.035959
-0.035357
-0.034744
-0.034120
-0.033484
-0.032837
-0.032179
-0.031510
-0.030830
-0.030139
-0.029438
-0.028726
-0.028004
-0.027271
-0.026529
-0.025776
-0.025014
-0.024242
-0.023461
-0.022671
-0.021872
-0.021064
-0.020248
-0.019424
-0.018591
-0.017751
-0.016904
-0.016049
-0.015188
-0.014320
-0.013445
-0.012565
-0.011680
-0.010789
-0.009893
-0.008993
-0.008089
-0.007181
-0.006270
-0.005356
-0.004439
-0.003520
-0.002600
-0.001678
-0.000755
0.000168
0.001090
0.002013
0.002934
0.003854
0.004771
0.005687
0.006599
0.007508
0.008414
0.009315
0.010211
0.011101
0.011986
0.012865
0.013737
0.014602
0.015459
0.016308
0.017149
0.017980
0.018803
0.019615
0.020417
0.021208
0.021988
0.022756
0.023513
0.024257
0.024989
0.025708
0.026414
0.027106
0.027783
0.028447
0.029096
0.029731
0.030350
0.030955
0.031543
0.032116
0.032674
0.033215
0.033740
0.034248
0.034740
0.035216
0.035674
0.036116
0.036541
0.036949
0.037340
0.037714
0.038071
0.038411
0.038734
0.039039
0.039328
0.039599
0.039854
0.040092
0.040313
0.040516
0.040704
0.040874
0.041029
0.041166
0.041288
0.041393
0.041482
0.041555
0.041613
0.041654
0.041681
0.041692
0.041687
0.041668
0.041634
0.041585
0.041522
0.041445
0.041353
0.041247
0.041128
0.040995
0.040849
0.040689
0.040516
0.040331
0.040133
0.039923
0.039700
0.039465
0.039219
0.038961
0.038691
0.038411
0.038119
0.037816
0.037503
0.037179
0.036845
0.036501
0.036148
0.035784
0.035411
0.035029
0.034638
0.034237
0.033829
0.033411
0.032985
0.032551
0.032110
0.031660
0.031203
0.030738
0.030266
0.029787
0.029301
0.028809
0.028310
0.027804
0.027292
0.026775
0.026251
0.025721
0.025187
0.024646
0.024101
0.023550
0.022994
0.022434
0.021869
0.021299
0.020726
0.020148
0.019566
0.018980
0.018390
0.017797
0.017200
0.016600
0.015997
0.015391
0.014782
0.014170
0.013555
0.012938
0.012319
0.011697
0.011073
0.010447
0.009820
0.009190
0.008559
0.007926
0.007292
0.006657
0.006021
0.005383
0.004745
0.004105
0.003465
0.002825
0.002184
0.001542
0.000901
0.000259
-0.000383
-0.001025
-0.001667
-0.002308
-0.002949
-0.003590
-0.004230
-0.004869
-0.005508
-0.006145
-0.006782
-0.007417
-0.008052
-0.008685
-0.009317
-0.009947
-0.010576
-0.011203
-0.011829
-0.012452
-0.013074
-0.013693
-0.014311
-0.014926
-0.015539
-0.016150
-0.016758
-0.017364
-0.017967
-0.018567
-0.019165
-0.019759
-0.020351
-0.020939
-0.021525
-0.022107
-0.022685
-0.023261
-0.023833
-0.024401
-0.024965
-0.025526
-0.026083
-0.026636
-0.027186
-0.027731
-0.028271
-0.028808
-0.029340
-0.029868
-0.030392
-0.030911
-0.031425
-0.031934
-0.032439
-0.032939
-0.033434
-0.033924
-0.034408
-0.034888
-0.035362
-0.035831
-0.036294
-0.036752
-0.037205
-0.037651
-0.038092
-0.038527
-0.038956
-0.039379
-0.039796
-0.040207
-0.040612
-0.041011
-0.041403
-0.041788
-0.042167
-0.042540
-0.042905
-0.043264
-0.043616
-0.043962
-0.044300
-0.044631
-0.044955
-0.045271
-0.045581
-0.045883
-0.046177
-0.046464
-0.046744
-0.047015
-0.047279
-0.047535
-0.047783
-0.048023
-0.048255
-0.048479
-0.048694
-0.048902
-0.049100
-0.049291
-0.049473
-0.049646
-0.049810
-0.049966
-0.050112
-0.050250
-0.050379
-0.050499
-0.050609
-0.050710
-0.050802
-0.050885
-0.050958
-0.051021
-0.051075
-0.051119
-0.051154
-0.051178
-0.051193
-0.051197
-0.051192
-0.051176
-0.051150
-0.051114
-0.051068
-0.051011
-0.050944
-0.050866
-0.050777
-0.050678
-0.050568
-0.050447
-0.050315
-0.050173
-0.050019
-0.049854
-0.049679
-0.049492
-0.049293
-0.049084
-0.048863
-0.048631
-0.048387
-0.048131
-0.047865
-0.047586
-0.047296
-0.046995
-0.046681
-0.046356
-0.046019
-0.045671
-0.045310
-0.044938
-0.044554
-0.044157
-0.043749
-0.043330
-0.042898
-0.042454
-0.041998
-0.041531
-0.041051
-0.040560
-0.040056
-0.039541
-0.039014
-0.038476
-0.037925
-0.037363
-0.036789
-0.036203
-0.035606
-0.034998
-0.034378
-0.033747
-0.033104
-0.032450
-0.031786
-0.031110
-0.030423
-0.029726
-0.029018
-0.028300
-0.027572
-0.026833
-0.026084
-0.025326
-0.024558
-0.023781
-0.022994
-0.022198
-0.021394
-0.020581
-0.019760
-0.018931
-0.018094
-0.017249
-0.016397
-0.015538
-0.014673
-0.013801
-0.012923
-0.012040
-0.011151
-0.010257
-0.009359
-0.008456
-0.007550
-0.006640
-0.005727
-0.004811
-0.003893
-0.002973
-0.002052
-0.001129
-0.000207
0.000716
0.001639
0.002560
0.003481
0.004399
0.005316
0.006230
0.007140
0.008047
0.008950
0.009848
0.010740
0.011628
0.012509
0.013384
0.014252
0.015112
0.015964
0.016808
0.017643
0.018469
0.019285
0.020091
0.020887
0.021671
0.022444
0.023206
0.023955
0.024692
0.025416
0.026126
0.026824
0.027507
0.028176
0.028831
0.029472
0.030097
0.030707
0.031302
0.031881
0.032445
0.032992
0.033524
0.034039
0.034537
0.035019
0.035484
0.035933
0.036365
0.036779
0.037177
0.037558
0.037921
0.038268
0.038597
0.038910
0.039205
0.039483
0.039744
0.039989
0.040216
0.040427
0.040620
0.040798
0.040958
0.041102
0.041230
0.041342
0.041437
0.041516
0.041580
0.041628
0.041660
0.041677
0.041679
0.041666
0.041637
0.041594
0.041537
0.041465
0.041379
0.041279
0.041165
0.041037
0.040896
0.040741
0.040574
0.040393
0.040200
0.039995
0.039777
0.039547
0.039305
0.039052
0.038786
0.038510
0.038223
0.037924
0.037615
0.037296
0.036966
0.036626
0.036276
0.035916
0.035547
0.035168
0.034780
0.034384
0.033978
0.033564
0.033142
0.032711
0.032272
0.031825
0.031371
0.030909
0.030440
0.029964
0.029481
0.028991
0.028494
0.027991
0.027482
0.026967
0.026445
0.025918
0.025385
0.024847
0.024303
0.023755
0.023201
0.022642
0.022079
0.021511
0.020939
0.020363
0.019783
0.019198
0.018610
0.018018
0.017423
0.016824
0.016222
0.015617
0.015009
0.014398
0.013785
0.013169
0.012550
0.011929
0.011306
0.010681
0.010054
0.009425
0.008795
0.008163
0.007529
0.006894
0.006258
0.005621
0.004983
0.004344
0.003704
0.003064
0.002423
0.001782
0.001140
0.000498
-0.000143
-0.000785
-0.001427
-0.002069
-0.002710
-0.003351
-0.003991
-0.004630
-0.005269
-0.005907
-0.006544
-0.007180
-0.007815
-0.008449
-0.009081
-0.009712
-0.010342
-0.010969
-0.011596
-0.012220
-0.012842
-0.013463
-0.014081
-0.014697
-0.015311
-0.015923
-0.016532
-0.017139
-0.017743
-0.018344
-0.018943
-0.019538
-0.020131
-0.020721
-0.021308
-0.021891
-0.022471
-0.023048
-0.023621
-0.024191
-0.024757
-0.025319
-0.025878
-0.026432
-0.026983
-0.027530
-0.028072
-0.028610
-0.029145
-0.029674
-0.030199
-0.030720
-0.031236
-0.031748
-0.032254
-0.032756
-0.033253
-0.033745
-0.034231
-0.034713
-0.035189
-0.035660
-0.036126
-0.036586
-0.037040
-0.037489
-0.037932
-0.038370
-0.038801
-0.039227
-0.039646
-0.040059
-0.040467
-0.040868
-0.041262
-0.041650
-0.042032
-0.042407
-0.042775
-0.043137
-0.043492
-0.043840
-0.044181
-0.044514
-0.044841
-0.045161
-0.045473
-0.045778
-0.046075
-0.046365
-0.046648
-0.046922
-0.047189
-0.047448
-0.047700
-0.047943
-0.048178
-0.048405
-0.048624
-0.048834
-0.049036
-0.049230
-0.049415
-0.049592
-0.049759
-0.049919
-0.050069
-0.050210
-0.050342
-0.050466
-0.050580
-0.050685
-0.050780
-0.050867
-0.050943
-0.051011
-0.051068
-0.051116
-0.051154
-0.051183
-0.051201
-0.051210
-0.051208
-0.051197
-0.051175
-0.051143
-0.051101
-0.051048
-0.050985
-0.050911
-0.050827
-0.050732
-0.050626
-0.050509
-0.050382
-0.050244
-0.050094
-0.049934
-0.049762
-0.049580
-0.049386
-0.049181
-0.048965
-0.048737
-0.048498
-0.048247
-0.047985
-0.047711
-0.047425
-0.047128
-0.046820
-0.046499
-0.046167
-0.045823
-0.045467
-0.045099
-0.044720
-0.044329
-0.043925
-0.043510
-0.043083
-0.042644
-0.042193
-0.041730
-0.041255
-0.040769
-0.040270
-0.039759
-0.039237
-0.038703
-0.038157
-0.037600
-0.037030
-0.036449
-0.035857
-0.035253
-0.034637
-0.034011
-0.033373
-0.032723
-0.032063
-0.031392
-0.030709
-0.030016
-0.029313
-0.028599
-0.027874
-0.027140
-0.026395
-0.025640
-0.024876
-0.024103
-0.023320
-0.022528
-0.021727
-0.020917
-0.020099
-0.019273
-0.018439
-0.017597
-0.016748
-0.015892
-0.015030
-0.014160
-0.013285
-0.012404
-0.011517
-0.010625
-0.009729
-0.008828
-0.007923
-0.007014
-0.006102
-0.005187
-0.004270
-0.003351
-0.002430
-0.001508
-0.000586
0.000337
0.001260
0.002182
0.003103
0.004022
0.004939
0.005854
0.006766
0.007674
0.008579
0.009479
0.010374
0.011263
0.012147
0.013024
0.013895
0.014758
0.015614
0.016461
0.017299
0.018129
0.018949
0.019759
0.020559
0.021348
0.022125
0.022891
0.023645
0.024387
0.025116
0.025832
0.026535
0.027224
0.027899
0.028559
0.029206
0.029837
0.030453
0.031054
0.031639
0.032209
0.032763
0.033301
0.033822
0.034327
0.034816
0.035288
0.035743
0.036181
0.036602
0.037007
0.037394
0.037765
0.038118
0.038454
0.038773
0.039075
0.039360
0.039628
0.039879
0.040113
0.040330
0.040531
0.040714
0.040882
0.041032
0.041166
0.041284
0.041386
0.041472
0.041542
0.041596
0.041634
0.041657
0.041665
0.041658
0.041635
0.041598
0.041546
0.041480
0.041399
0.041305
0.041196
0.041074
0.040938
0.040789
0.040626
0.040451
0.040263
0.040062
0.039849
0.039624
0.039387
0.039138
0.038877
0.038606
0.038322
0.038028
0.037723
0.037408
0.037082
0.036746
0.036400
0.036044
0.035678
0.035304
0.034919
0.034526
0.034124
0.033713
0.033294
0.032867
0.032431
0.031988
0.031536
0.031077
0.030611
0.030138
0.029657
0.029170
0.028676
0.028175
0.027669
0.027155
0.026636
0.026111
0.025581
0.025045
0.024503
0.023957
0.023405
0.022848
0.022287
0.021721
0.021150
0.020576
0.019997
0.019414
0.018827
0.018237
0.017643
0.017045
0.016445
0.015841
0.015234
0.014624
0.014012
0.013397
0.012779
0.012159
0.011537
0.010913
0.010286
0.009658
0.009028
0.008397
0.007764
0.007130
0.006494
0.005857
0.005219
0.004581
0.003941
0.003301
0.002661
0.002019
0.001378
0.000736
0.000094
-0.000548
-0.001189
-0.001831
-0.002472
-0.003113
-0.003754
-0.004394
-0.005033
-0.005671
-0.006309
-0.006945
-0.007581
-0.008215
-0.008848
-0.009479
-0.010109
-0.010738
-0.011364
-0.011989
-0.012613
-0.013234
-0.013853
-0.014470
-0.015085
-0.015698
-0.016308
-0.016915
-0.017520
-0.018123
-0.018723
-0.019319
-0.019913
-0.020504
-0.021092
-0.021677
-0.022258
-0.022836
-0.023411
-0.023982
-0.024550
-0.025113
-0.025673
-0.026230
-0.026782
-0.027330
-0.027874
-0.028414
-0.028950
-0.029481
-0.030008
-0.030531
-0.031049
-0.031562
-0.032071
-0.032574
-0.033073
-0.033567
-0.034056
-0.034539
-0.035018
-0.035491
-0.035958
-0.036421
-0.036877
-0.037328
-0.037774
-0.038214
-0.038647
-0.039075
-0.039497
-0.039913
-0.040322
-0.040726
-0.041123
-0.041514
-0.041898
-0.042275
-0.042646
-0.043011
-0.043368
-0.043719
-0.044063
-0.044399
-0.044729
-0.045051
-0.045366
-0.045674
-0.045975
-0.046268
-0.046553
-0.046831
-0.047101
-0.047363
-0.047617
-0.047864
-0.048102
-0.048332
-0.048554
-0.048768
-0.048973
-0.049170
-0.049359
-0.049539
-0.049710
-0.049873
-0.050026
-0.050171
-0.050307
-0.050434
-0.050552
-0.050660
-0.050759
-0.050849
-0.050930
-0.051001
-0.051062
-0.051114
-0.051156
-0.051189
-0.051211
-0.051223
-0.051226
-0.051218
-0.051201
-0.051173
-0.051134
-0.051086
-0.051027
-0.050957
-0.050877
-0.050786
-0.050685
-0.050572
-0.050449
-0.050315
-0.050170
-0.050014
-0.049847
-0.049669
-0.049480
-0.049279
-0.049067
-0.048844
-0.048609
-0.048363
-0.048105
-0.047836
-0.047555
-0.047263
-0.046959
-0.046643
-0.046315
-0.045976
-0.045625
-0.045262
-0.044887
-0.044500
-0.044102
-0.043691
-0.043269
-0.042834
-0.042388
-0.041930
-0.041460
-0.040978
-0.040484
-0.039978
-0.039461
-0.038931
-0.038390
-0.037837
-0.037272
-0.036696
-0.036108
-0.035508
-0.034898
-0.034275
-0.033642
-0.032997
-0.032341
-0.031674
-0.030996
-0.030307
-0.029607
-0.028897
-0.028177
-0.027446
-0.026706
-0.025955
-0.025195
-0.024425
-0.023645
-0.022857
-0.022060
-0.021253
-0.020439
-0.019616
-0.018785
-0.017946
-0.017100
-0.016247
-0.015387
-0.014520
-0.013647
-0.012768
-0.011883
-0.010994
-0.010099
-0.009199
-0.008296
-0.007389
-0.006478
-0.005564
-0.004648
-0.003730
-0.002810
-0.001888
-0.000966
-0.000043
0.000880
0.001802
0.002724
0.003644
0.004562
0.005478
0.006391
0.007301
0.008207
0.009108
0.010005
0.010897
0.011783
0.012663
0.013536
0.014402
0.015261
0.016112
0.016954
0.017787
0.018611
0.019425
0.020229
0.021022
0.021804
0.022574
0.023333
0.024080
0.024814
0.025535
0.026243
0.026938
0.027618
0.028284
0.028936
0.029573
0.030196
0.030803
0.031394
0.031970
0.032530
0.033074
0.033602
0.034114
0.034609
0.035087
0.035549
0.035994
0.036422
0.036833
0.037227
0.037604
0.037964
0.038307
0.038633
0.038942
0.039233
0.039508
0.039766
0.040006
0.040230
0.040437
0.040627
0.040801
0.040958
0.041099
0.041223
0.041331
0.041423
0.041499
0.041560
0.041604
0.041633
0.041647
0.041646
0.041629
0.041598
0.041551
0.041491
0.041416
0.041327
0.041224
0.041107
0.040976
0.040832
0.040675
0.040505
0.040322
0.040126
0.039918
0.039697
0.039465
0.039220
0.038964
0.038697
0.038418
0.038128
0.037828
0.037516
0.037194
0.036862
0.036520
0.036168
0.035806
0.035435
0.035054
0.034665
0.034266
0.033859
0.033443
0.033019
0.032586
0.032146
0.031697
0.031242
0.030778
0.030308
0.029830
0.029345
0.028854
0.028356
0.027851
0.027341
0.026824
0.026301
0.025773
0.025239
0.024700
0.024155
0.023605
0.023050
0.022491
0.021927
0.021358
0.020785
0.020208
0.019626
0.019041
0.018452
0.017860
0.017263
0.016664
0.016061
0.015456
0.014847
0.014236
0.013622
0.013005
0.012386
0.011765
0.011141
0.010516
0.009888
0.009259
0.008628
0.007996
0.007362
0.006727
0.006090
0.005453
0.004815
0.004176
0.003536
0.002895
0.002254
0.001613
0.000971
0.000329
-0.000313
-0.000954
-0.001596
-0.002238
-0.002879
-0.003519
-0.004160
-0.004799
-0.005438
-0.006076
-0.006712
-0.007348
-0.007983
-0.008616
-0.009248
-0.009879
-0.010508
-0.011136
-0.011761
-0.012385
-0.013007
-0.013627
-0.014245
-0.014861
-0.015474
-0.016086
-0.016694
-0.017300
-0.017904
-0.018505
-0.019103
-0.019698
-0.020290
-0.020879
-0.021465
-0.022047
-0.022627
-0.023203
-0.023775
-0.024344
-0.024910
-0.025471
-0.026029
-0.026583
-0.027133
-0.027678
-0.028220
-0.028757
-0.029291
-0.029819
-0.030344
-0.030863
-0.031378
-0.031889
-0.032394
-0.032895
-0.033391
-0.033882
-0.034367
-0.034848
-0.035323
-0.035793
-0.036257
-0.036716
-0.037169
-0.037617
-0.038059
-0.038495
-0.038925
-0.039349
-0.039768
-0.040180
-0.040586
-0.040985
-0.041378
-0.041765
-0.042145
-0.042519
-0.042886
-0.043246
-0.043599
-0.043946
-0.044285
-0.044618
-0.044943
-0.045261
-0.045572
-0.045875
-0.046171
-0.046459
-0.046740
-0.047013
-0.047278
-0.047536
-0.047785
-0.048027
-0.048260
-0.048486
-0.048703
-0.048911
-0.049112
-0.049303
-0.049487
-0.049661
-0.049827
-0.049985
-0.050133
-0.050272
-0.050403
-0.050524
-0.050636
-0.050739
-0.050833
-0.050917
-0.050992
-0.051057
-0.051113
-0.051159
-0.051195
-0.051221
-0.051238
-0.051244
-0.051240
-0.051227
-0.051203
-0.051168
-0.051124
-0.051069
-0.051003
-0.050927
-0.050841
-0.050744
-0.050636
-0.050517
-0.050387
-0.050246
-0.050095
-0.049932
-0.049758
-0.049573
-0.049377
-0.049170
-0.048951
-0.048721
-0.048479
-0.048226
-0.047961
-0.047685
-0.047397
-0.047097
-0.046786
-0.046463
-0.046129
-0.045782
-0.045424
-0.045054
-0.044672
-0.044278
-0.043872
-0.043454
-0.043024
-0.042583
-0.042129
-0.041664
-0.041187
-0.040697
-0.040196
-0.039683
-0.039159
-0.038622
-0.038074
-0.037514
-0.036942
-0.036358
-0.035763
-0.035157
-0.034539
-0.033910
-0.033269
-0.032618
-0.031955
-0.031281
-0.030597
-0.029902
-0.029196
-0.028479
-0.027753
-0.027016
-0.026269
-0.025513
-0.024747
-0.023971
-0.023186
-0.022392
-0.021589
-0.020778
-0.019958
-0.019130
-0.018295
-0.017452
-0.016601
-0.015744
-0.014879
-0.014009
-0.013132
-0.012250
-0.011362
-0.010469
-0.009571
-0.008670
-0.007764
-0.006854
-0.005942
-0.005027
-0.004109
-0.003189
-0.002268
-0.001346
-0.000424
0.000499
0.001422
0.002344
0.003264
0.004183
0.005100
0.006014
0.006925
0.007833
0.008736
0.009635
0.010529
0.011417
0.012300
0.013176
0.014045
0.014906
0.015760
0.016606
0.017442
0.018270
0.019088
0.019896
0.020693
0.021480
0.022255
0.023018
0.023770
0.024509
0.025235
0.025948
0.026648
0.027334
0.028006
0.028664
0.029307
0.029935
0.030548
0.031145
0.031727
0.032294
0.032844
0.033378
0.033896
0.034398
0.034883
0.035351
0.035803
0.036237
0.036655
0.037056
0.037440
0.037806
0.038156
0.038488
0.038804
0.039102
0.039384
0.039648
0.039895
0.040126
0.040339
0.040536
0.040716
0.040880
0.041027
0.041158
0.041272
0.041370
0.041453
0.041519
0.041570
0.041605
0.041625
0.041629
0.041619
0.041593
0.041553
0.041498
0.041428
0.041345
0.041247
0.041136
0.041010
0.040872
0.040720
0.040554
0.040376
0.040185
0.039982
0.039766
0.039539
0.039299
0.039047
0.038784
0.038510
0.038225
0.037928
0.037621
0.037303
0.036975
0.036637
0.036289
0.035931
0.035563
0.035186
0.034800
0.034405
0.034001
0.033588
0.033167
0.032738
0.032301
0.031856
0.031403
0.030942
0.030474
0.030000
0.029518
0.029029
0.028533
0.028031
0.027523
0.027009
0.026488
0.025962
0.025431
0.024893
0.024351
0.023803
0.023250
0.022692
0.022130
0.021563
0.020992
0.020416
0.019836
0.019253
0.018665
0.018074
0.017479
0.016881
0.016280
0.015675
0.015068
0.014457
0.013844
0.013228
0.012610
0.011990
0.011367
0.010742
0.010116
0.009487
0.008857
0.008225
0.007592
0.006957
0.006321
0.005685
0.005047
0.004408
0.003768
0.003128
0.002487
0.001846
0.001204
0.000562
-0.000079
-0.000721
-0.001363
-0.002005
-0.002646
-0.003287
-0.003927
-0.004567
-0.005206
-0.005844
-0.006481
-0.007118
-0.007753
-0.008387
-0.009019
-0.009651
-0.010280
-0.010908
-0.011535
-0.012159
-0.012782
-0.013403
-0.014022
-0.014638
-0.015253
-0.015865
-0.016474
-0.017082
-0.017686
-0.018288
-0.018887
-0.019483
-0.020077
-0.020667
-0.021254
-0.021838
-0.022419
-0.022996
-0.023570
-0.024140
-0.024707
-0.025270
-0.025829
-0.026385
-0.026936
-0.027484
-0.028027
-0.028566
-0.029101
-0.029631
-0.030157
-0.030679
-0.031196
-0.031708
-0.032216
-0.032718
-0.033216
-0.033709
-0.034196
-0.034679
-0.035156
-0.035628
-0.036095
-0.036556
-0.037011
-0.037461
-0.037905
-0.038344
-0.038776
-0.039203
-0.039623
-0.040038
-0.040446
-0.040848
-0.041244
-0.041633
-0.042016
-0.042392
-0.042762
-0.043125
-0.043481
-0.043830
-0.044172
-0.044507
-0.044836
-0.045156
-0.045470
-0.045776
-0.046075
-0.046366
-0.046650
-0.046926
-0.047195
-0.047455
-0.047708
-0.047952
-0.048189
-0.048417
-0.048638
-0.048850
-0.049053
-0.049249
-0.049435
-0.049613
-0.049783
-0.049943
-0.050095
-0.050238
-0.050372
-0.050497
-0.050613
-0.050719
-0.050817
-0.050905
-0.050983
-0.051052
-0.051112
-0.051161
-0.051201
-0.051232
-0.051252
-0.051262
-0.051263
-0.051253
-0.051233
-0.051203
-0.051162
-0.051111
-0.051050
-0.050978
-0.050896
-0.050803
-0.050699
-0.050584
-0.050459
-0.050323
-0.050175
-0.050017
-0.049848
-0.049667
-0.049475
-0.049272
-0.049058
-0.048832
-0.048595
-0.048346
-0.048086
-0.047815
-0.047531
-0.047236
-0.046930
-0.046611
-0.046281
-0.045939
-0.045586
-0.045220
-0.044843
-0.044454
-0.044052
-0.043639
-0.043214
-0.042778
-0.042329
-0.041868
-0.041395
-0.040911
-0.040414
-0.039906
-0.039386
-0.038854
-0.038310
-0.037755
-0.037188
-0.036609
-0.036018
-0.035416
-0.034803
-0.034178
-0.033542
-0.032895
-0.032237
-0.031567
-0.030887
-0.030196
-0.029494
-0.028782
-0.028059
-0.027327
-0.026584
-0.025831
-0.025069
-0.024297
-0.023515
-0.022725
-0.021926
-0.021118
-0.020301
-0.019476
-0.018644
-0.017804
-0.016956
-0.016101
-0.015240
-0.014371
-0.013497
-0.012617
-0.011731
-0.010840
-0.009945
-0.009044
-0.008140
-0.007232
-0.006321
-0.005406
-0.004490
-0.003571
-0.002650
-0.001729
-0.000806
0.000117
0.001040
0.001962
0.002883
0.003803
0.004720
0.005636
0.006548
0.007457
0.008362
0.009263
0.010159
0.011049
0.011934
0.012813
0.013684
0.014549
0.015406
0.016255
0.017095
0.017926
0.018748
0.019560
0.020361
0.021152
0.021932
0.022700
0.023456
0.024200
0.024931
0.025650
0.026355
0.027046
0.027724
0.028387
0.029036
0.029670
0.030289
0.030892
0.031480
0.032053
0.032610
0.033150
0.033674
0.034182
0.034674
0.035149
0.035607
0.036048
0.036473
0.036880
0.037271
0.037644
0.038000
0.038339
0.038662
0.038967
0.039255
0.039526
0.039780
0.040017
0.040237
0.040440
0.040627
0.040797
0.040951
0.041088
0.041209
0.041313
0.041402
0.041475
0.041531
0.041573
0.041598
0.041609
0.041604
0.041584
0.041550
0.041501
0.041437
0.041359
0.041267
0.041160
0.041041
0.040907
0.040760
0.040600
0.040427
0.040241
0.040043
0.039832
0.039609
0.039374
0.039127
0.038869
0.038599
0.038317
0.038025
0.037722
0.037409
0.037085
0.036750
0.036406
0.036052
0.035688
0.035315
0.034932
0.034541
0.034140
0.033731
0.033313
0.032887
0.032453
0.032011
0.031561
0.031103
0.030638
0.030166
0.029687
0.029201
0.028708
0.028209
0.027703
0.027191
0.026673
0.026149
0.025619
0.025084
0.024544
0.023998
0.023447
0.022891
0.022331
0.021765
0.021196
0.020622
0.020044
0.019462
0.018875
0.018286
0.017692
0.017096
0.016495
0.015892
0.015286
0.014676
0.014064
0.013450
0.012833
0.012213
0.011591
0.010967
0.010341
0.009714
0.009084
0.008453
0.007820
0.007186
0.006551
0.005914
0.005276
0.004638
0.003999
0.003359
0.002718
0.002077
0.001435
0.000794
0.000152
-0.000490
-0.001132
-0.001774
-0.002415
-0.003056
-0.003697
-0.004337
-0.004976
-0.005615
-0.006252
-0.006889
-0.007524
-0.008159
-0.008792
-0.009424
-0.010054
-0.010683
-0.011310
-0.011935
-0.012559
-0.013180
-0.013800
-0.014418
-0.015033
-0.015646
-0.016256
-0.016865
-0.017470
-0.018073
-0.018673
-0.019271
-0.019865
-0.020457
-0.021045
-0.021630
-0.022212
-0.022791
-0.023366
-0.023938
-0.024506
-0.025071
-0.025631
-0.026188
-0.026741
-0.027290
-0.027835
-0.028376
-0.028913
-0.029445
-0.029973
-0.030496
-0.031015
-0.031529
-0.032038
-0.032543
-0.033042
-0.033537
-0.034027
-0.034511
-0.034991
-0.035465
-0.035933
-0.036397
-0.036854
-0.037306
-0.037753
-0.038194
-0.038628
-0.039057
-0.039480
-0.039897
-0.040308
-0.040713
-0.041111
-0.041503
-0.041888
-0.042267
-0.042639
-0.043005
-0.043363
-0.043715
-0.044060
-0.044398
-0.044729
-0.045053
-0.045369
-0.045678
-0.045980
-0.046274
-0.046561
-0.046840
-0.047112
-0.047375
-0.047631
-0.047879
-0.048119
-0.048350
-0.048574
-0.048789
-0.048996
-0.049195
-0.049385
-0.049566
-0.049739
-0.049903
-0.050059
-0.050205
-0.050342
-0.050471
-0.050590
-0.050701
-0.050802
-0.050893
-0.050975
-0.051048
-0.051111
-0.051165
-0.051209
-0.051243
-0.051267
-0.051281
-0.051286
-0.051280
-0.051264
-0.051238
-0.051201
-0.051155
-0.051098
-0.051030
-0.050952
-0.050863
-0.050763
-0.050653
-0.050532
-0.050400
-0.050257
-0.050103
-0.049938
-0.049762
-0.049574
-0.049376
-0.049166
-0.048944
-0.048712
-0.048468
-0.048212
-0.047945
-0.047666
-0.047376
-0.047074
-0.046760
-0.046435
-0.046098
-0.045749
-0.045388
-0.045015
-0.044631
-0.044234
-0.043826
-0.043405
-0.042973
-0.042529
-0.042073
-0.041605
-0.041125
-0.040634
-0.040130
-0.039615
-0.039087
-0.038548
-0.037997
-0.037435
-0.036861
-0.036275
-0.035677
-0.035068
-0.034448
-0.033817
-0.033174
-0.032520
-0.031855
-0.031179
-0.030492
-0.029794
-0.029086
-0.028368
-0.027639
-0.026900
-0.026151
-0.025393
-0.024624
-0.023847
-0.023060
-0.022264
-0.021460
-0.020646
-0.019825
-0.018995
-0.018158
-0.017313
-0.016461
-0.015603
-0.014737
-0.013865
-0.012987
-0.012104
-0.011215
-0.010321
-0.009422
-0.008520
-0.007613
-0.006703
-0.005790
-0.004874
-0.003956
-0.003036
-0.002115
-0.001193
-0.000270
0.000653
0.001576
0.002497
0.003417
0.004336
0.005252
0.006166
0.007076
0.007983
0.008885
0.009783
0.010676
0.011563
0.012444
0.013319
0.014186
0.015046
0.015898
0.016742
0.017576
0.018402
0.019218
0.020023
0.020818
0.021603
0.022375
0.023136
0.023885
0.024622
0.025345
0.026055
0.026752
0.027435
0.028104
0.028759
0.029398
0.030023
0.030633
0.031227
0.031806
0.032369
0.032916
0.033447
0.033961
0.034459
0.034941
0.035405
0.035853
0.036284
0.036698
0.037096
0.037476
0.037839
0.038185
0.038514
0.038825
0.039120
0.039398
0.039658
0.039902
0.040129
0.040339
0.040532
0.040709
0.040869
0.041013
0.041140
0.041251
0.041346
0.041425
0.041488
0.041535
0.041567
0.041583
0.041585
0.041571
0.041542
0.041499
0.041441
0.041368
0.041281
0.041181
0.041066
0.040938
0.040797
0.040642
0.040474
0.040293
0.040100
0.039894
0.039675
0.039445
0.039203
0.038949
0.038683
0.038406
0.038119
0.037820
0.037510
0.037190
0.036860
0.036520
0.036169
0.035809
0.035440
0.035061
0.034673
0.034276
0.033870
0.033456
0.033033
0.032602
0.032163
0.031716
0.031261
0.030799
0.030330
0.029854
0.029370
0.028880
0.028383
0.027880
0.027370
0.026855
0.026333
0.025806
0.025273
0.024734
0.024190
0.023641
0.023088
0.022529
0.021965
0.021398
0.020825
0.020249
0.019668
0.019084
0.018495
0.017903
0.017308
0.016709
0.016107
0.015502
0.014894
0.014283
0.013669
0.013053
0.012434
0.011813
0.011190
0.010565
0.009938
0.009309
0.008678
0.008046
0.007413
0.006778
0.006142
0.005504
0.004866
0.004227
0.003587
0.002947
0.002306
0.001665
0.001023
0.000381
-0.000261
-0.000902
-0.001544
-0.002186
-0.002827
-0.003468
-0.004108
-0.004748
-0.005386
-0.006024
-0.006661
-0.007298
-0.007932
-0.008566
-0.009198
-0.009829
-0.010459
-0.011086
-0.011713
-0.012337
-0.012959
-0.013580
-0.014198
-0.014814
-0.015428
-0.016039
-0.016649
-0.017255
-0.017859
-0.018461
-0.019059
-0.019655
-0.020247
-0.020837
-0.021423
-0.022007
-0.022587
-0.023163
-0.023737
-0.024306
-0.024872
-0.025434
-0.025993
-0.026547
-0.027098
-0.027644
-0.028187
-0.028725
-0.029259
-0.029788
-0.030314
-0.030834
-0.031350
-0.031861
-0.032368
-0.032869
-0.033366
-0.033858
-0.034344
-0.034826
-0.035302
-0.035773
-0.036238
-0.036698
-0.037152
-0.037601
-0.038044
-0.038481
-0.038913
-0.039338
-0.039757
-0.040170
-0.040577
-0.040978
-0.041372
-0.041760
-0.042142
-0.042517
-0.042885
-0.043246
-0.043601
-0.043949
-0.044289
-0.044623
-0.044950
-0.045269
-0.045581
-0.045886
-0.046183
-0.046473
-0.046755
-0.047029
-0.047296
-0.047555
-0.047806
-0.048049
-0.048284
-0.048510
-0.048729
-0.048939
-0.049141
-0.049334
-0.049519
-0.049695
-0.049863
-0.050022
-0.050172
-0.050313
-0.050445
-0.050568
-0.050682
-0.050786
-0.050882
-0.050968
-0.051044
-0.051111
-0.051169
-0.051216
-0.051254
-0.051282
-0.051301
-0.051309
-0.051307
-0.051295
-0.051273
-0.051241
-0.051198
-0.051145
-0.051082
-0.051008
-0.050923
-0.050828
-0.050722
-0.050605
-0.050477
-0.050338
-0.050189
-0.050028
-0.049856
-0.049673
-0.049479
-0.049274
-0.049057
-0.048829
-0.048589
-0.048338
-0.048076
-0.047802
-0.047516
-0.047219
-0.046910
-0.046589
-0.046256
-0.045912
-0.045556
-0.045188
-0.044808
-0.044416
-0.044013
-0.043597
-0.043170
-0.042730
-0.042279
-0.041816
-0.041341
-0.040854
-0.040355
-0.039844
-0.039321
-0.038787
-0.038241
-0.037683
-0.037113
-0.036532
-0.035939
-0.035335
-0.034719
-0.034092
-0.033454
-0.032804
-0.032143
-0.031472
-0.030789
-0.030096
-0.029392
-0.028678
-0.027953
-0.027218
-0.026473
-0.025718
-0.024954
-0.024180
-0.023397
-0.022604
-0.021803
-0.020993
-0.020175
-0.019349
-0.018515
-0.017673
-0.016824
-0.015968
-0.015105
-0.014235
-0.013360
-0.012478
-0.011592
-0.010700
-0.009803
-0.008902
-0.007997
-0.007088
-0.006176
-0.005261
-0.004344
-0.003425
-0.002504
-0.001582
-0.000660
0.000263
0.001186
0.002108
0.003029
0.003948
0.004865
0.005780
0.006692
0.007600
0.008504
0.009404
0.010299
0.011188
0.012071
0.012949
0.013819
0.014682
0.015537
0.016384
0.017222
0.018052
0.018871
0.019681
0.020480
0.021269
0.022046
0.022812
0.023566
0.024307
0.025035
0.025751
0.026453
0.027142
0.027816
0.028477
0.029122
0.029753
0.030369
0.030969
0.031554
0.032123
0.032677
0.033214
0.033735
0.034239
0.034727
0.035199
0.035653
0.036091
0.036512
0.036916
0.037302
0.037672
0.038025
0.038361
0.038679
0.038981
0.039265
0.039532
0.039783
0.040016
0.040233
0.040433
0.040616
0.040783
0.040933
0.041066
0.041184
0.041285
0.041370
0.041440
0.041493
0.041531
0.041554
0.041561
0.041553
0.041530
0.041492
0.041440
0.041373
0.041292
0.041197
0.041088
0.040965
0.040829
0.040679
0.040516
0.040340
0.040152
0.039951
0.039737
0.039512
0.039274
0.039025
0.038764
0.038492
0.038208
0.037914
0.037608
0.037292
0.036966
0.036630
0.036283
0.035927
0.035561
0.035186
0.034801
0.034408
0.034006
0.033594
0.033175
0.032747
0.032311
0.031867
0.031416
0.030957
0.030490
0.030017
0.029536
0.029048
0.028554
0.028053
0.027546
0.027033
0.026514
0.025988
0.025458
0.024921
0.024380
0.023833
0.023281
0.022724
0.022162
0.021596
0.021026
0.020451
0.019872
0.019289
0.018702
0.018111
0.017517
0.016920
0.016319
0.015715
0.015108
0.014498
0.013885
0.013270
0.012653
0.012032
0.011410
0.010786
0.010159
0.009531
0.008901
0.008270
0.007637
0.007002
0.006367
0.005730
0.005092
0.004453
0.003814
0.003174
0.002533
0.001892
0.001250
0.000609
-0.000033
-0.000675
-0.001317
-0.001959
-0.002600
-0.003241
-0.003882
-0.004521
-0.005161
-0.005799
-0.006436
-0.007073
-0.007708
-0.008342
-0.008975
-0.009607
-0.010237
-0.010865
-0.011492
-0.012117
-0.012740
-0.013361
-0.013980
-0.014597
-0.015212
-0.015824
-0.016435
-0.017042
-0.017647
-0.018250
-0.018849
-0.019446
-0.020040
-0.020631
-0.021218
-0.021803
-0.022384
-0.022962
-0.023537
-0.024108
-0.024675
-0.025239
-0.025799
-0.026355
-0.026907
-0.027455
-0.027999
-0.028539
-0.029075
-0.029606
-0.030133
-0.030655
-0.031173
-0.031686
-0.032194
-0.032698
-0.033197
-0.033690
-0.034179
-0.034662
-0.035140
-0.035613
-0.036081
-0.036543
-0.036999
-0.037450
-0.037896
-0.038335
-0.038769
-0.039196
-0.039618
-0.040034
-0.040443
-0.040846
-0.041243
-0.041634
-0.042018
-0.042395
-0.042766
-0.043130
-0.043487
-0.043838
-0.044181
-0.044518
-0.044847
-0.045169
-0.045484
-0.045792
-0.046092
-0.046385
-0.046670
-0.046947
-0.047217
-0.047479
-0.047733
-0.047979
-0.048217
-0.048447
-0.048669
-0.048883
-0.049088
-0.049284
-0.049473
-0.049652
-0.049823
-0.049986
-0.050139
-0.050284
-0.050419
-0.050546
-0.050663
-0.050772
-0.050871
-0.050960
-0.051040
-0.051111
-0.051172
-0.051224
-0.051266
-0.051298
-0.051320
-0.051332
-0.051334
-0.051326
-0.051308
-0.051280
-0.051241
-0.051192
-0.051133
-0.051063
-0.050983
-0.050891
-0.050790
-0.050677
-0.050554
-0.050419
-0.050274
-0.050118
-0.049950
-0.049772
-0.049582
-0.049381
-0.049169
-0.048945
-0.048710
-0.048464
-0.048206
-0.047936
-0.047655
-0.047362
-0.047058
-0.046742
-0.046414
-0.046074
-0.045722
-0.045359
-0.044984
-0.044597
-0.044198
-0.043787
-0.043364
-0.042930
-0.042483
-0.042025
-0.041554
-0.041072
-0.040578
-0.040071
-0.039554
-0.039024
-0.038482
-0.037929
-0.037364
-0.036787
-0.036199
-0.035599
-0.034988
-0.034365
-0.033731
-0.033086
-0.032430
-0.031762
-0.031084
-0.030395
-0.029695
-0.028985
-0.028265
-0.027534
-0.026793
-0.026042
-0.025281
-0.024511
-0.023731
-0.022943
-0.022145
-0.021338
-0.020524
-0.019700
-0.018869
-0.018031
-0.017184
-0.016331
-0.015470
-0.014603
-0.013730
-0.012851
-0.011967
-0.011077
-0.010182
-0.009282
-0.008379
-0.007471
-0.006561
-0.005647
-0.004731
-0.003812
-0.002892
-0.001971
-0.001048
-0.000125
0.000797
0.001720
0.002641
0.003561
0.004479
0.005395
0.006308
0.007217
0.008123
0.009025
0.009922
0.010813
0.011699
0.012579
0.013452
0.014318
0.015176
0.016026
0.016868
0.017701
0.018524
0.019338
0.020142
0.020934
0.021716
0.022486
0.023245
0.023991
0.024725
0.025445
0.026153
0.026847
0.027527
0.028193
0.028844
0.029481
0.030103
0.030709
0.031300
0.031875
0.032435
0.032979
0.033506
0.034017
0.034511
0.034989
0.035450
0.035895
0.036322
0.036733
0.037126
0.037503
0.037862
0.038205
0.038530
0.038838
0.039129
0.039403
0.039660
0.039900
0.040124
0.040330
0.040520
0.040693
0.040849
0.040990
0.041113
0.041221
0.041312
0.041388
0.041448
0.041492
0.041520
0.041534
0.041531
0.041514
0.041483
0.041436
0.041375
0.041299
0.041210
0.041106
0.040989
0.040858
0.040713
0.040555
0.040385
0.040201
0.040005
0.039796
0.039576
0.039343
0.039098
0.038841
0.038573
0.038294
0.038004
0.037703
0.037391
0.037069
0.036737
0.036394
0.036042
0.035680
0.035308
0.034927
0.034537
0.034138
0.033731
0.033314
0.032890
0.032457
0.032016
0.031568
0.031112
0.030648
0.030177
0.029699
0.029214
0.028722
0.028224
0.027720
0.027209
0.026692
0.026169
0.025640
0.025106
0.024566
0.024022
0.023472
0.022917
0.022357
0.021793
0.021224
0.020650
0.020073
0.019492
0.018906
0.018317
0.017724
0.017128
0.016529
0.015926
0.015320
0.014711
0.014100
0.013486
0.012869
0.012250
0.011628
0.011005
0.010379
0.009752
0.009122
0.008491
0.007859
0.007225
0.006590
0.005953
0.005316
0.004678
0.004038
0.003399
0.002758
0.002117
0.001476
0.000834
0.000192
-0.000450
-0.001092
-0.001733
-0.002375
-0.003016
-0.003657
-0.004297
-0.004936
-0.005575
-0.006213
-0.006850
-0.007485
-0.008120
-0.008753
-0.009385
-0.010016
-0.010645
-0.011272
-0.011898
-0.012522
-0.013144
-0.013764
-0.014382
-0.014997
-0.015611
-0.016222
-0.016830
-0.017437
-0.018040
-0.018641
-0.019239
-0.019834
-0.020426
-0.021015
-0.021600
-0.022183
-0.022762
-0.023338
-0.023911
-0.024479
-0.025044
-0.025606
-0.026164
-0.026717
-0.027267
-0.027813
-0.028354
-0.028891
-0.029424
-0.029953
-0.030477
-0.030997
-0.031512
-0.032022
-0.032527
-0.033028
-0.033523
-0.034014
-0.034499
-0.034980
-0.035455
-0.035924
-0.036389
-0.036847
-0.037301
-0.037748
-0.038190
-0.038626
-0.039056
-0.039480
-0.039898
-0.040310
-0.040715
-0.041115
-0.041508
-0.041894
-0.042274
-0.042648
-0.043014
-0.043374
-0.043727
-0.044074
-0.044413
-0.044745
-0.045070
-0.045388
-0.045698
-0.046001
-0.046297
-0.046585
-0.046866
-0.047138
-0.047403
-0.047661
-0.047910
-0.048151
-0.048384
-0.048609
-0.048826
-0.049035
-0.049235
-0.049426
-0.049609
-0.049784
-0.049949
-0.050106
-0.050254
-0.050393
-0.050524
-0.050645
-0.050756
-0.050859
-0.050952
-0.051036
-0.051111
-0.051176
-0.051231
-0.051277
-0.051313
-0.051339
-0.051355
-0.051361
-0.051357
-0.051343
-0.051318
-0.051284
-0.051239
-0.051184
-0.051118
-0.051042
-0.050955
-0.050857
-0.050749
-0.050630
-0.050500
-0.050359
-0.050207
-0.050044
-0.049869
-0.049684
-0.049488
-0.049280
-0.049061
-0.048830
-0.048588
-0.048335
-0.048069
-0.047793
-0.047505
-0.047205
-0.046893
-0.046570
-0.046235
-0.045888
-0.045529
-0.045159
-0.044776
-0.044382
-0.043976
-0.043558
-0.043128
-0.042686
-0.042232
-0.041766
-0.041289
-0.040799
-0.040298
-0.039784
-0.039259
-0.038722
-0.038174
-0.037613
-0.037041
-0.036457
-0.035862
-0.035255
-0.034637
-0.034008
-0.033367
-0.032715
-0.032052
-0.031378
-0.030693
-0.029997
-0.029291
-0.028575
-0.027848
-0.027111
-0.026364
-0.025607
-0.024840
-0.024064
-0.023279
-0.022485
-0.021682
-0.020870
-0.020050
-0.019222
-0.018387
-0.017543
-0.016693
-0.015835
-0.014970
-0.014100
-0.013223
-0.012340
-0.011452
-0.010559
-0.009662
-0.008760
-0.007854
-0.006944
-0.006032
-0.005117
-0.004199
-0.003279
-0.002358
-0.001436
-0.000513
0.000409
0.001332
0.002254
0.003174
0.004093
0.005010
0.005924
0.006835
0.007742
0.008645
0.009544
0.010438
0.011326
0.012208
0.013084
0.013953
0.014814
0.015667
0.016513
0.017349
0.018176
0.018994
0.019801
0.020598
0.021384
0.022159
0.022922
0.023673
0.024412
0.025138
0.025851
0.026550
0.027235
0.027907
0.028564
0.029207
0.029834
0.030447
0.031044
0.031625
0.032191
0.032741
0.033274
0.033792
0.034293
0.034777
0.035245
0.035696
0.036130
0.036547
0.036947
0.037331
0.037697
0.038046
0.038378
0.038693
0.038990
0.039271
0.039535
0.039782
0.040011
0.040225
0.040421
0.040600
0.040763
0.040910
0.041040
0.041154
0.041252
0.041334
0.041399
0.041450
0.041484
0.041503
0.041507
0.041496
0.041470
0.041429
0.041374
0.041304
0.041220
0.041122
0.041010
0.040884
0.040745
0.040592
0.040426
0.040248
0.040057
0.039853
0.039637
0.039409
0.039168
0.038917
0.038653
0.038378
0.038093
0.037796
0.037488
0.037170
0.036842
0.036503
0.036154
0.035796
0.035428
0.035051
0.034664
0.034269
0.033865
0.033452
0.033030
0.032601
0.032163
0.031718
0.031265
0.030804
0.030336
0.029861
0.029378
0.028889
0.028394
0.027891
0.027383
0.026868
0.026348
0.025821
0.025289
0.024752
0.024209
0.023661
0.023108
0.022550
0.021988
0.021421
0.020849
0.020273
0.019693
0.019109
0.018522
0.017931
0.017336
0.016737
0.016136
0.015531
0.014924
0.014313
0.013700
0.013084
0.012466
0.011845
0.011223
0.010598
0.009971
0.009342
0.008712
0.008080
0.007447
0.006812
0.006176
0.005539
0.004901
0.004262
0.003623
0.002982
0.002342
0.001700
0.001059
0.000417
-0.000225
-0.000867
-0.001509
-0.002150
-0.002791
-0.003432
-0.004073
-0.004712
-0.005351
-0.005990
-0.006627
-0.007263
-0.007898
-0.008532
-0.009165
-0.009796
-0.010425
-0.011053
-0.011680
-0.012304
-0.012927
-0.013548
-0.014167
-0.014783
-0.015397
-0.016009
-0.016619
-0.017226
-0.017830
-0.018432
-0.019031
-0.019627
-0.020221
-0.020811
-0.021398
-0.021982
-0.022562
-0.023140
-0.023713
-0.024284
-0.024850
-0.025413
-0.025972
-0.026527
-0.027079
-0.027626
-0.028169
-0.028708
-0.029243
-0.029773
-0.030299
-0.030820
-0.031337
-0.031849
-0.032357
-0.032859
-0.033357
-0.033849
-0.034337
-0.034819
-0.035296
-0.035768
-0.036234
-0.036695
-0.037150
-0.037600
-0.038044
-0.038482
-0.038915
-0.039341
-0.039761
-0.040176
-0.040584
-0.040986
-0.041381
-0.041770
-0.042153
-0.042529
-0.042898
-0.043261
-0.043617
-0.043966
-0.044308
-0.044643
-0.044970
-0.045291
-0.045604
-0.045910
-0.046209
-0.046500
-0.046784
-0.047059
-0.047327
-0.047588
-0.047840
-0.048084
-0.048321
-0.048549
-0.048769
-0.048981
-0.049184
-0.049379
-0.049565
-0.049743
-0.049912
-0.050073
-0.050224
-0.050367
-0.050501
-0.050625
-0.050741
-0.050847
-0.050944
-0.051032
-0.051110
-0.051178
-0.051238
-0.051287
-0.051327
-0.051357
-0.051377
-0.051387
-0.051387
-0.051377
-0.051356
-0.051326
-0.051285
-0.051234
-0.051172
-0.051100
-0.051017
-0.050924
-0.050820
-0.050705
-0.050579
-0.050442
-0.050295
-0.050136
-0.049966
-0.049785
-0.049593
-0.049390
-0.049175
-0.048949
-0.048711
-0.048462
-0.048202
-0.047930
-0.047646
-0.047351
-0.047044
-0.046725
-0.046395
-0.046053
-0.045699
-0.045333
-0.044955
-0.044565
-0.044164
-0.043750
-0.043325
-0.042888
-0.042439
-0.041978
-0.041505
-0.041020
-0.040523
-0.040014
-0.039494
-0.038962
-0.038418
-0.037862
-0.037294
-0.036715
-0.036124
-0.035522
-0.034908
-0.034283
-0.033647
-0.032999
-0.032341
-0.031671
-0.030990
-0.030299
-0.029597
-0.028884
-0.028162
-0.027429
-0.026685
-0.025932
-0.025170
-0.024397
-0.023616
-0.022825
-0.022026
-0.021217
-0.020401
-0.019576
-0.018743
-0.017903
-0.017055
-0.016200
-0.015338
-0.014470
-0.013595
-0.012715
-0.011829
-0.010938
-0.010042
-0.009142
-0.008238
-0.007330
-0.006418
-0.005504
-0.004587
-0.003668
-0.002748
-0.001826
-0.000904
0.000019
0.000942
0.001864
0.002785
0.003705
0.004622
0.005538
0.006450
0.007359
0.008263
0.009164
0.010060
0.010950
0.011835
0.012713
0.013584
0.014449
0.015305
0.016154
0.016994
0.017825
0.018646
0.019458
0.020259
0.021049
0.021828
0.022596
0.023352
0.024096
0.024826
0.025544
0.026249
0.026940
0.027617
0.028280
0.028928
0.029561
0.030180
0.030783
0.031371
0.031943
0.032499
0.033039
0.033563
0.034070
0.034561
0.035035
0.035493
0.035934
0.036358
0.036764
0.037154
0.037527
0.037883
0.038222
0.038543
0.038848
0.039135
0.039405
0.039659
0.039895
0.040115
0.040318
0.040504
0.040674
0.040827
0.040963
0.041083
0.041187
0.041276
0.041348
0.041404
0.041445
0.041470
0.041480
0.041475
0.041454
0.041419
0.041370
0.041305
0.041227
0.041134
0.041028
0.040907
0.040773
0.040626
0.040465
0.040292
0.040106
0.039907
0.039696
0.039472
0.039237
0.038989
0.038730
0.038460
0.038179
0.037886
0.037583
0.037269
0.036944
0.036610
0.036265
0.035910
0.035546
0.035173
0.034790
0.034398
0.033997
0.033587
0.033169
0.032743
0.032309
0.031866
0.031416
0.030958
0.030493
0.030021
0.029541
0.029055
0.028562
0.028062
0.027556
0.027044
0.026526
0.026001
0.025472
0.024936
0.024395
0.023850
0.023298
0.022742
0.022182
0.021616
0.021047
0.020472
0.019894
0.019312
0.018726
0.018136
0.017542
0.016945
0.016345
0.015742
0.015135
0.014526
0.013914
0.013299
0.012682
0.012062
0.011440
0.010816
0.010190
0.009562
0.008932
0.008301
0.007668
0.007034
0.006399
0.005762
0.005125
0.004486
0.003847
0.003207
0.002566
0.001925
0.001283
0.000642
-0.000000
-0.000642
-0.001284
-0.001926
-0.002567
-0.003208
-0.003849
-0.004489
-0.005128
-0.005767
-0.006404
-0.007041
-0.007676
-0.008311
-0.008944
-0.009576
-0.010206
-0.010835
-0.011462
-0.012087
-0.012710
-0.013332
-0.013951
-0.014569
-0.015184
-0.015797
-0.016407
-0.017016
-0.017621
-0.018224
-0.018824
-0.019421
-0.020016
-0.020607
-0.021195
-0.021781
-0.022362
-0.022941
-0.023516
-0.024088
-0.024656
-0.025220
-0.025781
-0.026338
-0.026890
-0.027439
-0.027984
-0.028525
-0.029061
-0.029593
-0.030121
-0.030644
-0.031163
-0.031676
-0.032186
-0.032690
-0.033190
-0.033684
-0.034174
-0.034658
-0.035137
-0.035611
-0.036080
-0.036543
-0.037000
-0.037452
-0.037898
-0.038339
-0.038773
-0.039202
-0.039625
-0.040042
-0.040452
-0.040857
-0.041255
-0.041646
-0.042031
-0.042410
-0.042782
-0.043147
-0.043506
-0.043857
-0.044202
-0.044540
-0.044870
-0.045194
-0.045510
-0.045819
-0.046121
-0.046415
-0.046701
-0.046980
-0.047251
-0.047514
-0.047770
-0.048018
-0.048257
-0.048488
-0.048712
-0.048927
-0.049133
-0.049332
-0.049521
-0.049703
-0.049875
-0.050039
-0.050194
-0.050340
-0.050477
-0.050606
-0.050725
-0.050835
-0.050935
-0.051027
-0.051108
-0.051181
-0.051244
-0.051297
-0.051341
-0.051374
-0.051398
-0.051412
-0.051416
-0.051410
-0.051394
-0.051367
-0.051331
-0.051284
-0.051226
-0.051158
-0.051079
-0.050990
-0.050890
-0.050780
-0.050658
-0.050526
-0.050382
-0.050228
-0.050063
-0.049886
-0.049698
-0.049500
-0.049289
-0.049068
-0.048835
-0.048590
-0.048334
-0.048067
-0.047788
-0.047497
-0.047195
-0.046881
-0.046555
-0.046217
-0.045868
-0.045507
-0.045134
-0.044749
-0.044352
-0.043943
-0.043522
-0.043090
-0.042645
-0.042189
-0.041721
-0.041241
-0.040748
-0.040244
-0.039729
-0.039201
-0.038662
-0.038110
-0.037547
-0.036973
-0.036387
-0.035789
-0.035180
-0.034559
-0.033927
-0.033284
-0.032630
-0.031964
-0.031288
-0.030601
-0.029903
-0.029195
-0.028476
-0.027747
-0.027008
-0.026259
-0.025500
-0.024731
-0.023953
-0.023166
-0.022370
-0.021565
-0.020752
-0.019930
-0.019101
-0.018263
-0.017418
-0.016566
-0.015707
-0.014841
-0.013969
-0.013091
-0.012207
-0.011318
-0.010424
-0.009526
-0.008623
-0.007716
-0.006806
-0.005893
-0.004977
-0.004059
-0.003139
-0.002218
-0.001296
-0.000373
0.000550
0.001472
0.002394
0.003314
0.004233
0.005149
0.006062
0.006972
0.007879
0.008781
0.009679
0.010571
0.011458
0.012339
0.013213
0.014080
0.014940
0.015792
0.016635
0.017470
0.018295
0.019110
0.019916
0.020710
0.021494
0.022266
0.023027
0.023775
0.024511
0.025234
0.025944
0.026641
0.027323
0.027992
0.028646
0.029285
0.029909
0.030519
0.031112
0.031691
0.032253
0.032799
0.033330
0.033843
0.034341
0.034822
0.035286
0.035733
0.036164
0.036577
0.036974
0.037354
0.037716
0.038061
0.038390
0.038701
0.038995
0.039272
0.039532
0.039775
0.040002
0.040211
0.040404
0.040580
0.040739
0.040882
0.041009
0.041120
0.041214
0.041292
0.041355
0.041402
0.041433
0.041449
0.041450
0.041435
0.041406
0.041362
0.041304
0.041231
0.041144
0.041042
0.040927
0.040799
0.040657
0.040501
0.040333
0.040152
0.039958
0.039752
0.039533
0.039302
0.039059
0.038805
0.038539
0.038262
0.037974
0.037675
0.037365
0.037044
0.036714
0.036373
0.036022
0.035662
0.035292
0.034913
0.034524
0.034127
0.033721
0.033306
0.032883
0.032452
0.032013
0.031565
0.031111
0.030648
0.030179
0.029702
0.029218
0.028728
0.028231
0.027727
0.027217
0.026702
0.026180
0.025652
0.025119
0.024580
0.024036
0.023487
0.022933
0.022374
0.021811
0.021243
0.020670
0.020094
0.019513
0.018928
0.018340
0.017748
0.017152
0.016553
0.015951
0.015346
0.014737
0.014126
0.013512
0.012896
0.012277
0.011656
0.011033
0.010408
0.009781
0.009152
0.008521
0.007889
0.007255
0.006620
0.005984
0.005347
0.004709
0.004070
0.003430
0.002789
0.002149
0.001507
0.000866
0.000224
-0.000418
-0.001060
-0.001702
-0.002343
-0.002985
-0.003625
-0.004266
-0.004905
-0.005544
-0.006182
-0.006819
-0.007455
-0.008090
-0.008723
-0.009356
-0.009987
-0.010616
-0.011244
-0.011870
-0.012494
-0.013116
-0.013737
-0.014355
-0.014971
-0.015585
-0.016196
-0.016805
-0.017412
-0.018016
-0.018617
-0.019215
-0.019811
-0.020403
-0.020993
-0.021579
-0.022162
-0.022742
-0.023319
-0.023892
-0.024461
-0.025027
-0.025589
-0.026148
-0.026702
-0.027252
-0.027799
-0.028341
-0.028879
-0.029413
-0.029942
-0.030467
-0.030988
-0.031503
-0.032014
-0.032521
-0.033022
-0.033519
-0.034010
-0.034497
-0.034978
-0.035454
-0.035924
-0.036390
-0.036849
-0.037303
-0.037752
-0.038195
-0.038632
-0.039063
-0.039488
-0.039907
-0.040320
-0.040727
-0.041127
-0.041521
-0.041909
-0.042290
-0.042665
-0.043033
-0.043394
-0.043748
-0.044096
-0.044436
-0.044770
-0.045096
-0.045415
-0.045727
-0.046031
-0.046328
-0.046618
-0.046900
-0.047174
-0.047440
-0.047699
-0.047950
-0.048192
-0.048427
-0.048653
-0.048872
-0.049082
-0.049283
-0.049476
-0.049661
-0.049837
-0.050004
-0.050163
-0.050312
-0.050453
-0.050585
-0.050708
-0.050821
-0.050925
-0.051020
-0.051106
-0.051182
-0.051249
-0.051306
-0.051353
-0.051391
-0.051419
-0.051437
-0.051445
-0.051442
-0.051430
-0.051408
-0.051375
-0.051332
-0.051279
-0.051215
-0.051140
-0.051055
-0.050960
-0.050853
-0.050736
-0.050608
-0.050469
-0.050319
-0.050158
-0.049986
-0.049803
-0.049608
-0.049402
-0.049185
-0.048957
-0.048717
-0.048465
-0.048202
-0.047928
-0.047642
-0.047344
-0.047035
-0.046714
-0.046381
-0.046036
-0.045679
-0.045311
-0.044931
-0.044539
-0.044135
-0.043719
-0.043291
-0.042851
-0.042399
-0.041936
-0.041460
-0.040973
-0.040474
-0.039963
-0.039440
-0.038905
-0.038358
-0.037800
-0.037230
-0.036648
-0.036055
-0.035450
-0.034834
-0.034207
-0.033568
-0.032918
-0.032257
-0.031585
-0.030902
-0.030209
-0.029505
-0.028790
-0.028065
-0.027330
-0.026584
-0.025829
-0.025065
-0.024290
-0.023507
-0.022714
-0.021913
-0.021103
-0.020284
-0.019458
-0.018624
-0.017781
-0.016932
-0.016076
-0.015213
-0.014343
-0.013467
-0.012586
-0.011699
-0.010807
-0.009910
-0.009009
-0.008104
-0.007195
-0.006283
-0.005368
-0.004451
-0.003531
-0.002611
-0.001689
-0.000766
0.000157
0.001079
0.002001
0.002922
0.003841
0.004758
0.005673
0.006585
0.007493
0.008397
0.009296
0.010191
0.011080
0.011963
0.012840
0.013710
0.014573
0.015428
0.016275
0.017113
0.017941
0.018761
0.019570
0.020369
0.021157
0.021934
0.022699
0.023453
0.024193
0.024922
0.025637
0.026339
0.027027
0.027701
0.028360
0.029005
0.029636
0.030251
0.030851
0.031435
0.032004
0.032557
0.033093
0.033614
0.034117
0.034605
0.035076
0.035530
0.035967
0.036387
0.036790
0.037177
0.037546
0.037898
0.038233
0.038551
0.038852
0.039136
0.039402
0.039652
0.039885
0.040101
0.040301
0.040483
0.040649
0.040799
0.040932
0.041049
0.041149
0.041234
0.041303
0.041356
0.041393
0.041415
0.041422
0.041413
0.041390
0.041352
0.041299
0.041231
0.041150
0.041054
0.040945
0.040821
0.040685
0.040535
0.040371
0.040195
0.040006
0.039805
0.039591
0.039365
0.039127
0.038877
0.038615
0.038343
0.038059
0.037764
0.037458
0.037142
0.036815
0.036479
0.036132
0.035775
0.035409
0.035033
0.034649
0.034255
0.033852
0.033441
0.033021
0.032593
0.032156
0.031712
0.031261
0.030801
0.030334
0.029860
0.029379
0.028892
0.028397
0.027896
0.027389
0.026875
0.026356
0.025830
0.025299
0.024763
0.024221
0.023674
0.023122
0.022565
0.022003
0.021437
0.020866
0.020291
0.019712
0.019129
0.018542
0.017951
0.017357
0.016759
0.016158
0.015554
0.014947
0.014337
0.013724
0.013109
0.012491
0.011871
0.011249
0.010624
0.009998
0.009369
0.008739
0.008108
0.007475
0.006840
0.006204
0.005568
0.004930
0.004291
0.003652
0.003011
0.002371
0.001729
0.001088
0.000446
-0.000196
-0.000838
-0.001480
-0.002121
-0.002763
-0.003403
-0.004044
-0.004684
-0.005323
-0.005961
-0.006599
-0.007235
-0.007870
-0.008504
-0.009137
-0.009769
-0.010399
-0.011027
-0.011654
-0.012279
-0.012902
-0.013523
-0.014142
-0.014759
-0.015373
-0.015986
-0.016596
-0.017203
-0.017808
-0.018411
-0.019010
-0.019607
-0.020200
-0.020791
-0.021379
-0.021963
-0.022544
-0.023122
-0.023697
-0.024268
-0.024835
-0.025398
-0.025958
-0.026514
-0.027066
-0.027614
-0.028158
-0.028698
-0.029233
-0.029764
-0.030291
-0.030813
-0.031331
-0.031844
-0.032352
-0.032855
-0.033354
-0.033847
-0.034336
-0.034819
-0.035297
-0.035770
-0.036237
-0.036699
-0.037155
-0.037606
-0.038051
-0.038490
-0.038923
-0.039351
-0.039772
-0.040188
-0.040597
-0.041000
-0.041397
-0.041787
-0.042171
-0.042548
-0.042918
-0.043282
-0.043639
-0.043989
-0.044333
-0.044669
-0.044998
-0.045320
-0.045635
-0.045942
-0.046242
-0.046534
-0.046819
-0.047096
-0.047366
-0.047627
-0.047881
-0.048127
-0.048365
-0.048595
-0.048816
-0.049029
-0.049234
-0.049430
-0.049618
-0.049798
-0.049968
-0.050130
-0.050284
-0.050428
-0.050563
-0.050689
-0.050806
-0.050914
-0.051013
-0.051102
-0.051182
-0.051253
-0.051313
-0.051365
-0.051406
-0.051438
-0.051460
-0.051471
-0.051473
-0.051465
-0.051447
-0.051418
-0.051379
-0.051330
-0.051270
-0.051200
-0.051119
-0.051027
-0.050925
-0.050812
-0.050688
-0.050554
-0.050408
-0.050251
-0.050083
-0.049905
-0.049714
-0.049513
-0.049300
-0.049076
-0.048841
-0.048594
-0.048336
-0.048066
-0.047784
-0.047491
-0.047186
-0.046869
-0.046541
-0.046201
-0.045849
-0.045485
-0.045110
-0.044722
-0.044323
-0.043912
-0.043489
-0.043054
-0.042607
-0.042148
-0.041677
-0.041194
-0.040699
-0.040193
-0.039675
-0.039144
-0.038602
-0.038049
-0.037483
-0.036906
-0.036318
-0.035717
-0.035106
-0.034483
-0.033848
-0.033203
-0.032546
-0.031878
-0.031200
-0.030510
-0.029810
-0.029100
-0.028379
-0.027648
-0.026906
-0.026155
-0.025394
-0.024623
-0.023844
-0.023055
-0.022257
-0.021450
-0.020635
-0.019811
-0.018980
-0.018141
-0.017294
-0.016441
-0.015580
-0.014713
-0.013840
-0.012960
-0.012076
-0.011185
-0.010290
-0.009391
-0.008487
-0.007580
-0.006669
-0.005755
-0.004839
-0.003920
-0.003000
-0.002079
-0.001156
-0.000233
0.000689
0.001612
0.002533
0.003453
0.004371
0.005286
0.006199
0.007109
0.008014
0.008916
0.009812
0.010703
0.011589
0.012469
0.013341
0.014207
0.015065
0.015915
0.016757
0.017589
0.018412
0.019225
0.020029
0.020821
0.021602
0.022372
0.023130
0.023876
0.024609
0.025329
0.026036
0.026730
0.027409
0.028075
0.028726
0.029362
0.029983
0.030589
0.031179
0.031754
0.032313
0.032856
0.033383
0.033893
0.034387
0.034864
0.035325
0.035769
0.036195
0.036605
0.036998
0.037374
0.037733
0.038075
0.038399
0.038707
0.038997
0.039271
0.039527
0.039767
0.039990
0.040195
0.040384
0.040557
0.040713
0.040852
0.040976
0.041083
0.041173
0.041248
0.041308
0.041351
0.041379
0.041392
0.041389
0.041372
0.041339
0.041292
0.041230
0.041154
0.041064
0.040960
0.040842
0.040711
0.040566
0.040407
0.040236
0.040052
0.039856
0.039647
0.039425
0.039192
0.038947
0.038690
0.038421
0.038142
0.037851
0.037550
0.037238
0.036915
0.036582
0.036239
0.035887
0.035524
0.035152
0.034771
0.034381
0.033981
0.033573
0.033157
0.032732
0.032299
0.031858
0.031409
0.030953
0.030489
0.030018
0.029539
0.029054
0.028562
0.028064
0.027559
0.027048
0.026531
0.026007
0.025479
0.024944
0.024404
0.023859
0.023309
0.022754
0.022194
0.021630
0.021061
0.020487
0.019910
0.019328
0.018743
0.018153
0.017560
0.016964
0.016364
0.015762
0.015156
0.014547
0.013935
0.013321
0.012704
0.012085
0.011463
0.010839
0.010214
0.009586
0.008957
0.008326
0.007693
0.007059
0.006424
0.005788
0.005150
0.004512
0.003873
0.003233
0.002592
0.001951
0.001310
0.000668
0.000026
-0.000616
-0.001258
-0.001899
-0.002541
-0.003182
-0.003823
-0.004463
-0.005102
-0.005741
-0.006378
-0.007015
-0.007651
-0.008286
-0.008919
-0.009551
-0.010181
-0.010810
-0.011438
-0.012063
-0.012687
-0.013309
-0.013929
-0.014547
-0.015162
-0.015776
-0.016387
-0.016995
-0.017601
-0.018204
-0.018805
-0.019403
-0.019998
-0.020590
-0.021178
-0.021764
-0.022347
-0.022926
-0.023501
-0.024074
-0.024642
-0.025207
-0.025769
-0.026326
-0.026880
-0.027429
-0.027975
-0.028516
-0.029053
-0.029586
-0.030114
-0.030638
-0.031158
-0.031673
-0.032183
-0.032688
-0.033188
-0.033684
-0.034174
-0.034659
-0.035139
-0.035614
-0.036084
-0.036548
-0.037006
-0.037459
-0.037906
-0.038348
-0.038784
-0.039213
-0.039637
-0.040055
-0.040467
-0.040872
-0.041271
-0.041664
-0.042050
-0.042430
-0.042803
-0.043170
-0.043529
-0.043882
-0.044228
-0.044567
-0.044899
-0.045224
-0.045541
-0.045852
-0.046154
-0.046450
-0.046738
-0.047018
-0.047290
-0.047555
-0.047812
-0.048061
-0.048302
-0.048535
-0.048759
-0.048976
-0.049184
-0.049384
-0.049575
-0.049758
-0.049932
-0.050097
-0.050254
-0.050401
-0.050540
-0.050670
-0.050791
-0.050902
-0.051005
-0.051098
-0.051181
-0.051255
-0.051320
-0.051375
-0.051420
-0.051455
-0.051481
-0.051497
-0.051503
-0.051498
-0.051484
-0.051459
-0.051424
-0.051379
-0.051323
-0.051257
-0.051181
-0.051093
-0.050995
-0.050887
-0.050767
-0.050637
-0.050495
-0.050343
-0.050179
-0.050005
-0.049819
-0.049622
-0.049414
-0.049194
-0.048963
-0.048721
-0.048467
-0.048202
-0.047925
-0.047636
-0.047336
-0.047024
-0.046700
-0.046364
-0.046017
-0.045658
-0.045287
-0.044904
-0.044510
-0.044103
-0.043685
-0.043254
-0.042812
-0.042358
-0.041891
-0.041413
-0.040923
-0.040422
-0.039908
-0.039382
-0.038845
-0.038296
-0.037735
-0.037162
-0.036578
-0.035983
-0.035376
-0.034757
-0.034127
-0.033486
-0.032834
-0.032170
-0.031496
-0.030811
-0.030115
-0.029408
-0.028691
-0.027964
-0.027227
-0.026479
-0.025722
-0.024955
-0.024179
-0.023394
-0.022599
-0.021796
-0.020984
-0.020164
-0.019335
-0.018499
-0.017656
-0.016805
-0.015947
-0.015082
-0.014211
-0.013334
-0.012452
-0.011564
-0.010671
-0.009773
-0.008871
-0.007965
-0.007055
-0.006142
-0.005227
-0.004309
-0.003390
-0.002469
-0.001547
-0.000624
0.000299
0.001221
0.002143
0.003064
0.003982
0.004899
0.005813
0.006724
0.007631
0.008534
0.009432
0.010326
0.011214
0.012096
0.012971
0.013840
0.014701
0.015554
0.016399
0.017235
0.018062
0.018879
0.019686
0.020483
0.021268
0.022043
0.022806
0.023556
0.024294
0.025020
0.025732
0.026431
0.027116
0.027787
0.028443
0.029085
0.029712
0.030324
0.030921
0.031502
0.032067
0.032616
0.033149
0.033666
0.034166
0.034650
0.035117
0.035568
0.036001
0.036418
0.036817
0.037200
0.037565
0.037914
0.038245
0.038559
0.038857
0.039137
0.039400
0.039646
0.039875
0.040088
0.040283
0.040462
0.040625
0.040771
0.040900
0.041014
0.041111
0.041192
0.041257
0.041307
0.041341
0.041360
0.041363
0.041351
0.041325
0.041283
0.041227
0.041157
0.041072
0.040974
0.040861
0.040735
0.040595
0.040442
0.040276
0.040097
0.039905
0.039701
0.039485
0.039256
0.039015
0.038763
0.038499
0.038224
0.037938
0.037640
0.037332
0.037014
0.036685
0.036346
0.035997
0.035638
0.035270
0.034893
0.034506
0.034110
0.033705
0.033292
0.032871
0.032441
0.032003
0.031557
0.031104
0.030643
0.030174
0.029699
0.029216
0.028727
0.028231
0.027729
0.027220
0.026705
0.026184
0.025658
0.025125
0.024588
0.024045
0.023497
0.022943
0.022385
0.021823
0.021255
0.020684
0.020108
0.019528
0.018944
0.018356
0.017764
0.017169
0.016571
0.015969
0.015365
0.014757
0.014146
0.013533
0.012917
0.012299
0.011678
0.011055
0.010430
0.009804
0.009175
0.008545
0.007913
0.007279
0.006645
0.006009
0.005372
0.004733
0.004095
0.003455
0.002815
0.002174
0.001532
0.000891
0.000249
-0.000393
-0.001035
-0.001677
-0.002318
-0.002959
-0.003600
-0.004241
-0.004880
-0.005519
-0.006157
-0.006795
-0.007431
-0.008066
-0.008700
-0.009332
-0.009963
-0.010593
-0.011221
-0.011847
-0.012472
-0.013094
-0.013715
-0.014334
-0.014950
-0.015564
-0.016176
-0.016786
-0.017393
-0.017997
-0.018599
-0.019198
-0.019794
-0.020387
-0.020977
-0.021564
-0.022147
-0.022728
-0.023305
-0.023879
-0.024449
-0.025015
-0.025578
-0.026137
-0.026692
-0.027243
-0.027790
-0.028333
-0.028872
-0.029406
-0.029937
-0.030462
-0.030983
-0.031500
-0.032012
-0.032519
-0.033021
-0.033519
-0.034011
-0.034498
-0.034981
-0.035457
-0.035929
-0.036395
-0.036856
-0.037311
-0.037760
-0.038204
-0.038642
-0.039074
-0.039500
-0.039921
-0.040335
-0.040742
-0.041144
-0.041539
-0.041928
-0.042310
-0.042686
-0.043055
-0.043418
-0.043773
-0.044122
-0.044464
-0.044798
-0.045126
-0.045446
-0.045759
-0.046065
-0.046363
-0.046654
-0.046937
-0.047213
-0.047481
-0.047741
-0.047993
-0.048237
-0.048473
-0.048701
-0.048920
-0.049132
-0.049335
-0.049529
-0.049715
-0.049893
-0.050062
-0.050222
-0.050373
-0.050515
-0.050649
-0.050773
-0.050888
-0.050994
-0.051091
-0.051178
-0.051256
-0.051324
-0.051383
-0.051432
-0.051471
-0.051501
-0.051520
-0.051530
-0.051530
-0.051519
-0.051498
-0.051468
-0.051426
-0.051375
-0.051313
-0.051240
-0.051157
-0.051063
-0.050959
-0.050843
-0.050717
-0.050580
-0.050432
-0.050273
-0.050103
-0.049921
-0.049729
-0.049525
-0.049310
-0.049083
-0.048845
-0.048596
-0.048335
-0.048063
-0.047779
-0.047483
-0.047175
-0.046856
-0.046525
-0.046183
-0.045828
-0.045462
-0.045084
-0.044694
-0.044292
-0.043878
-0.043452
-0.043015
-0.042565
-0.042104
-0.041630
-0.041145
-0.040648
-0.040138
-0.039618
-0.039085
-0.038540
-0.037984
-0.037416
-0.036837
-0.036245
-0.035643
-0.035029
-0.034403
-0.033766
-0.033118
-0.032459
-0.031789
-0.031108
-0.030417
-0.029714
-0.029001
-0.028278
-0.027545
-0.026801
-0.026048
-0.025285
-0.024512
-0.023730
-0.022939
-0.022140
-0.021331
-0.020514
-0.019689
-0.018856
-0.018015
-0.017167
-0.016312
-0.015450
-0.014582
-0.013707
-0.012826
-0.011940
-0.011049
-0.010153
-0.009253
-0.008348
-0.007440
-0.006529
-0.005614
-0.004697
-0.003779
-0.002858
-0.001936
-0.001014
-0.000091
0.000832
0.001754
0.002675
0.003594
0.004512
0.005427
0.006339
0.007247
0.008152
0.009052
0.009948
0.010838
0.011722
0.012600
0.013472
0.014336
0.015192
0.016040
0.016880
0.017710
0.018531
0.019342
0.020143
0.020933
0.021712
0.022479
0.023235
0.023978
0.024708
0.025426
0.026130
0.026820
0.027497
0.028159
0.028807
0.029440
0.030058
0.030660
0.031247
0.031819
0.032374
0.032914
0.033437
0.033944
0.034434
0.034908
0.035365
0.035805
0.036228
0.036634
0.037024
0.037396
0.037751
0.038089
0.038410
0.038714
0.039001
0.039270
0.039523
0.039759
0.039978
0.040180
0.040366
0.040535
0.040687
0.040823
0.040943
0.041046
0.041134
0.041205
0.041261
0.041301
0.041326
0.041335
0.041330
0.041309
0.041273
0.041223
0.041158
0.041079
0.040986
0.040879
0.040758
0.040624
0.040476
0.040315
0.040141
0.039954
0.039755
0.039543
0.039319
0.039083
0.038836
0.038576
0.038305
0.038024
0.037731
0.037427
0.037112
0.036788
0.036453
0.036108
0.035753
0.035388
0.035014
0.034631
0.034239
0.033838
0.033428
0.033009
0.032583
0.032148
0.031705
0.031255
0.030797
0.030331
0.029859
0.029379
0.028892
0.028399
0.027899
0.027393
0.026880
0.026362
0.025838
0.025307
0.024772
0.024231
0.023685
0.023134
0.022577
0.022016
0.021451
0.020881
0.020307
0.019728
0.019146
0.018559
0.017969
0.017376
0.016779
0.016178
0.015575
0.014968
0.014359
0.013746
0.013132
0.012514
0.011894
0.011273
0.010648
0.010022
0.009394
0.008765
0.008133
0.007500
0.006866
0.006231
0.005594
0.004956
0.004318
0.003678
0.003038
0.002398
0.001757
0.001115
0.000473
-0.000169
-0.000810
-0.001452
-0.002094
-0.002735
-0.003376
-0.004017
-0.004657
-0.005296
-0.005935
-0.006572
-0.007209
-0.007844
-0.008479
-0.009112
-0.009743
-0.010374
-0.011002
-0.011629
-0.012254
-0.012878
-0.013499
-0.014119
-0.014736
-0.015351
-0.015964
-0.016574
-0.017182
-0.017788
-0.018391
-0.018991
-0.019588
-0.020182
-0.020773
-0.021361
-0.021946
-0.022528
-0.023107
-0.023682
-0.024253
-0.024821
-0.025385
-0.025946
-0.026502
-0.027055
-0.027604
-0.028148
-0.028689
-0.029225
-0.029757
-0.030284
-0.030807
-0.031326
-0.031840
-0.032349
-0.032853
-0.033352
-0.033846
-0.034336
-0.034820
-0.035299
-0.035772
-0.036241
-0.036704
-0.037161
-0.037613
-0.038059
-0.038499
-0.038933
-0.039362
-0.039784
-0.040201
-0.040611
-0.041015
-0.041413
-0.041804
-0.042189
-0.042568
-0.042939
-0.043304
-0.043663
-0.044014
-0.044359
-0.044696
-0.045026
-0.045350
-0.045665
-0.045974
-0.046275
-0.046569
-0.046855
-0.047134
-0.047405
-0.047668
-0.047923
-0.048170
-0.048409
-0.048640
-0.048863
-0.049078
-0.049284
-0.049482
-0.049672
-0.049853
-0.050025
-0.050188
-0.050343
-0.050489
-0.050626
-0.050753
-0.050872
-0.050982
-0.051082
-0.051173
-0.051255
-0.051327
-0.051389
-0.051442
-0.051485
-0.051519
-0.051542
-0.051556
-0.051559
-0.051553
-0.051536
-0.051509
-0.051472
-0.051425
-0.051367
-0.051298
-0.051219
-0.051130
-0.051029
-0.050918
-0.050797
-0.050664
-0.050520
-0.050365
-0.050199
-0.050022
-0.049834
-0.049635
-0.049424
-0.049202
-0.048969
-0.048724
-0.048468
-0.048200
-0.047920
-0.047629
-0.047326
-0.047012
-0.046685
-0.046347
-0.045998
-0.045636
-0.045262
-0.044877
-0.044480
-0.044071
-0.043650
-0.043217
-0.042772
-0.042315
-0.041846
-0.041366
-0.040873
-0.040369
-0.039852
-0.039324
-0.038784
-0.038233
-0.037670
-0.037095
-0.036508
-0.035910
-0.035300
-0.034679
-0.034047
-0.033403
-0.032749
-0.032083
-0.031406
-0.030719
-0.030020
-0.029312
-0.028593
-0.027863
-0.027124
-0.026374
-0.025615
-0.024846
-0.024068
-0.023280
-0.022484
-0.021679
-0.020865
-0.020043
-0.019213
-0.018376
-0.017530
-0.016678
-0.015819
-0.014953
-0.014080
-0.013202
-0.012318
-0.011429
-0.010535
-0.009636
-0.008733
-0.007827
-0.006916
-0.006003
-0.005087
-0.004169
-0.003249
-0.002328
-0.001406
-0.000483
0.000440
0.001362
0.002284
0.003204
0.004122
0.005038
0.005952
0.006862
0.007768
0.008670
0.009568
0.010460
0.011346
0.012227
0.013101
0.013968
0.014827
0.015679
0.016522
0.017356
0.018181
0.018996
0.019801
0.020595
0.021378
0.022150
0.022910
0.023658
0.024394
0.025116
0.025826
0.026522
0.027204
0.027872
0.028525
0.029164
0.029788
0.030396
0.030990
0.031567
0.032129
0.032675
0.033204
0.033718
0.034215
0.034695
0.035158
0.035605
0.036035
0.036448
0.036844
0.037223
0.037585
0.037929
0.038257
0.038568
0.038861
0.039138
0.039397
0.039640
0.039866
0.040074
0.040266
0.040442
0.040601
0.040743
0.040869
0.040979
0.041073
0.041151
0.041213
0.041259
0.041290
0.041305
0.041305
0.041290
0.041261
0.041216
0.041157
0.041084
0.040996
0.040894
0.040779
0.040650
0.040507
0.040351
0.040183
0.040001
0.039806
0.039600
0.039380
0.039149
0.038906
0.038651
0.038385
0.038108
0.037819
0.037519
0.037209
0.036888
0.036557
0.036216
0.035865
0.035504
0.035134
0.034755
0.034366
0.033968
0.033562
0.033147
0.032723
0.032292
0.031852
0.031405
0.030950
0.030487
0.030017
0.029540
0.029056
0.028566
0.028068
0.027564
0.027054
0.026538
0.026016
0.025488
0.024955
0.024416
0.023872
0.023323
0.022769
0.022210
0.021646
0.021078
0.020505
0.019928
0.019347
0.018762
0.018174
0.017582
0.016986
0.016387
0.015784
0.015179
0.014571
0.013960
0.013346
0.012729
0.012110
0.011489
0.010866
0.010241
0.009613
0.008984
0.008354
0.007721
0.007088
0.006453
0.005817
0.005179
0.004541
0.003902
0.003262
0.002622
0.001981
0.001339
0.000698
0.000056
-0.000586
-0.001228
-0.001870
-0.002511
-0.003152
-0.003793
-0.004433
-0.005073
-0.005712
-0.006350
-0.006986
-0.007622
-0.008257
-0.008891
-0.009523
-0.010154
-0.010783
-0.011411
-0.012037
-0.012661
-0.013283
-0.013903
-0.014521
-0.015137
-0.015751
-0.016363
-0.016971
-0.017578
-0.018182
-0.018783
-0.019381
-0.019976
-0.020569
-0.021158
-0.021745
-0.022328
-0.022907
-0.023484
-0.024057
-0.024626
-0.025192
-0.025754
-0.026312
-0.026866
-0.027416
-0.027962
-0.028505
-0.029042
-0.029576
-0.030105
-0.030630
-0.031150
-0.031666
-0.032177
-0.032683
-0.033184
-0.033680
-0.034172
-0.034658
-0.035139
-0.035615
-0.036085
-0.036550
-0.037009
-0.037463
-0.037912
-0.038354
-0.038791
-0.039222
-0.039647
-0.040066
-0.040478
-0.040885
-0.041285
-0.041679
-0.042066
-0.042447
-0.042822
-0.043189
-0.043550
-0.043904
-0.044251
-0.044592
-0.044925
-0.045251
-0.045570
-0.045881
-0.046185
-0.046482
-0.046771
-0.047053
-0.047327
-0.047593
-0.047851
-0.048101
-0.048344
-0.048578
-0.048804
-0.049022
-0.049232
-0.049433
-0.049626
-0.049810
-0.049986
-0.050153
-0.050311
-0.050460
-0.050600
-0.050732
-0.050854
-0.050967
-0.051071
-0.051166
-0.051251
-0.051327
-0.051393
-0.051450
-0.051497
-0.051534
-0.051561
-0.051579
-0.051586
-0.051584
-0.051571
-0.051549
-0.051515
-0.051472
-0.051418
-0.051354
-0.051279
-0.051194
-0.051098
-0.050991
-0.050873
-0.050745
-0.050605
-0.050455
-0.050293
-0.050121
-0.049937
-0.049742
-0.049536
-0.049318
-0.049089
-0.048849
-0.048597
-0.048334
-0.048059
-0.047772
-0.047474
-0.047164
-0.046842
-0.046509
-0.046164
-0.045807
-0.045438
-0.045057
-0.044665
-0.044260
-0.043844
-0.043416
-0.042975
-0.042523
-0.042059
-0.041583
-0.041095
-0.040596
-0.040084
-0.039561
-0.039025
-0.038478
-0.037920
-0.037349
-0.036767
-0.036174
-0.035568
-0.034952
-0.034324
-0.033685
-0.033034
-0.032373
-0.031701
-0.031017
-0.030323
-0.029619
-0.028904
-0.028178
-0.027443
-0.026697
-0.025942
-0.025176
-0.024402
-0.023618
-0.022825
-0.022023
-0.021213
-0.020394
-0.019568
-0.018733
-0.017891
-0.017041
-0.016184
-0.015321
-0.014451
-0.013575
-0.012693
-0.011806
-0.010914
-0.010017
-0.009116
-0.008210
-0.007301
-0.006389
-0.005474
-0.004557
-0.003638
-0.002717
-0.001795
-0.000872
0.000050
0.000973
0.001895
0.002816
0.003735
0.004652
0.005566
0.006478
0.007385
0.008289
0.009189
0.010083
0.010972
0.011855
0.012732
0.013601
0.014464
0.015318
0.016165
0.017003
0.017831
0.018650
0.019459
0.020257
0.021045
0.021822
0.022586
0.023339
0.024080
0.024807
0.025522
0.026223
0.026911
0.027584
0.028243
0.028888
0.029518
0.030132
0.030731
0.031315
0.031883
0.032435
0.032971
0.033491
0.033994
0.034481
0.034951
0.035405
0.035841
0.036261
0.036664
0.037049
0.037418
0.037769
0.038104
0.038421
0.038721
0.039004
0.039270
0.039520
0.039752
0.039967
0.040166
0.040348
0.040513
0.040662
0.040795
0.040911
0.041011
0.041095
0.041163
0.041216
0.04