-0.044605
-0.044596
-0.044587
-0.044577
-0.044567
-0.044557
-0.044547
-0.044536
-0.044525
-0.044514
-0.044503
-0.044491
-0.044479
-0.044467
-0.044455
-0.044442
-0.044429
-0.044416
-0.044402
-0.044389
-0.044375
-0.044360
-0.044346
-0.044331
-0.044316
-0.044301
-0.044285
-0.044270
-0.044254
-0.044237
-0.044221
-0.044204
-0.044187
-0.044170
-0.044152
-0.044134
-0.044116
-0.044098
-0.044079
-0.044061
-0.044041
-0.044022
-0.044003
-0.043983
-0.043963
-0.043942
-0.043922
-0.043901
-0.043880
-0.043858
-0.043837
-0.043815
-0.043793
-0.043770
-0.043748
-0.043725
-0.043702
-0.043678
-0.043655
-0.043631
-0.043607
-0.043582
-0.043558
-0.043533
-0.043508
-0.043482
-0.043456
-0.043431
-0.043404
-0.043378
-0.043351
-0.043324
-0.043297
-0.043270
-0.043242
-0.043214
-0.043186
-0.043158
-0.043129
-0.043100
-0.043071
-0.043041
-0.043012
-0.042982
-0.042952
-0.042921
-0.042891
-0.042860
-0.042829
-0.042797
-0.042766
-0.042734
-0.042702
-0.042669
-0.042636
-0.042604
-0.042570
-0.042537
-0.042503
-0.042470
-0.042435
-0.042401
-0.042367
-0.042332
-0.042297
-0.042261
-0.042226
-0.042190
-0.042154
-0.042117
-0.042081
-0.042044
-0.042007
-0.041970
-0.041932
-0.041894
-0.041856
-0.041818
-0.041780
-0.041741
-0.041702
-0.041663
-0.041623
-0.041583
-0.041543
-0.041503
-0.041463
-0.041422
-0.041381
-0.041340
-0.041299
-0.041257
-0.041215
-0.041173
-0.041131
-0.041088
-0.041045
-0.041002
-0.040959
-0.040915
-0.040872
-0.040828
-0.040783
-0.040739
-0.040694
-0.040649
-0.040604
-0.040559
-0.040513
-0.040467
-0.040421
-0.040375
-0.040328
-0.040281
-0.040234
-0.040187
-0.040140
-0.040092
-0.040044
-0.039996
-0.039947
-0.039899
-0.039850
-0.039800
-0.039751
-0.039702
-0.039652
-0.039602
-0.039551
-0.039501
-0.039450
-0.039399
-0.039348
-0.039297
-0.039245
-0.039193
-0.039141
-0.039089
-0.039036
-0.038984
-0.038931
-0.038877
-0.038824
-0.038770
-0.038716
-0.038662
-0.038608
-0.038553
-0.038499
-0.038444
-0.038388
-0.038333
-0.038277
-0.038222
-0.038165
-0.038109
-0.038053
-0.037996
-0.037939
-0.037882
-0.037824
-0.037767
-0.037709
-0.037651
-0.037593
-0.037534
-0.037475
-0.037417
-0.037357
-0.037298
-0.037239
-0.037179
-0.037119
-0.037059
-0.036998
-0.036938
-0.036877
-0.036816
-0.036755
-0.036693
-0.036631
-0.036570
-0.036507
-0.036445
-0.036383
-0.036320
-0.036257
-0.036194
-0.036131
-0.036067
-0.036003
-0.035939
-0.035875
-0.035811
-0.035746
-0.035682
-0.035617
-0.035552
-0.035486
-0.035421
-0.035355
-0.035289
-0.035223
-0.035156
-0.035090
-0.035023
-0.034956
-0.034889
-0.034821
-0.034754
-0.034686
-0.034618
-0.034550
-0.034482
-0.034413
-0.034344
-0.034276
-0.034206
-0.034137
-0.034068
-0.033998
-0.033928
-0.033858
-0.033788
-0.033717
-0.033646
-0.033576
-0.033505
-0.033433
-0.033362
-0.033290
-0.033218
-0.033147
-0.033074
-0.033002
-0.032929
-0.032857
-0.032784
-0.032711
-0.032637
-0.032564
-0.032490
-0.032416
-0.032342
-0.032268
-0.032194
-0.032119
-0.032045
-0.031970
-0.031895
-0.031819
-0.031744
-0.031668
-0.031592
-0.031516
-0.031440
-0.031364
-0.031287
-0.031211
-0.031134
-0.031057
-0.030980
-0.030902
-0.030825
-0.030747
-0.030669
-0.030591
-0.030513
-0.030434
-0.030356
-0.030277
-0.030198
-0.030119
-0.030040
-0.029960
-0.029881
-0.029801
-0.029721
-0.029641
-0.029561
-0.029480
-0.029400
-0.029319
-0.029238
-0.029157
-0.029076
-0.028994
-0.028913
-0.028831
-0.028749
-0.028667
-0.028585
-0.028502
-0.028420
-0.028337
-0.028254
-0.028172
-0.028088
-0.028005
-0.027922
-0.027838
-0.027754
-0.027670
-0.027586
-0.027502
-0.027418
-0.027333
-0.027249
-0.027164
-0.027079
-0.026994
-0.026908
-0.026823
-0.026737
-0.026652
-0.026566
-0.026480
-0.026394
-0.026308
-0.026221
-0.026135
-0.026048
-0.025961
-0.025874
-0.025787
-0.025700
-0.025612
-0.025525
-0.025437
-0.025349
-0.025261
-0.025173
-0.025085
-0.024996
-0.024908
-0.024819
-0.024730
-0.024641
-0.024552
-0.024463
-0.024374
-0.024284
-0.024195
-0.024105
-0.024015
-0.023925
-0.023835
-0.023745
-0.023654
-0.023564
-0.023473
-0.023383
-0.023292
-0.023201
-0.023110
-0.023018
-0.022927
-0.022835
-0.022744
-0.022652
-0.022560
-0.022468
-0.022376
-0.022284
-0.022191
-0.022099
-0.022006
-0.021914
-0.021821
-0.021728
-0.021635
-0.021542
-0.021448
-0.021355
-0.021261
-0.021168
-0.021074
-0.020980
-0.020886
-0.020792
-0.020698
-0.020604
-0.020509
-0.020415
-0.020320
-0.020225
-0.020130
-0.020036
-0.019940
-0.019845
-0.019750
-0.019655
-0.019559
-0.019464
-0.019368
-0.019272
-0.019176
-0.019080
-0.018984
-0.018888
-0.018792
-0.018695
-0.018599
-0.018502
-0.018405
-0.018309
-0.018212
-0.018115
-0.018018
-0.017920
-0.017823
-0.017726
-0.017628
-0.017531
-0.017433
-0.017335
-0.017238
-0.017140
-0.017042
-0.016944
-0.016845
-0.016747
-0.016649
-0.016550
-0.016452
-0.016353
-0.016255
-0.016156
-0.016057
-0.015958
-0.015859
-0.015760
-0.015661
-0.015561
-0.015462
-0.015363
-0.015263
-0.015163
-0.015064
-0.014964
-0.014864
-0.014764
-0.014664
-0.014564
-0.014464
-0.014364
-0.014263
-0.014163
-0.014063
-0.013962
-0.013862
-0.013761
-0.013660
-0.013559
-0.013459
-0.013358
-0.013257
-0.013156
-0.013054
-0.012953
-0.012852
-0.012751
-0.012649
-0.012548
-0.012446
-0.012345
-0.012243
-0.012141
-0.012039
-0.011938
-0.011836
-0.011734
-0.011632
-0.011530
-0.011427
-0.011325
-0.011223
-0.011121
-0.011018
-0.010916
-0.010813
-0.010711
-0.010608
-0.010506
-0.010403
-0.010300
-0.010197
-0.010094
-0.009992
-0.009889
-0.009786
-0.009683
-0.009579
-0.009476
-0.009373
-0.009270
-0.009167
-0.009063
-0.008960
-0.008856
-0.008753
-0.008649
-0.008546
-0.008442
-0.008339
-0.008235
-0.008131
-0.008027
-0.007924
-0.007820
-0.007716
-0.007612
-0.007508
-0.007404
-0.007300
-0.007196
-0.007092
-0.006987
-0.006883
-0.006779
-0.006675
-0.006571
-0.006466
-0.006362
-0.006257
-0.006153
-0.006049
-0.005944
-0.005840
-0.005735
-0.005631
-0.005526
-0.005421
-0.005317
-0.005212
-0.005107
-0.005003
-0.004898
-0.004793
-0.004688
-0.004584
-0.004479
-0.004374
-0.004269
-0.004164
-0.004059
-0.003954
-0.003849
-0.003744
-0.003639
-0.003534
-0.003429
-0.003324
-0.003219
-0.003114
-0.003009
-0.002904
-0.002799
-0.002694
-0.002588
-0.002483
-0.002378
-0.002273
-0.002168
-0.002062
-0.001957
-0.001852
-0.001747
-0.001641
-0.001536
-0.001431
-0.001326
-0.001220
-0.001115
-0.001010
-0.000905
-0.000799
-0.000694
-0.000589
-0.000483
-0.000378
-0.000273
-0.000167
-0.000062
0.000043
0.000148
0.000254
0.000359
0.000464
0.000570
0.000675
0.000780
0.000886
0.000991
0.001096
0.001201
0.001307
0.001412
0.001517
0.001623
0.001728
0.001833
0.001938
0.002043
0.002149
0.002254
0.002359
0.002464
0.002569
0.002675
0.002780
0.002885
0.002990
0.003095
0.003200
0.003305
0.003410
0.003515
0.003620
0.003725
0.003830
0.003935
0.004040
0.004145
0.004250
0.004355
0.004460
0.004565
0.004670
0.004774
0.004879
0.004984
0.005089
0.005193
0.005298
0.005403
0.005507
0.005612
0.005717
0.005821
0.005926
0.006030
0.006135
0.006239
0.006344
0.006448
0.006552
0.006657
0.006761
0.006865
0.006970
0.007074
0.007178
0.007282
0.007386
0.007490
0.007594
0.007698
0.007802
0.007906
0.008010
0.008114
0.008218
0.008322
0.008425
0.008529
0.008633
0.008736
0.008840
0.008944
0.009047
0.009151
0.009254
0.009357
0.009461
0.009564
0.009667
0.009771
0.009874
0.009977
0.010080
0.010183
0.010286
0.010389
0.010492
0.010595
0.010697
0.010800
0.010903
0.011006
0.011108
0.011211
0.011313
0.011416
0.011518
0.011620
0.011723
0.011825
0.011927
0.012029
0.012131
0.012233
0.012335
0.012437
0.012539
0.012641
0.012743
0.012844
0.012946
0.013048
0.013149
0.013251
0.013352
0.013453
0.013555
0.013656
0.013757
0.013858
0.013959
0.014060
0.014161
0.014262
0.014363
0.014464
0.014564
0.014665
0.014765
0.014866
0.014966
0.015067
0.015167
0.015267
0.015367
0.015467
0.015567
0.015667
0.015767
0.015867
0.015967
0.016066
0.016166
0.016265
0.016365
0.016464
0.016564
0.016663
0.016762
0.016861
0.016960
0.017059
0.017158
0.017257
0.017355
0.017454
0.017553
0.017651
0.017750
0.017848
0.017946
0.018044
0.018142
0.018240
0.018338
0.018436
0.018534
0.018632
0.018729
0.018827
0.018924
0.019022
0.019119
0.019216
0.019313
0.019411
0.019508
0.019604
0.019701
0.019798
0.019895
0.019991
0.020088
0.020184
0.020280
0.020376
0.020473
0.020569
0.020665
0.020760
0.020856
0.020952
0.021048
0.021143
0.021238
0.021334
0.021429
0.021524
0.021619
0.021714
0.021809
0.021904
0.021998
0.022093
0.022188
0.022282
0.022376
0.022471
0.022565
0.022659
0.022753
0.022846
0.022940
0.023034
0.023127
0.023221
0.023314
0.023407
0.023501
0.023594
0.023687
0.023779
0.023872
0.023965
0.024057
0.024150
0.024242
0.024335
0.024427
0.024519
0.024611
0.024703
0.024794
0.024886
0.024978
0.025069
0.025160
0.025252
0.025343
0.025434
0.025525
0.025615
0.025706
0.025797
0.025887
0.025978
0.026068
0.026158
0.026248
0.026338
0.026428
0.026518
0.026607
0.026697
0.026786
0.026876
0.026965
0.027054
0.027143
0.027232
0.027320
0.027409
0.027498
0.027586
0.027674
0.027763
0.027851
0.027939
0.028026
0.028114
0.028202
0.028289
0.028377
0.028464
0.028551
0.028638
0.028725
0.028812
0.028899
0.028985
0.029072
0.029158
0.029244
0.029330
0.029416
0.029502
0.029588
0.029674
0.029759
0.029845
0.029930
0.030015
0.030100
0.030185
0.030270
0.030354
0.030439
0.030523
0.030608
0.030692
0.030776
0.030860
0.030944
0.031027
0.031111
0.031194
0.031278
0.031361
0.031444
0.031527
0.031610
0.031693
0.031775
0.031858
0.031940
0.032022
0.032104
0.032186
0.032268
0.032350
0.032431
0.032512
0.032594
0.032675
0.032756
0.032837
0.032918
0.032998
0.033079
0.033159
0.033239
0.033320
0.033400
0.033479
0.033559
0.033639
0.033718
0.033798
0.033877
0.033956
0.034035
0.034114
0.034192
0.034271
0.034349
0.034428
0.034506
0.034584
0.034662
0.034739
0.034817
0.034894
0.034972
0.035049
0.035126
0.035203
0.035280
0.035356
0.035433
0.035509
0.035585
0.035661
0.035737
0.035813
0.035889
0.035964
0.036040
0.036115
0.036190
0.036265
0.036340
0.036415
0.036489
0.036564
0.036638
0.036712
0.036786
0.036860
0.036934
0.037007
0.037081
0.037154
0.037227
0.037300
0.037373
0.037446
0.037518
0.037591
0.037663
0.037735
0.037807
0.037879
0.037951
0.038022
0.038094
0.038165
0.038236
0.038307
0.038378
0.038448
0.038519
0.038589
0.038660
0.038730
0.038800
0.038870
0.038939
0.039009
0.039078
0.039147
0.039216
0.039285
0.039354
0.039423
0.039491
0.039559
0.039628
0.039696
0.039764
0.039831
0.039899
0.039966
0.040034
0.040101
0.040168
0.040235
0.040301
0.040368
0.040434
0.040500
0.040566
0.040632
0.040698
0.040764
0.040829
0.040894
0.040960
0.041025
0.041089
0.041154
0.041219
0.041283
0.041347
0.041411
0.041475
0.041539
0.041603
0.041666
0.041729
0.041793
0.041856
0.041918
0.041981
0.042044
0.042106
0.042168
0.042230
0.042292
0.042354
0.042415
0.042477
0.042538
0.042599
0.042660
0.042721
0.042782
0.042842
0.042903
0.042963
0.043023
0.043083
0.043142
0.043202
0.043261
0.043320
0.043379
0.043438
0.043497
0.043556
0.043614
0.043672
0.043730
0.043788
0.043846
0.043904
0.043961
0.044019
0.044076
0.044133
0.044189
0.044246
0.044303
0.044359
0.044415
0.044471
0.044527
0.044583
0.044638
0.044693
0.044749
0.044804
0.044859
0.044913
0.044968
0.045022
0.045076
0.045130
0.045184
0.045238
0.045292
0.045345
0.045398
0.045451
0.045504
0.045557
0.045610
0.045662
0.045714
0.045766
0.045818
0.045870
0.045921
0.045973
0.046024
0.046075
0.046126
0.046177
0.046227
0.046278
0.046328
0.046378
0.046428
0.046478
0.046527
0.046577
0.046626
0.046675
0.046724
0.046773
0.046821
0.046870
0.046918
0.046966
0.047014
0.047062
0.047109
0.047157
0.047204
0.047251
0.047298
0.047345
0.047391
0.047438
0.047484
0.047530
0.047576
0.047622
0.047667
0.047712
0.047758
0.047803
0.047848
0.047892
0.047937
0.047981
0.048025
0.048069
0.048113
0.048157
0.048200
0.048244
0.048287
0.048330
0.048373
0.048415
0.048458
0.048500
0.048542
0.048584
0.048626
0.048668
0.048709
0.048750
0.048791
0.048832
0.048873
0.048914
0.048954
0.048994
0.049034
0.049074
0.049114
0.049154
0.049193
0.049232
0.049271
0.049310
0.049349
0.049387
0.049426
0.049464
0.049502
0.049540
0.049577
0.049615
0.049652
0.049689
0.049726
0.049763
0.049799
0.049836
0.049872
0.049908
0.049944
0.049980
0.050015
0.050051
0.050086
0.050121
0.050156
0.050191
0.050225
0.050259
0.050294
0.050328
0.050361
0.050395
0.050428
0.050462
0.050495
0.050528
0.050561
0.050593
0.050626
0.050658
0.050690
0.050722
0.050753
0.050785
0.050816
0.050847
0.050878
0.050909
0.050940
0.050970
0.051001
0.051031
0.051061
0.051090
0.051120
0.051149
0.051179
0.051208
0.051237
0.051265
0.051294
0.051322
0.051350
0.051378
0.051406
0.051434
0.051461
0.051489
0.051516
0.051543
0.051569
0.051596
0.051622
0.051649
0.051675
0.051700
0.051726
0.051752
0.051777
0.051802
0.051827
0.051852
0.051877
0.051901
0.051925
0.051949
0.051973
0.051997
0.052021
0.052044
0.052067
0.052090
0.052113
0.052136
0.052158
0.052180
0.052203
0.052225
0.052246
0.052268
0.052289
0.052311
0.052332
0.052353
0.052373
0.052394
0.052414
0.052434
0.052454
0.052474
0.052494
0.052513
0.052532
0.052552
0.052570
0.052589
0.052608
0.052626
0.052644
0.052662
0.052680
0.052698
0.052715
0.052733
0.052750
0.052767
0.052783
0.052800
0.052816
0.052833
0.052849
0.052865
0.052880
0.052896
0.052911
0.052926
0.052941
0.052956
0.052971
0.052985
0.052999
0.053013
0.053027
0.053041
0.053055
0.053068
0.053081
0.053094
0.053107
0.053120
0.053132
0.053144
0.053157
0.053168
0.053180
0.053192
0.053203
0.053214
0.053225
0.053236
0.053247
0.053257
0.053268
0.053278
0.053288
0.053298
0.053307
0.053317
0.053326
0.053335
0.053344
0.053352
0.053361
0.053369
0.053377
0.053385
0.053393
0.053401
0.053408
0.053416
0.053423
0.053430
0.053436
0.053443
0.053449
0.053455
0.053461
0.053467
0.053473
0.053478
0.053484
0.053489
0.053494
0.053498
0.053503
0.053507
0.053512
0.053516
0.053520
0.053523
0.053527
0.053530
0.053533
0.053536
0.053539
0.053542
0.053544
0.053546
0.053548
0.053550
0.053552
0.053553
0.053555
0.053556
0.053557
0.053558
0.053558
0.053559
0.053559
0.053559
0.053559
0.053559
0.053559
0.053558
0.053557
0.053556
0.053555
0.053554
0.053552
0.053550
0.053549
0.053547
0.053544
0.053542
0.053539
0.053537
0.053534
0.053531
0.053527
0.053524
0.053520
0.053516
0.053512
0.053508
0.053504
0.053499
0.053495
0.053490
0.053485
0.053479
0.053474
0.053468
0.053463
0.053457
0.053450
0.053444
0.053438
0.053431
0.053424
0.053417
0.053410
0.053403
0.053395
0.053387
0.053379
0.053371
0.053363
0.053355
0.053346
0.053337
0.053328
0.053319
0.053310
0.053300
0.053291
0.053281
0.053271
0.053260
0.053250
0.053240
0.053229
0.053218
0.053207
0.053196
0.053184
0.053172
0.053161
0.053149
0.053137
0.053124
0.053112
0.053099
0.053086
0.053073
0.053060
0.053047
0.053033
0.053019
0.053005
0.052991
0.052977
0.052963
0.052948
0.052933
0.052918
0.052903
0.052888
0.052872
0.052857
0.052841
0.052825
0.052809
0.052792
0.052776
0.052759
0.052742
0.052725
0.052708
0.052691
0.052673
0.052655
0.052637
0.052619
0.052601
0.052583
0.052564
0.052545
0.052526
0.052507
0.052488
0.052468
0.052449
0.052429
0.052409
0.052389
0.052368
0.052348
0.052327
0.052306
0.052285
0.052264
0.052242
0.052221
0.052199
0.052177
0.052155
0.052133
0.052110
0.052088
0.052065
0.052042
0.052019
0.051996
0.051972
0.051949
0.051925
0.051901
0.051877
0.051852
0.051828
0.051803
0.051779
0.051754
0.051728
0.051703
0.051677
0.051652
0.051626
0.051600
0.051574
0.051547
0.051521
0.051494
0.051467
0.051440
0.051413
0.051386
0.051358
0.051330
0.051302
0.051274
0.051246
0.051218
0.051189
0.051161
0.051132
0.051103
0.051073
0.051044
0.051014
0.050985
0.050955
0.050925
0.050894
0.050864
0.050833
0.050803
0.050772
0.050741
0.050709
0.050678
0.050646
0.050614
0.050583
0.050550
0.050518
0.050486
0.050453
0.050420
0.050387
0.050354
0.050321
0.050288
0.050254
0.050220
0.050186
0.050152
0.050118
0.050084
0.050049
0.050014
0.049979
0.049944
0.049909
0.049874
0.049838
0.049802
0.049766
0.049730
0.049694
0.049658
0.049621
0.049584
0.049547
0.049510
0.049473
0.049436
0.049398
0.049360
0.049323
0.049285
0.049246
0.049208
0.049169
0.049131
0.049092
0.049053
0.049014
0.048974
0.048935
0.048895
0.048855
0.048815
0.048775
0.048735
0.048694
0.048654
0.048613
0.048572
0.048531
0.048490
0.048448
0.048407
0.048365
0.048323
0.048281
0.048239
0.048196
0.048154
0.048111
0.048068
0.048025
0.047982
0.047938
0.047895
0.047851
0.047807
0.047763
0.047719
0.047675
0.047630
0.047586
0.047541
0.047496
0.047451
0.047406
0.047360
0.047315
0.047269
0.047223
0.047177
0.047131
0.047084
0.047038
0.046991
0.046944
0.046897
0.046850
0.046803
0.046756
0.046708
0.046660
0.046612
0.046564
0.046516
0.046468
0.046419
0.046370
0.046321
0.046272
0.046223
0.046174
0.046125
0.046075
0.046025
0.045975
0.045925
0.045875
0.045825
0.045774
0.045723
0.045672
0.045621
0.045570
0.045519
0.045468
0.045416
0.045364
0.045312
0.045260
0.045208
0.045156
0.045103
0.045050
0.044998
0.044945
0.044892
0.044838
0.044785
0.044731
0.044678
0.044624
0.044570
0.044516
0.044461
0.044407
0.044352
0.044297
0.044243
0.044188
0.044132
0.044077
0.044021
0.043966
0.043910
0.043854
0.043798
0.043742
0.043685
0.043629
0.043572
0.043515
0.043458
0.043401
0.043344
0.043287
0.043229
0.043171
0.043114
0.043056
0.042997
0.042939
0.042881
0.042822
0.042763
0.042705
0.042646
0.042586
0.042527
0.042468
0.042408
0.042348
0.042289
0.042229
0.042169
0.042108
0.042048
0.041987
0.041927
0.041866
0.041805
0.041744
0.041682
0.041621
0.041559
0.041498
0.041436
0.041374
0.041312
0.041249
0.041187
0.041125
0.041062
0.040999
0.040936
0.040873
0.040810
0.040746
0.040683
0.040619
0.040556
0.040492
0.040428
0.040363
0.040299
0.040235
0.040170
0.040105
0.040040
0.039975
0.039910
0.039845
0.039779
0.039714
0.039648
0.039582
0.039516
0.039450
0.039384
0.039318
0.039251
0.039185
0.039118
0.039051
0.038984
0.038917
0.038850
0.038782
0.038715
0.038647
0.038579
0.038511
0.038443
0.038375
0.038306
0.038238
0.038169
0.038101
0.038032
0.037963
0.037894
0.037824
0.037755
0.037685
0.037616
0.037546
0.037476
0.037406
0.037336
0.037266
0.037195
0.037125
0.037054
0.036983
0.036912
0.036841
0.036770
0.036699
0.036627
0.036556
0.036484
0.036412
0.036340
0.036268
0.036196
0.036124
0.036051
0.035979
0.035906
0.035833
0.035760
0.035687
0.035614
0.035541
0.035467
0.035394
0.035320
0.035246
0.035172
0.035098
0.035024
0.034950
0.034876
0.034801
0.034726
0.034652
0.034577
0.034502
0.034427
0.034351
0.034276
0.034201
0.034125
0.034049
0.033973
0.033898
0.033821
0.033745
0.033669
0.033593
0.033516
0.033439
0.033363
0.033286
0.033209
0.033132
0.033054
0.032977
0.032900
0.032822
0.032744
0.032666
0.032589
0.032510
0.032432
0.032354
0.032276
0.032197
0.032119
0.032040
0.031961
0.031882
0.031803
0.031724
0.031645
0.031565
0.031486
0.031406
0.031326
0.031247
0.031167
0.031087
0.031006
0.030926
0.030846
0.030765
0.030685
0.030604
0.030523
0.030442
0.030361
0.030280
0.030199
0.030118
0.030036
0.029955
0.029873
0.029791
0.029709
0.029627
0.029545
0.029463
0.029381
0.029298
0.029216
0.029133
0.029051
0.028968
0.028885
0.028802
0.028719
0.028636
0.028552
0.028469
0.028385
0.028302
0.028218
0.028134
0.028050
0.027966
0.027882
0.027798
0.027713
0.027629
0.027545
0.027460
0.027375
0.027290
0.027205
0.027120
0.027035
0.026950
0.026865
0.026779
0.026694
0.026608
0.026523
0.026437
0.026351
0.026265
0.026179
0.026093
0.026007
0.025920
0.025834
0.025747
0.025661
0.025574
0.025487
0.025400
0.025313
0.025226
0.025139
0.025052
0.024964
0.024877
0.024789
0.024702
0.024614
0.024526
0.024438
0.024350
0.024262
0.024174
0.024086
0.023998
0.023909
0.023821
0.023732
0.023644
0.023555
0.023466
0.023377
0.023288
0.023199
0.023110
0.023020
0.022931
0.022842
0.022752
0.022662
0.022573
0.022483
0.022393
0.022303
0.022213
0.022123
0.022033
0.021943
0.021852
0.021762
0.021671
0.021581
0.021490
0.021399
0.021309
0.021218
0.021127
0.021036
0.020945
0.020853
0.020762
0.020671
0.020579
0.020488
0.020396
0.020305
0.020213
0.020121
0.020029
0.019937
0.019845
0.019753
0.019661
0.019569
0.019476
0.019384
0.019292
0.019199
0.019106
0.019014
0.018921
0.018828
0.018735
0.018642
0.018549
0.018456
0.018363
0.018270
0.018176
0.018083
0.017990
0.017896
0.017803
0.017709
0.017615
0.017521
0.017428
0.017334
0.017240
0.017146
0.017052
0.016957
0.016863
0.016769
0.016675
0.016580
0.016486
0.016391
0.016297
0.016202
0.016107
0.016012
0.015918
0.015823
0.015728
0.015633
0.015538
0.015443
0.015347
0.015252
0.015157
0.015061
0.014966
0.014870
0.014775
0.014679
0.014584
0.014488
0.014392
0.014296
0.014201
0.014105
0.014009
0.013913
0.013817
0.013720
0.013624
0.013528
0.013432
0.013335
0.013239
0.013143
0.013046
0.012949
0.012853
0.012756
0.012660
0.012563
0.012466
0.012369
0.012272
0.012175
0.012078
0.011981
0.011884
0.011787
0.011690
0.011593
0.011496
0.011398
0.011301
0.011204
0.011106
0.011009
0.010911
0.010814
0.010716
0.010618
0.010521
0.010423
0.010325
0.010227
0.010130
0.010032
0.009934
0.009836
0.009738
0.009640
0.009542
0.009444
0.009345
0.009247
0.009149
0.009051
0.008952
0.008854
0.008756
0.008657
0.008559
0.008461
0.008362
0.008264
0.008165
0.008066
0.007968
0.007869
0.007770
0.007672
0.007573
0.007474
0.007375
0.007277
0.007178
0.007079
0.006980
0.006881
0.006782
0.006683
0.006584
0.006485
0.006386
0.006287
0.006188
0.006088
0.005989
0.005890
0.005791
0.005692
0.005592
0.005493
0.005394
0.005294
0.005195
0.005096
0.004996
0.004897
0.004797
0.004698
0.004598
0.004499
0.004399
0.004300
0.004200
0.004101
0.004001
0.003902
0.003802
0.003702
0.003603
0.003503
0.003403
0.003304
0.003204
0.003104
0.003005
0.002905
0.002805
0.002705
0.002606
0.002506
0.002406
0.002306
0.002206
0.002107
0.002007
0.001907
0.001807
0.001707
0.001607
0.001507
0.001408
0.001308
0.001208
0.001108
0.001008
0.000908
0.000808
0.000708
0.000608
0.000508
0.000409
0.000309
0.000209
0.000109
0.000009
-0.000091
-0.000191
-0.000291
-0.000391
-0.000491
-0.000591
-0.000691
-0.000790
-0.000890
-0.000990
-0.001090
-0.001190
-0.001290
-0.001390
-0.001490
-0.001590
-0.001689
-0.001789
-0.001889
-0.001989
-0.002089
-0.002189
-0.002288
-0.002388
-0.002488
-0.002588
-0.002688
-0.002787
-0.002887
-0.002987
-0.003087
-0.003186
-0.003286
-0.003386
-0.003485
-0.003585
-0.003685
-0.003784
-0.003884
-0.003984
-0.004083
-0.004183
-0.004282
-0.004382
-0.004481
-0.004581
-0.004680
-0.004780
-0.004879
-0.004979
-0.005078
-0.005177
-0.005277
-0.005376
-0.005475
-0.005575
-0.005674
-0.005773
-0.005872
-0.005972
-0.006071
-0.006170
-0.006269
-0.006368
-0.006467
-0.006566
-0.006665
-0.006764
-0.006863
-0.006962
-0.007061
-0.007160
-0.007259
-0.007357
-0.007456
-0.007555
-0.007654
-0.007752
-0.007851
-0.007950
-0.008048
-0.008147
-0.008245
-0.008344
-0.008442
-0.008541
-0.008639
-0.008737
-0.008836
-0.008934
-0.009032
-0.009130
-0.009228
-0.009326
-0.009424
-0.009522
-0.009620
-0.009718
-0.009816
-0.009914
-0.010012
-0.010110
-0.010207
-0.010305
-0.010403
-0.010500
-0.010598
-0.010695
-0.010793
-0.010890
-0.010988
-0.011085
-0.011182
-0.011279
-0.011376
-0.011474
-0.011571
-0.011668
-0.011765
-0.011862
-0.011958
-0.012055
-0.012152
-0.012249
-0.012345
-0.012442
-0.012538
-0.012635
-0.012731
-0.012828
-0.012924
-0.013020
-0.013116
-0.013213
-0.013309
-0.013405
-0.013501
-0.013597
-0.013692
-0.013788
-0.013884
-0.013980
-0.014075
-0.014171
-0.014266
-0.014362
-0.014457
-0.014552
-0.014648
-0.014743
-0.014838
-0.014933
-0.015028
-0.015123
-0.015217
-0.015312
-0.015407
-0.015502
-0.015596
-0.015691
-0.015785
-0.015879
-0.015974
-0.016068
-0.016162
-0.016256
-0.016350
-0.016444
-0.016538
-0.016632
-0.016725
-0.016819
-0.016912
-0.017006
-0.017099
-0.017193
-0.017286
-0.017379
-0.017472
-0.017565
-0.017658
-0.017751
-0.017843
-0.017936
-0.018029
-0.018121
-0.018214
-0.018306
-0.018398
-0.018490
-0.018583
-0.018675
-0.018766
-0.018858
-0.018950
-0.019042
-0.019133
-0.019225
-0.019316
-0.019408
-0.019499
-0.019590
-0.019681
-0.019772
-0.019863
-0.019954
-0.020044
-0.020135
-0.020225
-0.020316
-0.020406
-0.020496
-0.020586
-0.020676
-0.020766
-0.020856
-0.020946
-0.021036
-0.021125
-0.021215
-0.021304
-0.021393
-0.021482
-0.021571
-0.021660
-0.021749
-0.021838
-0.021927
-0.022015
-0.022104
-0.022192
-0.022280
-0.022368
-0.022456
-0.022544
-0.022632
-0.022720
-0.022807
-0.022895
-0.022982
-0.023070
-0.023157
-0.023244
-0.023331
-0.023418
-0.023504
-0.023591
-0.023678
-0.023764
-0.023850
-0.023937
-0.024023
-0.024109
-0.024194
-0.024280
-0.024366
-0.024451
-0.024537
-0.024622
-0.024707
-0.024792
-0.024877
-0.024962
-0.025047
-0.025131
-0.025216
-0.025300
-0.025384
-0.025468
-0.025552
-0.025636
-0.025720
-0.025803
-0.025887
-0.025970
-0.026053
-0.026136
-0.026219
-0.026302
-0.026385
-0.026468
-0.026550
-0.026632
-0.026715
-0.026797
-0.026879
-0.026960
-0.027042
-0.027124
-0.027205
-0.027286
-0.027368
-0.027449
-0.027530
-0.027610
-0.027691
-0.027771
-0.027852
-0.027932
-0.028012
-0.028092
-0.028172
-0.028252
-0.028331
-0.028411
-0.028490
-0.028569
-0.028648
-0.028727
-0.028806
-0.028884
-0.028963
-0.029041
-0.029119
-0.029197
-0.029275
-0.029353
-0.029430
-0.029508
-0.029585
-0.029662
-0.029739
-0.029816
-0.029893
-0.029969
-0.030046
-0.030122
-0.030198
-0.030274
-0.030350
-0.030426
-0.030501
-0.030576
-0.030652
-0.030727
-0.030802
-0.030876
-0.030951
-0.031026
-0.031100
-0.031174
-0.031248
-0.031322
-0.031395
-0.031469
-0.031542
-0.031616
-0.031689
-0.031762
-0.031834
-0.031907
-0.031979
-0.032052
-0.032124
-0.032196
-0.032267
-0.032339
-0.032410
-0.032482
-0.032553
-0.032624
-0.032695
-0.032765
-0.032836
-0.032906
-0.032976
-0.033046
-0.033116
-0.033186
-0.033255
-0.033324
-0.033394
-0.033463
-0.033531
-0.033600
-0.033668
-0.033737
-0.033805
-0.033873
-0.033941
-0.034008
-0.034076
-0.034143
-0.034210
-0.034277
-0.034344
-0.034410
-0.034477
-0.034543
-0.034609
-0.034675
-0.034740
-0.034806
-0.034871
-0.034936
-0.035001
-0.035066
-0.035131
-0.035195
-0.035259
-0.035323
-0.035387
-0.035451
-0.035515
-0.035578
-0.035641
-0.035704
-0.035767
-0.035829
-0.035892
-0.035954
-0.036016
-0.036078
-0.036140
-0.036201
-0.036263
-0.036324
-0.036385
-0.036445
-0.036506
-0.036566
-0.036626
-0.036686
-0.036746
-0.036806
-0.036865
-0.036924
-0.036983
-0.037042
-0.037101
-0.037159
-0.037218
-0.037276
-0.037334
-0.037391
-0.037449
-0.037506
-0.037563
-0.037620
-0.037677
-0.037733
-0.037790
-0.037846
-0.037902
-0.037957
-0.038013
-0.038068
-0.038123
-0.038178
-0.038233
-0.038287
-0.038342
-0.038396
-0.038450
-0.038503
-0.038557
-0.038610
-0.038663
-0.038716
-0.038769
-0.038821
-0.038874
-0.038926
-0.038977
-0.039029
-0.039081
-0.039132
-0.039183
-0.039234
-0.039284
-0.039335
-0.039385
-0.039435
-0.039485
-0.039534
-0.039584
-0.039633
-0.039682
-0.039730
-0.039779
-0.039827
-0.039875
-0.039923
-0.039971
-0.040018
-0.040066
-0.040113
-0.040159
-0.040206
-0.040252
-0.040298
-0.040344
-0.040390
-0.040436
-0.040481
-0.040526
-0.040571
-0.040616
-0.040660
-0.040704
-0.040748
-0.040792
-0.040835
-0.040879
-0.040922
-0.040965
-0.041007
-0.041050
-0.041092
-0.041134
-0.041176
-0.041217
-0.041259
-0.041300
-0.041341
-0.041381
-0.041422
-0.041462
-0.041502
-0.041542
-0.041581
-0.041621
-0.041660
-0.041699
-0.041737
-0.041776
-0.041814
-0.041852
-0.041890
-0.041927
-0.041964
-0.042001
-0.042038
-0.042075
-0.042111
-0.042147
-0.042183
-0.042219
-0.042254
-0.042289
-0.042324
-0.042359
-0.042394
-0.042428
-0.042462
-0.042496
-0.042529
-0.042563
-0.042596
-0.042629
-0.042661
-0.042694
-0.042726
-0.042758
-0.042790
-0.042821
-0.042852
-0.042883
-0.042914
-0.042945
-0.042975
-0.043005
-0.043035
-0.043064
-0.043094
-0.043123
-0.043152
-0.043180
-0.043209
-0.043237
-0.043265
-0.043292
-0.043320
-0.043347
-0.043374
-0.043401
-0.043427
-0.043453
-0.043479
-0.043505
-0.043530
-0.043556
-0.043581
-0.043605
-0.043630
-0.043654
-0.043678
-0.043702
-0.043726
-0.043749
-0.043772
-0.043795
-0.043818
-0.043840
-0.043862
-0.043884
-0.043905
-0.043927
-0.043948
-0.043969
-0.043989
-0.044010
-0.044030
-0.044050
-0.044069
-0.044089
-0.044108
-0.044127
-0.044146
-0.044164
-0.044182
-0.044200
-0.044218
-0.044235
-0.044252
-0.044269
-0.044286
-0.044302
-0.044318
-0.044334
-0.044350
-0.044365
-0.044381
-0.044396
-0.044410
-0.044425
-0.044439
-0.044453
-0.044466
-0.044480
-0.044493
-0.044506
-0.044519
-0.044531
-0.044543
-0.044555
-0.044567
-0.044578
-0.044589
-0.044600
-0.044611
-0.044621
-0.044632
-0.044641
-0.044651
-0.044661
-0.044670
-0.044679
-0.044687
-0.044696
-0.044704
-0.044712
-0.044719
-0.044727
-0.044734
-0.044741
-0.044747
-0.044754
-0.044760
-0.044765
-0.044771
-0.044776
-0.044782
-0.044786
-0.044791
-0.044795
-0.044799
-0.044803
-0.044807
-0.044810
-0.044813
-0.044816
-0.044818
-0.044821
-0.044823
-0.044824
-0.044826
-0.044827
-0.044828
-0.044829
-0.044829
-0.044830
-0.044830
-0.044829
-0.044829
-0.044828
-0.044827
-0.044826
-0.044824
-0.044822
-0.044820
-0.044818
-0.044815
-0.044813
-0.044809
-0.044806
-0.044803
-0.044799
-0.044795
-0.044790
-0.044786
-0.044781
-0.044776
-0.044770
-0.044764
-0.044759
-0.044752
-0.044746
-0.044739
-0.044732
-0.044725
-0.044718
-0.044710
-0.044702
-0.044694
-0.044685
-0.044677
-0.044668
-0.044658
-0.044649
-0.044639
-0.044629
-0.044619
-0.044608
-0.044598
-0.044586
-0.044575
-0.044564
-0.044552
-0.044540
-0.044527
-0.044515
-0.044502
-0.044489
-0.044476
-0.044462
-0.044448
-0.044434
-0.044420
-0.044405
-0.044390
-0.044375
-0.044360
-0.044344
-0.044328
-0.044312
-0.044295
-0.044279
-0.044262
-0.044245
-0.044227
-0.044210
-0.044192
-0.044173
-0.044155
-0.044136
-0.044117
-0.044098
-0.044079
-0.044059
-0.044039
-0.044019
-0.043998
-0.043977
-0.043956
-0.043935
-0.043914
-0.043892
-0.043870
-0.043848
-0.043825
-0.043802
-0.043779
-0.043756
-0.043733
-0.043709
-0.043685
-0.043661
-0.043636
-0.043611
-0.043586
-0.043561
-0.043535
-0.043510
-0.043483
-0.043457
-0.043431
-0.043404
-0.043377
-0.043349
-0.043322
-0.043294
-0.043266
-0.043238
-0.043209
-0.043180
-0.043151
-0.043122
-0.043093
-0.043063
-0.043033
-0.043002
-0.042972
-0.042941
-0.042910
-0.042879
-0.042847
-0.042815
-0.042783
-0.042751
-0.042719
-0.042686
-0.042653
-0.042620
-0.042586
-0.042552
-0.042518
-0.042484
-0.042450
-0.042415
-0.042380
-0.042345
-0.042309
-0.042273
-0.042237
-0.042201
-0.042165
-0.042128
-0.042091
-0.042054
-0.042017
-0.041979
-0.041941
-0.041903
-0.041864
-0.041826
-0.041787
-0.041748
-0.041709
-0.041669
-0.041629
-0.041589
-0.041549
-0.041508
-0.041467
-0.041426
-0.041385
-0.041343
-0.041302
-0.041260
-0.041218
-0.041175
-0.041132
-0.041089
-0.041046
-0.041003
-0.040959
-0.040915
-0.040871
-0.040827
-0.040782
-0.040737
-0.040692
-0.040647
-0.040601
-0.040556
-0.040510
-0.040463
-0.040417
-0.040370
-0.040323
-0.040276
-0.040229
-0.040181
-0.040133
-0.040085
-0.040037
-0.039988
-0.039940
-0.039891
-0.039841
-0.039792
-0.039742
-0.039692
-0.039642
-0.039592
-0.039541
-0.039490
-0.039439
-0.039388
-0.039336
-0.039285
-0.039233
-0.039180
-0.039128
-0.039075
-0.039023
-0.038969
-0.038916
-0.038863
-0.038809
-0.038755
-0.038701
-0.038646
-0.038592
-0.038537
-0.038482
-0.038426
-0.038371
-0.038315
-0.038259
-0.038203
-0.038146
-0.038090
-0.038033
-0.037976
-0.037919
-0.037861
-0.037803
-0.037745
-0.037687
-0.037629
-0.037570
-0.037512
-0.037453
-0.037393
-0.037334
-0.037274
-0.037214
-0.037154
-0.037094
-0.037034
-0.036973
-0.036912
-0.036851
-0.036789
-0.036728
-0.036666
-0.036604
-0.036542
-0.036480
-0.036417
-0.036354
-0.036291
-0.036228
-0.036165
-0.036101
-0.036037
-0.035973
-0.035909
-0.035844
-0.035780
-0.035715
-0.035650
-0.035585
-0.035519
-0.035453
-0.035388
-0.035322
-0.035255
-0.035189
-0.035122
-0.035055
-0.034988
-0.034921
-0.034854
-0.034786
-0.034718
-0.034650
-0.034582
-0.034513
-0.034445
-0.034376
-0.034307
-0.034238
-0.034168
-0.034099
-0.034029
-0.033959
-0.033889
-0.033818
-0.033748
-0.033677
-0.033606
-0.033535
-0.033464
-0.033392
-0.033320
-0.033249
-0.033176
-0.033104
-0.033032
-0.032959
-0.032886
-0.032813
-0.032740
-0.032667
-0.032593
-0.032520
-0.032446
-0.032371
-0.032297
-0.032223
-0.032148
-0.032073
-0.031998
-0.031923
-0.031848
-0.031772
-0.031697
-0.031621
-0.031545
-0.031468
-0.031392
-0.031315
-0.031239
-0.031162
-0.031085
-0.031007
-0.030930
-0.030852
-0.030774
-0.030696
-0.030618
-0.030540
-0.030461
-0.030383
-0.030304
-0.030225
-0.030146
-0.030066
-0.029987
-0.029907
-0.029827
-0.029747
-0.029667
-0.029587
-0.029506
-0.029426
-0.029345
-0.029264
-0.029183
-0.029102
-0.029020
-0.028939
-0.028857
-0.028775
-0.028693
-0.028610
-0.028528
-0.028445
-0.028363
-0.028280
-0.028197
-0.028114
-0.028030
-0.027947
-0.027863
-0.027779
-0.027695
-0.027611
-0.027527
-0.027443
-0.027358
-0.027273
-0.027188
-0.027103
-0.027018
-0.026933
-0.026847
-0.026762
-0.026676
-0.026590
-0.026504
-0.026418
-0.026332
-0.026245
-0.026158
-0.026072
-0.025985
-0.025898
-0.025811
-0.025723
-0.025636
-0.025548
-0.025460
-0.025372
-0.025284
-0.025196
-0.025108
-0.025020
-0.024931
-0.024842
-0.024753
-0.024664
-0.024575
-0.024486
-0.024397
-0.024307
-0.024218
-0.024128
-0.024038
-0.023948
-0.023858
-0.023767
-0.023677
-0.023586
-0.023496
-0.023405
-0.023314
-0.023223
-0.023132
-0.023041
-0.022949
-0.022858
-0.022766
-0.022674
-0.022582
-0.022490
-0.022398
-0.022306
-0.022213
-0.022121
-0.022028
-0.021935
-0.021843
-0.021750
-0.021657
-0.021563
-0.021470
-0.021377
-0.021283
-0.021189
-0.021096
-0.021002
-0.020908
-0.020814
-0.020719
-0.020625
-0.020531
-0.020436
-0.020341
-0.020247
-0.020152
-0.020057
-0.019962
-0.019866
-0.019771
-0.019676
-0.019580
-0.019485
-0.019389
-0.019293
-0.019197
-0.019101
-0.019005
-0.018909
-0.018812
-0.018716
-0.018619
-0.018523
-0.018426
-0.018329
-0.018232
-0.018135
-0.018038
-0.017941
-0.017844
-0.017746
-0.017649
-0.017551
-0.017454
-0.017356
-0.017258
-0.017160
-0.017062
-0.016964
-0.016866
-0.016768
-0.016669
-0.016571
-0.016472
-0.016374
-0.016275
-0.016176
-0.016077
-0.015978
-0.015879
-0.015780
-0.015681
-0.015582
-0.015482
-0.015383
-0.015283
-0.015184
-0.015084
-0.014984
-0.014884
-0.014784
-0.014684
-0.014584
-0.014484
-0.014384
-0.014284
-0.014183
-0.014083
-0.013982
-0.013882
-0.013781
-0.013680
-0.013579
-0.013479
-0.013378
-0.013277
-0.013176
-0.013074
-0.012973
-0.012872
-0.012771
-0.012669
-0.012568
-0.012466
-0.012365
-0.012263
-0.012161
-0.012059
-0.011958
-0.011856
-0.011754
-0.011652
-0.011550
-0.011447
-0.011345
-0.011243
-0.011141
-0.011038
-0.010936
-0.010833
-0.010731
-0.010628
-0.010526
-0.010423
-0.010320
-0.010217
-0.010115
-0.010012
-0.009909
-0.009806
-0.009703
-0.009600
-0.009496
-0.009393
-0.009290
-0.009187
-0.009083
-0.008980
-0.008877
-0.008773
-0.008670
-0.008566
-0.008462
-0.008359
-0.008255
-0.008151
-0.008048
-0.007944
-0.007840
-0.007736
-0.007632
-0.007528
-0.007424
-0.007320
-0.007216
-0.007112
-0.007008
-0.006904
-0.006800
-0.006695
-0.006591
-0.006487
-0.006382
-0.006278
-0.006174
-0.006069
-0.005965
-0.005860
-0.005756
-0.005651
-0.005547
-0.005442
-0.005338
-0.005233
-0.005128
-0.005024
-0.004919
-0.004814
-0.004709
-0.004604
-0.004500
-0.004395
-0.004290
-0.004185
-0.004080
-0.003975
-0.003870
-0.003765
-0.003660
-0.003555
-0.003450
-0.003345
-0.003240
-0.003135
-0.003030
-0.002925
-0.002820
-0.002715
-0.002610
-0.002505
-0.002400
-0.002294
-0.002189
-0.002084
-0.001979
-0.001874
-0.001769
-0.001663
-0.001558
-0.001453
-0.001348
-0.001242
-0.001137
-0.001032
-0.000927
-0.000821
-0.000716
-0.000611
-0.000506
-0.000400
-0.000295
-0.000190
-0.000085
0.000021
0.000126
0.000231
0.000337
0.000442
0.000547
0.000652
0.000758
0.000863
0.000968
0.001073
0.001179
0.001284
0.001389
0.001494
0.001599
0.001705
0.001810
0.001915
0.002020
0.002125
0.002230
0.002336
0.002441
0.002546
0.002651
0.002756
0.002861
0.002966
0.003071
0.003176
0.003281
0.003386
0.003491
0.003596
0.003701
0.003806
0.003911
0.004016
0.004121
0.004226
0.004331
0.004435
0.004540
0.004645
0.004750
0.004854
0.004959
0.005064
0.005168
0.005273
0.005378
0.005482
0.005587
0.005691
0.005796
0.005900
0.006005
0.006109
0.006214
0.006318
0.006422
0.006527
0.006631
0.006735
0.006839
0.006944
0.007048
0.007152
0.007256
0.007360
0.007464
0.007568
0.007672
0.007776
0.007880
0.007984
0.008087
0.008191
0.008295
0.008399
0.008502
0.008606
0.008709
0.008813
0.008916
0.009020
0.009123
0.009227
0.009330
0.009433
0.009536
0.009640
0.009743
0.009846
0.009949
0.010052
0.010155
0.010258
0.010361
0.010463
0.010566
0.010669
0.010772
0.010874
0.010977
0.011079
0.011182
0.011284
0.011387
0.011489
0.011591
0.011693
0.011796
0.011898
0.012000
0.012102
0.012204
0.012306
0.012408
0.012509
0.012611
0.012713
0.012814
0.012916
0.013017
0.013119
0.013220
0.013322
0.013423
0.013524
0.013625
0.013726
0.013827
0.013928
0.014029
0.014130
0.014231
0.014331
0.014432
0.014533
0.014633
0.014734
0.014834
0.014934
0.015035
0.015135
0.015235
0.015335
0.015435
0.015535
0.015635
0.015734
0.015834
0.015934
0.016033
0.016133
0.016232
0.016332
0.016431
0.016530
0.016629
0.016728
0.016827
0.016926
0.017025
0.017124
0.017223
0.017321
0.017420
0.017518
0.017617
0.017715
0.017813
0.017911
0.018010
0.018108
0.018205
0.018303
0.018401
0.018499
0.018596
0.018694
0.018791
0.018889
0.018986
0.019083
0.019180
0.019277
0.019374
0.019471
0.019568
0.019665
0.019761
0.019858
0.019954
0.020051
0.020147
0.020243
0.020339
0.020435
0.020531
0.020627
0.020723
0.020818
0.020914
0.021010
0.021105
0.021200
0.021295
0.021391
0.021486
0.021581
0.021675
0.021770
0.021865
0.021959
0.022054
0.022148
0.022243
0.022337
0.022431
0.022525
0.022619
0.022713
0.022806
0.022900
0.022994
0.023087
0.023180
0.023274
0.023367
0.023460
0.023553
0.023646
0.023738
0.023831
0.023924
0.024016
0.024108
0.024201
0.024293
0.024385
0.024477
0.024569
0.024660
0.024752
0.024843
0.024935
0.025026
0.025117
0.025209
0.025300
0.025391
0.025481
0.025572
0.025663
0.025753
0.025843
0.025934
0.026024
0.026114
0.026204
0.026294
0.026383
0.026473
0.026563
0.026652
0.026741
0.026831
0.026920
0.027009
0.027097
0.027186
0.027275
0.027363
0.027452
0.027540
0.027628
0.027716
0.027804
0.027892
0.027980
0.028067
0.028155
0.028242
0.028330
0.028417
0.028504
0.028591
0.028677
0.028764
0.028851
0.028937
0.029024
0.029110
0.029196
0.029282
0.029368
0.029453
0.029539
0.029625
0.029710
0.029795
0.029880
0.029965
0.030050
0.030135
0.030220
0.030304
0.030389
0.030473
0.030557
0.030641
0.030725
0.030809
0.030893
0.030976
0.031060
0.031143
0.031226
0.031309
0.031392
0.031475
0.031558
0.031640
0.031723
0.031805
0.031887
0.031969
0.032051
0.032133
0.032215
0.032296
0.032378
0.032459
0.032540
0.032621
0.032702
0.032783
0.032863
0.032944
0.033024
0.033105
0.033185
0.033265
0.033345
0.033424
0.033504
0.033583
0.033663
0.033742
0.033821
0.033900
0.033979
0.034057
0.034136
0.034214
0.034293
0.034371
0.034449
0.034527
0.034604
0.034682
0.034759
0.034837
0.034914
0.034991
0.035068
0.035145
0.035221
0.035298
0.035374
0.035450
0.035526
0.035602
0.035678
0.035754
0.035829
0.035905
0.035980
0.036055
0.036130
0.036205
0.036280
0.036354
0.036429
0.036503
0.036577
0.036651
0.036725
0.036799
0.036872
0.036946
0.037019
0.037092
0.037165
0.037238
0.037311
0.037383
0.037456
0.037528
0.037600
0.037672
0.037744
0.037815
0.037887
0.037958
0.038030
0.038101
0.038172
0.038243
0.038313
0.038384
0.038454
0.038525
0.038595
0.038665
0.038734
0.038804
0.038874
0.038943
0.039012
0.039081
0.039150
0.039219
0.039288
0.039356
0.039424
0.039493
0.039561
0.039628
0.039696
0.039764
0.039831
0.039898
0.039966
0.040033
0.040099
0.040166
0.040233
0.040299
0.040365
0.040431
0.040497
0.040563
0.040629
0.040694
0.040759
0.040824
0.040889
0.040954
0.041019
0.041084
0.041148
0.041212
0.041276
0.041340
0.041404
0.041468
0.041531
0.041594
0.041657
0.041720
0.041783
0.041846
0.041908
0.041971
0.042033
0.042095
0.042157
0.042219
0.042280
0.042342
0.042403
0.042464
0.042525
0.042586
0.042647
0.042707
0.042767
0.042828
0.042888
0.042947
0.043007
0.043067
0.043126
0.043185
0.043244
0.043303
0.043362
0.043421
0.043479
0.043537
0.043595
0.043653
0.043711
0.043769
0.043826
0.043883
0.043941
0.043998
0.044054
0.044111
0.044168
0.044224
0.044280
0.044336
0.044392
0.044448
0.044503
0.044558
0.044614
0.044669
0.044724
0.044778
0.044833
0.044887
0.044941
0.044995
0.045049
0.045103
0.045157
0.045210
0.045263
0.045316
0.045369
0.045422
0.045475
0.045527
0.045579
0.045631
0.045683
0.045735
0.045787
0.045838
0.045889
0.045940
0.045991
0.046042
0.046093
0.046143
0.046193
0.046243
0.046293
0.046343
0.046393
0.046442
0.046491
0.046540
0.046589
0.046638
0.046687
0.046735
0.046783
0.046831
0.046879
0.046927
0.046975
0.047022
0.047069
0.047116
0.047163
0.047210
0.047257
0.047303
0.047349
0.047395
0.047441
0.047487
0.047532
0.047578
0.047623
0.047668
0.047713
0.047758
0.047802
0.047847
0.047891
0.047935
0.047979
0.048022
0.048066
0.048109
0.048152
0.048195
0.048238
0.048281
0.048323
0.048366
0.048408
0.048450
0.048491
0.048533
0.048575
0.048616
0.048657
0.048698
0.048739
0.048779
0.048820
0.048860
0.048900
0.048940
0.048980
0.049019
0.049059
0.049098
0.049137
0.049176
0.049214
0.049253
0.049291
0.049329
0.049367
0.049405
0.049443
0.049480
0.049518
0.049555
0.049592
0.049629
0.049665
0.049702
0.049738
0.049774
0.049810
0.049846
0.049881
0.049917
0.049952
0.049987
0.050022
0.050056
0.050091
0.050125
0.050159
0.050193
0.050227
0.050261
0.050294
0.050328
0.050361
0.050394
0.050426
0.050459
0.050491
0.050524
0.050556
0.050588
0.050619
0.050651
0.050682
0.050713
0.050744
0.050775
0.050806
0.050836
0.050867
0.050897
0.050927
0.050957
0.050986
0.051016
0.051045
0.051074
0.051103
0.051131
0.051160
0.051188
0.051217
0.051245
0.051272
0.051300
0.051327
0.051355
0.051382
0.051409
0.051436
0.051462
0.051489
0.051515
0.051541
0.051567
0.051592
0.051618
0.051643
0.051669
0.051694
0.051718
0.051743
0.051767
0.051792
0.051816
0.051840
0.051863
0.051887
0.051910
0.051934
0.051957
0.051980
0.052002
0.052025
0.052047
0.052069
0.052091
0.052113
0.052135
0.052156
0.052177
0.052198
0.052219
0.052240
0.052260
0.052281
0.052301
0.052321
0.052341
0.052360
0.052380
0.052399
0.052418
0.052437
0.052456
0.052474
0.052493
0.052511
0.052529
0.052547
0.052565
0.052582
0.052599
0.052617
0.052634
0.052650
0.052667
0.052683
0.052700
0.052716
0.052732
0.052747
0.052763
0.052778
0.052793
0.052808
0.052823
0.052838
0.052852
0.052866
0.052881
0.052894
0.052908
0.052922
0.052935
0.052948
0.052961
0.052974
0.052987
0.052999
0.053012
0.053024
0.053036
0.053047
0.053059
0.053070
0.053082
0.053093
0.053104
0.053114
0.053125
0.053135
0.053145
0.053155
0.053165
0.053175
0.053184
0.053193
0.053202
0.053211
0.053220
0.053229
0.053237
0.053245
0.053253
0.053261
0.053269
0.053276
0.053283
0.053290
0.053297
0.053304
0.053311
0.053317
0.053323
0.053329
0.053335
0.053341
0.053346
0.053352
0.053357
0.053362
0.053366
0.053371
0.053375
0.053380
0.053384
0.053388
0.053391
0.053395
0.053398
0.053401
0.053404
0.053407
0.053410
0.053412
0.053414
0.053416
0.053418
0.053420
0.053422
0.053423
0.053424
0.053425
0.053426
0.053427
0.053427
0.053427
0.053428
0.053428
0.053427
0.053427
0.053426
0.053425
0.053425
0.053423
0.053422
0.053421
0.053419
0.053417
0.053415
0.053413
0.053410
0.053408
0.053405
0.053402
0.053399
0.053396
0.053392
0.053389
0.053385
0.053381
0.053377
0.053373
0.053368
0.053363
0.053358
0.053353
0.053348
0.053343
0.053337
0.053331
0.053325
0.053319
0.053313
0.053307
0.053300
0.053293
0.053286
0.053279
0.053272
0.053264
0.053256
0.053248
0.053240
0.053232
0.053224
0.053215
0.053206
0.053197
0.053188
0.053179
0.053169
0.053160
0.053150
0.053140
0.053130
0.053119
0.053109
0.053098
0.053087
0.053076
0.053065
0.053054
0.053042
0.053030
0.053018
0.053006
0.052994
0.052981
0.052969
0.052956
0.052943
0.052930
0.052916
0.052903
0.052889
0.052875
0.052861
0.052847
0.052832
0.052818
0.052803
0.052788
0.052773
0.052758
0.052742
0.052727
0.052711
0.052695
0.052679
0.052662
0.052646
0.052629
0.052612
0.052595
0.052578
0.052561
0.052543
0.052525
0.052507
0.052489
0.052471
0.052453
0.052434
0.052415
0.052396
0.052377
0.052358
0.052338
0.052319
0.052299
0.052279
0.052259
0.052239
0.052218
0.052197
0.052177
0.052155
0.052134
0.052113
0.052091
0.052070
0.052048
0.052026
0.052003
0.051981
0.051959
0.051936
0.051913
0.051890
0.051866
0.051843
0.051819
0.051796
0.051772
0.051748
0.051723
0.051699
0.051674
0.051649
0.051624
0.051599
0.051574
0.051548
0.051523
0.051497
0.051471
0.051445
0.051418
0.051392
0.051365
0.051338
0.051311
0.051284
0.051257
0.051229
0.051202
0.051174
0.051146
0.051117
0.051089
0.051061
0.051032
0.051003
0.050974
0.050945
0.050915
0.050886
0.050856
0.050826
0.050796
0.050766
0.050735
0.050705
0.050674
0.050643
0.050612
0.050581
0.050549
0.050518
0.050486
0.050454
0.050422
0.050390
0.050358
0.050325
0.050292
0.050259
0.050226
0.050193
0.050160
0.050126
0.050092
0.050058
0.050024
0.049990
0.049956
0.049921
0.049886
0.049851
0.049816
0.049781
0.049746
0.049710
0.049674
0.049639
0.049602
0.049566
0.049530
0.049493
0.049457
0.049420
0.049383
0.049345
0.049308
0.049271
0.049233
0.049195
0.049157
0.049119
0.049080
0.049042
0.049003
0.048964
0.048925
0.048886
0.048847
0.048807
0.048768
0.048728
0.048688
0.048648
0.048608
0.048567
0.048527
0.048486
0.048445
0.048404
0.048362
0.048321
0.048279
0.048238
0.048196
0.048154
0.048112
0.048069
0.048027
0.047984
0.047941
0.047898
0.047855
0.047811
0.047768
0.047724
0.047681
0.047637
0.047592
0.047548
0.047504
0.047459
0.047414
0.047369
0.047324
0.047279
0.047234
0.047188
0.047142
0.047096
0.047050
0.047004
0.046958
0.046911
0.046865
0.046818
0.046771
0.046724
0.046677
0.046629
0.046582
0.046534
0.046486
0.046438
0.046390
0.046341
0.046293
0.046244
0.046195
0.046146
0.046097
0.046048
0.045998
0.045949
0.045899
0.045849
0.045799
0.045749
0.045698
0.045648
0.045597
0.045546
0.045496
0.045444
0.045393
0.045342
0.045290
0.045238
0.045186
0.045134
0.045082
0.045030
0.044977
0.044925
0.044872
0.044819
0.044766
0.044713
0.044659
0.044606
0.044552
0.044498
0.044444
0.044390
0.044336
0.044281
0.044227
0.044172
0.044117
0.044062
0.044007
0.043952
0.043896
0.043840
0.043785
0.043729
0.043673
0.043616
0.043560
0.043504
0.043447
0.043390
0.043333
0.043276
0.043219
0.043161
0.043104
0.043046
0.042988
0.042930
0.042872
0.042814
0.042756
0.042697
0.042638
0.042580
0.042521
0.042462
0.042402
0.042343
0.042283
0.042224
0.042164
0.042104
0.042044
0.041983
0.041923
0.041862
0.041802
0.041741
0.041680
0.041619
0.041558
0.041496
0.041435
0.041373
0.041311
0.041249
0.041187
0.041125
0.041062
0.041000
0.040937
0.040875
0.040812
0.040749
0.040685
0.040622
0.040558
0.040495
0.040431
0.040367
0.040303
0.040239
0.040175
0.040110
0.040046
0.039981
0.039916
0.039851
0.039786
0.039721
0.039655
0.039590
0.039524
0.039458
0.039392
0.039326
0.039260
0.039194
0.039127
0.039061
0.038994
0.038927
0.038860
0.038793
0.038726
0.038658
0.038591
0.038523
0.038455
0.038387
0.038319
0.038251
0.038183
0.038114
0.038045
0.037977
0.037908
0.037839
0.037770
0.037701
0.037631
0.037562
0.037492
0.037422
0.037352
0.037282
0.037212
0.037142
0.037072
0.037001
0.036930
0.036860
0.036789
0.036718
0.036646
0.036575
0.036504
0.036432
0.036360
0.036289
0.036217
0.036145
0.036073
0.036000
0.035928
0.035855
0.035783
0.035710
0.035637
0.035564
0.035491
0.035417
0.035344
0.035270
0.035197
0.035123
0.035049
0.034975
0.034901
0.034827
0.034752
0.034678
0.034603
0.034528
0.034454
0.034379
0.034303
0.034228
0.034153
0.034077
0.034002
0.033926
0.033850
0.033774
0.033698
0.033622
0.033546
0.033469
0.033393
0.033316
0.033239
0.033163
0.033086
0.033008
0.032931
0.032854
0.032776
0.032699
0.032621
0.032543
0.032466
0.032387
0.032309
0.032231
0.032153
0.032074
0.031996
0.031917
0.031838
0.031759
0.031680
0.031601
0.031522
0.031442
0.031363
0.031283
0.031204
0.031124
0.031044
0.030964
0.030884
0.030803
0.030723
0.030643
0.030562
0.030481
0.030400
0.030320
0.030239
0.030157
0.030076
0.029995
0.029913
0.029832
0.029750
0.029668
0.029587
0.029505
0.029423
0.029340
0.029258
0.029176
0.029093
0.029011
0.028928
0.028845
0.028762
0.028679
0.028596
0.028513
0.028430
0.028346
0.028263
0.028179
0.028095
0.028011
0.027928
0.027844
0.027759
0.027675
0.027591
0.027506
0.027422
0.027337
0.027253
0.027168
0.027083
0.026998
0.026913
0.026828
0.026742
0.026657
0.026571
0.026486
0.026400
0.026314
0.026229
0.026143
0.026057
0.025970
0.025884
0.025798
0.025711
0.025625
0.025538
0.025451
0.025365
0.025278
0.025191
0.025104
0.025017
0.024929
0.024842
0.024755
0.024667
0.024579
0.024492
0.024404
0.024316
0.024228
0.024140
0.024052
0.023964
0.023875
0.023787
0.023698
0.023610
0.023521
0.023432
0.023343
0.023254
0.023165
0.023076
0.022987
0.022898
0.022809
0.022719
0.022630
0.022540
0.022450
0.022361
0.022271
0.022181
0.022091
0.022001
0.021910
0.021820
0.021730
0.021639
0.021549
0.021458
0.021368
0.021277
0.021186
0.021095
0.021004
0.020913
0.020822
0.020731
0.020640
0.020548
0.020457
0.020365
0.020274
0.020182
0.020090
0.019999
0.019907
0.019815
0.019723
0.019631
0.019538
0.019446
0.019354
0.019261
0.019169
0.019076
0.018984
0.018891
0.018798
0.018705
0.018613
0.018520
0.018427
0.018333
0.018240
0.018147
0.018054
0.017960
0.017867
0.017773
0.017680
0.017586
0.017492
0.017399
0.017305
0.017211
0.017117
0.017023
0.016929
0.016835
0.016740
0.016646
0.016552
0.016457
0.016363
0.016268
0.016174
0.016079
0.015984
0.015890
0.015795
0.015700
0.015605
0.015510
0.015415
0.015320
0.015224
0.015129
0.015034
0.014938
0.014843
0.014747
0.014652
0.014556
0.014461
0.014365
0.014269
0.014173
0.014077
0.013982
0.013886
0.013790
0.013693
0.013597
0.013501
0.013405
0.013309
0.013212
0.013116
0.013019
0.012923
0.012826
0.012730
0.012633
0.012536
0.012439
0.012343
0.012246
0.012149
0.012052
0.011955
0.011858
0.011761
0.011664
0.011567
0.011469
0.011372
0.011275
0.011177
0.011080
0.010983
0.010885
0.010788
0.010690
0.010592
0.010495
0.010397
0.010299
0.010202
0.010104
0.010006
0.009908
0.009810
0.009712
0.009614
0.009516
0.009418
0.009320
0.009222
0.009123
0.009025
0.008927
0.008829
0.008730
0.008632
0.008533
0.008435
0.008337
0.008238
0.008139
0.008041
0.007942
0.007844
0.007745
0.007646
0.007548
0.007449
0.007350
0.007251
0.007152
0.007053
0.006954
0.006856
0.006757
0.006658
0.006559
0.006460
0.006360
0.006261
0.006162
0.006063
0.005964
0.005865
0.005765
0.005666
0.005567
0.005468
0.005368
0.005269
0.005170
0.005070
0.004971
0.004871
0.004772
0.004673
0.004573
0.004474
0.004374
0.004274
0.004175
0.004075
0.003976
0.003876
0.003777
0.003677
0.003577
0.003478
0.003378
0.003278
0.003178
0.003079
0.002979
0.002879
0.002780
0.002680
0.002580
0.002480
0.002380
0.002281
0.002181
0.002081
0.001981
0.001881
0.001781
0.001681
0.001582
0.001482
0.001382
0.001282
0.001182
0.001082
0.000982
0.000882
0.000782
0.000682
0.000582
0.000482
0.000382
0.000283
0.000183
0.000083
-0.000017
-0.000117
-0.000217
-0.000317
-0.000417
-0.000517
-0.000617
-0.000717
-0.000817
-0.000917
-0.001017
-0.001117
-0.001217
-0.001317
-0.001416
-0.001516
-0.001616
-0.001716
-0.001816
-0.001916
-0.002016
-0.002116
-0.002216
-0.002315
-0.002415
-0.002515
-0.002615
-0.002715
-0.002815
-0.002914
-0.003014
-0.003114
-0.003214
-0.003314
-0.003413
-0.003513
-0.003613
-0.003712
-0.003812
-0.003912
-0.004011
-0.004111
-0.004211
-0.004310
-0.004410
-0.004509
-0.004609
-0.004709
-0.004808
-0.004908
-0.005007
-0.005107
-0.005206
-0.005305
-0.005405
-0.005504
-0.005603
-0.005703
-0.005802
-0.005901
-0.006001
-0.006100
-0.006199
-0.006298
-0.006397
-0.006497
-0.006596
-0.006695
-0.006794
-0.006893
-0.006992
-0.007091
-0.007190
-0.007289
-0.007387
-0.007486
-0.007585
-0.007684
-0.007783
-0.007881
-0.007980
-0.008079
-0.008177
-0.008276
-0.008374
-0.008473
-0.008571
-0.008670
-0.008768
-0.008867
-0.008965
-0.009063
-0.009162
-0.009260
-0.009358
-0.009456
-0.009554
-0.009652
-0.009750
-0.009848
-0.009946
-0.010044
-0.010142
-0.010240
-0.010337
-0.010435
-0.010533
-0.010631
-0.010728
-0.010826
-0.010923
-0.011021
-0.011118
-0.011215
-0.011313
-0.011410
-0.011507
-0.011604
-0.011701
-0.011798
-0.011895
-0.011992
-0.012089
-0.012186
-0.012283
-0.012380
-0.012476
-0.012573
-0.012670
-0.012766
-0.012863
-0.012959
-0.013055
-0.013152
-0.013248
-0.013344
-0.013440
-0.013536
-0.013632
-0.013728
-0.013824
-0.013920
-0.014016
-0.014112
-0.014207
-0.014303
-0.014398
-0.014494
-0.014589
-0.014685
-0.014780
-0.014875
-0.014970
-0.015065
-0.015160
-0.015255
-0.015350
-0.015445
-0.015540
-0.015634
-0.015729
-0.015824
-0.015918
-0.016012
-0.016107
-0.016201
-0.016295
-0.016389
-0.016483
-0.016577
-0.016671
-0.016765
-0.016859
-0.016952
-0.017046
-0.017139
-0.017233
-0.017326
-0.017420
-0.017513
-0.017606
-0.017699
-0.017792
-0.017885
-0.017978
-0.018070
-0.018163
-0.018256
-0.018348
-0.018440
-0.018533
-0.018625
-0.018717
-0.018809
-0.018901
-0.018993
-0.019085
-0.019177
-0.019268
-0.019360
-0.019451
-0.019543
-0.019634
-0.019725
-0.019816
-0.019907
-0.019998
-0.020089
-0.020180
-0.020270
-0.020361
-0.020451
-0.020542
-0.020632
-0.020722
-0.020812
-0.020902
-0.020992
-0.021082
-0.021172
-0.021261
-0.021351
-0.021440
-0.021530
-0.021619
-0.021708
-0.021797
-0.021886
-0.021975
-0.022063
-0.022152
-0.022241
-0.022329
-0.022417
-0.022505
-0.022594
-0.022682
-0.022769
-0.022857
-0.022945
-0.023032
-0.023120
-0.023207
-0.023295
-0.023382
-0.023469
-0.023556
-0.023642
-0.023729
-0.023816
-0.023902
-0.023989
-0.024075
-0.024161
-0.024247
-0.024333
-0.024419
-0.024504
-0.024590
-0.024675
-0.024761
-0.024846
-0.024931
-0.025016
-0.025101
-0.025186
-0.025270
-0.025355
-0.025439
-0.025523
-0.025608
-0.025692
-0.025776
-0.025859
-0.025943
-0.026026
-0.026110
-0.026193
-0.026276
-0.026359
-0.026442
-0.026525
-0.026608
-0.026690
-0.026773
-0.026855
-0.026937
-0.027019
-0.027101
-0.027183
-0.027264
-0.027346
-0.027427
-0.027509
-0.027590
-0.027671
-0.027751
-0.027832
-0.027913
-0.027993
-0.028074
-0.028154
-0.028234
-0.028314
-0.028393
-0.028473
-0.028552
-0.028632
-0.028711
-0.028790
-0.028869
-0.028948
-0.029026
-0.029105
-0.029183
-0.029262
-0.029340
-0.029418
-0.029495
-0.029573
-0.029651
-0.029728
-0.029805
-0.029882
-0.029959
-0.030036
-0.030113
-0.030189
-0.030265
-0.030342
-0.030418
-0.030494
-0.030569
-0.030645
-0.030720
-0.030796
-0.030871
-0.030946
-0.031021
-0.031095
-0.031170
-0.031244
-0.031318
-0.031392
-0.031466
-0.031540
-0.031614
-0.031687
-0.031760
-0.031834
-0.031907
-0.031979
-0.032052
-0.032124
-0.032197
-0.032269
-0.032341
-0.032413
-0.032485
-0.032556
-0.032627
-0.032699
-0.032770
-0.032841
-0.032911
-0.032982
-0.033052
-0.033122
-0.033192
-0.033262
-0.033332
-0.033402
-0.033471
-0.033540
-0.033609
-0.033678
-0.033747
-0.033815
-0.033884
-0.033952
-0.034020
-0.034088
-0.034155
-0.034223
-0.034290
-0.034357
-0.034424
-0.034491
-0.034558
-0.034624
-0.034691
-0.034757
-0.034823
-0.034888
-0.034954
-0.035019
-0.035085
-0.035150
-0.035215
-0.035279
-0.035344
-0.035408
-0.035472
-0.035536
-0.035600
-0.035664
-0.035727
-0.035790
-0.035853
-0.035916
-0.035979
-0.036041
-0.036104
-0.036166
-0.036228
-0.036289
-0.036351
-0.036412
-0.036474
-0.036535
-0.036595
-0.036656
-0.036717
-0.036777
-0.036837
-0.036897
-0.036956
-0.037016
-0.037075
-0.037134
-0.037193
-0.037252
-0.037310
-0.037369
-0.037427
-0.037485
-0.037543
-0.037600
-0.037658
-0.037715
-0.037772
-0.037828
-0.037885
-0.037941
-0.037998
-0.038054
-0.038109
-0.038165
-0.038220
-0.038276
-0.038331
-0.038385
-0.038440
-0.038494
-0.038548
-0.038602
-0.038656
-0.038710
-0.038763
-0.038816
-0.038869
-0.038922
-0.038975
-0.039027
-0.039079
-0.039131
-0.039183
-0.039234
-0.039286
-0.039337
-0.039388
-0.039438
-0.039489
-0.039539
-0.039589
-0.039639
-0.039689
-0.039738
-0.039787
-0.039836
-0.039885
-0.039934
-0.039982
-0.040030
-0.040078
-0.040126
-0.040173
-0.040221
-0.040268
-0.040315
-0.040361
-0.040408
-0.040454
-0.040500
-0.040546
-0.040592
-0.040637
-0.040682
-0.040727
-0.040772
-0.040816
-0.040861
-0.040905
-0.040948
-0.040992
-0.041036
-0.041079
-0.041122
-0.041164
-0.041207
-0.041249
-0.041291
-0.041333
-0.041375
-0.041416
-0.041457
-0.041498
-0.041539
-0.041580
-0.041620
-0.041660
-0.041700
-0.041739
-0.041779
-0.041818
-0.041857
-0.041896
-0.041934
-0.041972
-0.042010
-0.042048
-0.042086
-0.042123
-0.042160
-0.042197
-0.042234
-0.042270
-0.042306
-0.042342
-0.042378
-0.042414
-0.042449
-0.042484
-0.042519
-0.042553
-0.042588
-0.042622
-0.042656
-0.042689
-0.042723
-0.042756
-0.042789
-0.042822
-0.042854
-0.042886
-0.042918
-0.042950
-0.042982
-0.043013
-0.043044
-0.043075
-0.043106
-0.043136
-0.043166
-0.043196
-0.043226
-0.043255
-0.043284
-0.043313
-0.043342
-0.043370
-0.043399
-0.043427
-0.043454
-0.043482
-0.043509
-0.043536
-0.043563
-0.043589
-0.043616
-0.043642
-0.043668
-0.043693
-0.043718
-0.043744
-0.043768
-0.043793
-0.043817
-0.043842
-0.043865
-0.043889
-0.043912
-0.043936
-0.043959
-0.043981
-0.044004
-0.044026
-0.044048
-0.044069
-0.044091
-0.044112
-0.044133
-0.044154
-0.044174
-0.044194
-0.044214
-0.044234
-0.044254
-0.044273
-0.044292
-0.044310
-0.044329
-0.044347
-0.044365
-0.044383
-0.044400
-0.044418
-0.044435
-0.044451
-0.044468
-0.044484
-0.044500
-0.044516
-0.044531
-0.044547
-0.044562
-0.044576
-0.044591
-0.044605
-0.044619
-0.044633
-0.044646
-0.044660
-0.044673
-0.044685
-0.044698
-0.044710
-0.044722
-0.044734
-0.044745
-0.044757
-0.044768
-0.044778
-0.044789
-0.044799
-0.044809
-0.044819
-0.044828
-0.044838
-0.044847
-0.044855
-0.044864
-0.044872
-0.044880
-0.044888
-0.044895
-0.044902
-0.044909
-0.044916
-0.044922
-0.044928
-0.044934
-0.044940
-0.044945
-0.044951
-0.044956
-0.044960
-0.044965
-0.044969
-0.044973
-0.044976
-0.044980
-0.044983
-0.044986
-0.044988
-0.044991
-0.044993
-0.044995
-0.044996
-0.044998
-0.044999
-0.044999
-0.045000
-0.045000
-0.045000
-0.045000
-0.045000
-0.044999
-0.044998
-0.044997
-0.044995
-0.044994
-0.044992
-0.044989
-0.044987
-0.044984
-0.044981
-0.044978
-0.044974
-0.044971
-0.044967
-0.044962
-0.044958
-0.044953
-0.044948
-0.044942
-0.044937
-0.044931
-0.044925
-0.044919
-0.044912
-0.044905
-0.044898
-0.044891
-0.044883
-0.044875
-0.044867
-0.044859
-0.044850
-0.044841
-0.044832
-0.044822
-0.044813
-0.044803
-0.044793
-0.044782
-0.044771
-0.044761
-0.044749
-0.044738
-0.044726
-0.044714
-0.044702
-0.044689
-0.044677
-0.044664
-0.044650
-0.044637
-0.044623
-0.044609
-0.044595
-0.044580
-0.044565
-0.044550
-0.044535
-0.044519
-0.044504
-0.044487
-0.044471
-0.044455
-0.044438
-0.044421
-0.044403
-0.044386
-0.044368
-0.044350
-0.044331
-0.044313
-0.044294
-0.044275
-0.044255
-0.044236
-0.044216
-0.044195
-0.044175
-0.044154
-0.044133
-0.044112
-0.044091
-0.044069
-0.044047
-0.044025
-0.044003
-0.043980
-0.043957
-0.043934
-0.043910
-0.043887
-0.043863
-0.043839
-0.043814
-0.043789
-0.043764
-0.043739
-0.043714
-0.043688
-0.043662
-0.043636
-0.043609
-0.043583
-0.043556
-0.043528
-0.043501
-0.043473
-0.043445
-0.043417
-0.043389
-0.043360
-0.043331
-0.043302
-0.043272
-0.043242
-0.043212
-0.043182
-0.043152
-0.043121
-0.043090
-0.043059
-0.043027
-0.042996
-0.042964
-0.042932
-0.042899
-0.042866
-0.042834
-0.042800
-0.042767
-0.042733
-0.042699
-0.042665
-0.042631
-0.042596
-0.042561
-0.042526
-0.042491
-0.042455
-0.042419
-0.042383
-0.042347
-0.042310
-0.042273
-0.042236
-0.042199
-0.042161
-0.042123
-0.042085
-0.042047
-0.042008
-0.041969
-0.041930
-0.041891
-0.041852
-0.041812
-0.041772
-0.041732
-0.041691
-0.041650
-0.041609
-0.041568
-0.041527
-0.041485
-0.041443
-0.041401
-0.041359
-0.041316
-0.041273
-0.041230
-0.041187
-0.041143
-0.041099
-0.041055
-0.041011
-0.040967
-0.040922
-0.040877
-0.040832
-0.040786
-0.040740
-0.040694
-0.040648
-0.040602
-0.040555
-0.040508
-0.040461
-0.040414
-0.040366
-0.040319
-0.040271
-0.040222
-0.040174
-0.040125
-0.040076
-0.040027
-0.039978
-0.039928
-0.039878
-0.039828
-0.039778
-0.039727
-0.039677
-0.039626
-0.039574
-0.039523
-0.039471
-0.039419
-0.039367
-0.039315
-0.039262
-0.039210
-0.039157
-0.039103
-0.039050
-0.038996
-0.038942
-0.038888
-0.038834
-0.038779
-0.038724
-0.038669
-0.038614
-0.038559
-0.038503
-0.038447
-0.038391
-0.038335
-0.038278
-0.038221
-0.038164
-0.038107
-0.038050
-0.037992
-0.037934
-0.037876
-0.037818
-0.037759
-0.037701
-0.037642
-0.037583
-0.037523
-0.037464
-0.037404
-0.037344
-0.037284
-0.037223
-0.037163
-0.037102
-0.037041
-0.036979
-0.036918
-0.036856
-0.036794
-0.036732
-0.036670
-0.036607
-0.036545
-0.036482
-0.036419
-0.036355
-0.036292
-0.036228
-0.036164
-0.036100
-0.036035
-0.035971
-0.035906
-0.035841
-0.035776
-0.035711
-0.035645
-0.035579
-0.035513
-0.035447
-0.035381
-0.035314
-0.035247
-0.035180
-0.035113
-0.035046
-0.034978
-0.034910
-0.034842
-0.034774
-0.034706
-0.034637
-0.034569
-0.034500
-0.034430
-0.034361
-0.034292
-0.034222
-0.034152
-0.034082
-0.034012
-0.033941
-0.033870
-0.033800
-0.033728
-0.033657
-0.033586
-0.033514
-0.033442
-0.033370
-0.033298
-0.033226
-0.033153
-0.033081
-0.033008
-0.032935
-0.032861
-0.032788
-0.032714
-0.032640
-0.032566
-0.032492
-0.032418
-0.032343
-0.032268
-0.032193
-0.032118
-0.032043
-0.031968
-0.031892
-0.031816
-0.031740
-0.031664
-0.031588
-0.031511
-0.031434
-0.031358
-0.031281
-0.031203
-0.031126
-0.031048
-0.030971
-0.030893
-0.030815
-0.030736
-0.030658
-0.030579
-0.030501
-0.030422
-0.030343
-0.030263
-0.030184
-0.030104
-0.030025
-0.029945
-0.029865
-0.029784
-0.029704
-0.029623
-0.029543
-0.029462
-0.029381
-0.029299
-0.029218
-0.029137
-0.029055
-0.028973
-0.028891
-0.028809
-0.028726
-0.028644
-0.028561
-0.028478
-0.028395
-0.028312
-0.028229
-0.028146
-0.028062
-0.027978
-0.027894
-0.027810
-0.027726
-0.027642
-0.027557
-0.027473
-0.027388
-0.027303
-0.027218
-0.027133
-0.027047
-0.026962
-0.026876
-0.026790
-0.026704
-0.026618
-0.026532
-0.026445
-0.026359
-0.026272
-0.026185
-0.026098
-0.026011
-0.025924
-0.025837
-0.025749
-0.025661
-0.025574
-0.025486
-0.025397
-0.025309
-0.025221
-0.025132
-0.025044
-0.024955
-0.024866
-0.024777
-0.024688
-0.024599
-0.024509
-0.024420
-0.024330
-0.024240
-0.024150
-0.024060
-0.023970
-0.023879
-0.023789
-0.023698
-0.023608
-0.023517
-0.023426
-0.023335
-0.023243
-0.023152
-0.023061
-0.022969
-0.022877
-0.022785
-0.022694
-0.022601
-0.022509
-0.022417
-0.022324
-0.022232
-0.022139
-0.022046
-0.021954
-0.021860
-0.021767
-0.021674
-0.021581
-0.021487
-0.021394
-0.021300
-0.021206
-0.021112
-0.021018
-0.020924
-0.020830
-0.020735
-0.020641
-0.020546
-0.020452
-0.020357
-0.020262
-0.020167
-0.020072
-0.019976
-0.019881
-0.019786
-0.019690
-0.019594
-0.019499
-0.019403
-0.019307
-0.019211
-0.019115
-0.019018
-0.018922
-0.018826
-0.018729
-0.018632
-0.018536
-0.018439
-0.018342
-0.018245
-0.018148
-0.018051
-0.017953
-0.017856
-0.017758
-0.017661
-0.017563
-0.017465
-0.017367
-0.017269
-0.017171
-0.017073
-0.016975
-0.016877
-0.016778
-0.016680
-0.016581
-0.016483
-0.016384
-0.016285
-0.016186
-0.016087
-0.015988
-0.015889
-0.015790
-0.015690
-0.015591
-0.015492
-0.015392
-0.015292
-0.015193
-0.015093
-0.014993
-0.014893
-0.014793
-0.014693
-0.014593
-0.014493
-0.014392
-0.014292
-0.014192
-0.014091
-0.013990
-0.013890
-0.013789
-0.013688
-0.013587
-0.013486
-0.013385
-0.013284
-0.013183
-0.013082
-0.012981
-0.012879
-0.012778
-0.012677
-0.012575
-0.012473
-0.012372
-0.012270
-0.012168
-0.012066
-0.011964
-0.011863
-0.011761
-0.011658
-0.011556
-0.011454
-0.011352
-0.011250
-0.011147
-0.011045
-0.010942
-0.010840
-0.010737
-0.010635
-0.010532
-0.010429
-0.010326
-0.010224
-0.010121
-0.010018
-0.009915
-0.009812
-0.009709
-0.009605
-0.009502
-0.009399
-0.009296
-0.009192
-0.009089
-0.008986
-0.008882
-0.008779
-0.008675
-0.008572
-0.008468
-0.008364
-0.008261
-0.008157
-0.008053
-0.007949
-0.007846
-0.007742
-0.007638
-0.007534
-0.007430
-0.007326
-0.007222
-0.007118
-0.007013
-0.006909
-0.006805
-0.006701
-0.006596
-0.006492
-0.006388
-0.006283
-0.006179
-0.006075
-0.005970
-0.005866
-0.005761
-0.005657
-0.005552
-0.005448
-0.005343
-0.005238
-0.005134
-0.005029
-0.004924
-0.004820
-0.004715
-0.004610
-0.004505
-0.004400
-0.004296
-0.004191
-0.004086
-0.003981
-0.003876
-0.003771
-0.003666
-0.003561
-0.003456
-0.003351
-0.003246
-0.003141
-0.003036
-0.002931
-0.002826
-0.002721
-0.002616
-0.002511
-0.002406
-0.002301
-0.002195
-0.002090
-0.001985
-0.001880
-0.001775
-0.001670
-0.001564
-0.001459
-0.001354
-0.001249
-0.001144
-0.001039
-0.000933
-0.000828
-0.000723
-0.000618
-0.000512
-0.000407
-0.000302
-0.000197
-0.000092
0.000014
0.000119
0.000224
0.000329
0.000434
0.000540
0.000645
0.000750
0.000855
0.000960
0.001066
0.001171
0.001276
0.001381
0.001486
0.001591
0.001697
0.001802
0.001907
0.002012
0.002117
0.002222
0.002327
0.002432
0.002537
0.002642
0.002747
0.002852
0.002957
0.003062
0.003167
0.003272
0.003377
0.003482
0.003587
0.003692
0.003796
0.003901
0.004006
0.004111
0.004216
0.004320
0.004425
0.004530
0.004635
0.004739
0.004844
0.004948
0.005053
0.005158
0.005262
0.005367
0.005471
0.005576
0.005680
0.005784
0.005889
0.005993
0.006097
0.006202
0.006306
0.006410
0.006514
0.006619
0.006723
0.006827
0.006931
0.007035
0.007139
0.007243
0.007347
0.007451
0.007555
0.007658
0.007762
0.007866
0.007970
0.008073
0.008177
0.008281
0.008384
0.008488
0.008591
0.008695
0.008798
0.008901
0.009005
0.009108
0.009211
0.009314
0.009418
0.009521
0.009624
0.009727
0.009830
0.009933
0.010035
0.010138
0.010241
0.010344
0.010446
0.010549
0.010652
0.010754
0.010857
0.010959
0.011062
0.011164
0.011266
0.011368
0.011471
0.011573
0.011675
0.011777
0.011879
0.011981
0.012083
0.012184
0.012286
0.012388
0.012489
0.012591
0.012693
0.012794
0.012895
0.012997
0.013098
0.013199
0.013300
0.013402
0.013503
0.013604
0.013704
0.013805
0.013906
0.014007
0.014108
0.014208
0.014309
0.014409
0.014510
0.014610
0.014710
0.014810
0.014911
0.015011
0.015111
0.015211
0.015311
0.015410
0.015510
0.015610
0.015709
0.015809
0.015908
0.016008
0.016107
0.016206
0.016306
0.016405
0.016504
0.016603
0.016702
0.016800
0.016899
0.016998
0.017096
0.017195
0.017293
0.017392
0.017490
0.017588
0.017686
0.017784
0.017882
0.017980
0.018078
0.018176
0.018273
0.018371
0.018468
0.018566
0.018663
0.018761
0.018858
0.018955
0.019052
0.019149
0.019246
0.019342
0.019439
0.019536
0.019632
0.019729
0.019825
0.019921
0.020017
0.020113
0.020209
0.020305
0.020401
0.020497
0.020592
0.020688
0.020783
0.020879
0.020974
0.021069
0.021164
0.021259
0.021354
0.021449
0.021544
0.021638
0.021733
0.021827
0.021922
0.022016
0.022110
0.022204
0.022298
0.022392
0.022486
0.022580
0.022673
0.022767
0.022860
0.022954
0.023047
0.023140
0.023233
0.023326
0.023419
0.023511
0.023604
0.023697
0.023789
0.023881
0.023974
0.024066
0.024158
0.024250
0.024341
0.024433
0.024525
0.024616
0.024708
0.024799
0.024890
0.024981
0.025072
0.025163
0.025254
0.025345
0.025435
0.025526
0.025616
0.025706
0.025796
0.025886
0.025976
0.026066
0.026156
0.026246
0.026335
0.026424
0.026514
0.026603
0.026692
0.026781
0.026870
0.026958
0.027047
0.027136
0.027224
0.027312
0.027400
0.027488
0.027576
0.027664
0.027752
0.027839
0.027927
0.028014
0.028102
0.028189
0.028276
0.028363
0.028449
0.028536
0.028623
0.028709
0.028795
0.028882
0.028968
0.029054
0.029139
0.029225
0.029311
0.029396
0.029482
0.029567
0.029652
0.029737
0.029822
0.029907
0.029991
0.030076
0.030160
0.030245
0.030329
0.030413
0.030497
0.030581
0.030664
0.030748
0.030831
0.030914
0.030998
0.031081
0.031164
0.031246
0.031329
0.031412
0.031494
0.031576
0.031659
0.031741
0.031822
0.031904
0.031986
0.032067
0.032149
0.032230
0.032311
0.032392
0.032473
0.032554
0.032635
0.032715
0.032795
0.032876
0.032956
0.033036
0.033116
0.033195
0.033275
0.033354
0.033434
0.033513
0.033592
0.033671
0.033750
0.033828
0.033907
0.033985
0.034064
0.034142
0.034220
0.034297
0.034375
0.034453
0.034530
0.034608
0.034685
0.034762
0.034839
0.034915
0.034992
0.035069
0.035145
0.035221
0.035297
0.035373
0.035449
0.035525
0.035600
0.035675
0.035751
0.035826
0.035901
0.035976
0.036050
0.036125
0.036199
0.036274
0.036348
0.036422
0.036496
0.036569
0.036643
0.036716
0.036789
0.036863
0.036936
0.037008
0.037081
0.037154
0.037226
0.037298
0.037371
0.037443
0.037514
0.037586
0.037658
0.037729
0.037800
0.037871
0.037942
0.038013
0.038084
0.038154
0.038225
0.038295
0.038365
0.038435
0.038505
0.038575
0.038644
0.038714
0.038783
0.038852
0.038921
0.038989
0.039058
0.039127
0.039195
0.039263
0.039331
0.039399
0.039467
0.039534
0.039602
0.039669
0.039736
0.039803
0.039870
0.039937
0.040003
0.040069
0.040136
0.040202
0.040268
0.040333
0.040399
0.040464
0.040530
0.040595
0.040660
0.040725
0.040789
0.040854
0.040918
0.040983
0.041047
0.041111
0.041174
0.041238
0.041302
0.041365
0.041428
0.041491
0.041554
0.041616
0.041679
0.041741
0.041804
0.041866
0.041928
0.041989
0.042051
0.042112
0.042174
0.042235
0.042296
0.042357
0.042417
0.042478
0.042538
0.042598
0.042658
0.042718
0.042778
0.042837
0.042897
0.042956
0.043015
0.043074
0.043133
0.043191
0.043250
0.043308
0.043366
0.043424
0.043482
0.043539
0.043597
0.043654
0.043711
0.043768
0.043825
0.043882
0.043938
0.043995
0.044051
0.044107
0.044163
0.044218
0.044274
0.044329
0.044384
0.044439
0.044494
0.044549
0.044604
0.044658
0.044712
0.044766
0.044820
0.044874
0.044927
0.044981
0.045034
0.045087
0.045140
0.045193
0.045245
0.045298
0.045350
0.045402
0.045454
0.045506
0.045557
0.045609
0.045660
0.045711
0.045762
0.045813
0.045864
0.045914
0.045964
0.046014
0.046064
0.046114
0.046164
0.046213
0.046262
0.046311
0.046360
0.046409
0.046458
0.046506
0.046554
0.046602
0.046650
0.046698
0.046746
0.046793
0.046840
0.046887
0.046934
0.046981
0.047028
0.047074
0.047120
0.047166
0.047212
0.047258
0.047304
0.047349
0.047394
0.047439
0.047484
0.047529
0.047573
0.047618
0.047662
0.047706
0.047750
0.047794
0.047837
0.047880
0.047924
0.047967
0.048009
0.048052
0.048095
0.048137
0.048179
0.048221
0.048263
0.048305
0.048346
0.048387
0.048428
0.048469
0.048510
0.048551
0.048591
0.048631
0.048672
0.048711
0.048751
0.048791
0.048830
0.048869
0.048908
0.048947
0.048986
0.049025
0.049063
0.049101
0.049139
0.049177
0.049215
0.049252
0.049289
0.049327
0.049364
0.049400
0.049437
0.049473
0.049510
0.049546
0.049582
0.049618
0.049653
0.049689
0.049724
0.049759
0.049794
0.049828
0.049863
0.049897
0.049931
0.049966
0.049999
0.050033
0.050066
0.050100
0.050133
0.050166
0.050199
0.050231
0.050264
0.050296
0.050328
0.050360
0.050392
0.050423
0.050455
0.050486
0.050517
0.050548
0.050578
0.050609
0.050639
0.050669
0.050699
0.050729
0.050759
0.050788
0.050817
0.050846
0.050875
0.050904
0.050933
0.050961
0.050989
0.051017
0.051045
0.051073
0.051100
0.051128
0.051155
0.051182
0.051208
0.051235
0.051261
0.051288
0.051314
0.051340
0.051365
0.051391
0.051416
0.051442
0.051467
0.051491
0.051516
0.051540
0.051565
0.051589
0.051613
0.051637
0.051660
0.051684
0.051707
0.051730
0.051753
0.051775
0.051798
0.051820
0.051842
0.051864
0.051886
0.051908
0.051929
0.051951
0.051972
0.051993
0.052013
0.052034
0.052054
0.052075
0.052095
0.052114
0.052134
0.052154
0.052173
0.052192
0.052211
0.052230
0.052248
0.052267
0.052285
0.052303
0.052321
0.052339
0.052356
0.052373
0.052391
0.052408
0.052424
0.052441
0.052457
0.052474
0.052490
0.052506
0.052521
0.052537
0.052552
0.052568
0.052583
0.052597
0.052612
0.052627
0.052641
0.052655
0.052669
0.052683
0.052696
0.052710
0.052723
0.052736
0.052749
0.052761
0.052774
0.052786
0.052798
0.052810
0.052822
0.052834
0.052845
0.052856
0.052867
0.052878
0.052889
0.052900
0.052910
0.052920
0.052930
0.052940
0.052950
0.052959
0.052968
0.052977
0.052986
0.052995
0.053004
0.053012
0.053020
0.053028
0.053036
0.053044
0.053051
0.053059
0.053066
0.053073
0.053079
0.053086
0.053092
0.053099
0.053105
0.053111
0.053116
0.053122
0.053127
0.053132
0.053137
0.053142
0.053147
0.053151
0.053155
0.053159
0.053163
0.053167
0.053171
0.053174
0.053177
0.053180
0.053183
0.053186
0.053188
0.053190
0.053192
0.053194
0.053196
0.053198
0.053199
0.053200
0.053201
0.053202
0.053203
0.053203
0.053204
0.053204
0.053204
0.053204
0.053203
0.053203
0.053202
0.053201
0.053200
0.053199
0.053197
0.053196
0.053194
0.053192
0.053190
0.053187
0.053185
0.053182
0.053179
0.053176
0.053173
0.053169
0.053166
0.053162
0.053158
0.053154
0.053150
0.053145
0.053140
0.053136
0.053131
0.053125
0.053120
0.053114
0.053109
0.053103
0.053097
0.053090
0.053084
0.053077
0.053071
0.053064
0.053057
0.053049
0.053042
0.053034
0.053026
0.053018
0.053010
0.053001
0.052993
0.052984
0.052975
0.052966
0.052957
0.052947
0.052938
0.052928
0.052918
0.052908
0.052898
0.052887
0.052876
0.052865
0.052854
0.052843
0.052832
0.052820
0.052809
0.052797
0.052784
0.052772
0.052760
0.052747
0.052734
0.052721
0.052708
0.052695
0.052681
0.052668
0.052654
0.052640
0.052626
0.052611
0.052597
0.052582
0.052567
0.052552
0.052537
0.052521
0.052506
0.052490
0.052474
0.052458
0.052442
0.052425
0.052408
0.052392
0.052375
0.052357
0.052340
0.052323
0.052305
0.052287
0.052269
0.052251
0.052232
0.052214
0.052195
0.052176
0.052157
0.052138
0.052118
0.052099
0.052079
0.052059
0.052039
0.052019
0.051998
0.051977
0.051957
0.051936
0.051915
0.051893
0.051872
0.051850
0.051828
0.051806
0.051784
0.051762
0.051739
0.051716
0.051693
0.051670
0.051647
0.051624
0.051600
0.051576
0.051552
0.051528
0.051504
0.051480
0.051455
0.051430
0.051405
0.051380
0.051355
0.051330
0.051304
0.051278
0.051252
0.051226
0.051200
0.051173
0.051147
0.051120
0.051093
0.051066
0.051038
0.051011
0.050983
0.050955
0.050927
0.050899
0.050871
0.050842
0.050814
0.050785
0.050756
0.050727
0.050697
0.050668
0.050638
0.050608
0.050578
0.050548
0.050518
0.050487
0.050456
0.050426
0.050394
0.050363
0.050332
0.050300
0.050269
0.050237
0.050205
0.050173
0.050140
0.050108
0.050075
0.050042
0.050009
0.049976
0.049942
0.049909
0.049875
0.049841
0.049807
0.049773
0.049739
0.049704
0.049670
0.049635
0.049600
0.049564
0.049529
0.049494
0.049458
0.049422
0.049386
0.049350
0.049313
0.049277
0.049240
0.049203
0.049166
0.049129
0.049092
0.049054
0.049017
0.048979
0.048941
0.048903
0.048865
0.048826
0.048787
0.048749
0.048710
0.048671
0.048631
0.048592
0.048552
0.048513
0.048473
0.048432
0.048392
0.048352
0.048311
0.048271
0.048230
0.048189
0.048147
0.048106
0.048064
0.048023
0.047981
0.047939
0.047897
0.047854
0.047812
0.047769
0.047726
0.047683
0.047640
0.047597
0.047553
0.047510
0.047466
0.047422
0.047378
0.047334
0.047289
0.047245
0.047200
0.047155
0.047110
0.047065
0.047020
0.046974
0.046928
0.046883
0.046837
0.046790
0.046744
0.046698
0.046651
0.046604
0.046557
0.046510
0.046463
0.046416
0.046368
0.046320
0.046273
0.046225
0.046176
0.046128
0.046080
0.046031
0.045982
0.045933
0.045884
0.045835
0.045786
0.045736
0.045686
0.045636
0.045586
0.045536
0.045486
0.045435
0.045385
0.045334
0.045283
0.045232
0.045181
0.045129
0.045078
0.045026
0.044974
0.044922
0.044870
0.044818
0.044765
0.044713
0.044660
0.044607
0.044554
0.044501
0.044448
0.044394
0.044340
0.