-0.217201
-0.217208
-0.217215
-0.217223
-0.217230
-0.217237
-0.217244
-0.217251
-0.217258
-0.217265
-0.217272
-0.217280
-0.217287
-0.217294
-0.217301
-0.217308
-0.217315
-0.217322
-0.217329
-0.217336
-0.217344
-0.217351
-0.217358
-0.217365
-0.217372
-0.217379
-0.217386
-0.217393
-0.217400
-0.217408
-0.217415
-0.217422
-0.217429
-0.217436
-0.217443
-0.217450
-0.217457
-0.217464
-0.217472
-0.217479
-0.217486
-0.217493
-0.217500
-0.217507
-0.217514
-0.217521
-0.217528
-0.217536
-0.217543
-0.217550
-0.217557
-0.217564
-0.217571
-0.217578
-0.217585
-0.217592
-0.217599
-0.217607
-0.217614
-0.217621
-0.217628
-0.217635
-0.217642
-0.217649
-0.217656
-0.217663
-0.217670
-0.217678
-0.217685
-0.217692
-0.217699
-0.217706
-0.217713
-0.217720
-0.217727
-0.217734
-0.217741
-0.217749
-0.217756
-0.217763
-0.217770
-0.217777
-0.217784
-0.217791
-0.217798
-0.217805
-0.217812
-0.217819
-0.217827
-0.217834
-0.217841
-0.217848
-0.217855
-0.217862
-0.217869
-0.217876
-0.217883
-0.217890
-0.217897
-0.217904
-0.217912
-0.217919
-0.217926
-0.217933
-0.217940
-0.217947
-0.217954
-0.217961
-0.217968
-0.217975
-0.217982
-0.217989
-0.217996
-0.218004
-0.218011
-0.218018
-0.218025
-0.218032
-0.218039
-0.218046
-0.218053
-0.218060
-0.218067
-0.218074
-0.218081
-0.218088
-0.218096
-0.218103
-0.218110
-0.218117
-0.218124
-0.218131
-0.218138
-0.218145
-0.218152
-0.218159
-0.218166
-0.218173
-0.218180
-0.218187
-0.218194
-0.218202
-0.218209
-0.218216
-0.218223
-0.218230
-0.218237
-0.218244
-0.218251
-0.218258
-0.218265
-0.218272
-0.218279
-0.218286
-0.218293
-0.218300
-0.218307
-0.218315
-0.218322
-0.218329
-0.218336
-0.218343
-0.218350
-0.218357
-0.218364
-0.218371
-0.218378
-0.218385
-0.218392
-0.218399
-0.218406
-0.218413
-0.218420
-0.218427
-0.218434
-0.218442
-0.218449
-0.218456
-0.218463
-0.218470
-0.218477
-0.218484
-0.218491
-0.218498
-0.218505
-0.218512
-0.218519
-0.218526
-0.218533
-0.218540
-0.218547
-0.218554
-0.218561
-0.218568
-0.218575
-0.218582
-0.218589
-0.218597
-0.218604
-0.218611
-0.218618
-0.218625
-0.218632
-0.218639
-0.218646
-0.218653
-0.218660
-0.218667
-0.218674
-0.218681
-0.218688
-0.218695
-0.218702
-0.218709
-0.218716
-0.218723
-0.218730
-0.218737
-0.218744
-0.218751
-0.218758
-0.218765
-0.218772
-0.218779
-0.218786
-0.218794
-0.218801
-0.218808
-0.218815
-0.218822
-0.218829
-0.218836
-0.218843
-0.218850
-0.218857
-0.218864
-0.218871
-0.218878
-0.218885
-0.218892
-0.218899
-0.218906
-0.218913
-0.218920
-0.218927
-0.218934
-0.218941
-0.218948
-0.218955
-0.218962
-0.218969
-0.218976
-0.218983
-0.218990
-0.218997
-0.219004
-0.219011
-0.219018
-0.219025
-0.219032
-0.219039
-0.219046
-0.219053
-0.219060
-0.219067
-0.219074
-0.219081
-0.219088
-0.219095
-0.219102
-0.219109
-0.219116
-0.219123
-0.219130
-0.219137
-0.219144
-0.219151
-0.219158
-0.219165
-0.219172
-0.219179
-0.219186
-0.219193
-0.219200
-0.219208
-0.219215
-0.219222
-0.219229
-0.219236
-0.219243
-0.219250
-0.219257
-0.219264
-0.219271
-0.219278
-0.219285
-0.219292
-0.219299
-0.219306
-0.219313
-0.219320
-0.219327
-0.219334
-0.219341
-0.219347
-0.219354
-0.219361
-0.219368
-0.219375
-0.219382
-0.219389
-0.219396
-0.219403
-0.219410
-0.219417
-0.219424
-0.219431
-0.219438
-0.219445
-0.219452
-0.219459
-0.219466
-0.219473
-0.219480
-0.219487
-0.219494
-0.219501
-0.219508
-0.219515
-0.219522
-0.219529
-0.219536
-0.219543
-0.219550
-0.219557
-0.219564
-0.219571
-0.219578
-0.219585
-0.219592
-0.219599
-0.219606
-0.219613
-0.219620
-0.219627
-0.219634
-0.219641
-0.219648
-0.219655
-0.219662
-0.219669
-0.219676
-0.219683
-0.219690
-0.219697
-0.219704
-0.219711
-0.219718
-0.219725
-0.219732
-0.219739
-0.219746
-0.219753
-0.219759
-0.219766
-0.219773
-0.219780
-0.219787
-0.219794
-0.219801
-0.219808
-0.219815
-0.219822
-0.219829
-0.219836
-0.219843
-0.219850
-0.219857
-0.219864
-0.219871
-0.219878
-0.219885
-0.219892
-0.219899
-0.219906
-0.219913
-0.219920
-0.219927
-0.219934
-0.219941
-0.219948
-0.219954
-0.219961
-0.219968
-0.219975
-0.219982
-0.219989
-0.219996
-0.220003
-0.220010
-0.220017
-0.220024
-0.220031
-0.220038
-0.220045
-0.220052
-0.220059
-0.220066
-0.220073
-0.220080
-0.220087
-0.220094
-0.220101
-0.220107
-0.220114
-0.220121
-0.220128
-0.220135
-0.220142
-0.220149
-0.220156
-0.220163
-0.220170
-0.220177
-0.220184
-0.220191
-0.220198
-0.220205
-0.220212
-0.220219
-0.220226
-0.220232
-0.220239
-0.220246
-0.220253
-0.220260
-0.220267
-0.220274
-0.220281
-0.220288
-0.220295
-0.220302
-0.220309
-0.220316
-0.220323
-0.220330
-0.220337
-0.220343
-0.220350
-0.220357
-0.220364
-0.220371
-0.220378
-0.220385
-0.220392
-0.220399
-0.220406
-0.220413
-0.220420
-0.220427
-0.220434
-0.220440
-0.220447
-0.220454
-0.220461
-0.220468
-0.220475
-0.220482
-0.220489
-0.220496
-0.220503
-0.220510
-0.220517
-0.220524
-0.220531
-0.220537
-0.220544
-0.220551
-0.220558
-0.220565
-0.220572
-0.220579
-0.220586
-0.220593
-0.220600
-0.220607
-0.220614
-0.220620
-0.220627
-0.220634
-0.220641
-0.220648
-0.220655
-0.220662
-0.220669
-0.220676
-0.220683
-0.220690
-0.220697
-0.220703
-0.220710
-0.220717
-0.220724
-0.220731
-0.220738
-0.220745
-0.220752
-0.220759
-0.220766
-0.220773
-0.220779
-0.220786
-0.220793
-0.220800
-0.220807
-0.220814
-0.220821
-0.220828
-0.220835
-0.220842
-0.220848
-0.220855
-0.220862
-0.220869
-0.220876
-0.220883
-0.220890
-0.220897
-0.220904
-0.220911
-0.220917
-0.220924
-0.220931
-0.220938
-0.220945
-0.220952
-0.220959
-0.220966
-0.220973
-0.220980
-0.220986
-0.220993
-0.221000
-0.221007
-0.221014
-0.221021
-0.221028
-0.221035
-0.221042
-0.221048
-0.221055
-0.221062
-0.221069
-0.221076
-0.221083
-0.221090
-0.221097
-0.221104
-0.221110
-0.221117
-0.221124
-0.221131
-0.221138
-0.221145
-0.221152
-0.221159
-0.221166
-0.221172
-0.221179
-0.221186
-0.221193
-0.221200
-0.221207
-0.221214
-0.221221
-0.221227
-0.221234
-0.221241
-0.221248
-0.221255
-0.221262
-0.221269
-0.221276
-0.221283
-0.221289
-0.221296
-0.221303
-0.221310
-0.221317
-0.221324
-0.221331
-0.221337
-0.221344
-0.221351
-0.221358
-0.221365
-0.221372
-0.221379
-0.221386
-0.221392
-0.221399
-0.221406
-0.221413
-0.221420
-0.221427
-0.221434
-0.221441
-0.221447
-0.221454
-0.221461
-0.221468
-0.221475
-0.221482
-0.221489
-0.221495
-0.221502
-0.221509
-0.221516
-0.221523
-0.221530
-0.221537
-0.221543
-0.221550
-0.221557
-0.221564
-0.221571
-0.221578
-0.221585
-0.221591
-0.221598
-0.221605
-0.221612
-0.221619
-0.221626
-0.221633
-0.221639
-0.221646
-0.221653
-0.221660
-0.221667
-0.221674
-0.221681
-0.221687
-0.221694
-0.221701
-0.221708
-0.221715
-0.221722
-0.221728
-0.221735
-0.221742
-0.221749
-0.221756
-0.221763
-0.221770
-0.221776
-0.221783
-0.221790
-0.221797
-0.221804
-0.221811
-0.221817
-0.221824
-0.221831
-0.221838
-0.221845
-0.221852
-0.221859
-0.221865
-0.221872
-0.221879
-0.221886
-0.221893
-0.221900
-0.221906
-0.221913
-0.221920
-0.221927
-0.221934
-0.221941
-0.221947
-0.221954
-0.221961
-0.221968
-0.221975
-0.221982
-0.221988
-0.221995
-0.222002
-0.222009
-0.222016
-0.222023
-0.222029
-0.222036
-0.222043
-0.222050
-0.222057
-0.222063
-0.222070
-0.222077
-0.222084
-0.222091
-0.222098
-0.222104
-0.222111
-0.222118
-0.222125
-0.222132
-0.222139
-0.222145
-0.222152
-0.222159
-0.222166
-0.222173
-0.222179
-0.222186
-0.222193
-0.222200
-0.222207
-0.222214
-0.222220
-0.222227
-0.222234
-0.222241
-0.222248
-0.222254
-0.222261
-0.222268
-0.222275
-0.222282
-0.222289
-0.222295
-0.222302
-0.222309
-0.222316
-0.222323
-0.222329
-0.222336
-0.222343
-0.222350
-0.222357
-0.222363
-0.222370
-0.222377
-0.222384
-0.222391
-0.222397
-0.222404
-0.222411
-0.222418
-0.222425
-0.222431
-0.222438
-0.222445
-0.222452
-0.222459
-0.222465
-0.222472
-0.222479
-0.222486
-0.222493
-0.222499
-0.222506
-0.222513
-0.222520
-0.222527
-0.222533
-0.222540
-0.222547
-0.222554
-0.222561
-0.222567
-0.222574
-0.222581
-0.222588
-0.222595
-0.222601
-0.222608
-0.222615
-0.222622
-0.222629
-0.222635
-0.222642
-0.222649
-0.222656
-0.222663
-0.222669
-0.222676
-0.222683
-0.222690
-0.222696
-0.222703
-0.222710
-0.222717
-0.222724
-0.222730
-0.222737
-0.222744
-0.222751
-0.222758
-0.222764
-0.222771
-0.222778
-0.222785
-0.222791
-0.222798
-0.222805
-0.222812
-0.222819
-0.222825
-0.222832
-0.222839
-0.222846
-0.222852
-0.222859
-0.222866
-0.222873
-0.222880
-0.222886
-0.222893
-0.222900
-0.222907
-0.222913
-0.222920
-0.222927
-0.222934
-0.222940
-0.222947
-0.222954
-0.222961
-0.222968
-0.222974
-0.222981
-0.222988
-0.222995
-0.223001
-0.223008
-0.223015
-0.223022
-0.223028
-0.223035
-0.223042
-0.223049
-0.223055
-0.223062
-0.223069
-0.223076
-0.223083
-0.223089
-0.223096
-0.223103
-0.223110
-0.223116
-0.223123
-0.223130
-0.223137
-0.223143
-0.223150
-0.223157
-0.223164
-0.223170
-0.223177
-0.223184
-0.223191
-0.223197
-0.223204
-0.223211
-0.223218
-0.223224
-0.223231
-0.223238
-0.223245
-0.223251
-0.223258
-0.223265
-0.223272
-0.223278
-0.223285
-0.223292
-0.223299
-0.223305
-0.223312
-0.223319
-0.223326
-0.223332
-0.223339
-0.223346
-0.223353
-0.223359
-0.223366
-0.223373
-0.223380
-0.223386
-0.223393
-0.223400
-0.223407
-0.223413
-0.223420
-0.223427
-0.223434
-0.223440
-0.223447
-0.223454
-0.223460
-0.223467
-0.223474
-0.223481
-0.223487
-0.223494
-0.223501
-0.223508
-0.223514
-0.223521
-0.223528
-0.223535
-0.223541
-0.223548
-0.223555
-0.223561
-0.223568
-0.223575
-0.223582
-0.223588
-0.223595
-0.223602
-0.223609
-0.223615
-0.223622
-0.223629
-0.223635
-0.223642
-0.223649
-0.223656
-0.223662
-0.223669
-0.223676
-0.223683
-0.223689
-0.223696
-0.223703
-0.223709
-0.223716
-0.223723
-0.223730
-0.223736
-0.223743
-0.223750
-0.223756
-0.223763
-0.223770
-0.223777
-0.223783
-0.223790
-0.223797
-0.223803
-0.223810
-0.223817
-0.223824
-0.223830
-0.223837
-0.223844
-0.223850
-0.223857
-0.223864
-0.223871
-0.223877
-0.223884
-0.223891
-0.223897
-0.223904
-0.223911
-0.223918
-0.223924
-0.223931
-0.223938
-0.223944
-0.223951
-0.223958
-0.223965
-0.223971
-0.223978
-0.223985
-0.223991
-0.223998
-0.224005
-0.224011
-0.224018
-0.224025
-0.224032
-0.224038
-0.224045
-0.224052
-0.224058
-0.224065
-0.224072
-0.224078
-0.224085
-0.224092
-0.224098
-0.224105
-0.224112
-0.224119
-0.224125
-0.224132
-0.224139
-0.224145
-0.224152
-0.224159
-0.224165
-0.224172
-0.224179
-0.224186
-0.224192
-0.224199
-0.224206
-0.224212
-0.224219
-0.224226
-0.224232
-0.224239
-0.224246
-0.224252
-0.224259
-0.224266
-0.224272
-0.224279
-0.224286
-0.224292
-0.224299
-0.224306
-0.224313
-0.224319
-0.224326
-0.224333
-0.224339
-0.224346
-0.224353
-0.224359
-0.224366
-0.224373
-0.224379
-0.224386
-0.224393
-0.224399
-0.224406
-0.224413
-0.224419
-0.224426
-0.224433
-0.224439
-0.224446
-0.224453
-0.224459
-0.224466
-0.224473
-0.224479
-0.224486
-0.224493
-0.224499
-0.224506
-0.224513
-0.224519
-0.224526
-0.224533
-0.224539
-0.224546
-0.224553
-0.224559
-0.224566
-0.224573
-0.224579
-0.224586
-0.224593
-0.224599
-0.224606
-0.224613
-0.224619
-0.224626
-0.224633
-0.224639
-0.224646
-0.224653
-0.224659
-0.224666
-0.224673
-0.224679
-0.224686
-0.224693
-0.224699
-0.224706
-0.224713
-0.224719
-0.224726
-0.224733
-0.224739
-0.224746
-0.224753
-0.224759
-0.224766
-0.224772
-0.224779
-0.224786
-0.224792
-0.224799
-0.224806
-0.224812
-0.224819
-0.224826
-0.224832
-0.224839
-0.224846
-0.224852
-0.224859
-0.224866
-0.224872
-0.224879
-0.224886
-0.224892
-0.224899
-0.224905
-0.224912
-0.224919
-0.224925
-0.224932
-0.224939
-0.224945
-0.224952
-0.224959
-0.224965
-0.224972
-0.224978
-0.224985
-0.224992
-0.224998
-0.225005
-0.225012
-0.225018
-0.225025
-0.225032
-0.225038
-0.225045
-0.225051
-0.225058
-0.225065
-0.225071
-0.225078
-0.225085
-0.225091
-0.225098
-0.225105
-0.225111
-0.225118
-0.225124
-0.225131
-0.225138
-0.225144
-0.225151
-0.225158
-0.225164
-0.225171
-0.225177
-0.225184
-0.225191
-0.225197
-0.225204
-0.225211
-0.225217
-0.225224
-0.225230
-0.225237
-0.225244
-0.225250
-0.225257
-0.225263
-0.225270
-0.225277
-0.225283
-0.225290
-0.225297
-0.225303
-0.225310
-0.225316
-0.225323
-0.225330
-0.225336
-0.225343
-0.225349
-0.225356
-0.225363
-0.225369
-0.225376
-0.225383
-0.225389
-0.225396
-0.225402
-0.225409
-0.225416
-0.225422
-0.225429
-0.225435
-0.225442
-0.225449
-0.225455
-0.225462
-0.225468
-0.225475
-0.225482
-0.225488
-0.225495
-0.225501
-0.225508
-0.225515
-0.225521
-0.225528
-0.225534
-0.225541
-0.225548
-0.225554
-0.225561
-0.225567
-0.225574
-0.225581
-0.225587
-0.225594
-0.225600
-0.225607
-0.225614
-0.225620
-0.225627
-0.225633
-0.225640
-0.225647
-0.225653
-0.225660
-0.225666
-0.225673
-0.225680
-0.225686
-0.225693
-0.225699
-0.225706
-0.225713
-0.225719
-0.225726
-0.225732
-0.225739
-0.225745
-0.225752
-0.225759
-0.225765
-0.225772
-0.225778
-0.225785
-0.225792
-0.225798
-0.225805
-0.225811
-0.225818
-0.225824
-0.225831
-0.225838
-0.225844
-0.225851
-0.225857
-0.225864
-0.225871
-0.225877
-0.225884
-0.225890
-0.225897
-0.225903
-0.225910
-0.225917
-0.225923
-0.225930
-0.225936
-0.225943
-0.225949
-0.225956
-0.225963
-0.225969
-0.225976
-0.225982
-0.225989
-0.225995
-0.226002
-0.226009
-0.226015
-0.226022
-0.226028
-0.226035
-0.226041
-0.226048
-0.226055
-0.226061
-0.226068
-0.226074
-0.226081
-0.226087
-0.226094
-0.226101
-0.226107
-0.226114
-0.226120
-0.226127
-0.226133
-0.226140
-0.226146
-0.226153
-0.226160
-0.226166
-0.226173
-0.226179
-0.226186
-0.226192
-0.226199
-0.226205
-0.226212
-0.226219
-0.226225
-0.226232
-0.226238
-0.226245
-0.226251
-0.226258
-0.226264
-0.226271
-0.226278
-0.226284
-0.226291
-0.226297
-0.226304
-0.226310
-0.226317
-0.226323
-0.226330
-0.226337
-0.226343
-0.226350
-0.226356
-0.226363
-0.226369
-0.226376
-0.226382
-0.226389
-0.226395
-0.226402
-0.226409
-0.226415
-0.226422
-0.226428
-0.226435
-0.226441
-0.226448
-0.226454
-0.226461
-0.226467
-0.226474
-0.226480
-0.226487
-0.226494
-0.226500
-0.226507
-0.226513
-0.226520
-0.226526
-0.226533
-0.226539
-0.226546
-0.226552
-0.226559
-0.226565
-0.226572
-0.226578
-0.226585
-0.226592
-0.226598
-0.226605
-0.226611
-0.226618
-0.226624
-0.226631
-0.226637
-0.226644
-0.226650
-0.226657
-0.226663
-0.226670
-0.226676
-0.226683
-0.226689
-0.226696
-0.226702
-0.226709
-0.226716
-0.226722
-0.226729
-0.226735
-0.226742
-0.226748
-0.226755
-0.226761
-0.226768
-0.226774
-0.226781
-0.226787
-0.226794
-0.226800
-0.226807
-0.226813
-0.226820
-0.226826
-0.226833
-0.226839
-0.226846
-0.226852
-0.226859
-0.226865
-0.226872
-0.226878
-0.226885
-0.226891
-0.226898
-0.226904
-0.226911
-0.226917
-0.226924
-0.226930
-0.226937
-0.226944
-0.226950
-0.226957
-0.226963
-0.226970
-0.226976
-0.226983
-0.226989
-0.226996
-0.227002
-0.227009
-0.227015
-0.227022
-0.227028
-0.227035
-0.227041
-0.227048
-0.227054
-0.227061
-0.227067
-0.227074
-0.227080
-0.227087
-0.227093
-0.227100
-0.227106
-0.227113
-0.227119
-0.227126
-0.227132
-0.227138
-0.227145
-0.227151
-0.227158
-0.227164
-0.227171
-0.227177
-0.227184
-0.227190
-0.227197
-0.227203
-0.227210
-0.227216
-0.227223
-0.227229
-0.227236
-0.227242
-0.227249
-0.227255
-0.227262
-0.227268
-0.227275
-0.227281
-0.227288
-0.227294
-0.227301
-0.227307
-0.227314
-0.227320
-0.227327
-0.227333
-0.227340
-0.227346
-0.227353
-0.227359
-0.227365
-0.227372
-0.227378
-0.227385
-0.227391
-0.227398
-0.227404
-0.227411
-0.227417
-0.227424
-0.227430
-0.227437
-0.227443
-0.227450
-0.227456
-0.227463
-0.227469
-0.227476
-0.227482
-0.227488
-0.227495
-0.227501
-0.227508
-0.227514
-0.227521
-0.227527
-0.227534
-0.227540
-0.227547
-0.227553
-0.227560
-0.227566
-0.227573
-0.227579
-0.227585
-0.227592
-0.227598
-0.227605
-0.227611
-0.227618
-0.227624
-0.227631
-0.227637
-0.227644
-0.227650
-0.227657
-0.227663
-0.227669
-0.227676
-0.227682
-0.227689
-0.227695
-0.227702
-0.227708
-0.227715
-0.227721
-0.227728
-0.227734
-0.227740
-0.227747
-0.227753
-0.227760
-0.227766
-0.227773
-0.227779
-0.227786
-0.227792
-0.227798
-0.227805
-0.227811
-0.227818
-0.227824
-0.227831
-0.227837
-0.227844
-0.227850
-0.227856
-0.227863
-0.227869
-0.227876
-0.227882
-0.227889
-0.227895
-0.227902
-0.227908
-0.227914
-0.227921
-0.227927
-0.227934
-0.227940
-0.227947
-0.227953
-0.227960
-0.227966
-0.227972
-0.227979
-0.227985
-0.227992
-0.227998
-0.228005
-0.228011
-0.228017
-0.228024
-0.228030
-0.228037
-0.228043
-0.228050
-0.228056
-0.228062
-0.228069
-0.228075
-0.228082
-0.228088
-0.228095
-0.228101
-0.228107
-0.228114
-0.228120
-0.228127
-0.228133
-0.228140
-0.228146
-0.228152
-0.228159
-0.228165
-0.228172
-0.228178
-0.228185
-0.228191
-0.228197
-0.228204
-0.228210
-0.228217
-0.228223
-0.228229
-0.228236
-0.228242
-0.228249
-0.228255
-0.228262
-0.228268
-0.228274
-0.228281
-0.228287
-0.228294
-0.228300
-0.228306
-0.228313
-0.228319
-0.228326
-0.228332
-0.228339
-0.228345
-0.228351
-0.228358
-0.228364
-0.228371
-0.228377
-0.228383
-0.228390
-0.228396
-0.228403
-0.228409
-0.228415
-0.228422
-0.228428
-0.228435
-0.228441
-0.228447
-0.228454
-0.228460
-0.228467
-0.228473
-0.228479
-0.228486
-0.228492
-0.228499
-0.228505
-0.228511
-0.228518
-0.228524
-0.228531
-0.228537
-0.228543
-0.228550
-0.228556
-0.228563
-0.228569
-0.228575
-0.228582
-0.228588
-0.228595
-0.228601
-0.228607
-0.228614
-0.228620
-0.228627
-0.228633
-0.228639
-0.228646
-0.228652
-0.228659
-0.228665
-0.228671
-0.228678
-0.228684
-0.228690
-0.228697
-0.228703
-0.228710
-0.228716
-0.228722
-0.228729
-0.228735
-0.228742
-0.228748
-0.228754
-0.228761
-0.228767
-0.228773
-0.228780
-0.228786
-0.228793
-0.228799
-0.228805
-0.228812
-0.228818
-0.228824
-0.228831
-0.228837
-0.228844
-0.228850
-0.228856
-0.228863
-0.228869
-0.228875
-0.228882
-0.228888
-0.228895
-0.228901
-0.228907
-0.228914
-0.228920
-0.228926
-0.228933
-0.228939
-0.228946
-0.228952
-0.228958
-0.228965
-0.228971
-0.228977
-0.228984
-0.228990
-0.228996
-0.229003
-0.229009
-0.229016
-0.229022
-0.229028
-0.229035
-0.229041
-0.229047
-0.229054
-0.229060
-0.229066
-0.229073
-0.229079
-0.229086
-0.229092
-0.229098
-0.229105
-0.229111
-0.229117
-0.229124
-0.229130
-0.229136
-0.229143
-0.229149
-0.229155
-0.229162
-0.229168
-0.229175
-0.229181
-0.229187
-0.229194
-0.229200
-0.229206
-0.229213
-0.229219
-0.229225
-0.229232
-0.229238
-0.229244
-0.229251
-0.229257
-0.229263
-0.229270
-0.229276
-0.229282
-0.229289
-0.229295
-0.229301
-0.229308
-0.229314
-0.229321
-0.229327
-0.229333
-0.229340
-0.229346
-0.229352
-0.229359
-0.229365
-0.229371
-0.229378
-0.229384
-0.229390
-0.229397
-0.229403
-0.229409
-0.229416
-0.229422
-0.229428
-0.229435
-0.229441
-0.229447
-0.229454
-0.229460
-0.229466
-0.229473
-0.229479
-0.229485
-0.229492
-0.229498
-0.229504
-0.229511
-0.229517
-0.229523
-0.229530
-0.229536
-0.229542
-0.229549
-0.229555
-0.229561
-0.229568
-0.229574
-0.229580
-0.229586
-0.229593
-0.229599
-0.229605
-0.229612
-0.229618
-0.229624
-0.229631
-0.229637
-0.229643
-0.229650
-0.229656
-0.229662
-0.229669
-0.229675
-0.229681
-0.229688
-0.229694
-0.229700
-0.229707
-0.229713
-0.229719
-0.229726
-0.229732
-0.229738
-0.229744
-0.229751
-0.229757
-0.229763
-0.229770
-0.229776
-0.229782
-0.229789
-0.229795
-0.229801
-0.229808
-0.229814
-0.229820
-0.229826
-0.229833
-0.229839
-0.229845
-0.229852
-0.229858
-0.229864
-0.229871
-0.229877
-0.229883
-0.229890
-0.229896
-0.229902
-0.229908
-0.229915
-0.229921
-0.229927
-0.229934
-0.229940
-0.229946
-0.229953
-0.229959
-0.229965
-0.229971
-0.229978
-0.229984
-0.229990
-0.229997
-0.230003
-0.230009
-0.230015
-0.230022
-0.230028
-0.230034
-0.230041
-0.230047
-0.230053
-0.230060
-0.230066
-0.230072
-0.230078
-0.230085
-0.230091
-0.230097
-0.230104
-0.230110
-0.230116
-0.230122
-0.230129
-0.230135
-0.230141
-0.230148
-0.230154
-0.230160
-0.230166
-0.230173
-0.230179
-0.230185
-0.230192
-0.230198
-0.230204
-0.230210
-0.230217
-0.230223
-0.230229
-0.230235
-0.230242
-0.230248
-0.230254
-0.230261
-0.230267
-0.230273
-0.230279
-0.230286
-0.230292
-0.230298
-0.230304
-0.230311
-0.230317
-0.230323
-0.230330
-0.230336
-0.230342
-0.230348
-0.230355
-0.230361
-0.230367
-0.230373
-0.230380
-0.230386
-0.230392
-0.230399
-0.230405
-0.230411
-0.230417
-0.230424
-0.230430
-0.230436
-0.230442
-0.230449
-0.230455
-0.230461
-0.230467
-0.230474
-0.230480
-0.230486
-0.230492
-0.230499
-0.230505
-0.230511
-0.230518
-0.230524
-0.230530
-0.230536
-0.230543
-0.230549
-0.230555
-0.230561
-0.230568
-0.230574
-0.230580
-0.230586
-0.230593
-0.230599
-0.230605
-0.230611
-0.230618
-0.230624
-0.230630
-0.230636
-0.230643
-0.230649
-0.230655
-0.230661
-0.230668
-0.230674
-0.230680
-0.230686
-0.230693
-0.230699
-0.230705
-0.230711
-0.230718
-0.230724
-0.230730
-0.230736
-0.230742
-0.230749
-0.230755
-0.230761
-0.230767
-0.230774
-0.230780
-0.230786
-0.230792
-0.230799
-0.230805
-0.230811
-0.230817
-0.230824
-0.230830
-0.230836
-0.230842
-0.230849
-0.230855
-0.230861
-0.230867
-0.230873
-0.230880
-0.230886
-0.230892
-0.230898
-0.230905
-0.230911
-0.230917
-0.230923
-0.230930
-0.230936
-0.230942
-0.230948
-0.230954
-0.230961
-0.230967
-0.230973
-0.230979
-0.230986
-0.230992
-0.230998
-0.231004
-0.231010
-0.231017
-0.231023
-0.231029
-0.231035
-0.231042
-0.231048
-0.231054
-0.231060
-0.231066
-0.231073
-0.231079
-0.231085
-0.231091
-0.231098
-0.231104
-0.231110
-0.231116
-0.231122
-0.231129
-0.231135
-0.231141
-0.231147
-0.231153
-0.231160
-0.231166
-0.231172
-0.231178
-0.231184
-0.231191
-0.231197
-0.231203
-0.231209
-0.231216
-0.231222
-0.231228
-0.231234
-0.231240
-0.231247
-0.231253
-0.231259
-0.231265
-0.231271
-0.231278
-0.231284
-0.231290
-0.231296
-0.231302
-0.231309
-0.231315
-0.231321
-0.231327
-0.231333
-0.231340
-0.231346
-0.231352
-0.231358
-0.231364
-0.231371
-0.231377
-0.231383
-0.231389
-0.231395
-0.231402
-0.231408
-0.231414
-0.231420
-0.231426
-0.231433
-0.231439
-0.231445
-0.231451
-0.231457
-0.231463
-0.231470
-0.231476
-0.231482
-0.231488
-0.231494
-0.231501
-0.231507
-0.231513
-0.231519
-0.231525
-0.231532
-0.231538
-0.231544
-0.231550
-0.231556
-0.231562
-0.231569
-0.231575
-0.231581
-0.231587
-0.231593
-0.231600
-0.231606
-0.231612
-0.231618
-0.231624
-0.231630
-0.231637
-0.231643
-0.231649
-0.231655
-0.231661
-0.231667
-0.231674
-0.231680
-0.231686
-0.231692
-0.231698
-0.231705
-0.231711
-0.231717
-0.231723
-0.231729
-0.231735
-0.231742
-0.231748
-0.231754
-0.231760
-0.231766
-0.231772
-0.231779
-0.231785
-0.231791
-0.231797
-0.231803
-0.231809
-0.231816
-0.231822
-0.231828
-0.231834
-0.231840
-0.231846
-0.231853
-0.231859
-0.231865
-0.231871
-0.231877
-0.231883
-0.231889
-0.231896
-0.231902
-0.231908
-0.231914
-0.231920
-0.231926
-0.231933
-0.231939
-0.231945
-0.231951
-0.231957
-0.231963
-0.231969
-0.231976
-0.231982
-0.231988
-0.231994
-0.232000
-0.232006
-0.232013
-0.232019
-0.232025
-0.232031
-0.232037
-0.232043
-0.232049
-0.232056
-0.232062
-0.232068
-0.232074
-0.232080
-0.232086
-0.232092
-0.232099
-0.232105
-0.232111
-0.232117
-0.232123
-0.232129
-0.232135
-0.232142
-0.232148
-0.232154
-0.232160
-0.232166
-0.232172
-0.232178
-0.232185
-0.232191
-0.232197
-0.232203
-0.232209
-0.232215
-0.232221
-0.232228
-0.232234
-0.232240
-0.232246
-0.232252
-0.232258
-0.232264
-0.232270
-0.232277
-0.232283
-0.232289
-0.232295
-0.232301
-0.232307
-0.232313
-0.232319
-0.232326
-0.232332
-0.232338
-0.232344
-0.232350
-0.232356
-0.232362
-0.232368
-0.232375
-0.232381
-0.232387
-0.232393
-0.232399
-0.232405
-0.232411
-0.232417
-0.232424
-0.232430
-0.232436
-0.232442
-0.232448
-0.232454
-0.232460
-0.232466
-0.232473
-0.232479
-0.232485
-0.232491
-0.232497
-0.232503
-0.232509
-0.232515
-0.232521
-0.232528
-0.232534
-0.232540
-0.232546
-0.232552
-0.232558
-0.232564
-0.232570
-0.232576
-0.232583
-0.232589
-0.232595
-0.232601
-0.232607
-0.232613
-0.232619
-0.232625
-0.232631
-0.232637
-0.232644
-0.232650
-0.232656
-0.232662
-0.232668
-0.232674
-0.232680
-0.232686
-0.232692
-0.232698
-0.232705
-0.232711
-0.232717
-0.232723
-0.232729
-0.232735
-0.232741
-0.232747
-0.232753
-0.232759
-0.232766
-0.232772
-0.232778
-0.232784
-0.232790
-0.232796
-0.232802
-0.232808
-0.232814
-0.232820
-0.232826
-0.232833
-0.232839
-0.232845
-0.232851
-0.232857
-0.232863
-0.232869
-0.232875
-0.232881
-0.232887
-0.232893
-0.232899
-0.232906
-0.232912
-0.232918
-0.232924
-0.232930
-0.232936
-0.232942
-0.232948
-0.232954
-0.232960
-0.232966
-0.232972
-0.232979
-0.232985
-0.232991
-0.232997
-0.233003
-0.233009
-0.233015
-0.233021
-0.233027
-0.233033
-0.233039
-0.233045
-0.233051
-0.233058
-0.233064
-0.233070
-0.233076
-0.233082
-0.233088
-0.233094
-0.233100
-0.233106
-0.233112
-0.233118
-0.233124
-0.233130
-0.233136
-0.233143
-0.233149
-0.233155
-0.233161
-0.233167
-0.233173
-0.233179
-0.233185
-0.233191
-0.233197
-0.233203
-0.233209
-0.233215
-0.233221
-0.233227
-0.233233
-0.233240
-0.233246
-0.233252
-0.233258
-0.233264
-0.233270
-0.233276
-0.233282
-0.233288
-0.233294
-0.233300
-0.233306
-0.233312
-0.233318
-0.233324
-0.233330
-0.233336
-0.233342
-0.233348
-0.233355
-0.233361
-0.233367
-0.233373
-0.233379
-0.233385
-0.233391
-0.233397
-0.233403
-0.233409
-0.233415
-0.233421
-0.233427
-0.233433
-0.233439
-0.233445
-0.233451
-0.233457
-0.233463
-0.233469
-0.233475
-0.233482
-0.233488
-0.233494
-0.233500
-0.233506
-0.233512
-0.233518
-0.233524
-0.233530
-0.233536
-0.233542
-0.233548
-0.233554
-0.233560
-0.233566
-0.233572
-0.233578
-0.233584
-0.233590
-0.233596
-0.233602
-0.233608
-0.233614
-0.233620
-0.233626
-0.233632
-0.233638
-0.233644
-0.233650
-0.233656
-0.233663
-0.233669
-0.233675
-0.233681
-0.233687
-0.233693
-0.233699
-0.233705
-0.233711
-0.233717
-0.233723
-0.233729
-0.233735
-0.233741
-0.233747
-0.233753
-0.233759
-0.233765
-0.233771
-0.233777
-0.233783
-0.233789
-0.233795
-0.233801
-0.233807
-0.233813
-0.233819
-0.233825
-0.233831
-0.233837
-0.233843
-0.233849
-0.233855
-0.233861
-0.233867
-0.233873
-0.233879
-0.233885
-0.233891
-0.233897
-0.233903
-0.233909
-0.233915
-0.233921
-0.233927
-0.233933
-0.233939
-0.233945
-0.233951
-0.233957
-0.233963
-0.233969
-0.233975
-0.233981
-0.233987
-0.233993
-0.233999
-0.234005
-0.234011
-0.234017
-0.234023
-0.234029
-0.234035
-0.234041
-0.234047
-0.234053
-0.234059
-0.234065
-0.234071
-0.234077
-0.234083
-0.234089
-0.234095
-0.234101
-0.234107
-0.234113
-0.234119
-0.234125
-0.234131
-0.234137
-0.234143
-0.234149
-0.234155
-0.234161
-0.234167
-0.234173
-0.234179
-0.234185
-0.234191
-0.234197
-0.234203
-0.234209
-0.234215
-0.234221
-0.234227
-0.234233
-0.234239
-0.234245
-0.234251
-0.234257
-0.234263
-0.234269
-0.234275
-0.234281
-0.234287
-0.234293
-0.234299
-0.234305
-0.234311
-0.234317
-0.234323
-0.234329
-0.234335
-0.234341
-0.234347
-0.234353
-0.234359
-0.234365
-0.234371
-0.234377
-0.234383
-0.234389
-0.234394
-0.234400
-0.234406
-0.234412
-0.234418
-0.234424
-0.234430
-0.234436
-0.234442
-0.234448
-0.234454
-0.234460
-0.234466
-0.234472
-0.234478
-0.234484
-0.234490
-0.234496
-0.234502
-0.234508
-0.234514
-0.234520
-0.234526
-0.234532
-0.234538
-0.234544
-0.234550
-0.234556
-0.234562
-0.234567
-0.234573
-0.234579
-0.234585
-0.234591
-0.234597
-0.234603
-0.234609
-0.234615
-0.234621
-0.234627
-0.234633
-0.234639
-0.234645
-0.234651
-0.234657
-0.234663
-0.234669
-0.234675
-0.234681
-0.234687
-0.234693
-0.234698
-0.234704
-0.234710
-0.234716
-0.234722
-0.234728
-0.234734
-0.234740
-0.234746
-0.234752
-0.234758
-0.234764
-0.234770
-0.234776
-0.234782
-0.234788
-0.234794
-0.234800
-0.234805
-0.234811
-0.234817
-0.234823
-0.234829
-0.234835
-0.234841
-0.234847
-0.234853
-0.234859
-0.234865
-0.234871
-0.234877
-0.234883
-0.234889
-0.234895
-0.234900
-0.234906
-0.234912
-0.234918
-0.234924
-0.234930
-0.234936
-0.234942
-0.234948
-0.234954
-0.234960
-0.234966
-0.234972
-0.234978
-0.234983
-0.234989
-0.234995
-0.235001
-0.235007
-0.235013
-0.235019
-0.235025
-0.235031
-0.235037
-0.235043
-0.235049
-0.235055
-0.235061
-0.235066
-0.235072
-0.235078
-0.235084
-0.235090
-0.235096
-0.235102
-0.235108
-0.235114
-0.235120
-0.235126
-0.235132
-0.235137
-0.235143
-0.235149
-0.235155
-0.235161
-0.235167
-0.235173
-0.235179
-0.235185
-0.235191
-0.235197
-0.235202
-0.235208
-0.235214
-0.235220
-0.235226
-0.235232
-0.235238
-0.235244
-0.235250
-0.235256
-0.235262
-0.235267
-0.235273
-0.235279
-0.235285
-0.235291
-0.235297
-0.235303
-0.235309
-0.235315
-0.235321
-0.235326
-0.235332
-0.235338
-0.235344
-0.235350
-0.235356
-0.235362
-0.235368
-0.235374
-0.235380
-0.235385
-0.235391
-0.235397
-0.235403
-0.235409
-0.235415
-0.235421
-0.235427
-0.235433
-0.235439
-0.235444
-0.235450
-0.235456
-0.235462
-0.235468
-0.235474
-0.235480
-0.235486
-0.235492
-0.235497
-0.235503
-0.235509
-0.235515
-0.235521
-0.235527
-0.235533
-0.235539
-0.235545
-0.235550
-0.235556
-0.235562
-0.235568
-0.235574
-0.235580
-0.235586
-0.235592
-0.235597
-0.235603
-0.235609
-0.235615
-0.235621
-0.235627
-0.235633
-0.235639
-0.235644
-0.235650
-0.235656
-0.235662
-0.235668
-0.235674
-0.235680
-0.235686
-0.235691
-0.235697
-0.235703
-0.235709
-0.235715
-0.235721
-0.235727
-0.235733
-0.235738
-0.235744
-0.235750
-0.235756
-0.235762
-0.235768
-0.235774
-0.235780
-0.235785
-0.235791
-0.235797
-0.235803
-0.235809
-0.235815
-0.235821
-0.235826
-0.235832
-0.235838
-0.235844
-0.235850
-0.235856
-0.235862
-0.235867
-0.235873
-0.235879
-0.235885
-0.235891
-0.235897
-0.235903
-0.235908
-0.235914
-0.235920
-0.235926
-0.235932
-0.235938
-0.235944
-0.235949
-0.235955
-0.235961
-0.235967
-0.235973
-0.235979
-0.235985
-0.235990
-0.235996
-0.236002
-0.236008
-0.236014
-0.236020
-0.236025
-0.236031
-0.236037
-0.236043
-0.236049
-0.236055
-0.236061
-0.236066
-0.236072
-0.236078
-0.236084
-0.236090
-0.236096
-0.236101
-0.236107
-0.236113
-0.236119
-0.236125
-0.236131
-0.236136
-0.236142
-0.236148
-0.236154
-0.236160
-0.236166
-0.236171
-0.236177
-0.236183
-0.236189
-0.236195
-0.236201
-0.236206
-0.236212
-0.236218
-0.236224
-0.236230
-0.236236
-0.236241
-0.236247
-0.236253
-0.236259
-0.236265
-0.236271
-0.236276
-0.236282
-0.236288
-0.236294
-0.236300
-0.236306
-0.236311
-0.236317
-0.236323
-0.236329
-0.236335
-0.236341
-0.236346
-0.236352
-0.236358
-0.236364
-0.236370
-0.236375
-0.236381
-0.236387
-0.236393
-0.236399
-0.236405
-0.236410
-0.236416
-0.236422
-0.236428
-0.236434
-0.236439
-0.236445
-0.236451
-0.236457
-0.236463
-0.236468
-0.236474
-0.236480
-0.236486
-0.236492
-0.236498
-0.236503
-0.236509
-0.236515
-0.236521
-0.236527
-0.236532
-0.236538
-0.236544
-0.236550
-0.236556
-0.236561
-0.236567
-0.236573
-0.236579
-0.236585
-0.236590
-0.236596
-0.236602
-0.236608
-0.236614
-0.236619
-0.236625
-0.236631
-0.236637
-0.236643
-0.236648
-0.236654
-0.236660
-0.236666
-0.236672
-0.236677
-0.236683
-0.236689
-0.236695
-0.236701
-0.236706
-0.236712
-0.236718
-0.236724
-0.236730
-0.236735
-0.236741
-0.236747
-0.236753
-0.236758
-0.236764
-0.236770
-0.236776
-0.236782
-0.236787
-0.236793
-0.236799
-0.236805
-0.236811
-0.236816
-0.236822
-0.236828
-0.236834
-0.236839
-0.236845
-0.236851
-0.236857
-0.236863
-0.236868
-0.236874
-0.236880
-0.236886
-0.236892
-0.236897
-0.236903
-0.236909
-0.236915
-0.236920
-0.236926
-0.236932
-0.236938
-0.236944
-0.236949
-0.236955
-0.236961
-0.236967
-0.236972
-0.236978
-0.236984
-0.236990
-0.236995
-0.237001
-0.237007
-0.237013
-0.237019
-0.237024
-0.237030
-0.237036
-0.237042
-0.237047
-0.237053
-0.237059
-0.237065
-0.237070
-0.237076
-0.237082
-0.237088
-0.237093
-0.237099
-0.237105
-0.237111
-0.237117
-0.237122
-0.237128
-0.237134
-0.237140
-0.237145
-0.237151
-0.237157
-0.237163
-0.237168
-0.237174
-0.237180
-0.237186
-0.237191
-0.237197
-0.237203
-0.237209
-0.237214
-0.237220
-0.237226
-0.237232
-0.237237
-0.237243
-0.237249
-0.237255
-0.237260
-0.237266
-0.237272
-0.237278
-0.237283
-0.237289
-0.237295
-0.237301
-0.237306
-0.237312
-0.237318
-0.237324
-0.237329
-0.237335
-0.237341
-0.237347
-0.237352
-0.237358
-0.237364
-0.237370
-0.237375
-0.237381
-0.237387
-0.237393
-0.237398
-0.237404
-0.237410
-0.237415
-0.237421
-0.237427
-0.237433
-0.237438
-0.237444
-0.237450
-0.237456
-0.237461
-0.237467
-0.237473
-0.237479
-0.237484
-0.237490
-0.237496
-0.237501
-0.237507
-0.237513
-0.237519
-0.237524
-0.237530
-0.237536
-0.237542
-0.237547
-0.237553
-0.237559
-0.237564
-0.237570
-0.237576
-0.237582
-0.237587
-0.237593
-0.237599
-0.237605
-0.237610
-0.237616
-0.237622
-0.237627
-0.237633
-0.237639
-0.237645
-0.237650
-0.237656
-0.237662
-0.237667
-0.237673
-0.237679
-0.237685
-0.237690
-0.237696
-0.237702
-0.237707
-0.237713
-0.237719
-0.237725
-0.237730
-0.237736
-0.237742
-0.237747
-0.237753
-0.237759
-0.237765
-0.237770
-0.237776
-0.237782
-0.237787
-0.237793
-0.237799
-0.237804
-0.237810
-0.237816
-0.237822
-0.237827
-0.237833
-0.237839
-0.237844
-0.237850
-0.237856
-0.237862
-0.237867
-0.237873
-0.237879
-0.237884
-0.237890
-0.237896
-0.237901
-0.237907
-0.237913
-0.237919
-0.237924
-0.237930
-0.237936
-0.237941
-0.237947
-0.237953
-0.237958
-0.237964
-0.237970
-0.237975
-0.237981
-0.237987
-0.237993
-0.237998
-0.238004
-0.238010
-0.238015
-0.238021
-0.238027
-0.238032
-0.238038
-0.238044
-0.238049
-0.238055
-0.238061
-0.238066
-0.238072
-0.238078
-0.238084
-0.238089
-0.238095
-0.238101
-0.238106
-0.238112
-0.238118
-0.238123
-0.238129
-0.238135
-0.238140
-0.238146
-0.238152
-0.238157
-0.238163
-0.238169
-0.238174
-0.238180
-0.238186
-0.238191
-0.238197
-0.238203
-0.238208
-0.238214
-0.238220
-0.238225
-0.238231
-0.238237
-0.238242
-0.238248
-0.238254
-0.238259
-0.238265
-0.238271
-0.238276
-0.238282
-0.238288
-0.238293
-0.238299
-0.238305
-0.238310
-0.238316
-0.238322
-0.238327
-0.238333
-0.238339
-0.238344
-0.238350
-0.238356
-0.238361
-0.238367
-0.238373
-0.238378
-0.238384
-0.238390
-0.238395
-0.238401
-0.238407
-0.238412
-0.238418
-0.238424
-0.238429
-0.238435
-0.238441
-0.238446
-0.238452
-0.238458
-0.238463
-0.238469
-0.238475
-0.238480
-0.238486
-0.238492
-0.238497
-0.238503
-0.238508
-0.238514
-0.238520
-0.238525
-0.238531
-0.238537
-0.238542
-0.238548
-0.238554
-0.238559
-0.238565
-0.238571
-0.238576
-0.238582
-0.238587
-0.238593
-0.238599
-0.238604
-0.238610
-0.238616
-0.238621
-0.238627
-0.238633
-0.238638
-0.238644
-0.238650
-0.238655
-0.238661
-0.238666
-0.238672
-0.238678
-0.238683
-0.238689
-0.238695
-0.238700
-0.238706
-0.238712
-0.238717
-0.238723
-0.238728
-0.238734
-0.238740
-0.238745
-0.238751
-0.238757
-0.238762
-0.238768
-0.238773
-0.238779
-0.238785
-0.238790
-0.238796
-0.238802
-0.238807
-0.238813
-0.238818
-0.238824
-0.238830
-0.238835
-0.238841
-0.238847
-0.238852
-0.238858
-0.238863
-0.238869
-0.238875
-0.238880
-0.238886
-0.238891
-0.238897
-0.238903
-0.238908
-0.238914
-0.238920
-0.238925
-0.238931
-0.238936
-0.238942
-0.238948
-0.238953
-0.238959
-0.238964
-0.238970
-0.238976
-0.238981
-0.238987
-0.238993
-0.238998
-0.239004
-0.239009
-0.239015
-0.239021
-0.239026
-0.239032
-0.239037
-0.239043
-0.239049
-0.239054
-0.239060
-0.239065
-0.239071
-0.239077
-0.239082
-0.239088
-0.239093
-0.239099
-0.239105
-0.239110
-0.239116
-0.239121
-0.239127
-0.239133
-0.239138
-0.239144
-0.239149
-0.239155
-0.239161
-0.239166
-0.239172
-0.239177
-0.239183
-0.239189
-0.239194
-0.239200
-0.239205
-0.239211
-0.239217
-0.239222
-0.239228
-0.239233
-0.239239
-0.239244
-0.239250
-0.239256
-0.239261
-0.239267
-0.239272
-0.239278
-0.239284
-0.239289
-0.239295
-0.239300
-0.239306
-0.239311
-0.239317
-0.239323
-0.239328
-0.239334
-0.239339
-0.239345
-0.239351
-0.239356
-0.239362
-0.239367
-0.239373
-0.239378
-0.239384
-0.239390
-0.239395
-0.239401
-0.239406
-0.239412
-0.239417
-0.239423
-0.239429
-0.239434
-0.239440
-0.239445
-0.239451
-0.239456
-0.239462
-0.239468
-0.239473
-0.239479
-0.239484
-0.239490
-0.239495
-0.239501
-0.239507
-0.239512
-0.239518
-0.239523
-0.239529
-0.239534
-0.239540
-0.239546
-0.239551
-0.239557
-0.239562
-0.239568
-0.239573
-0.239579
-0.239584
-0.239590
-0.239596
-0.239601
-0.239607
-0.239612
-0.239618
-0.239623
-0.239629
-0.239635
-0.239640
-0.239646
-0.239651
-0.239657
-0.239662
-0.239668
-0.239673
-0.239679
-0.239684
-0.239690
-0.239696
-0.239701
-0.239707
-0.239712
-0.239718
-0.239723
-0.239729
-0.239734
-0.239740
-0.239746
-0.239751
-0.239757
-0.239762
-0.239768
-0.239773
-0.239779
-0.239784
-0.239790
-0.239795
-0.239801
-0.239807
-0.239812
-0.239818
-0.239823
-0.239829
-0.239834
-0.239840
-0.239845
-0.239851
-0.239856
-0.239862
-0.239867
-0.239873
-0.239879
-0.239884
-0.239890
-0.239895
-0.239901
-0.239906
-0.239912
-0.239917
-0.239923
-0.239928
-0.239934
-0.239939
-0.239945
-0.239950
-0.239956
-0.239961
-0.239967
-0.239973
-0.239978
-0.239984
-0.239989
-0.239995
-0.240000
-0.240006
-0.240011
-0.240017
-0.240022
-0.240028
-0.240033
-0.240039
-0.240044
-0.240050
-0.240055
-0.240061
-0.240066
-0.240072
-0.240077
-0.240083
-0.240089
-0.240094
-0.240100
-0.240105
-0.240111
-0.240116
-0.240122
-0.240127
-0.240133
-0.240138
-0.240144
-0.240149
-0.240155
-0.240160
-0.240166
-0.240171
-0.240177
-0.240182
-0.240188
-0.240193
-0.240199
-0.240204
-0.240210
-0.240215
-0.240221
-0.240226
-0.240232
-0.240237
-0.240243
-0.240248
-0.240254
-0.240259
-0.240265
-0.240270
-0.240276
-0.240281
-0.240287
-0.240292
-0.240298
-0.240303
-0.240309
-0.240314
-0.240320
-0.240325
-0.240331
-0.240336
-0.240342
-0.240347
-0.240353
-0.240358
-0.240364
-0.240369
-0.240375
-0.240380
-0.240386
-0.240391
-0.240397
-0.240402
-0.240408
-0.240413
-0.240419
-0.240424
-0.240430
-0.240435
-0.240441
-0.240446
-0.240452
-0.240457
-0.240463
-0.240468
-0.240474
-0.240479
-0.240485
-0.240490
-0.240496
-0.240501
-0.240507
-0.240512
-0.240518
-0.240523
-0.240528
-0.240534
-0.240539
-0.240545
-0.240550
-0.240556
-0.240561
-0.240567
-0.240572
-0.240578
-0.240583
-0.240589
-0.240594
-0.240600
-0.240605
-0.240611
-0.240616
-0.240622
-0.240627
-0.240633
-0.240638
-0.240643
-0.240649
-0.240654
-0.240660
-0.240665
-0.240671
-0.240676
-0.240682
-0.240687
-0.240693
-0.240698
-0.240704
-0.240709
-0.240715
-0.240720
-0.240725
-0.240731
-0.240736
-0.240742
-0.240747
-0.240753
-0.240758
-0.240764
-0.240769
-0.240775
-0.240780
-0.240786
-0.240791
-0.240796
-0.240802
-0.240807
-0.240813
-0.240818
-0.240824
-0.240829
-0.240835
-0.240840
-0.240846
-0.240851
-0.240856
-0.240862
-0.240867
-0.240873
-0.240878
-0.240884
-0.240889
-0.240895
-0.240900
-0.240906
-0.240911
-0.240916
-0.240922
-0.240927
-0.240933
-0.240938
-0.240944
-0.240949
-0.240955
-0.240960
-0.240965
-0.240971
-0.240976
-0.240982
-0.240987
-0.240993
-0.240998
-0.241004
-0.241009
-0.241014
-0.241020
-0.241025
-0.241031
-0.241036
-0.241042
-0.241047
-0.241053
-0.241058
-0.241063
-0.241069
-0.241074
-0.241080
-0.241085
-0.241091
-0.241096
-0.241101
-0.241107
-0.241112
-0.241118
-0.241123
-0.241129
-0.241134
-0.241139
-0.241145
-0.241150
-0.241156
-0.241161
-0.241167
-0.241172
-0.241177
-0.241183
-0.241188
-0.241194
-0.241199
-0.241205
-0.241210
-0.241215
-0.241221
-0.241226
-0.241232
-0.241237
-0.241242
-0.241248
-0.241253
-0.241259
-0.241264
-0.241270
-0.241275
-0.241280
-0.241286
-0.241291
-0.241297
-0.241302
-0.241308
-0.241313
-0.241318
-0.241324
-0.241329
-0.241335
-0.241340
-0.241345
-0.241351
-0.241356
-0.241362
-0.241367
-0.241372
-0.241378
-0.241383
-0.241389
-0.241394
-0.241399
-0.241405
-0.241410
-0.241416
-0.241421
-0.241427
-0.241432
-0.241437
-0.241443
-0.241448
-0.241454
-0.241459
-0.241464
-0.241470
-0.241475
-0.241481
-0.241486
-0.241491
-0.241497
-0.241502
-0.241508
-0.241513
-0.241518
-0.241524
-0.241529
-0.241535
-0.241540
-0.241545
-0.241551
-0.241556
-0.241561
-0.241567
-0.241572
-0.241578
-0.241583
-0.241588
-0.241594
-0.241599
-0.241605
-0.241610
-0.241615
-0.241621
-0.241626
-0.241632
-0.241637
-0.241642
-0.241648
-0.241653
-0.241658
-0.241664
-0.241669
-0.241675
-0.241680
-0.241685
-0.241691
-0.241696
-0.241702
-0.241707
-0.241712
-0.241718
-0.241723
-0.241728
-0.241734
-0.241739
-0.241745
-0.241750
-0.241755
-0.241761
-0.241766
-0.241771
-0.241777
-0.241782
-0.241788
-0.241793
-0.241798
-0.241804
-0.241809
-0.241814
-0.241820
-0.241825
-0.241831
-0.241836
-0.241841
-0.241847
-0.241852
-0.241857
-0.241863
-0.241868
-0.241873
-0.241879
-0.241884
-0.241890
-0.241895
-0.241900
-0.241906
-0.241911
-0.241916
-0.241922
-0.241927
-0.241932
-0.241938
-0.241943
-0.241949
-0.241954
-0.241959
-0.241965
-0.241970
-0.241975
-0.241981
-0.241986
-0.241991
-0.241997
-0.242002
-0.242007
-0.242013
-0.242018
-0.242024
-0.242029
-0.242034
-0.242040
-0.242045
-0.242050
-0.242056
-0.242061
-0.242066
-0.242072
-0.242077
-0.242082
-0.242088
-0.242093
-0.242098
-0.242104
-0.242109
-0.242114
-0.242120
-0.242125
-0.242130
-0.242136
-0.242141
-0.242147
-0.242152
-0.242157
-0.242163
-0.242168
-0.242173
-0.242179
-0.242184
-0.242189
-0.242195
-0.242200
-0.242205
-0.242211
-0.242216
-0.242221
-0.242227
-0.242232
-0.242237
-0.242243
-0.242248
-0.242253
-0.242259
-0.242264
-0.242269
-0.242275
-0.242280
-0.242285
-0.242291
-0.242296
-0.242301
-0.242307
-0.242312
-0.242317
-0.242323
-0.242328
-0.242333
-0.242339
-0.242344
-0.242349
-0.242354
-0.242360
-0.242365
-0.242370
-0.242376
-0.242381
-0.242386
-0.242392
-0.242397
-0.242402
-0.242408
-0.242413
-0.242418
-0.242424
-0.242429
-0.242434
-0.242440
-0.242445
-0.242450
-0.242456
-0.242461
-0.242466
-0.242471
-0.242477
-0.242482
-0.242487
-0.242493
-0.242498
-0.242503
-0.242509
-0.242514
-0.242519
-0.242525
-0.242530
-0.242535
-0.242541
-0.242546
-0.242551
-0.242556
-0.242562
-0.242567
-0.242572
-0.242578
-0.242583
-0.242588
-0.242594
-0.242599
-0.242604
-0.242609
-0.242615
-0.242620
-0.242625
-0.242631
-0.242636
-0.242641
-0.242647
-0.242652
-0.242657
-0.242662
-0.242668
-0.242673
-0.242678
-0.242684
-0.242689
-0.242694
-0.242700
-0.242705
-0.242710
-0.242715
-0.242721
-0.242726
-0.242731
-0.242737
-0.242742
-0.242747
-0.242752
-0.242758
-0.242763
-0.242768
-0.242774
-0.242779
-0.242784
-0.242789
-0.242795
-0.242800
-0.242805
-0.242811
-0.242816
-0.242821
-0.242826
-0.242832
-0.242837
-0.242842
-0.242848
-0.242853
-0.242858
-0.242863
-0.242869
-0.242874
-0.242879
-0.242885
-0.242890
-0.242895
-0.242900
-0.242906
-0.242911
-0.242916
-0.242921
-0.242927
-0.242932
-0.242937
-0.242943
-0.242948
-0.242953
-0.242958
-0.242964
-0.242969
-0.242974
-0.242979
-0.242985
-0.242990
-0.242995
-0.243001
-0.243006
-0.243011
-0.243016
-0.243022
-0.243027
-0.243032
-0.243037
-0.243043
-0.243048
-0.243053
-0.243058
-0.243064
-0.243069
-0.243074
-0.243079
-0.243085
-0.243090
-0.243095
-0.243100
-0.243106
-0.243111
-0.243116
-0.243122
-0.243127
-0.243132
-0.243137
-0.243143
-0.243148
-0.243153
-0.243158
-0.243164
-0.243169
-0.243174
-0.243179
-0.243185
-0.243190
-0.243195
-0.243200
-0.243206
-0.243211
-0.243216
-0.243221
-0.243227
-0.243232
-0.243237
-0.243242
-0.243248
-0.243253
-0.243258
-0.243263
-0.243268
-0.243274
-0.243279
-0.243284
-0.243289
-0.243295
-0.243300
-0.243305
-0.243310
-0.243316
-0.243321
-0.243326
-0.243331
-0.243337
-0.243342
-0.243347
-0.243352
-0.243358
-0.243363
-0.243368
-0.243373
-0.243378
-0.243384
-0.243389
-0.243394
-0.243399
-0.243405
-0.243410
-0.243415
-0.243420
-0.243426
-0.243431
-0.243436
-0.243441
-0.243446
-0.243452
-0.243457
-0.243462
-0.243467
-0.243473
-0.243478
-0.243483
-0.243488
-0.243494
-0.243499
-0.243504
-0.243509
-0.243514
-0.243520
-0.243525
-0.243530
-0.243535
-0.243540
-0.243546
-0.243551
-0.243556
-0.243561
-0.243567
-0.243572
-0.243577
-0.243582
-0.243587
-0.243593
-0.243598
-0.243603
-0.243608
-0.243614
-0.243619
-0.243624
-0.243629
-0.243634
-0.243640
-0.243645
-0.243650
-0.243655
-0.243660
-0.243666
-0.243671
-0.243676
-0.243681
-0.243686
-0.243692
-0.243697
-0.243702
-0.243707
-0.243712
-0.243718
-0.243723
-0.243728
-0.243733
-0.243738
-0.243744
-0.243749
-0.243754
-0.243759
-0.243764
-0.243770
-0.243775
-0.243780
-0.243785
-0.243790
-0.243796
-0.243801
-0.243806
-0.243811
-0.243816
-0.243822
-0.243827
-0.243832
-0.243837
-0.243842
-0.243848
-0.243853
-0.243858
-0.243863
-0.243868
-0.243874
-0.243879
-0.243884
-0.243889
-0.243894
-0.243899
-0.243905
-0.243910
-0.243915
-0.243920
-0.243925
-0.243931
-0.243936
-0.243941
-0.243946
-0.243951
-0.243956
-0.243962
-0.243967
-0.243972
-0.243977
-0.243982
-0.243988
-0.243993
-0.243998
-0.244003
-0.244008
-0.244013
-0.244019
-0.244024
-0.244029
-0.244034
-0.244039
-0.244044
-0.244050
-0.244055
-0.244060
-0.244065
-0.244070
-0.244076
-0.244081
-0.244086
-0.244091
-0.244096
-0.244101
-0.244107
-0.244112
-0.244117
-0.244122
-0.244127
-0.244132
-0.244138
-0.244143
-0.244148
-0.244153
-0.244158
-0.244163
-0.244168
-0.244174
-0.244179
-0.244184
-0.244189
-0.244194
-0.244199
-0.244205
-0.244210
-0.244215
-0.244220
-0.244225
-0.244230
-0.244236
-0.244241
-0.244246
-0.244251
-0.244256
-0.244261
-0.244266
-0.244272
-0.244277
-0.244282
-0.244287
-0.244292
-0.244297
-0.244303
-0.244308
-0.244313
-0.244318
-0.244323
-0.244328
-0.244333
-0.244339
-0.244344
-0.244349
-0.244354
-0.244359
-0.244364
-0.244369
-0.244375
-0.244380
-0.244385
-0.244390
-0.244395
-0.244400
-0.244405
-0.244411
-0.244416
-0.244421
-0.244426
-0.244431
-0.244436
-0.244441
-0.244447
-0.244452
-0.244457
-0.244462
-0.244467
-0.244472
-0.244477
-0.244482
-0.244488
-0.244493
-0.244498
-0.244503
-0.244508
-0.244513
-0.244518
-0.244524
-0.244529
-0.244534
-0.244539
-0.244544
-0.244549
-0.244554
-0.244559
-0.244565
-0.244570
-0.244575
-0.244580
-0.244585
-0.244590
-0.244595
-0.244600
-0.244606
-0.244611
-0.244616
-0.244621
-0.244626
-0.244631
-0.244636
-0.244641
-0.244647
-0.244652
-0.244657
-0.244662
-0.244667
-0.244672
-0.244677
-0.244682
-0.244687
-0.244693
-0.244698
-0.244703
-0.244708
-0.244713
-0.244718
-0.244723
-0.244728
-0.244733
-0.244739
-0.244744
-0.244749
-0.244754
-0.244759
-0.244764
-0.244769
-0.244774
-0.244779
-0.244785
-0.244790
-0.244795
-0.244800
-0.244805
-0.244810
-0.244815
-0.244820
-0.244825
-0.244830
-0.244836
-0.244841
-0.244846
-0.244851
-0.244856
-0.244861
-0.244866
-0.244871
-0.244876
-0.244881
-0.244887
-0.244892
-0.244897
-0.244902
-0.244907
-0.244912
-0.244917
-0.244922
-0.244927
-0.244932
-0.244937
-0.244943
-0.244948
-0.244953
-0.244958
-0.244963
-0.244968
-0.244973
-0.244978
-0.244983
-0.244988
-0.244993
-0.244999
-0.245004
-0.245009
-0.245014
-0.245019
-0.245024
-0.245029
-0.245034
-0.245039
-0.245044
-0.245049
-0.245054
-0.245060
-0.245065
-0.245070
-0.245075
-0.245080
-0.245085
-0.245090
-0.245095
-0.245100
-0.245105
-0.245110
-0.245115
-0.245120
-0.245126
-0.245131
-0.245136
-0.245141
-0.245146
-0.245151
-0.245156
-0.245161
-0.245166
-0.245171
-0.245176
-0.245181
-0.245186
-0.245191
-0.245197
-0.245202
-0.245207
-0.245212
-0.245217
-0.245222
-0.245227
-0.245232
-0.245237
-0.245242
-0.245247
-0.245252
-0.245257
-0.245262
-0.245267
-0.245272
-0.245278
-0.245283
-0.245288
-0.245293
-0.245298
-0.245303
-0.245308
-0.245313
-0.245318
-0.245323
-0.245328
-0.245333
-0.245338
-0.245343
-0.245348
-0.245353
-0.245358
-0.245363
-0.245369
-0.245374
-0.245379
-0.245384
-0.245389
-0.245394
-0.245399
-0.245404
-0.245409
-0.245414
-0.245419
-0.245424
-0.245429
-0.245434
-0.245439
-0.245444
-0.245449
-0.245454
-0.245459
-0.245464
-0.245469
-0.245475
-0.245480
-0.245485
-0.245490
-0.245495
-0.245500
-0.245505
-0.245510
-0.245515
-0.245520
-0.245525
-0.245530
-0.245535
-0.245540
-0.245545
-0.245550
-0.245555
-0.245560
-0.245565
-0.245570
-0.245575
-0.245580
-0.245585
-0.245590
-0.245595
-0.245600
-0.245605
-0.245610
-0.245615
-0.245621
-0.245626
-0.245631
-0.245636
-0.245641
-0.245646
-0.245651
-0.245656
-0.245661
-0.245666
-0.245671
-0.245676
-0.245681
-0.245686
-0.245691
-0.245696
-0.245701
-0.245706
-0.245711
-0.245716
-0.245721
-0.245726
-0.245731
-0.245736
-0.245741
-0.245746
-0.245751
-0.245756
-0.245761
-0.245766
-0.245771
-0.245776
-0.245781
-0.245786
-0.245791
-0.245796
-0.245801
-0.245806
-0.245811
-0.245816
-0.245821
-0.245826
-0.245831
-0.245836
-0.245841
-0.245846
-0.245851
-0.245856
-0.245861
-0.245866
-0.245871
-0.245876
-0.245881
-0.245886
-0.245891
-0.245896
-0.245901
-0.245906
-0.245911
-0.245916
-0.245921
-0.245926
-0.245931
-0.245936
-0.245941
-0.245946
-0.245951
-0.245956
-0.245961
-0.245966
-0.245971
-0.245976
-0.245981
-0.245986
-0.245991
-0.245996
-0.246001
-0.246006
-0.246011
-0.246016
-0.246021
-0.246026
-0.246031
-0.246036
-0.246041
-0.246046
-0.246051
-0.246056
-0.246061
-0.246066
-0.246071
-0.246076
-0.246081
-0.246086
-0.246091
-0.246096
-0.246101
-0.246106
-0.246111
-0.246116
-0.246121
-0.246126
-0.246131
-0.246136
-0.246141
-0.246146
-0.246151
-0.246156
-0.246161
-0.246166
-0.246171
-0.246176
-0.246181
-0.246186
-0.246191
-0.246196
-0.246201
-0.246206
-0.246210
-0.246215
-0.246220
-0.246225
-0.246230
-0.246235
-0.246240
-0.246245
-0.246250
-0.246255
-0.246260
-0.246265
-0.246270
-0.246275
-0.246280
-0.246285
-0.246290
-0.246295
-0.246300
-0.246305
-0.246310
-0.246315
-0.246320
-0.246325
-0.246330
-0.246335
-0.246340
-0.246345
-0.246350
-0.246354
-0.246359
-0.246364
-0.246369
-0.246374
-0.246379
-0.246384
-0.246389
-0.246394
-0.246399
-0.246404
-0.246409
-0.246414
-0.246419
-0.246424
-0.246429
-0.246434
-0.246439
-0.246444
-0.246449
-0.246454
-0.246458
-0.246463
-0.246468
-0.246473
-0.246478
-0.246483
-0.246488
-0.246493
-0.246498
-0.246503
-0.246508
-0.246513
-0.246518
-0.246523
-0.246528
-0.246533
-0.246538
-0.246543
-0.246547
-0.246552
-0.246557
-0.246562
-0.246567
-0.246572
-0.246577
-0.246582
-0.246587
-0.246592
-0.246597
-0.246602
-0.246607
-0.246612
-0.246617
-0.246622
-0.246626
-0.246631
-0.246636
-0.246641
-0.246646
-0.246651
-0.246656
-0.246661
-0.246666
-0.246671
-0.246676
-0.246681
-0.246686
-0.246691
-0.246695
-0.246700
-0.246705
-0.246710
-0.246715
-0.246720
-0.246725
-0.246730
-0.246735
-0.246740
-0.246745
-0.246750
-0.246755
-0.246759
-0.246764
-0.246769
-0.246774
-0.246779
-0.246784
-0.246789
-0.246794
-0.246799
-0.246804
-0.246809
-0.246814
-0.246818
-0.246823
-0.246828
-0.246833
-0.246838
-0.246843
-0.246848
-0.246853
-0.246858
-0.246863
-0.246868
-0.246872
-0.246877
-0.246882
-0.246887
-0.246892
-0.246897
-0.246902
-0.246907
-0.246912
-0.246917
-0.246922
-0.246926
-0.246931
-0.246936
-0.246941
-0.246946
-0.246951
-0.246956
-0.246961
-0.246966
-0.246971
-0.246975
-0.246980
-0.246985
-0.246990
-0.246995
-0.247000
-0.247005
-0.247010
-0.247015
-0.247020
-0.247024
-0.247029
-0.247034
-0.247039
-0.247044
-0.247049
-0.247054
-0.247059
-0.247064
-0.247068
-0.247073
-0.247078
-0.247083
-0.247088
-0.247093
-0.247098
-0.247103
-0.247108
-0.247112
-0.247117
-0.247122
-0.247127
-0.247132
-0.247137
-0.247142
-0.247147
-0.247151
-0.247156
-0.247161
-0.247166
-0.247171
-0.247176
-0.247181
-0.247186
-0.247191
-0.247195
-0.247200
-0.247205
-0.247210
-0.247215
-0.247220
-0.247225
-0.247230
-0.247234
-0.247239
-0.247244
-0.247249
-0.247254
-0.247259
-0.247264
-0.247268
-0.247273
-0.247278
-0.247283
-0.247288
-0.247293
-0.247298
-0.247303
-0.247307
-0.247312
-0.247317
-0.247322
-0.247327
-0.247332
-0.247337
-0.247341
-0.247346
-0.247351
-0.247356
-0.247361
-0.247366
-0.247371
-0.247376
-0.247380
-0.247385
-0.247390
-0.247395
-0.247400
-0.247405
-0.247410
-0.247414
-0.247419
-0.247424
-0.247429
-0.247434
-0.247439
-0.247444
-0.247448
-0.247453
-0.247458
-0.247463
-0.247468
-0.247473
-0.247477
-0.247482
-0.247487
-0.247492
-0.247497
-0.247502
-0.247507
-0.247511
-0.247516
-0.247521
-0.247526
-0.247531
-0.247536
-0.247540
-0.247545
-0.247550
-0.247555
-0.247560
-0.247565
-0.247570
-0.247574
-0.247579
-0.247584
-0.247589
-0.247594
-0.247599
-0.247603
-0.247608
-0.247613
-0.247618
-0.247623
-0.247628
-0.247632
-0.247637
-0.247642
-0.247647
-0.247652
-0.247657
-0.247661
-0.247666
-0.247671
-0.247676
-0.247681
-0.247686
-0.247690
-0.247695
-0.247700
-0.247705
-0.247710
-0.247715
-0.247719
-0.247724
-0.247729
-0.247734
-0.247739
-0.247743
-0.247748
-0.247753
-0.247758
-0.247763
-0.247768
-0.247772
-0.247777
-0.247782
-0.247787
-0.247792
-0.247797
-0.247801
-0.247806
-0.247811
-0.247816
-0.247821
-0.247825
-0.247830
-0.247835
-0.247840
-0.247845
-0.247849
-0.247854
-0.247859
-0.247864
-0.247869
-0.247874
-0.247878
-0.247883
-0.247888
-0.247893
-0.247898
-0.247902
-0.247907
-0.247912
-0.247917
-0.247922
-0.247926
-0.247931
-0.247936
-0.247941
-0.247946
-0.247950
-0.247955
-0.247960
-0.247965
-0.247970
-0.247974
-0.247979
-0.247984
-0.247989
-0.247994
-0.247998
-0.248003
-0.248008
-0.248013
-0.248018
-0.248022
-0.248027
-0.248032
-0.248037
-0.248042
-0.248046
-0.248051
-0.248056
-0.248061
-0.248066
-0.248070
-0.248075
-0.248080
-0.248085
-0.248090
-0.248094
-0.248099
-0.248104
-0.248109
-0.248113
-0.248118
-0.248123
-0.248128
-0.248133
-0.248137
-0.248142
-0.248147
-0.248152
-0.248157
-0.248161
-0.248166
-0.248171
-0.248176
-0.248180
-0.248185
-0.248190
-0.248195
-0.248200
-0.248204
-0.248209
-0.248214
-0.248219
-0.248223
-0.248228
-0.248233
-0.248238
-0.248243
-0.248247
-0.248252
-0.248257
-0.248262
-0.248266
-0.248271
-0.248276
-0.248281
-0.248286
-0.248290
-0.248295
-0.248300
-0.248305
-0.248309
-0.248314
-0.248319
-0.248324
-0.248328
-0.248333
-0.248338
-0.248343
-0.248347
-0.248352
-0.248357
-0.248362
-0.248367
-0.248371
-0.248376
-0.248381
-0.248386
-0.248390
-0.248395
-0.248400
-0.248405
-0.248409
-0.248414
-0.248419
-0.248424
-0.248428
-0.248433
-0.248438
-0.248443
-0.248447
-0.248452
-0.248457
-0.248462
-0.248466
-0.248471
-0.248476
-0.248481
-0.248485
-0.248490
-0.248495
-0.248500
-0.248504
-0.248509
-0.248514
-0.248519
-0.248523
-0.248528
-0.248533
-0.248538
-0.248542
-0.248547
-0.248552
-0.248557
-0.248561
-0.248566
-0.248571
-0.248576
-0.248580
-0.248585
-0.248590
-0.248595
-0.248599
-0.248604
-0.248609
-0.248613
-0.248618
-0.248623
-0.248628
-0.248632
-0.248637
-0.248642
-0.248647
-0.248651
-0.248656
-0.248661
-0.248666
-0.248670
-0.248675
-0.248680
-0.248684
-0.248689
-0.248694
-0.248699
-0.248703
-0.248708
-0.248713
-0.248718
-0.248722
-0.248727
-0.248732
-0.248736
-0.248741
-0.248746
-0.248751
-0.248755
-0.248760
-0.248765
-0.248770
-0.248774
-0.248779
-0.248784
-0.248788
-0.248793
-0.248798
-0.248803
-0.248807
-0.248812
-0.248817
-0.248821
-0.248826
-0.248831
-0.248836
-0.248840
-0.248845
-0.248850
-0.248854
-0.248859
-0.248864
-0.248869
-0.248873
-0.248878
-0.248883
-0.248887
-0.248892
-0.248897
-0.248902
-0.248906
-0.248911
-0.248916
-0.248920
-0.248925
-0.248930
-0.248934
-0.248939
-0.248944
-0.248949
-0.248953
-0.248958
-0.248963
-0.248967
-0.248972
-0.248977
-0.248982
-0.248986
-0.248991
-0.248996
-0.249000
-0.249005
-0.249010
-0.249014
-0.249019
-0.249024
-0.249028
-0.249033
-0.249038
-0.249043
-0.249047
-0.249052
-0.249057
-0.249061
-0.249066
-0.249071
-0.249075
-0.249080
-0.249085
-0.249089
-0.249094
-0.249099
-0.249104
-0.249108
-0.249113
-0.249118
-0.249122
-0.249127
-0.249132
-0.249136
-0.249141
-0.249146
-0.249150
-0.249155
-0.249160
-0.249164
-0.249169
-0.249174
-0.249178
-0.249183
-0.249188
-0.249193
-0.249197
-0.249202
-0.249207
-0.249211
-0.249216
-0.249221
-0.249225
-0.249230
-0.249235
-0.249239
-0.249244
-0.249249
-0.249253
-0.249258
-0.249263
-0.249267
-0.249272
-0.249277
-0.249281
-0.249286
-0.249291
-0.249295
-0.249300
-0.249305
-0.249309
-0.249314
-0.249319
-0.249323
-0.249328
-0.249333
-0.249337
-0.249342
-0.249347
-0.249351
-0.249356
-0.249361
-0.249365
-0.249370
-0.249375
-0.249379
-0.249384
-0.249389
-0.249393
-0.249398
-0.249403
-0.249407
-0.249412
-0.249417
-0.249421
-0.249426
-0.249430
-0.249435
-0.249440
-0.249444
-0.249449
-0.249454
-0.249458
-0.249463
-0.249468
-0.249472
-0.249477
-0.249482
-0.249486
-0.249491
-0.249496
-0.249500
-0.249505
-0.249510
-0.249514
-0.249519
-0.249523
-0.249528
-0.249533
-0.249537
-0.249542
-0.249547
-0.249551
-0.249556
-0.249561
-0.249565
-0.249570
-0.249575
-0.249579
-0.249584
-0.249588
-0.249593
-0.249598
-0.249602
-0.249607
-0.249612
-0.249616
-0.249621
-0.249626
-0.249630
-0.249635
-0.249639
-0.249644
-0.249649
-0.249653
-0.249658
-0.249663
-0.249667
-0.249672
-0.249676
-0.249681
-0.249686
-0.249690
-0.249695
-0.249700
-0.249704
-0.249709
-0.249713
-0.249718
-0.249723
-0.249727
-0.249732
-0.249737
-0.249741
-0.249746
-0.249750
-0.249755
-0.249760
-0.249764
-0.249769
-0.249774
-0.249778
-0.249783
-0.249787
-0.249792
-0.249797
-0.249801
-0.249806
-0.249811
-0.249815
-0.249820
-0.249824
-0.249829
-0.249834
-0.249838
-0.249843
-0.249847
-0.249852
-0.249857
-0.249861
-0.249866
-0.249870
-0.249875
-0.249880
-0.249884
-0.249889
-0.249893
-0.249898
-0.249903
-0.249907
-0.249912
-0.249917
-0.249921
-0.249926
-0.249930
-0.249935
-0.249940
-0.249944
-0.249949
-0.249953
-0.249958
-0.249963
-0.249967
-0.249972
-0.249976
-0.249981
-0.249986
-0.249990
-0.249995
-0.249999
-0.250004
-0.250008
-0.250013
-0.250018
-0.250022
-0.250027
-0.250031
-0.250036
-0.250041
-0.250045
-0.250050
-0.250054
-0.250059
-0.250064
-0.250068
-0.250073
-0.250077
-0.250082
-0.250087
-0.250091
-0.250096
-0.250100
-0.250105
-0.250109
-0.250114
-0.250119
-0.250123
-0.250128
-0.250132
-0.250137
-0.250142
-0.250146
-0.250151
-0.250155
-0.250160
-0.250164
-0.250169
-0.250174
-0.250178
-0.250183
-0.250187
-0.250192
-0.250196
-0.250201
-0.250206
-0.250210
-0.250215
-0.250219
-0.250224
-0.250228
-0.250233
-0.250238
-0.250242
-0.250247
-0.250251
-0.250256
-0.250260
-0.250265
-0.250270
-0.250274
-0.250279
-0.250283
-0.250288
-0.250292
-0.250297
-0.250302
-0.250306
-0.250311
-0.250315
-0.250320
-0.250324
-0.250329
-0.250333
-0.250338
-0.250343
-0.250347
-0.250352
-0.250356
-0.250361
-0.250365
-0.250370
-0.250374
-0.250379
-0.250384
-0.250388
-0.250393
-0.250397
-0.250402
-0.250406
-0.250411
-0.250415
-0.250420
-0.250425
-0.250429
-0.250434
-0.250438
-0.250443
-0.250447
-0.250452
-0.250456
-0.250461
-0.250466
-0.250470
-0.250475
-0.250479
-0.250484
-0.250488
-0.250493
-0.250497
-0.250502
-0.250506
-0.250511
-0.250515
-0.250520
-0.250525
-0.250529
-0.250534
-0.250538
-0.250543
-0.250547
-0.250552
-0.250556
-0.250561
-0.250565
-0.250570
-0.250574
-0.250579
-0.250584
-0.250588
-0.250593
-0.250597
-0.250602
-0.250606
-0.250611
-0.250615
-0.250620
-0.250624
-0.250629
-0.250633
-0.250638
-0.250642
-0.250647
-0.250651
-0.250656
-0.250661
-0.250665
-0.250670
-0.250674
-0.250679
-0.250683
-0.250688
-0.250692
-0.250697
-0.250701
-0.250706
-0.250710
-0.250715
-0.250719
-0.250724
-0.250728
-0.250733
-0.250737
-0.250742
-0.250746
-0.250751
-0.250755
-0.250760
-0.250765
-0.250769
-0.250774
-0.250778
-0.250783
-0.250787
-0.250792
-0.250796
-0.250801
-0.250805
-0.250810
-0.250814
-0.250819
-0.250823
-0.250828
-0.250832
-0.250837
-0.250841
-0.250846
-0.250850
-0.250855
-0.250859
-0.250864
-0.250868
-0.250873
-0.250877
-0.250882
-0.250886
-0.250891
-0.250895
-0.250900
-0.250904
-0.250909
-0.250913
-0.250918
-0.250922
-0.250927
-0.250931
-0.250936
-0.250940
-0.250945
-0.250949
-0.250954
-0.250958
-0.250963
-0.250967
-0.250972
-0.250976
-0.250981
-0.250985
-0.250990
-0.250994
-0.250999
-0.251003
-0.251008
-0.251012
-0.251017
-0.251021
-0.251026
-0.251030
-0.251035
-0.251039
-0.251043
-0.251048
-0.251052
-0.251057
-0.251061
-0.251066
-0.251070
-0.251075
-0.251079
-0.251084
-0.251088
-0.251093
-0.251097
-0.251102
-0.251106
-0.251111
-0.251115
-0.251120
-0.251124
-0.251129
-0.251133
-0.251138
-0.251142
-0.251146
-0.251151
-0.251155
-0.251160
-0.251164
-0.251169
-0.251173
-0.251178
-0.251182
-0.251187
-0.251191
-0.251196
-0.251200
-0.251205
-0.251209
-0.251214
-0.251218
-0.251222
-0.251227
-0.251231
-0.251236
-0.251240
-0.251245
-0.251249
-0.251254
-0.251258
-0.251263
-0.251267
-0.251272
-0.251276
-0.251280
-0.251285
-0.251289
-0.251294
-0.251298
-0.251303
-0.251307
-0.251312
-0.251316
-0.251321
-0.251325
-0.251330
-0.251334
-0.251338
-0.251343
-0.251347
-0.251352
-0.251356
-0.251361
-0.251365
-0.251370
-0.251374
-0.251378
-0.251383
-0.251387
-0.251392
-0.251396
-0.251401
-0.251405
-0.251410
-0.251414
-0.251418
-0.251423
-0.251427
-0.251432
-0.251436
-0.251441
-0.251445
-0.251450
-0.251454
-0.251458
-0.251463
-0.251467
-0.251472
-0.251476
-0.251481
-0.251485
-0.251490
-0.251494
-0.251498
-0.251503
-0.251507
-0.251512
-0.251516
-0.251521
-0.251525
-0.251529
-0.251534
-0.251538
-0.251543
-0.251547
-0.251552
-0.251556
-0.251560
-0.251565
-0.251569
-0.251574
-0.251578
-0.251583
-0.251587
-0.251591
-0.251596
-0.251600
-0.251605
-0.251609
-0.251614
-0.251618
-0.251622
-0.251627
-0.251631
-0.251636
-0.251640
-0.251645
-0.251649
-0.251653
-0.251658
-0.251662
-0.251667
-0.251671
-0.251675
-0.251680
-0.251684
-0.251689
-0.251693
-0.251698
-0.251702
-0.251706
-0.251711
-0.251715
-0.251720
-0.251724
-0.251728
-0.251733
-0.251737
-0.251742
-0.251746
-0.251750
-0.251755
-0.251759
-0.251764
-0.251768
-0.251773
-0.251777
-0.251781
-0.251786
-0.251790
-0.251795
-0.251799
-0.251803
-0.251808
-0.251812
-0.251817
-0.251821
-0.251825
-0.251830
-0.251834
-0.251839
-0.251843
-0.251847
-0.251852
-0.251856
-0.251861
-0.251865
-0.251869
-0.251874
-0.251878
-0.251882
-0.251887
-0.251891
-0.251896
-0.251900
-0.251904
-0.251909
-0.251913
-0.251918
-0.251922
-0.251926
-0.251931
-0.251935
-0.251940
-0.251944
-0.251948
-0.251953
-0.251957
-0.251962
-0.251966
-0.251970
-0.251975
-0.251979
-0.251983
-0.251988
-0.251992
-0.251997
-0.252001
-0.252005
-0.252010
-0.252014
-0.252018
-0.252023
-0.252027
-0.252032
-0.252036
-0.252040
-0.252045
-0.252049
-0.252053
-0.252058
-0.252062
-0.252067
-0.252071
-0.252075
-0.252080
-0.252084
-0.252088
-0.252093
-0.252097
-0.252102
-0.252106
-0.252110
-0.252115
-0.252119
-0.252123
-0.252128
-0.252132
-0.252137
-0.252141
-0.252145
-0.252150
-0.252154
-0.252158
-0.252163
-0.252167
-0.252171
-0.252176
-0.252180
-0.252185
-0.252189
-0.252193
-0.252198
-0.252202
-0.252206
-0.252211
-0.252215
-0.252219
-0.252224
-0.252228
-0.252232
-0.252237
-0.252241
-0.252246
-0.252250
-0.252254
-0.252259
-0.252263
-0.252267
-0.252272
-0.252276
-0.252280
-0.252285
-0.252289
-0.252293
-0.252298
-0.252302
-0.252306
-0.252311
-0.252315
-0.252319
-0.252324
-0.252328
-0.252332
-0.252337
-0.252341
-0.252346
-0.252350
-0.252354
-0.252359
-0.252363
-0.252367
-0.252372
-0.252376
-0.252380
-0.252385
-0.252389
-0.252393
-0.252398
-0.252402
-0.252406
-0.252411
-0.252415
-0.252419
-0.252424
-0.252428
-0.252432
-0.252437
-0.252441
-0.252445
-0.252450
-0.252454
-0.252458
-0.252463
-0.252467
-0.252471
-0.252476
-0.252480
-0.252484
-0.252489
-0.252493
-0.252497
-0.252502
-0.252506
-0.252510
-0.252515
-0.252519
-0.252523
-0.252527
-0.252532
-0.252536
-0.252540
-0.252545
-0.252549
-0.252553
-0.252558
-0.252562
-0.252566
-0.252571
-0.252575
-0.252579
-0.252584
-0.252588
-0.252592
-0.252597
-0.252601
-0.252605
-0.252610
-0.252614
-0.252618
-0.252622
-0.252627
-0.252631
-0.252635
-0.252640
-0.252644
-0.252648
-0.252653
-0.252657
-0.252661
-0.252666
-0.252670
-0.252674
-0.252678
-0.252683
-0.252687
-0.252691
-0.252696
-0.252700
-0.252704
-0.252709
-0.252713
-0.252717
-0.252722
-0.252726
-0.252730
-0.252734
-0.252739
-0.252743
-0.252747
-0.252752
-0.252756
-0.252760
-0.252764
-0.252769
-0.252773
-0.252777
-0.252782
-0.252786
-0.252790
-0.252795
-0.252799
-0.252803
-0.252807
-0.252812
-0.252816
-0.252820
-0.252825
-0.252829
-0.252833
-0.252837
-0.252842
-0.252846
-0.252850
-0.252855
-0.252859
-0.252863
-0.252867
-0.252872
-0.252876
-0.252880
-0.252885
-0.252889
-0.252893
-0.252897
-0.252902
-0.252906
-0.252910
-0.252915
-0.252919
-0.252923
-0.252927
-0.252932
-0.252936
-0.252940
-0.252944
-0.252949
-0.252953
-0.252957
-0.252962
-0.252966
-0.252970
-0.252974
-0.252979
-0.252983
-0.252987
-0.252991
-0.252996
-0.253000
-0.253004
-0.253009
-0.253013
-0.253017
-0.253021
-0.253026
-0.253030
-0.253034
-0.253038
-0.253043
-0.253047
-0.253051
-0.253055
-0.253060
-0.253064
-0.253068
-0.253073
-0.253077
-0.253081
-0.253085
-0.253090
-0.253094
-0.253098
-0.253102
-0.253107
-0.253111
-0.253115
-0.253119
-0.253124
-0.253128
-0.253132
-0.253136
-0.253141
-0.253145
-0.253149
-0.253153
-0.253158
-0.253162
-0.253166
-0.253170
-0.253175
-0.253179
-0.253183
-0.253187
-0.253192
-0.253196
-0.253200
-0.253204
-0.253209
-0.253213
-0.253217
-0.253221
-0.253226
-0.253230
-0.253234
-0.253238
-0.253243
-0.253247
-0.253251
-0.253255
-0.253260
-0.253264
-0.253268
-0.253272
-0.253277
-0.253281
-0.253285
-0.253289
-0.253293
-0.253298
-0.253302
-0.253306
-0.253310
-0.253315
-0.253319
-0.253323
-0.253327
-0.253332
-0.253336
-0.253340
-0.253344
-0.253348
-0.253353
-0.253357
-0.253361
-0.253365
-0.253370
-0.253374
-0.253378
-0.253382
-0.253387
-0.253391
-0.253395
-0.253399
-0.253403
-0.253408
-0.253412
-0.253416
-0.253420
-0.253425
-0.253429
-0.253433
-0.253437
-0.253441
-0.253446
-0.253450
-0.253454
-0.253458
-0.253462
-0.253467
-0.253471
-0.253475
-0.253479
-0.253484
-0.253488
-0.253492
-0.253496
-0.253500
-0.253505
-0.253509
-0.253513
-0.253517
-0.253521
-0.253526
-0.253530
-0.253534
-0.253538
-0.253543
-0.253547
-0.253551
-0.253555
-0.253559
-0.253564
-0.253568
-0.253572
-0.253576
-0.253580
-0.253585
-0.253589
-0.253593
-0.253597
-0.253601
-0.253606
-0.253610
-0.253614
-0.253618
-0.253622
-0.253627
-0.253631
-0.253635
-0.253639
-0.253643
-0.253648
-0.253652
-0.253656
-0.253660
-0.253664
-0.253669
-0.253673
-0.253677
-0.253681
-0.253685
-0.253689
-0.253694
-0.253698
-0.253702
-0.253706
-0.253710
-0.253715
-0.253719
-0.253723
-0.253727
-0.253731
-0.253736
-0.253740
-0.253744
-0.253748
-0.253752
-0.253756
-0.253761
-0.253765
-0.253769
-0.253773
-0.253777
-0.253782
-0.253786
-0.253790
-0.253794
-0.253798
-0.253802
-0.253807
-0.253811
-0.253815
-0.253819
-0.253823
-0.253827
-0.253832
-0.253836
-0.253840
-0.253844
-0.253848
-0.253853
-0.253857
-0.253861
-0.253865
-0.253869
-0.253873
-0.253878
-0.253882
-0.253886
-0.253890
-0.253894
-0.253898
-0.253903
-0.253907
-0.253911
-0.253915
-0.253919
-0.253923
-0.253928
-0.253932
-0.253936
-0.253940
-0.253944
-0.253948
-0.253953
-0.253957
-0.253961
-0.253965
-0.253969
-0.253973
-0.253977
-0.253982
-0.253986
-0.253990
-0.253994
-0.253998
-0.254002
-0.254007
-0.254011
-0.254015
-0.254019
-0.254023
-0.254027
-0.254031
-0.254036
-0.254040
-0.254044
-0.254048
-0.254052
-0.254056
-0.254060
-0.254065
-0.254069
-0.254073
-0.254077
-0.254081
-0.254085
-0.254090
-0.254094
-0.254098
-0.254102
-0.254106
-0.254110
-0.254114
-0.254119
-0.254123
-0.254127
-0.254131
-0.254135
-0.254139
-0.254143
-0.254147
-0.254152
-0.254156
-0.254160
-0.254164
-0.254168
-0.254172
-0.254176
-0.254181
-0.254185
-0.254189
-0.254193
-0.254197
-0.254201
-0.254205
-0.254209
-0.254214
-0.254218
-0.254222
-0.254226
-0.254230
-0.254234
-0.254238
-0.254243
-0.254247
-0.254251
-0.254255
-0.254259
-0.254263
-0.254267
-0.254271
-0.254275
-0.254280
-0.254284
-0.254288
-0.254292
-0.254296
-0.254300
-0.254304
-0.254308
-0.254313
-0.254317
-0.254321
-0.254325
-0.254329
-0.254333
-0.254337
-0.254341
-0.254345
-0.254350
-0.254354
-0.254358
-0.254362
-0.254366
-0.254370
-0.254374
-0.254378
-0.254382
-0.254387
-0.254391
-0.254395
-0.254399
-0.254403
-0.254407
-0.254411
-0.254415
-0.254419
-0.254424
-0.254428
-0.254432
-0.254436
-0.254440
-0.254444
-0.254448
-0.254452
-0.254456
-0.254460
-0.254465
-0.254469
-0.254473
-0.254477
-0.254481
-0.254485
-0.254489
-0.254493
-0.254497
-0.254501
-0.254506
-0.254510
-0.254514
-0.254518
-0.254522
-0.254526
-0.254530
-0.254534
-0.254538
-0.254542
-0.254546
-0.254551
-0.254555
-0.254559
-0.254563
-0.254567
-0.254571
-0.254575
-0.254579
-0.254583
-0.254587
-0.254591
-0.254596
-0.254600
-0.254604
-0.254608
-0.254612
-0.254616
-0.254620
-0.254624
-0.254628
-0.254632
-0.254636
-0.254640
-0.254644
-0.254649
-0.254653
-0.254657
-0.254661
-0.254665
-0.254669
-0.254673
-0.254677
-0.254681
-0.254685
-0.254689
-0.254693
-0.254697
-0.254702
-0.254706
-0.254710
-0.254714
-0.254718
-0.254722
-0.254726
-0.254730
-0.254734
-0.254738
-0.254742
-0.254746
-0.254750
-0.254754
-0.254758
-0.254763
-0.254767
-0.254771
-0.254775
-0.254779
-0.254783
-0.254787
-0.254791
-0.254795
-0.254799
-0.254803
-0.254807
-0.254811
-0.254815
-0.254819
-0.254823
-0.254828
-0.254832
-0.254836
-0.254840
-0.254844
-0.254848
-0.254852
-0.254856
-0.254860
-0.254864
-0.254868
-0.254872
-0.254876
-0.254880
-0.254884
-0.254888
-0.254892
-0.254896
-0.254900
-0.254905
-0.254909
-0.254913
-0.254917
-0.254921
-0.254925
-0.254929
-0.254933
-0.254937
-0.254941
-0.254945
-0.254949
-0.254953
-0.254957
-0.254961
-0.254965
-0.254969
-0.254973
-0.254977
-0.254981
-0.254985
-0.254989
-0.254993
-0.254997
-0.255001
-0.255006
-0.255010
-0.255014
-0.255018
-0.255022
-0.255026
-0.255030
-0.255034
-0.255038
-0.255042
-0.255046
-0.255050
-0.255054
-0.255058
-0.255062
-0.255066
-0.255070
-0.255074
-0.255078
-0.255082
-0.255086
-0.255090
-0.255094
-0.255098
-0.255102
-0.255106
-0.255110
-0.255114
-0.255118
-0.255122
-0.255126
-0.255130
-0.255134
-0.255138
-0.255142
-0.255146
-0.255150
-0.255154
-0.255158
-0.255163
-0.255167
-0.255171
-0.255175
-0.255179
-0.255183
-0.255187
-0.255191
-0.255195
-0.255199
-0.255203
-0.255207
-0.255211
-0.255215
-0.255219
-0.255223
-0.255227
-0.255231
-0.255235
-0.255239
-0.255243
-0.255247
-0.255251
-0.255255
-0.255259
-0.255263
-0.255267
-0.255271
-0.255275
-0.255279
-0.255283
-0.255287
-0.255291
-0.255295
-0.255299
-0.255303
-0.255307
-0.255311
-0.255315
-0.255319
-0.255323
-0.255327
-0.255331
-0.255335
-0.255339
-0.255343
-0.255347
-0.255351
-0.255355
-0.255359
-0.255363
-0.255367
-0.255371
-0.255375
-0.255379
-0.255383
-0.255387
-0.255391
-0.255395
-0.255399
-0.255403
-0.255407
-0.255411
-0.255415
-0.255419
-0.255423
-0.255427
-0.255430
-0.255434
-0.255438
-0.255442
-0.255446
-0.255450
-0.255454
-0.255458
-0.255462
-0.255466
-0.255470
-0.255474
-0.255478
-0.255482
-0.255486
-0.255490
-0.255494
-0.255498
-0.255502
-0.255506
-0.255510
-0.255514
-0.255518
-0.255522
-0.255526
-0.255530
-0.255534
-0.255538
-0.255542
-0.255546
-0.255550
-0.255554
-0.255558
-0.255562
-0.255566
-0.255570
-0.255574
-0.255578
-0.255581
-0.255585
-0.255589
-0.255593
-0.255597
-0.255601
-0.255605
-0.255609
-0.255613
-0.255617
-0.255621
-0.255625
-0.255629
-0.255633
-0.255637
-0.255641
-0.255645
-0.255649
-0.255653
-0.255657
-0.255661
-0.255665
-0.255669
-0.255673
-0.255677
-0.255680
-0.255684
-0.255688
-0.255692
-0.255696
-0.255700
-0.255704
-0.255708
-0.255712
-0.255716
-0.255720
-0.255724
-0.255728
-0.255732
-0.255736
-0.255740
-0.255744
-0.255748
-0.255752
-0.255755
-0.255759
-0.255763
-0.255767
-0.255771
-0.255775
-0.255779
-0.255783
-0.255787
-0.255791
-0.255795
-0.255799
-0.255803
-0.255807
-0.255811
-0.255815
-0.255818
-0.255822
-0.255826
-0.255830
-0.255834
-0.255838
-0.255842
-0.255846
-0.255850
-0.255854
-0.255858
-0.255862
-0.255866
-0.255870
-0.255874
-0.255877
-0.255881
-0.255885
-0.255889
-0.255893
-0.255897
-0.255901
-0.255905
-0.255909
-0.255913
-0.255917
-0.255921
-0.255925
-0.255928
-0.255932
-0.255936
-0.255940
-0.255944
-0.255948
-0.255952
-0.255956
-0.255960
-0.255964
-0.255968
-0.255972
-0.255976
-0.255979
-0.255983
-0.255987
-0.255991
-0.255995
-0.255999
-0.256003
-0.256007
-0.256011
-0.256015
-0.256019
-0.256022
-0.256026
-0.256030
-0.256034
-0.256038
-0.256042
-0.256046
-0.256050
-0.256054
-0.256058
-0.256062
-0.256065
-0.256069
-0.256073
-0.256077
-0.256081
-0.256085
-0.256089
-0.256093
-0.256097
-0.256101
-0.256104
-0.256108
-0.256112
-0.256116
-0.256120
-0.256124
-0.256128
-0.256132
-0.256136
-0.256140
-0.256143
-0.256147
-0.256151
-0.256155
-0.256159
-0.256163
-0.256167
-0.256171
-0.256175
-0.256178
-0.256182
-0.256186
-0.256190
-0.256194
-0.256198
-0.256202
-0.256206
-0.256210
-0.256213
-0.256217
-0.256221
-0.256225
-0.256229
-0.256233
-0.256237
-0.256241
-0.256245
-0.256248
-0.256252
-0.256256
-0.256260
-0.256264
-0.256268
-0.256272
-0.256276
-0.256279
-0.256283
-0.256287
-0.256291
-0.256295
-0.256299
-0.256303
-0.256307
-0.256310
-0.256314
-0.256318
-0.256322
-0.256326
-0.256330
-0.256334
-0.256338
-0.256341
-0.256345
-0.256349
-0.256353
-0.256357
-0.256361
-0.256365
-0.256369
-0.256372
-0.256376
-0.256380
-0.256384
-0.256388
-0.256392
-0.256396
-0.256399
-0.256403
-0.256407
-0.256411
-0.256415
-0.256419
-0.256423
-0.256426
-0.256430
-0.256434
-0.256438
-0.256442
-0.256446
-0.256450
-0.256453
-0.256457
-0.256461
-0.256465
-0.256469
-0.256473
-0.256477
-0.256480
-0.256484
-0.256488
-0.256492
-0.256496
-0.256500
-0.256504
-0.256507
-0.256511
-0.256515
-0.256519
-0.256523
-0.256527
-0.256531
-0.256534
-0.256538
-0.256542
-0.256546
-0.256550
-0.256554
-0.256557
-0.256561
-0.256565
-0.256569
-0.256573
-0.256577
-0.256580
-0.256584
-0.256588
-0.256592
-0.256596
-0.256600
-0.256603
-0.256607
-0.256611
-0.256615
-0.256619
-0.256623
-0.256627
-0.256630
-0.256634
-0.256638
-0.256642
-0.256646
-0.256649
-0.256653
-0.256657
-0.256661
-0.256665
-0.256669
-0.256672
-0.256676
-0.256680
-0.256684
-0.256688
-0.256692
-0.256695
-0.256699
-0.256703
-0.256707
-0.256711
-0.256715
-0.256718
-0.256722
-0.256726
-0.256730
-0.256734
-0.256737
-0.256741
-0.256745
-0.256749
-0.256753
-0.256757
-0.256760
-0.256764
-0.256768
-0.256772
-0.256776
-0.256779
-0.256783
-0.256787
-0.256791
-0.256795
-0.256799
-0.256802
-0.256806
-0.256810
-0.256814
-0.256818
-0.256821
-0.256825
-0.256829
-0.256833
-0.256837
-0.256840
-0.256844
-0.256848
-0.256852
-0.256856
-0.256859
-0.256863
-0.256867
-0.256871
-0.256875
-0.256878
-0.256882
-0.256886
-0.256890
-0.256894
-0.256897
-0.256901
-0.256905
-0.256909
-0.256913
-0.256916
-0.256920
-0.256924
-0.256928
-0.256932
-0.256935
-0.256939
-0.256943
-0.256947
-0.256951
-0.256954
-0.256958
-0.256962
-0.256966
-0.256970
-0.256973
-0.256977
-0.256981
-0.256985
-0.256989
-0.256992
-0.256996
-0.257000
-0.257004
-0.257007
-0.257011
-0.257015
-0.257019
-0.257023
-0.257026
-0.257030
-0.257034
-0.257038
-0.257041
-0.257045
-0.257049
-0.257053
-0.257057
-0.257060
-0.257064
-0.257068
-0.257072
-0.257075
-0.257079
-0.257083
-0.257087
-0.257091
-0.257094
-0.257098
-0.257102
-0.257106
-0.257109
-0.257113
-0.257117
-0.257121
-0.257125
-0.257128
-0.257132
-0.257136
-0.257140
-0.257143
-0.257147
-0.257151
-0.257155
-0.257158
-0.257162
-0.257166
-0.257170
-0.257173
-0.257177
-0.257181
-0.257185
-0.257189
-0.257192
-0.257196
-0.257200
-0.257204
-0.257207
-0.257211
-0.257215
-0.257219
-0.257222
-0.257226
-0.257230
-0.257234
-0.257237
-0.257241
-0.257245
-0.257249
-0.257252
-0.257256
-0.257260
-0.257264
-0.257267
-0.257271
-0.257275
-0.257279
-0.257282
-0.257286
-0.257290
-0.257294
-0.257297
-0.257301
-0.257305
-0.257309
-0.257312
-0.257316
-0.257320
-0.257324
-0.257327
-0.257331
-0.257335
-0.257339
-0.257342
-0.257346
-0.257350
-0.257354
-0.257357
-0.257361
-0.257365
-0.257369
-0.257372
-0.257376
-0.257380
-0.257383
-0.257387
-0.257391
-0.257395
-0.257398
-0.257402
-0.257406
-0.257410
-0.257413
-0.257417
-0.257421
-0.257425
-0.257428
-0.257432
-0.257436
-0.257439
-0.257443
-0.257447
-0.257451
-0.257454
-0.257458
-0.257462
-0.257466
-0.257469
-0.257473
-0.257477
-0.257480
-0.257484
-0.257488
-0.257492
-0.257495
-0.257499
-0.257503
-0.257506
-0.257510
-0.257514
-0.257518
-0.257521
-0.257525
-0.257529
-0.257533
-0.257536
-0.257540
-0.257544
-0.257547
-0.257551
-0.257555
-0.257559
-0.257562
-0.257566
-0.257570
-0.257573
-0.257577
-0.257581
-0.257584
-0.257588
-0.257592
-0.257596
-0.257599
-0.257603
-0.257607
-0.257610
-0.257614
-0.257618
-0.257622
-0.257625
-0.257629
-0.257633
-0.257636
-0.257640
-0.257644
-0.257647
-0.257651
-0.257655
-0.257659
-0.257662
-0.257666
-0.257670
-0.257673
-0.257677
-0.257681
-0.257684
-0.257688
-0.257692
-0.257696
-0.257699
-0.257703
-0.257707
-0.257710
-0.257714
-0.257718
-0.257721
-0.257725
-0.257729
-0.257732
-0.257736
-0.257740
-0.257744
-0.257747
-0.257751
-0.257755
-0.257758
-0.257762
-0.257766
-0.257769
-0.257773
-0.257777
-0.257780
-0.257784
-0.257788
-0.257791
-0.257795
-0.257799
-0.257802
-0.257806
-0.257810
-0.257814
-0.257817
-0.257821
-0.257825
-0.257828
-0.257832
-0.257836
-0.257839
-0.257843
-0.257847
-0.257850
-0.257854
-0.257858
-0.257861
-0.257865
-0.257869
-0.257872
-0.257876
-0.257880
-0.257883
-0.257887
-0.257891
-0.257894
-0.257898
-0.257902
-0.257905
-0.257909
-0.257913
-0.257916
-0.257920
-0.257924
-0.257927
-0.257931
-0.257935
-0.257938
-0.257942
-0.257946
-0.257949
-0.257953
-0.257957
-0.257960
-0.257964
-0.257968
-0.257971
-0.257975
-0.257979
-0.257982
-0.257986
-0.257990
-0.257993
-0.257997
-0.258001
-0.258004
-0.258008
-0.258011
-0.258015
-0.258019
-0.258022
-0.258026
-0.258030
-0.258033
-0.258037
-0.258041
-0.258044
-0.258048
-0.258052
-0.258055
-0.258059
-0.258063
-0.258066
-0.258070
-0.258073
-0.258077
-0.258081
-0.258084
-0.258088
-0.258092
-0.258095
-0.258099
-0.258103
-0.258106
-0.258110
-0.258114
-0.258117
-0.258121
-0.258124
-0.258128
-0.258132
-0.258135
-0.258139
-0.258143
-0.258146
-0.258150
-0.258154
-0.258157
-0.258161
-0.258164
-0.258168
-0.258172
-0.258175
-0.258179
-0.258183
-0.258186
-0.258190
-0.258193
-0.258197
-0.258201
-0.258204
-0.258208
-0.258212
-0.258215
-0.258219
-0.258222
-0.258226
-0.258230
-0.258233
-0.258237
-0.258241
-0.258244
-0.258248
-0.258251
-0.258255
-0.258259
-0.258262
-0.258266
-0.258270
-0.258273
-0.258277
-0.258280
-0.258284
-0.258288
-0.258291
-0.258295
-0.258298
-0.258302
-0.258306
-0.258309
-0.258313
-0.258317
-0.258320
-0.258324
-0.258327
-0.258331
-0.258335
-0.258338
-0.258342
-0.258345
-0.258349
-0.258353
-0.258356
-0.258360
-0.258363
-0.258367
-0.258371
-0.258374
-0.258378
-0.258381
-0.258385
-0.258389
-0.258392
-0.258396
-0.258399
-0.258403
-0.258407
-0.258410
-0.258414
-0.258417
-0.258421
-0.258425
-0.258428
-0.258432
-0.258435
-0.258439
-0.258443
-0.258446
-0.258450
-0.258453
-0.258457
-0.258461
-0.258464
-0.258468
-0.258471
-0.258475
-0.258479
-0.258482
-0.258486
-0.258489
-0.258493
-0.258496
-0.258500
-0.258504
-0.258507
-0.258511
-0.258514
-0.258518
-0.258522
-0.258525
-0.258529
-0.258532
-0.258536
-0.258539
-0.258543
-0.258547
-0.258550
-0.258554
-0.258557
-0.258561
-0.258565
-0.258568
-0.258572
-0.258575
-0.258579
-0.258582
-0.258586
-0.258590
-0.258593
-0.258597
-0.258600
-0.258604
-0.258607
-0.258611
-0.258615
-0.258618
-0.258622
-0.258625
-0.258629
-0.258632
-0.258636
-0.258640
-0.258643
-0.258647
-0.258650
-0.258654
-0.258657
-0.258661
-0.258664
-0.258668
-0.258672
-0.258675
-0.258679
-0.258682
-0.258686
-0.258689
-0.258693
-0.258697
-0.258700
-0.258704
-0.258707
-0.258711
-0.258714
-0.258718
-0.258721
-0.258725
-0.258729
-0.258732
-0.258736
-0.258739
-0.258743
-0.258746
-0.258750
-0.258753
-0.258757
-0.258761
-0.258764
-0.258768
-0.258771
-0.258775
-0.258778
-0.258782
-0.258785
-0.258789
-0.258792
-0.258796
-0.258800
-0.258803
-0.258807
-0.258810
-0.258814
-0.258817
-0.258821
-0.258824
-0.258828
-0.258831
-0.258835
-0.258838
-0.258842
-0.258846
-0.258849
-0.258853
-0.258856
-0.258860
-0.258863
-0.258867
-0.258870
-0.258874
-0.258877
-0.258881
-0.258884
-0.258888
-0.258892
-0.258895
-0.258899
-0.258902
-0.258906
-0.258909
-0.258913
-0.258916
-0.258920
-0.258923
-0.258927
-0.258930
-0.258934
-0.258937
-0.258941
-0.258944
-0.258948
-0.258951
-0.258955
-0.258959
-0.258962
-0.258966
-0.258969
-0.258973
-0.258976
-0.258980
-0.258983
-0.258987
-0.258990
-0.258994
-0.258997
-0.259001
-0.259004
-0.259008
-0.259011
-0.259015
-0.259018
-0.259022
-0.259025
-0.259029
-0.259032
-0.259036
-0.259039
-0.259043
-0.259046
-0.259050
-0.259053
-0.259057
-0.259060
-0.259064
-0.259067
-0.259071
-0.259075
-0.259078
-0.259082
-0.259085
-0.259089
-0.259092
-0.259096
-0.259099
-0.259103
-0.259106
-0.259110
-0.259113
-0.259117
-0.259120
-0.259124
-0.259127
-0.259131
-0.259134
-0.259138
-0.259141
-0.259145
-0.259148
-0.259152
-0.259155
-0.259159
-0.259162
-0.259166
-0.259169
-0.259172
-0.259176
-0.259179
-0.259183
-0.259186
-0.259190
-0.259193
-0.259197
-0.259200
-0.259204
-0.259207
-0.259211
-0.259214
-0.259218
-0.259221
-0.259225
-0.259228
-0.259232
-0.259235
-0.259239
-0.259242
-0.259246
-0.259249
-0.259253
-0.259256
-0.259260
-0.259263
-0.259267
-0.259270
-0.259274
-0.259277
-0.259281
-0.259284
-0.259287
-0.259291
-0.259294
-0.259298
-0.259301
-0.259305
-0.259308
-0.259312
-0.259315
-0.259319
-0.259322
-0.259326
-0.259329
-0.259333
-0.259336
-0.259340
-0.259343
-0.259346
-0.259350
-0.259353
-0.259357
-0.259360
-0.259364
-0.259367
-0.259371
-0.259374
-0.259378
-0.259381
-0.259385
-0.259388
-0.259392
-0.259395
-0.259398
-0.259402
-0.259405
-0.259409
-0.259412
-0.259416
-0.259419
-0.259423
-0.259426
-0.259430
-0.259433
-0.259436
-0.259440
-0.259443
-0.259447
-0.259450
-0.259454
-0.259457
-0.259461
-0.259464
-0.259468
-0.259471
-0.259474
-0.259478
-0.259481
-0.259485
-0.259488
-0.259492
-0.259495
-0.259499
-0.259502
-0.259505
-0.259509
-0.259512
-0.259516
-0.259519
-0.259523
-0.259526
-0.259530
-0.259533
-0.259536
-0.259540
-0.259543
-0.259547
-0.259550
-0.259554
-0.259557
-0.259561
-0.259564
-0.259567
-0.259571
-0.259574
-0.259578
-0.259581
-0.259585
-0.259588
-0.259591
-0.259595
-0.259598
-0.259602
-0.259605
-0.259609
-0.259612
-0.259615
-0.259619
-0.259622
-0.259626
-0.259629
-0.259633
-0.259636
-0.259639
-0.259643
-0.259646
-0.259650
-0.259653
-0.259657
-0.259660
-0.259663
-0.259667
-0.259670
-0.259674
-0.259677
-0.259681
-0.259684
-0.259687
-0.259691
-0.259694
-0.259698
-0.259701
-0.259704
-0.259708
-0.259711
-0.259715
-0.259718
-0.259722
-0.259725
-0.259728
-0.259732
-0.259735
-0.259739
-0.259742
-0.259745
-0.259749
-0.259752
-0.259756
-0.259759
-0.259762
-0.259766
-0.259769
-0.259773
-0.259776
-0.259779
-0.259783
-0.259786
-0.259790
-0.259793
-0.259797
-0.259800
-0.259803
-0.259807
-0.259810
-0.259814
-0.259817
-0.259820
-0.259824
-0.259827
-0.259831
-0.259834
-0.259837
-0.259841
-0.259844
-0.259848
-0.259851
-0.259854
-0.259858
-0.259861
-0.259864
-0.259868
-0.259871
-0.259875
-0.259878
-0.259881
-0.259885
-0.259888
-0.259892
-0.259895
-0.259898
-0.259902
-0.259905
-0.259909
-0.259912
-0.259915
-0.259919
-0.259922
-0.259925
-0.259929
-0.259932
-0.259936
-0.259939
-0.259942
-0.259946
-0.259949
-0.259953
-0.259956
-0.259959
-0.259963
-0.259966
-0.259969
-0.259973
-0.259976
-0.259980
-0.259983
-0.259986
-0.259990
-0.259993
-0.259996
-0.260000
-0.260003
-0.260007
-0.260010
-0.260013
-0.260017
-0.260020
-0.260023
-0.260027
-0.260030
-0.260034
-0.260037
-0.260040
-0.260044
-0.260047
-0.260050
-0.260054
-0.260057
-0.260060
-0.260064
-0.260067
-0.260071
-0.260074
-0.260077
-0.260081
-0.260084
-0.260087
-0.260091
-0.260094
-0.260097
-0.260101
-0.260104
-0.260108
-0.260111
-0.260114
-0.260118
-0.260121
-0.260124
-0.260128
-0.260131
-0.260134
-0.260138
-0.260141
-0.260144
-0.260148
-0.260151
-0.260154
-0.260158
-0.260161
-0.260165
-0.260168
-0.260171
-0.260175
-0.260178
-0.260181
-0.260185
-0.260188
-0.260191
-0.260195
-0.260198
-0.260201
-0.260205
-0.260208
-0.260211
-0.260215
-0.260218
-0.260221
-0.260225
-0.260228
-0.260231
-0.260235
-0.260238
-0.260241
-0.260245
-0.260248
-0.260251
-0.260255
-0.260258
-0.260261
-0.260265
-0.260268
-0.260271
-0.260275
-0.260278
-0.260281
-0.260285
-0.260288
-0.260291
-0.260295
-0.260298
-0.260301
-0.260305
-0.260308
-0.260311
-0.260315
-0.260318
-0.260321
-0.260325
-0.260328
-0.260331
-0.260335
-0.260338
-0.260341
-0.260345
-0.260348
-0.260351
-0.260355
-0.260358
-0.260361
-0.260365
-0.260368
