0.0614178
0.0409234
0.0410936
0.0410037
0.0412741
0.041456
0.0413094
0.0419352
0.0411999
0.0418599
0.0490448
0.0420582
0.0428858
0.0426431
0.0430231
0.0427942
0.0425448
0.0425355
0.04247
0.0423999
0.0432718
0.0430419
0.0421529
0.0427368
0.0421653
0.0419126
0.042057
0.0421984
0.0422947
0.0423479
0.0422933
0.0417521
0.0424557
0.042135
0.043139
0.0423129
0.0425673
0.0422542
0.04164
0.0425799
0.0419383
0.0425093
0.0417864
0.0423186
0.0436649
0.0432537
0.0419669
0.0416477
0.0406232
0.0409667
0.041517
0.0411799
0.0419643
0.0417974
0.0415807
0.0422812
0.0424576
0.042388
0.0419514
0.0558112
0.043108
0.042254
0.0429533
0.0427415
0.043036
0.0424597
0.0426071
0.0444057
0.0432684
0.0436749
0.0438271
0.0441475
0.0438187
0.0439367
0.0434439
0.0438392
0.0440564
0.0438259
0.0443363
0.0444088
0.0439274
0.0431614
0.0437758
0.0440791
0.0435834
0.0429556
0.043359
0.0446448
0.0436072
0.0445755
0.0459561
0.0473855
0.0454271
0.0441887
0.0441442
0.044384
0.0452363
0.0450599
0.0453165
0.0458231
0.0462739
0.0474501
0.047642
0.0473266
0.0482285
0.0486131
0.0491159
0.0487425
0.0486028
0.0479102
0.0495691
0.0481911
0.0479784
0.0472515
0.0557485
0.0465198
0.0463388
0.0466251
0.0470827
0.0477421
0.0464213
0.0466318
0.0474777
0.047616
0.0462718
0.0462999
0.0481853
0.0475411
0.04708
0.0481813
0.0481696
0.0481224
0.0485141
0.0476322
0.050436
0.049068
0.0494287
0.0499253
0.049485
0.04932
0.0501263
0.0507703
0.0513234
0.0526209
0.0526781
0.0532784
0.0536382
0.0537863
0.0531821
0.0548501
0.0560267
0.0546961
0.0546634
0.0536299
0.0536084
0.0521591
0.051501
0.0509584
0.0513506
0.0505939
0.0499365
0.0488956
0.0488427
0.0494134
0.0482101
0.0467341
0.0455284
0.0470605
0.046598
0.0454736
0.0441589
0.0445523
0.0444534
0.0466547
0.0474536
0.0458193
0.0431612
0.0432081
0.0431461
0.0444002
0.0443006
0.0441964
0.0446379
0.0446239
0.0448411
0.0447278
0.0446553
0.0449042
0.0467396
0.0465024
0.0472524
0.0471187
0.0479224
0.045949
0.045409
0.0461483
0.0457206
0.0441175
0.044894
0.0452247
0.0450103
0.0456729
0.0466352
0.0466311
0.0464013
0.0460896
0.0468457
0.0467663
0.0460479
0.0455976
0.047436
0.047004
0.0465238
0.0463359
0.0461679
0.0476811
0.0467315
0.0469353
0.0488381
0.049479
0.0477381
0.0483651
0.0484519
0.0486405
0.0493324
0.0486281
0.0485473
0.048501
0.049139
0.0493455
0.0491354
0.0492353
0.0496268
0.0514259
0.0503461
0.0501382
0.0494456
0.0503855
0.0505002
0.0499666
0.0508175
0.0518563
0.0530553
0.0521486
0.0530095
0.0543888
0.0557735
0.0557292
0.0554757
0.0551331
0.0562446
0.0554893
0.0552158
0.0548832
0.0555735
0.0546629
0.0544591
0.0554724
0.0570455
0.0547936
0.055114
0.0556095
0.0547912
0.0541284
0.0554411
0.0562856
0.0553501
0.0554328
0.0580797
0.0553365
0.0560844
0.0555086
0.056164
0.0571797
0.0571704
0.057528
0.0577996
0.0579033
0.0585022
0.0587316
0.0595152
0.062273
0.0604844
0.0608492
0.0615885
0.0611393
0.0603144
0.0589285
0.059222
0.0599482
0.0600233
0.0597861
0.060672
0.0629816
0.0611267
0.0613692
0.062207
0.0612013
0.0611196
0.0618362
0.0629041
0.0626564
0.0639954
0.0630469
0.0632229
0.0619144
0.0595703
0.0585635
0.0586631
0.0595193
0.0599134
0.0604236
0.0609643
0.0616446
0.0621448
0.0622218
0.0639279
0.0642121
0.0633354
0.0632298
0.0632114
0.0622518
0.0631804
0.0635314
0.0640535
0.0664649
0.0657377
0.0639408
0.063283
0.067214
0.0625517
0.0617468
0.060298
0.0604537
0.0626299
0.0605624
0.060576
0.0598953
0.0600007
0.0599079
0.0718422
0.059958
0.0603478
0.060554
0.060626
0.0605781
0.0599785
0.0602443
0.0622954
0.0603726
0.0604851
0.059828
0.0600462
0.0594478
0.0600939
0.0609121
0.0612185
0.0642216
0.0631044
0.0632596
0.0607619
0.060256
0.0595307
0.0599563
0.0593803
0.0598388
0.0609453
0.0599141
0.0603249
0.0604177
0.0614579
0.0616558
0.0612845
0.0619986
0.0628552
0.0622206
0.0611534
0.0617523
0.0607157
0.0597103
0.0591006
0.059232
0.0588057
0.0590961
0.0593894
0.0592163
0.0584068
0.059164
0.0592432
0.0586298
0.0591345
0.058342
0.0612738
0.0597131
0.0590961
0.0605154
0.0607429
0.0610528
0.0609152
0.0620637
0.0598536
0.0602388
0.0609322
0.0614679
0.0611944
0.0617437
0.0638406
0.0644493
0.0641913
0.0647616
0.0641527
0.0637424
0.0636253
0.0638669
0.0623415
0.0625823
0.0621488
0.0616097
0.0612516
0.0610414
0.0605724
0.0609016
0.0617156
0.0574081
0.0576239
0.0592117
0.0580575
0.0558815
0.0559971
0.0559988
0.0553257
0.0554047
0.0573595
0.0553944
0.0559156
0.0553377
0.0571647
0.0552876
0.0546219
0.0541594
0.0547659
0.0564821
0.0556042
0.0546808
0.0548522
0.0548854
0.0554371
0.056689
0.0558009
0.0571084
0.0568097
0.0571716
0.0567603
0.0561378
0.0560794
0.0565588
0.0562673
0.0566905
0.0571742
0.0570798
0.0572913
0.0591257
0.0595665
0.0592048
0.0580158
0.0664585
0.060123
0.0580814
0.0575554
0.0571878
0.0576949
0.0575886
0.0580893
0.0576534
0.0627677
0.0588257
0.0593665
0.0591967
0.0576143
0.0568852
0.0579476
0.0607436
0.0593863
0.0588686
0.0584989
0.0580168
0.0575283
0.0591478
0.0579567
0.0581291
0.0585821
0.0604701
0.0613203
0.0613294
0.0606148
0.0601034
0.0628598
0.0605924
0.0604246
0.0604646
0.0622668
0.0600035
0.0598016
0.060061
0.059993
0.0598435
0.0593333
0.0582924
0.0591192
0.0595322
0.060972
0.0593724
0.0596545
0.0596664
0.0613294
0.0614526
0.062814
0.0644226
0.0662522
0.0649471
0.0645287
0.0647454
0.0651956
0.0656993
0.0654986
0.0646334
0.0640821
0.0640628
0.0635955
0.0652671
0.0628817
0.0613458
0.0637009
0.0628741
0.0624766
0.0622795
0.0620556
0.0606775
0.0606115
0.0614986
0.0615883
0.0620971
0.0620322
0.0619404
0.0621898
0.0638599
0.0616882
0.0611024
0.0610418
0.0610805
0.0606585
0.0608041
0.0610175
0.0616097
0.0617757
0.0625217
0.0635574
0.0625939
0.0622911
0.0623109
0.0633032
0.0659449
0.0650914
0.0644112
0.0627074
0.0623989
0.0620012
0.0633044
0.0635822
0.0636756
0.0634127
0.0635362
0.0651808
0.0658123
0.065243
0.0660346
0.0665998
0.0655589
0.0668426
0.0696192
0.0690124
0.0698657
0.0716629
0.0720551
0.0731275
0.0729306
0.0660243
0.0632329
0.0619993
0.0627904
0.063592
0.0622077
0.0646374
0.0673356
0.0633249
0.0631366
0.0625043
0.0620215
0.0621393
0.0627861
0.0654688
0.0649319
0.0658479
0.0662243
0.0663464
0.065891
0.0666361
0.066061
0.0678363
0.0656886
0.0653737
0.0659013
0.0665205
0.0665407
0.0677142
0.0661647
0.0656819
0.0657949
0.0655172
0.0661535
0.0667264
0.0661952
0.0661016
0.0681515
0.0682881
0.0650012
0.0650325
0.0650072
0.0651555
0.0649171
0.0647082
0.0643215
0.0653341
0.0650649
0.0648541
0.0644023
0.0656199
0.0644073
0.0656035
0.0659935
0.0657756
0.0658603
0.0667396
0.066577
0.0664802
0.0672495
0.0664411
0.0663662
0.0657277
0.0651455
0.0648756
0.0654492
0.065315
0.0653133
0.067802
0.0683615
0.065423
0.0652144
0.0655432
0.0662973
0.0660422
0.0670342
0.0698295
0.071465
0.0698063
0.067637
0.0675652
0.0660529
0.0667839
0.0659621
0.0656068
0.0642126
0.0635984
0.0633733
0.0634675
0.0637686
0.0633335
0.0664327
0.0655773
0.0668092
0.0667219
0.0661964
0.0662866
0.0667825
0.0663877
0.068063
0.0678592
0.0656083
0.0652156
0.0660288
0.0655293
0.0652227
0.0657852
0.0650175
0.0643809
0.0642333
0.0651035
0.0640981
0.0641408
0.0643973
0.0651262
0.0642049
0.0633993
0.0635579
0.0642879
0.0640905
0.0635049
0.0638733
0.0628178
0.0631063
0.0627542
0.0630209
0.0641274
0.0653505
0.0668557
0.0656247
0.0670526
0.0697844
0.0660229
0.0663843
0.066473
0.0666752
0.0670981
0.0675669
0.0685151
0.0697203
0.0712929
0.0687056
0.0688908
0.0688901
0.0697827
0.0707772
0.0709946
0.0714211
0.0727291
0.0729358
0.0734599
0.0744822
0.0765786
0.0752051
0.0749624
0.0749202
0.0769134
0.0748899
0.0748639
0.0761881
0.0754673
0.0724666
0.070797
0.069639
0.0697918
0.0685084
0.0686696
0.0686491
0.0692015
0.0697916
0.0681403
0.0696626
0.0695825
0.0696805
0.0694273
0.0689952
0.0695863
0.0683181
0.0688863
0.0686071
0.0679052
0.0679159
0.0674186
0.0670173
0.0689092
0.0681646
0.0670457
0.0683546
0.0681953
0.0723712
0.0685356
0.0677197
0.0672374
0.0667865
0.0675707
0.0673633
0.068954
0.067229
0.0672619
0.0671611
0.0661938
0.0675232
0.0654638
0.0663066
0.0666466
0.0665784
0.0671554
0.0669982
0.0654662
0.0654776
0.0645027
0.0605891
0.0606923
0.0601447
0.0653734
0.0614045
0.0600476
0.0605481
0.0604043
0.0612042
0.0652547
0.0628934
0.0612047
0.0605273
0.0608418
0.0615997
0.0616188
0.0632682
0.0618732
0.0612574
0.0606091
0.0615904
0.0602624
0.0595529
0.0584719
0.058111
0.0586448
0.0594049
0.0601478
0.0594389
0.0602701
0.0596702
0.0599098
0.0594225
0.0603311
0.0597665
0.0604844
0.0633159
0.0602856
0.0595572
0.0597317
0.0598748
0.0605524
0.0624197
0.0648751
0.0624516
0.0618243
0.0620492
0.0618286
0.062135
0.0635951
0.0619922
0.0674543
0.0631521
0.0630717
0.0638964
0.0643129
0.0642681
0.0634468
0.0647805
0.065186
0.0636344
0.0640686
0.0644658
0.0634222
0.0621746
0.0627379
0.0631413
0.0646803
0.0632489
0.0617354
0.0613914
0.060585
0.0602884
0.0606914
0.0597832
0.0631518
0.0619214
0.0603979
0.0614734
0.061424
0.0623028
0.0611253
0.0615194
0.0609412
0.0607455
0.0603569
0.0608037
0.0607226
0.0624104
0.0621145
0.0623538
0.0614524
0.060106
0.0604556
0.061115
0.0587852
0.0577052
0.0575368
0.0580885
0.0580404
0.059612
0.0579343
0.0573883
0.0566342
0.0572803
0.0573008
0.0567102
0.0575662
0.0576563
0.0611696
0.0605655
0.0583978
0.0585835
0.0604451
0.061168
0.0619934
0.0613735
0.0602589
0.0603995
0.0606213
0.0601325
0.0605276
0.0612187
0.0615103
0.0614195
0.0620749
0.0612526
0.0618076
0.062047
0.0616174
0.0619636
0.0620301
0.0619822
0.0652635
0.0629463
0.0618467
0.0634923
0.0634747
0.0635924
0.0638213
0.0628843
0.0632703
0.067405
0.0667536
0.0657446
0.0664966
0.0655005
0.0644782
0.0641017
0.0644908
0.064491
0.0649784
0.0650795
0.0648139
0.0642409
0.0634995
0.0638449
0.0628436
0.0630419
0.0626771
0.0627694
0.063314
0.0626054
0.0625401
0.0633135
0.0625749
0.0615449
0.0618887
0.0623622
0.0627639
0.0629244
0.0629153
0.0622592
0.0625813
0.066385
0.0648346
0.0649352
0.0636177
0.0636942
0.0633655
0.064364
0.0635066
0.0638199
0.0641944
0.0631361
0.0630643
0.0622818
0.0628905
0.062938
0.0660968
0.0637786
0.0636148
0.0635407
0.0647411
0.0643373
0.0656083
0.063133
0.0630136
0.0626919
0.062887
0.062542
0.0632472
