1 0 0 0 0 0 1
-9.15505093211 7.44975008801 -9.74835285831 0 0 0 1
3.58607102013 9.24721337977 -8.41736429339 0 0 0 1
7.09578927817 3.85065473555 3.97326452566 0 0 0 1
5.85669977747 -8.62501952914 4.49521442737 0 0 0 1
-6.49041727247 3.47036410687 7.69590971211 0 0 0 1
-5.10633855507 -2.15117144571 0.262815193592 0 0 0 1
-1.51158982846 -6.38070070084 -8.20047881822 0 0 0 1
-4.86780663824 2.87537019416 -6.5646287321 0 0 0 1
4.72882693678 -5.21275677304 8.34338493968 0 0 0 1
-0.514855868223 -2.14604140959 -3.06960622966 0 0 0 1
1.11161814355 4.60201404071 -7.98885385945 0 0 0 1
1.99659482037 -8.02001393303 2.42460248807 0 0 0 1
1.9396343145 -4.96998177494 2.93582100824 0 0 0 1
2.57315867563 0.638552256338 2.22646012865 0 0 0 1
3.92802198882 9.72139829988 9.79913941744 0 0 0 1
8.70262512234 1.45085073151 -3.26156019253 0 0 0 1
8.39388900981 -3.79301045752 -7.59887044054 0 0 0 1
6.69079693295 7.04849598094 -4.10426986214 0 0 0 1
1.06180407936 6.32324476823 -8.55171512281 0 0 0 1
-5.09723978478 4.66412537857 9.95044802641 0 0 0 1
-1.26270185982 0.900477304254 -7.86493852851 0 0 0 1
2.81730708561 4.93236107401 -0.445377180594 0 0 0 1
0.00258188781621 -4.10589366733 -5.14076036296 0 0 0 1
8.7708036102 2.27043242528 7.07197064093 0 0 0 1
-9.02614966653 6.2106961674 1.28554510052 0 0 0 1
7.48942799816 4.22723300047 2.94294760363 0 0 0 1
2.05042135808 0.164991342426 -6.52505946671 0 0 0 1
8.19724443347 7.80917223051 6.17813617188 0 0 0 1
-7.86760746667 -2.79192756819 -3.04603750749 0 0 0 1
-2.32958914392 -3.39155925146 7.12183416587 0 0 0 1
8.43690326562 -5.92804808142 -6.70421802305 0 0 0 1
5.41090389836 7.38251281902 -9.06228505841 0 0 0 1
-8.81589342753 -5.18446056976 0.579003590562 0 0 0 1
-0.734285852564 -7.62319886957 9.01520748622 0 0 0 1
-3.57287710491 9.01038589213 8.32835295475 0 0 0 1
-4.42869847569 2.47988687318 -7.74271784853 0 0 0 1
-2.47909040806 4.83294174196 2.96810287434 0 0 0 1
9.36572871423 -2.3766007824 7.73259742366 0 0 0 1
-5.27425637165 6.90824628746 0.438499676451 0 0 0 1
8.12789469991 -0.727168105202 -0.000325908938667 0 0 0 1
9.70321420746 8.6696251508 -2.70268623959 0 0 0 1
-1.30672010279 5.14436664502 -9.80994572932 0 0 0 1
-8.09884200482 1.31007549452 -0.934319588702 0 0 0 1
-0.349839867321 7.12406223418 1.76578840369 0 0 0 1
2.03465515492 -3.22364191638 2.51898307768 0 0 0 1
-9.04587852726 -4.26388499904 3.37354832629 0 0 0 1
3.46820968544 4.8563946003 4.59417322505 0 0 0 1
8.45632744635 6.32570124237 8.74041970357 0 0 0 1
7.44012182481 8.62413832832 -2.23623713681 0 0 0 1
-0.305126368545 2.33745893062 -2.57882568439 0 0 0 1
-7.39263935851 -8.3438065974 -1.22211318402 0 0 0 1
-7.61172485074 -2.2902534695 2.70645901313 0 0 0 1
-8.21006424586 -5.94028110163 9.71799204257 0 0 0 1
-1.07290460549 3.63917124938 4.69387741793 0 0 0 1
-7.76204071437 9.3745659811 -4.11557203658 0 0 0 1
9.51771194895 -0.481141187278 1.53407719015 0 0 0 1
-4.05626977528 2.50604941974 -8.81928600671 0 0 0 1
-6.68299730536 -4.56136632506 7.57003936485 0 0 0 1
-5.7180778984 7.1684553587 3.89188664175 0 0 0 1
3.16258373068 9.81017748515 -8.29287028657 0 0 0 1
-8.35736848696 3.44212960196 -3.20377682684 0 0 0 1
-7.85646096895 -4.48746796506 5.45228144204 0 0 0 1
6.69145716887 -1.54656112224 -2.12663791917 0 0 0 1
1.37494144002 -7.35899881061 -0.0152824853382 0 0 0 1
8.12042383774 1.13385720112 5.29360895972 0 0 0 1
-1.775687553 -9.32143992603 -1.47185915657 0 0 0 1
2.27890057119 7.65783037555 5.84161523832 0 0 0 1
3.55757248047 -1.9381447638 -6.85304289562 0 0 0 1
-8.77220178785 9.39610930024 4.18236182216 0 0 0 1
3.3304073796 -4.29759676033 3.01302559718 0 0 0 1
9.07429788118 7.70734004643 -8.10080905899 0 0 0 1
-4.05202724752 2.12728343739 -1.818879111 0 0 0 1
-7.59334625341 9.92146977665 -9.69090548133 0 0 0 1
-5.61444992056 -2.03962660627 -5.9556422542 0 0 0 1
5.26206908702 -1.42758317548 -4.70809443083 0 0 0 1
-0.8727964242 8.50387180893 -3.09386579017 0 0 0 1
0.174059092343 6.36063909783 7.25381236654 0 0 0 1
6.3504295939 2.70766907816 4.95650543684 0 0 0 1
-7.63503396179 1.92278325468 -8.69118286713 0 0 0 1
8.38056976598 -1.19744529287 0.303627285204 0 0 0 1
0.581259685802 -2.48306512477 -1.41809430359 0 0 0 1
-3.89289297879 5.15004280465 9.34639166253 0 0 0 1
-2.52380200022 -7.69389172955 9.3775017604 0 0 0 1
3.74682566805 -6.62930079783 2.07868310792 0 0 0 1
-8.94361920278 -7.33537062747 7.13840890398 0 0 0 1
-6.01442886291 -3.13626420758 -9.61203583327 0 0 0 1
-2.18174948838 4.2824182743 7.18032014279 0 0 0 1
9.29383816795 -4.02601004601 -3.29788263451 0 0 0 1
4.92879701182 2.48540109674 -6.75499133101 0 0 0 1
-5.38251591501 -8.97188914787 -6.90993530428 0 0 0 1
0.139577827812 6.22532097247 -1.43328946709 0 0 0 1
-8.10691891264 4.95254623219 5.30660271856 0 0 0 1
-5.81344571255 -1.85680450343 2.45969607529 0 0 0 1
-4.54866214805 1.52934731715 7.09766416077 0 0 0 1
-4.22277009972 -1.32589737841 3.96251350424 0 0 0 1
-2.15509832204 -8.50375997525 6.77320688472 0 0 0 1
-7.12701001239 -6.62429305436 2.86724423739 0 0 0 1
-3.06428081886 -7.72327775911 -5.62747249055 0 0 0 1
-2.08375935479 -3.97440050614 2.60330386089 0 0 0 1
9.38679639571 5.0093576077 -6.7379512261 0 0 0 1
-4.07465398229 -3.76732591481 -7.10064962173 0 0 0 1
8.88449317656 7.04625892518 -5.10990195984 0 0 0 1
-6.144313005 3.49489683667 -6.22329583185 0 0 0 1
-1.3325457463 -6.88019778472 9.51560758288 0 0 0 1
-8.58368785353 -7.90498609848 -4.09172637801 0 0 0 1
5.41615636853 2.44416882917 9.45296132242 0 0 0 1
-8.83224861624 2.10447381157 5.76171095328 0 0 0 1
0.134644487769 -7.65240176284 -8.62563738745 0 0 0 1
-6.30726883857 -9.12346969867 -7.47980281616 0 0 0 1
-6.74729499681 3.26656190321 -3.27775529 0 0 0 1
-1.30820255428 -3.99766650251 -7.03864034608 0 0 0 1
4.13646542179 2.32000120337 8.43032168337 0 0 0 1
-8.54104851407 -3.6669683236 9.89882808467 0 0 0 1
-7.37101937078 2.17448119899 8.09982717162 0 0 0 1
8.77162023348 -7.45744552845 2.36158604292 0 0 0 1
3.69916970856 5.67165442529 -8.5276016697 0 0 0 1
-8.1018603843 3.55359121334 6.66454714469 0 0 0 1
-9.36035503616 -3.39150326474 4.24498005881 0 0 0 1
3.76422640701 -9.67751427327 8.56078187531 0 0 0 1
-6.93999051239 3.62285782445 -9.25769692232 0 0 0 1
7.70926482142 2.08845857017 5.0550305106 0 0 0 1
-7.89490541278 0.211180308893 -7.54270107974 0 0 0 1
-1.04506783833 -8.65552449424 -0.206549337535 0 0 0 1
-5.9648316732 -0.134912279042 2.4059840875 0 0 0 1
1.87102787822 5.51733393852 3.16979154354 0 0 0 1
4.87162384357 -0.884907309841 -6.54262672268 0 0 0 1
7.64794293479 5.74375848686 8.86507355221 0 0 0 1
5.37079984239 5.78417738685 1.8353414827 0 0 0 1
-9.74805571773 -5.85389204549 -9.84656603539 0 0 0 1
0.316960968139 0.372328980627 9.83990343268 0 0 0 1
7.53350048002 -6.08513183846 0.0895718665409 0 0 0 1
6.96095792994 -8.63319728062 6.71965762524 0 0 0 1
5.70108260612 3.40972977616 -4.82918463739 0 0 0 1
-1.41154850065 5.8577540369 1.73971188261 0 0 0 1
-4.43097614808 -7.93524503856 6.69013621281 0 0 0 1
3.7840136307 8.5529873899 2.73013669789 0 0 0 1
1.86905081636 4.59592256903 -1.74379805758 0 0 0 1
7.35229713368 -7.59998707841 -9.49574467976 0 0 0 1
6.21916574884 -9.7857111734 -8.43305751833 0 0 0 1
-1.51445512668 -6.40653772968 8.99427813103 0 0 0 1
0.601398528289 9.05141852836 -0.951386408934 0 0 0 1
4.61433471411 4.57345186657 -3.88826462327 0 0 0 1
-7.29138059923 -7.63727780382 -9.76704882898 0 0 0 1
1.15813765331 4.82561802848 -3.54091088548 0 0 0 1
4.6276136027 -6.64051213869 3.55155443875 0 0 0 1
-1.40713252979 -4.69391230902 8.73923772266 0 0 0 1
-8.00746962016 -2.47554186576 -3.837787826 0 0 0 1
-9.36170629627 -4.42234731893 -1.45935352472 0 0 0 1
8.41463002851 -7.40370660564 1.90075296502 0 0 0 1
-9.70653298403 -8.46922360783 -4.9679520134 0 0 0 1
-2.65780103687 -8.53077013902 -3.56924852422 0 0 0 1
0.919382132968 -3.32550730628 3.70749513014 0 0 0 1
-5.91522270581 -6.1975176602 4.69280522437 0 0 0 1
3.26082087782 -7.08318617001 -6.63615601497 0 0 0 1
-7.484406003 8.39862345519 1.91446735084 0 0 0 1
2.21428523266 -4.31045571624 -0.0349120487933 0 0 0 1
-7.0190946226 -1.42030689685 1.30325389545 0 0 0 1
3.42644759115 -5.207582567 4.9030564445 0 0 0 1
9.71496235054 7.72506738495 -9.35323195986 0 0 0 1
9.21738072585 -9.21584874263 -4.70923680427 0 0 0 1
0.153017177812 3.11853055597 -2.19569212191 0 0 0 1
6.22872155407 1.04158010396 8.62114700709 0 0 0 1
-7.30250501 5.22791712529 2.50391965417 0 0 0 1
-0.948663199584 5.87533173132 4.66038351968 0 0 0 1
-8.17620333518 8.06476189936 -2.1822439021 0 0 0 1
-9.37997291322 -2.19288996994 -0.789318830295 0 0 0 1
3.07235540296 -9.4809760511 8.98098204885 0 0 0 1
-0.743099762833 0.827354364172 9.3896157095 0 0 0 1
6.18013212577 7.93370264046 8.90182819144 0 0 0 1
-3.57475345205 5.41306938137 9.14860789467 0 0 0 1
1.13886578398 -4.74815268941 6.05984907763 0 0 0 1
-8.62384175197 7.82086132554 0.036159283813 0 0 0 1
-4.0121254778 1.99399109276 8.5152675451 0 0 0 1
-1.64853573678 -5.72115563455 -6.85814141608 0 0 0 1
0.861226839951 -5.43611944021 -6.53388733747 0 0 0 1
-0.224532310655 -5.64769369133 -9.95907775853 0 0 0 1
6.16666659449 -9.52900562069 2.06970032095 0 0 0 1
-7.91608111558 6.88885508854 5.81769959391 0 0 0 1
8.09784800259 -9.36897634768 7.22589637971 0 0 0 1
9.89460199372 -1.27822261484 4.95633015292 0 0 0 1
-6.48209890087 -6.3921519358 -8.16136560904 0 0 0 1
8.90865057855 3.47912241442 6.95913262686 0 0 0 1
0.466576891024 3.11162253929 1.61534976737 0 0 0 1
3.18721454241 -0.465509387492 6.05357698157 0 0 0 1
-3.45848058764 -1.07484850553 8.64963416846 0 0 0 1
2.39675687893 0.248021675311 7.32237706928 0 0 0 1
-3.90051409571 -4.30960828412 7.43034301654 0 0 0 1
-6.99724256626 5.11701958424 -9.95784970349 0 0 0 1
9.31775360553 -6.5326146774 5.65234073781 0 0 0 1
3.30359673085 9.50996268454 -0.776238201009 0 0 0 1
3.90006108428 6.18173282684 -8.72616733641 0 0 0 1
-9.11841785449 4.17324141215 -5.90159485638 0 0 0 1
-3.53073820027 -9.61808267299 -8.21715024772 0 0 0 1
2.83891101732 1.06466455928 2.9683121244 0 0 0 1
-8.29842297258 8.62592584019 -2.55637686899 0 0 0 1
0.84051978552 -6.008291579 8.07663485112 0 0 0 1
-1.46819064424 9.38448741628 -3.72845168448 0 0 0 1
9.00837402792 -2.67041282479 6.17769013901 0 0 0 1
-9.01957978567 6.82856774204 -0.663368376936 0 0 0 1
4.04801327005 0.0750450705148 2.32269697892 0 0 0 1
-5.29030277967 3.12525042449 4.37805417081 0 0 0 1
0.484951422341 -5.21552324514 9.72852617754 0 0 0 1
0.894990074642 -1.48174345531 4.4935785487 0 0 0 1
0.679128663452 7.93673256284 -5.92315239722 0 0 0 1
-0.278192211473 -9.61559553811 3.34125755202 0 0 0 1
-9.73304409294 7.36266770526 -3.87036031209 0 0 0 1
4.1914857489 9.29603554765 -1.38511393498 0 0 0 1
-5.76075698881 -3.97344322634 6.02465405408 0 0 0 1
2.35231951096 -2.35113977393 -3.8371946866 0 0 0 1
2.53840725968 7.69843120035 -8.35379649991 0 0 0 1
3.80873560395 5.02091065941 9.31144112722 0 0 0 1
-1.10357247605 2.25777530874 7.80328167015 0 0 0 1
1.11599518154 9.2591040666 1.58073063247 0 0 0 1
-9.71325924212 2.92668532137 3.58219203901 0 0 0 1
-6.75526986046 -1.86864869666 -9.15559108853 0 0 0 1
3.04761353543 1.60965337379 -7.75700370741 0 0 0 1
2.29942566991 3.6011083915 -5.16362818978 0 0 0 1
-7.31908906929 5.21810277016 -3.17852045995 0 0 0 1
4.20091828155 5.22156278942 2.47245047917 0 0 0 1
0.175323968322 4.33752762992 7.83618993786 0 0 0 1
-4.08774608761 3.75332137017 3.46343343373 0 0 0 1
6.88364799319 4.33960392719 -3.9244930455 0 0 0 1
1.78774749635 -4.30410102008 -3.66007198859 0 0 0 1
0.438143702889 2.06953260153 -9.72703659406 0 0 0 1
1.29805380493 -4.2349083232 1.34023500978 0 0 0 1
-4.32806727075 7.65027614762 -6.41741987397 0 0 0 1
-6.96751589535 9.50208179773 -0.0356479021954 0 0 0 1
7.32169850622 -0.560309863476 0.809683860488 0 0 0 1
9.39837519676 -6.95910753286 5.33229071238 0 0 0 1
0.802649691144 -9.92705809202 0.881062767942 0 0 0 1
-3.4796060004 9.82087354819 1.88767578483 0 0 0 1
9.90183798576 -1.65478704079 9.46143621048 0 0 0 1
3.76252427722 2.80854237095 8.610387758 0 0 0 1
0.984156588506 9.57860016204 2.01509762774 0 0 0 1
3.46527387527 6.06291597055 -7.10807664722 0 0 0 1
2.97039566636 0.851917599025 -1.56781042266 0 0 0 1
8.64204410122 -8.35619785147 -6.43466392277 0 0 0 1
-2.525177639 1.96902943872 -7.20534961815 0 0 0 1
3.13004526972 -9.73755256431 5.57802254129 0 0 0 1
8.9914846315 -4.40356916124 -2.82543822003 0 0 0 1
3.09044389381 2.50633015122 -7.8931657841 0 0 0 1
-7.43811521337 8.528535708 -2.94839461495 0 0 0 1
-8.89793611363 -2.48778546312 9.18611485892 0 0 0 1
6.32904024692 -0.710687451767 -6.21517274199 0 0 0 1
6.56219074468 7.01434944898 -0.865643993327 0 0 0 1
-0.214173530133 -2.18969774859 7.60002957872 0 0 0 1
4.21583075783 -7.6504688726 8.76192763893 0 0 0 1
7.08322996588 1.63434736053 -1.98199964562 0 0 0 1
-0.907379467829 2.49279675394 -6.758509738 0 0 0 1
-0.221592681529 -6.25139849035 1.86129794963 0 0 0 1
-2.69136855622 9.75054141026 3.60975370246 0 0 0 1
-3.80812631316 7.16229026543 -8.70805038227 0 0 0 1
-6.54233021004 9.90849216327 -1.79433210971 0 0 0 1
1.0565005889 -3.07177771097 8.73760261191 0 0 0 1
6.64952050931 -8.18967847603 -1.17812031209 0 0 0 1
4.42456817074 3.9989156097 2.67951618658 0 0 0 1
-7.65771325589 8.0856981497 0.142699142206 0 0 0 1
8.53129813266 2.65515610351 -9.94398772645 0 0 0 1
2.26898432804 -6.35276971196 -9.72917500176 0 0 0 1
5.75683352295 8.93598432548 7.92962016374 0 0 0 1
-8.38480154802 2.00198160893 -2.82268770014 0 0 0 1
-7.13415954867 -5.72713931666 8.67245761913 0 0 0 1
-8.90353877093 -9.70270300234 7.65865977286 0 0 0 1
8.83098812827 -7.7116752333 5.22504534065 0 0 0 1
1.07112825249 1.07247237159 6.49794636951 0 0 0 1
-5.14996875394 -7.45685837579 -5.9989891005 0 0 0 1
-3.82361945939 4.31675610745 -6.49027021681 0 0 0 1
4.45050670454 -0.183478719082 3.80269423669 0 0 0 1
-1.27515721347 3.96468986456 -4.94134404715 0 0 0 1
5.28130338209 0.793058558453 -1.19303926733 0 0 0 1
0.399723962128 8.60043570363 4.59721998574 0 0 0 1
5.80918103581 -4.347400355 -8.89009358933 0 0 0 1
-1.30100591847 -0.756499264613 -7.42865374665 0 0 0 1
-9.87267688641 2.14743219285 7.10885867954 0 0 0 1
-4.89330838294 -6.49595980462 7.32793715631 0 0 0 1
6.86070369076 0.392404656674 8.55523777389 0 0 0 1
4.18606872137 3.58147846731 3.32039797862 0 0 0 1
-6.98836373746 -4.05906132878 -8.85008999858 0 0 0 1
-3.04451117036 0.192300006729 6.50620823694 0 0 0 1
9.83602575495 1.99103401686 -5.46554259785 0 0 0 1
8.25197583066 -8.90445132112 -6.21591425852 0 0 0 1
-3.16085692499 -2.97332440807 4.90494438075 0 0 0 1
-0.831580970627 1.61629959217 -3.0649078233 0 0 0 1
-9.91477238317 -4.90480814518 -4.88822438952 0 0 0 1
5.95634768144 2.70134959104 7.30183536054 0 0 0 1
3.02545509274 0.156963054854 -8.37132661406 0 0 0 1
7.92840184053 7.10660010102 -5.5935591431 0 0 0 1
-6.65659979377 -8.73271714157 4.04715680668 0 0 0 1
-2.88751733178 3.58637304963 7.15886305863 0 0 0 1
6.52596283437 -9.70176648521 -9.82716636921 0 0 0 1
0.0286954312857 -2.22994559662 -6.39756863547 0 0 0 1
3.51029037493 -0.895171405593 6.34470356767 0 0 0 1
-6.2961800075 -0.714552156672 3.36376143698 0 0 0 1
6.08715906649 -6.67035589263 2.24067345939 0 0 0 1
-2.72032807556 -6.43014586301 1.2632185841 0 0 0 1
2.13691741516 -7.4205033657 -4.44045630729 0 0 0 1
-4.91165759035 6.70831516861 4.45219258324 0 0 0 1
5.92298240974 2.75309268442 -1.84585722112 0 0 0 1
-4.4326120165 6.15669260926 -0.597061690055 0 0 0 1
-1.88226096058 2.34879386178 3.44475037102 0 0 0 1
-0.670635093761 9.27964654489 -0.429763326674 0 0 0 1
1.10344079601 1.3654767688 9.71545577655 0 0 0 1
7.78249938794 0.502333231829 0.379616278769 0 0 0 1
-4.51173660816 9.67055912488 -8.69307605375 0 0 0 1
-2.83667244067 -7.69182194135 9.6610881357 0 0 0 1
-8.34253533798 5.27049506284 7.28070144551 0 0 0 1
8.76260926719 2.05265156479 9.36191816817 0 0 0 1
6.85012434997 -5.00718996205 -8.17517634685 0 0 0 1
-4.47893165378 -0.052516402121 4.81193908386 0 0 0 1
4.14815369833 -4.50204828236 7.02845647022 0 0 0 1
-3.94146016138 6.77669187073 -0.540296278177 0 0 0 1
-2.1071388382 -0.228044465991 8.38900120792 0 0 0 1
-4.95265606762 -6.80414004285 -1.22262742917 0 0 0 1
0.936001725596 2.08166715828 1.63465254946 0 0 0 1
4.29171087897 -8.74175574445 4.98558374413 0 0 0 1
3.51227464492 8.64141785113 3.43788914217 0 0 0 1
8.60195976156 -3.61412105551 5.82212317945 0 0 0 1
6.29611649673 3.35986135252 1.94771344287 0 0 0 1
-7.74102802628 7.94821567575 -0.367792222623 0 0 0 1
-3.81248233438 6.44969583405 -4.60710880836 0 0 0 1
3.82160435256 4.10579345394 -2.0256286264 0 0 0 1
4.93164207948 2.90311164375 -2.86952004375 0 0 0 1
7.84696031596 3.76133400976 6.21175577434 0 0 0 1
2.27988319301 5.69236406804 8.25902775216 0 0 0 1
-0.357466479369 8.45677408981 7.07729264995 0 0 0 1
8.08794204777 2.66641207655 -2.72917999536 0 0 0 1
3.13264202491 4.72908598999 7.22513982192 0 0 0 1
7.29078868979 -1.57711488228 4.76835504921 0 0 0 1
2.50677991586 2.55345191436 5.14565205505 0 0 0 1
9.75755435081 -8.32199547298 2.77534164997 0 0 0 1
4.6775486513 -5.13989903328 -9.74457102385 0 0 0 1
6.34113701001 -4.13889099109 -2.91052505485 0 0 0 1
-7.18289890163 -8.67008204342 5.99025198016 0 0 0 1
-5.23764096433 7.78875777891 5.00681782454 0 0 0 1
4.94360341305 -3.47741117529 -4.29104069187 0 0 0 1
1.83320871986 -8.23951098957 2.52401551769 0 0 0 1
6.9515918981 -3.96003788348 0.980397960739 0 0 0 1
2.40562111923 7.62696646672 3.40540236155 0 0 0 1
9.38799643559 -5.75227075103 -8.96889455073 0 0 0 1
5.30083373914 4.25173989817 -2.29779011721 0 0 0 1
8.60678343224 -2.88036607016 9.3154783484 0 0 0 1
-3.92713128163 -9.94728946675 -9.70120277204 0 0 0 1
-7.53868245969 4.73767369314 -1.25104470682 0 0 0 1
-9.18840468772 7.82758220342 -2.82394726185 0 0 0 1
7.13877406262 2.58161465485 -5.42177571679 0 0 0 1
0.584310853739 -7.10027019424 -1.02733603986 0 0 0 1
-1.01000780085 1.30137627968 2.28736712661 0 0 0 1
-9.06850385606 5.38864109771 1.92154471429 0 0 0 1
-7.95520069066 -2.54386045169 -6.80674761854 0 0 0 1
7.28201983778 -1.84024677543 -1.52296754555 0 0 0 1
-2.72699264773 -2.87622199646 -3.9305786642 0 0 0 1
7.05729417753 -3.18218403924 -3.44759515431 0 0 0 1
2.89598341278 2.1416854812 0.20986197366 0 0 0 1
-7.09838575159 6.64839280633 8.97434756581 0 0 0 1
-0.708228342929 -4.69283892954 -0.0895889367718 0 0 0 1
-4.7050662262 -5.95405818748 -2.17261001114 0 0 0 1
-4.5134546084 2.9093971876 -8.32921389826 0 0 0 1
2.29520774911 -5.69284139264 -6.91863599593 0 0 0 1
0.596230298312 -7.77423184111 -1.11883070068 0 0 0 1
2.06249208969 4.67097805471 3.32310568414 0 0 0 1
-6.34958037913 2.67923004767 -6.77892444361 0 0 0 1
-8.84452491552 -0.117720112683 -7.81310085946 0 0 0 1
3.42226041241 0.864060840515 7.55747250766 0 0 0 1
-9.35502362886 -5.14682460369 -4.81850560905 0 0 0 1
-0.850238512357 4.81486182203 4.84988812784 0 0 0 1
-5.67575630934 -7.66403477828 7.89918260737 0 0 0 1
5.75349536903 0.663566829871 4.43810213464 0 0 0 1
-2.01631187069 -6.5921921776 -7.95924232142 0 0 0 1
9.21548314695 4.12475789018 -5.93784288638 0 0 0 1
3.61048521339 1.90681831749 2.98168655152 0 0 0 1
-4.53458887646 7.57340125086 0.36861407886 0 0 0 1
-5.02067411075 -5.9906867695 9.73059536132 0 0 0 1
-0.507492832676 9.46222944722 4.75156295055 0 0 0 1
-9.95339775857 -1.52396986404 -4.96519499678 0 0 0 1
2.05862069123 9.65047872665 -9.59623806122 0 0 0 1
6.61522195803 -2.22351457023 7.14402790451 0 0 0 1
-6.30844774843 -6.69565354429 -7.57424585006 0 0 0 1
-8.59161214865 -6.8927974601 6.59423853055 0 0 0 1
-6.89635231823 0.968203394875 -1.16023324472 0 0 0 1
-3.54712902195 9.95505186989 -8.69044524978 0 0 0 1
-6.11653636028 -0.974481103964 -8.60663818258 0 0 0 1
-6.93883120891 1.1390895122 -0.590829678752 0 0 0 1
-4.10822763121 -2.43519450269 -8.93784255701 0 0 0 1
3.23349465382 7.6298056788 -6.66125529837 0 0 0 1
-6.80015061078 -9.11427067249 6.61899875022 0 0 0 1
7.61866459026 -1.8106457345 -6.86221766379 0 0 0 1
6.22847966121 -2.8501545535 6.0127286607 0 0 0 1
3.83977095664 -3.40961410108 -6.42110046076 0 0 0 1
-2.67583597274 3.38465846208 -8.50759035508 0 0 0 1
-4.78206631474 0.89435220581 7.44410700804 0 0 0 1
-1.2578111309 6.47567371955 -8.95478830241 0 0 0 1
1.60865547823 -2.8567961844 -5.39036991078 0 0 0 1
-0.220798792073 1.59337772313 -0.661748334063 0 0 0 1
6.6513041331 9.67849701891 7.42921662705 0 0 0 1
3.57949580951 -8.66653024301 1.82501167448 0 0 0 1
6.44616649925 3.12907809326 -8.8993888688 0 0 0 1
5.83599194071 -4.06681247117 5.0154131092 0 0 0 1
4.40582411916 -0.0947159450908 1.43754967401 0 0 0 1
-8.26743809486 9.32790274513 -5.80509029922 0 0 0 1
7.13957467467 8.72576010837 -0.781647049673 0 0 0 1
0.117418496169 -3.8537344948 -7.21603471578 0 0 0 1
6.3098294221 9.30201694769 -7.58636644396 0 0 0 1
1.34352486287 7.41591072245 8.843635912 0 0 0 1
-7.1959342925 -8.9925354097 -8.28074814559 0 0 0 1
3.73680871265 1.93301458221 -1.95469062226 0 0 0 1
-2.79475630251 5.18409762049 1.29421861302 0 0 0 1
9.86131553053 -4.6182148198 -6.72816926127 0 0 0 1
5.19531663411 8.12132884978 -0.0730625847488 0 0 0 1
-3.93129863765 -9.75888451033 -8.24934808468 0 0 0 1
6.59460039693 -6.99138477794 -5.67485515909 0 0 0 1
3.01462753549 -6.762126282 -7.21112385055 0 0 0 1
3.49648816939 4.84207494201 4.13625850499 0 0 0 1
7.65375448068 -7.88988085228 7.75482297173 0 0 0 1
-5.99178438256 -0.730814134543 8.60870505579 0 0 0 1
0.624037630977 -1.99005585874 -3.5476422658 0 0 0 1
3.08415328697 0.814445141603 -8.48412828998 0 0 0 1
-2.43956627699 -2.86195745618 -9.92642304628 0 0 0 1
-2.96563801689 -5.60712771731 -9.28172613245 0 0 0 1
9.55477606051 -7.02851362648 0.36058748281 0 0 0 1
9.28079552562 8.36458503145 1.48215890752 0 0 0 1
9.19587345821 -1.60383697641 1.45149116299 0 0 0 1
1.52007800329 -3.92291390198 2.33125034909 0 0 0 1
-2.15392715508 -8.5520254927 3.92282382232 0 0 0 1
-1.37725998564 -6.56675137353 -1.09282462668 0 0 0 1
-3.93417613086 -4.64458866809 -9.93518904935 0 0 0 1
-9.99146680191 -4.11695329837 6.70289497189 0 0 0 1
0.0284924022221 0.768891149245 -0.582622683879 0 0 0 1
7.70319711282 -3.22326471922 5.41273076052 0 0 0 1
-5.25581116833 -1.55469031686 3.30524274195 0 0 0 1
5.31479271064 4.61401974151 -0.934796767593 0 0 0 1
6.79720761075 2.60960496111 -5.26111160823 0 0 0 1
-0.714691497035 2.16419311513 -0.517591298051 0 0 0 1
2.41531930404 8.46283152568 1.64591805526 0 0 0 1
-1.16384182601 8.77394213604 -7.43231035576 0 0 0 1
9.90040216226 -1.80479617424 -8.05287542829 0 0 0 1
-4.38799283732 -4.84276847962 -4.25730424914 0 0 0 1
3.39941867794 7.71425277676 5.87768666373 0 0 0 1
3.14770350424 5.63592820907 1.49221255165 0 0 0 1
8.50111913479 -3.03338310229 -8.31724365096 0 0 0 1
-0.64710314658 -1.81747221055 0.133389192968 0 0 0 1
-4.75521229943 1.74972863928 -8.28384663807 0 0 0 1
0.088908580885 1.72613317429 -7.04011294704 0 0 0 1
2.90387374086 -6.77186881256 -3.43991263204 0 0 0 1
-0.758675981617 -8.74889732825 6.6500146173 0 0 0 1
2.1263485452 -8.19072655882 7.57117237175 0 0 0 1
-6.76185007419 7.77423047463 -1.56097198008 0 0 0 1
6.468777902 -1.45872194154 1.10849925205 0 0 0 1
2.41116690748 -3.28010355946 -8.740694602 0 0 0 1
3.67513542604 9.35919217305 3.43472813199 0 0 0 1
-5.76746301014 -5.45946293996 6.55756590985 0 0 0 1
-1.13458338241 -2.17422782032 1.08216458292 0 0 0 1
9.48935527642 0.42042761846 -0.340671124189 0 0 0 1
0.0985696256638 -2.27526938143 -6.54374187 0 0 0 1
-3.54262810059 -9.24710900921 5.77744691654 0 0 0 1
2.5533265995 -4.50636829511 4.34103538764 0 0 0 1
4.81281821537 -1.27200150135 -7.05661822546 0 0 0 1
-6.86437228672 -4.30086959241 1.49730833327 0 0 0 1
-7.40149466272 8.64150716952 -9.90293229417 0 0 0 1
-5.13271936591 -5.89945149919 -6.2333166449 0 0 0 1
-8.29931874476 -6.46333621852 -7.36842425232 0 0 0 1
-8.03914659391 -0.871286913026 3.87881596501 0 0 0 1
-5.61922631094 8.87803202232 8.75463168808 0 0 0 1
-2.61010961585 3.41055679136 1.26685069123 0 0 0 1
-3.74141451233 -1.14536172188 4.61579047851 0 0 0 1
-2.92218763977 1.90079770198 4.39632320173 0 0 0 1
-6.07892157402 6.06126835367 7.31480341987 0 0 0 1
-6.44860924204 -0.962328797289 8.88182497117 0 0 0 1
-7.46593561522 -3.0140786386 -5.74057142246 0 0 0 1
9.57567606851 -0.0181997642312 -3.75771326425 0 0 0 1
-6.51663240743 -0.36479991582 9.57356333129 0 0 0 1
9.19671615911 -6.29360065193 -4.14111333449 0 0 0 1
4.81842380866 6.13985834468 3.39444917085 0 0 0 1
-8.20292366212 4.28950393769 9.17376321415 0 0 0 1
7.30237511691 8.54986721519 4.24527155498 0 0 0 1
0.45562399393 6.86739414299 6.89035190675 0 0 0 1
7.90802773307 2.11271785183 2.61118580988 0 0 0 1
1.66546393517 8.17183352148 2.47277128266 0 0 0 1
2.84423901141 -0.471307873354 -2.33254327986 0 0 0 1
8.28590658835 5.49131355886 -0.251749145815 0 0 0 1
-6.90559951689 6.2685269111 7.74254745926 0 0 0 1
-1.44212317399 6.6442730108 -0.878007021581 0 0 0 1
3.63409504799 1.6258796065 -3.75054219954 0 0 0 1
2.53942668764 5.70624307664 7.10863385172 0 0 0 1
4.58221145845 8.62240875857 -1.33169913754 0 0 0 1
9.88460446161 5.37237424607 0.138810322462 0 0 0 1
0.99896814235 -4.60143513899 -0.546375964749 0 0 0 1
-7.4298086668 -9.53270396395 -9.90248006139 0 0 0 1
9.22868930512 1.78878914144 -7.29912047782 0 0 0 1
-9.50518477451 6.40707760514 6.31565028607 0 0 0 1
-5.46873434603 3.212461093 3.8867670848 0 0 0 1
6.61506003067 5.35203186278 -3.50729155148 0 0 0 1
-9.73752966553 -4.78502168728 8.0789769349 0 0 0 1
-6.28045072443 -2.6695900151 0.0660821826645 0 0 0 1
-7.82932821146 4.65306913412 0.477127020797 0 0 0 1
9.77768184592 9.94824134393 -2.53546761022 0 0 0 1
-4.1289239446 1.12628121289 8.27009355267 0 0 0 1
-9.7003856886 6.81042458493 -5.76296773462 0 0 0 1
-0.775037833927 4.99280563765 -4.79038347973 0 0 0 1
7.56620647934 7.35174763435 9.2124343051 0 0 0 1
-3.48106571854 9.33635922935 9.93505791243 0 0 0 1
-0.836601032074 6.94194600913 3.98837381097 0 0 0 1
4.00816797012 -7.12358828036 -5.20582353467 0 0 0 1
-9.12823782498 -2.88701274703 9.70648410664 0 0 0 1
-0.642886311015 -7.33143200849 -4.0545844619 0 0 0 1
-1.74974904494 2.72122526816 2.38146813244 0 0 0 1
6.99417678151 -0.16231894621 -2.80326521604 0 0 0 1
6.60013630925 -3.36055751722 -9.43911783045 0 0 0 1
-5.30022831472 -5.00081614316 -4.77443133711 0 0 0 1
3.89421607283 -5.43504977256 0.429188970131 0 0 0 1
-3.00325902562 3.16955594033 9.54764536485 0 0 0 1
-9.51025540554 9.76937519996 4.50943085108 0 0 0 1
-1.79686202527 -3.88438195893 1.86012821407 0 0 0 1
8.51789736359 -4.99444303271 7.26372198079 0 0 0 1
8.38591721242 9.28108414433 -5.62616718073 0 0 0 1
-9.84276263235 4.87365268654 3.18420000925 0 0 0 1
1.62323934706 -0.256336303971 5.39371669288 0 0 0 1
0.946057543055 6.62123709044 3.81533639174 0 0 0 1
-8.68745631042 3.63069208316 -1.79093347677 0 0 0 1
5.91626545226 9.3061131772 9.85245519465 0 0 0 1
-7.13790546111 7.28772302337 -8.14287203141 0 0 0 1
-1.68469104376 0.4384457381 8.83111195297 0 0 0 1
-1.07216889025 -3.64761800399 -6.99064500208 0 0 0 1
2.3871433409 6.01338024193 4.141522773 0 0 0 1
-0.889286829037 -0.652772935939 -1.07726160768 0 0 0 1
6.70645544297 -4.27078544359 -9.17642960121 0 0 0 1
-9.69752826658 -9.2195636721 -8.60065079062 0 0 0 1
6.44683586267 2.66643364514 3.34283355936 0 0 0 1
0.641592000621 -5.59870596079 -8.59205908058 0 0 0 1
9.79450873495 5.17248278516 -3.9338805153 0 0 0 1
1.98763554668 2.7846390986 -9.66870242866 0 0 0 1
-4.57686091215 1.86422455276 8.53669864624 0 0 0 1
1.77651786382 7.12078699246 -9.16332064955 0 0 0 1
6.15952360114 -9.8847259972 5.8577951149 0 0 0 1
-6.31093196225 7.8592996432 9.50429131382 0 0 0 1
8.9166334264 4.2988811848 -9.85823029933 0 0 0 1
-4.62130298753 0.382321364322 -1.09088459676 0 0 0 1
6.0686349877 -9.70290680192 -1.49164588297 0 0 0 1
7.40676047568 7.23007006387 -9.54718855012 0 0 0 1
9.71559538123 -0.521446680986 8.34045696298 0 0 0 1
-6.91764717569 -6.34213795368 -7.09835882522 0 0 0 1
-9.77356954198 -4.36477388361 -1.94983690934 0 0 0 1
-5.58568427897 -6.1369543955 -1.41876162985 0 0 0 1
-2.74583627616 -3.81697100156 -8.60225368403 0 0 0 1
2.13791367557 9.89256356738 -7.41091741118 0 0 0 1
5.11747951835 2.00125357384 -3.44898079156 0 0 0 1
1.14942334929 9.10240225574 -1.89970908827 0 0 0 1
9.68725842734 7.26164974966 -3.60617209524 0 0 0 1
-5.97451165292 -8.66736581318 3.41206215302 0 0 0 1
2.90250338806 -5.79605575441 6.23200594311 0 0 0 1
-0.217988291599 -7.78607765425 -0.621359582144 0 0 0 1
6.98675790254 9.24350014424 6.16368114894 0 0 0 1
1.6114879454 8.66088895233 -4.14460816791 0 0 0 1
-5.45994908409 0.644307698406 -4.66382882592 0 0 0 1
-8.58519395001 9.97160807326 8.7867294268 0 0 0 1
-8.82269766833 -9.6275266158 -9.3420846317 0 0 0 1
-9.79510310357 7.0872400605 -4.24090727565 0 0 0 1
-3.70606163975 4.06560881622 4.97051472138 0 0 0 1
-2.60984543253 -7.22013260669 -6.43307825397 0 0 0 1
-0.191362766744 6.82755589692 -4.80704292064 0 0 0 1
5.98302627611 -3.49918572003 4.97588280222 0 0 0 1
-3.15585890113 4.47437683067 -6.94033192203 0 0 0 1
4.45423198149 -7.67409216891 7.94089483695 0 0 0 1
1.22819078697 -5.29989234493 8.85071664202 0 0 0 1
-7.87667139182 -8.35459724477 6.152099909 0 0 0 1
2.19444094671 4.77575615984 7.96725512089 0 0 0 1
-0.503333612913 9.07435267944 0.552549734015 0 0 0 1
3.60568273176 -4.84260962091 -5.05884291223 0 0 0 1
-7.82033421906 3.20535146119 -5.1142326315 0 0 0 1
9.0215498166 -5.82002902789 -1.68954746675 0 0 0 1
8.11612155113 2.94449828099 3.74008979162 0 0 0 1
3.55966466891 -2.28668444267 -7.67201363165 0 0 0 1
-2.04266918877 6.09404827581 7.42818812165 0 0 0 1
8.4750354999 7.1068628201 4.92652682196 0 0 0 1
7.38491958565 -0.602286128963 -3.89589589545 0 0 0 1
8.7178265415 5.19330970742 -0.941786058913 0 0 0 1
-3.28812898937 -8.28659215203 -3.86865737294 0 0 0 1
6.73875396935 -5.60012188122 -0.932566566248 0 0 0 1
-7.06114941533 -9.18020284837 -1.31430350033 0 0 0 1
-6.36767054817 -6.79813984373 -3.13572955459 0 0 0 1
1.51563622193 -4.60683833507 9.81301839657 0 0 0 1
4.41551896307 -9.47205799621 5.49058683842 0 0 0 1
9.97163615537 1.53108456607 -6.69012067923 0 0 0 1
-9.19944970288 -7.65974718843 5.64533695662 0 0 0 1
7.61602838408 -9.82133783026 4.34494342513 0 0 0 1
1.62012484297 -1.15025072504 7.7855157711 0 0 0 1
-9.02183377749 -6.49191710104 7.34693596834 0 0 0 1
6.41710816707 3.39061187054 9.70791171721 0 0 0 1
6.04267026225 6.34375355534 5.27081817392 0 0 0 1
5.99173171103 4.89152705879 3.40418641002 0 0 0 1
3.80217533176 -9.63741511036 1.48822761048 0 0 0 1
7.51120248524 1.14873109691 0.173289568453 0 0 0 1
8.5483829088 2.54752336478 -1.54974411732 0 0 0 1
1.37744484221 4.27218539611 0.818638537606 0 0 0 1
-0.338191386779 -5.97933409031 -3.63186437211 0 0 0 1
6.61809248301 8.68284593321 -9.74740138563 0 0 0 1
5.7842531862 -2.27795371281 6.14386590675 0 0 0 1
-1.93081402767 0.24500454654 1.4498886785 0 0 0 1
-1.49651432649 1.3785474317 2.50932459861 0 0 0 1
1.4756273407 7.28507631133 -6.50773173176 0 0 0 1
1.42497779739 -6.02232843559 -6.1697370999 0 0 0 1
-3.30063441727 9.63756734936 -8.0435195099 0 0 0 1
-8.54936541861 0.611118303426 -1.96322313013 0 0 0 1
-8.52488767323 8.18329687199 9.89485355687 0 0 0 1
-1.72054028336 -0.757772979648 2.79459899115 0 0 0 1
-7.93280748615 -7.40564295458 -6.1871496621 0 0 0 1
-7.13750709218 -3.60960657165 -6.47824565899 0 0 0 1
1.0972832799 -8.88122348126 7.18763359875 0 0 0 1
-0.324610897089 6.90457848723 7.1807586115 0 0 0 1
-7.31764290701 -9.64775431955 -0.700919551065 0 0 0 1
-9.71356619432 2.72128889979 -0.95388721577 0 0 0 1
-5.57294441599 -5.93402155392 -9.23696847414 0 0 0 1
-9.30417254019 9.38360932286 7.27720175242 0 0 0 1
1.48447279518 0.273740095469 -1.89339686424 0 0 0 1
-9.82087745135 -5.86165135627 2.27495463288 0 0 0 1
2.24142211019 -8.46401855406 9.69527953608 0 0 0 1
-1.93996871258 -9.50286351179 0.149339595501 0 0 0 1
8.20730772716 -6.26336819908 -8.2170118739 0 0 0 1
-8.32106690543 1.2543088868 -2.5091991681 0 0 0 1
6.45875021202 7.73608892819 5.73227747292 0 0 0 1
-8.38426866503 -9.93157677524 -0.0848533099426 0 0 0 1
3.53935276103 -6.44407096154 2.926885437 0 0 0 1
-2.19777885166 4.87161379602 -9.93640620395 0 0 0 1
-0.54174376555 9.77659704071 7.03371030686 0 0 0 1
7.99746293685 -2.42463719638 -0.491775091376 0 0 0 1
3.61875149051 -0.463208551043 0.676070347955 0 0 0 1
-1.69175365212 -2.99323135571 2.41943442577 0 0 0 1
-4.07478918295 6.60445796466 8.94503591229 0 0 0 1
-4.80168426671 1.67547595416 0.906741423668 0 0 0 1
8.07801581489 -4.01419744084 7.6032632052 0 0 0 1
-9.23410911186 6.86603138767 -5.59297563196 0 0 0 1
1.76191014311 6.6236730172 5.23955173863 0 0 0 1
-4.01942338692 1.78751614797 2.92211356483 0 0 0 1
-5.43279670704 -7.73089809781 -9.50060035727 0 0 0 1
-1.81815743699 1.18281234114 2.79397414314 0 0 0 1
-4.81675165053 -3.01558154502 8.50834214725 0 0 0 1
-8.30541632092 4.22146290807 -6.65705020675 0 0 0 1
-9.7077008747 -5.39772232349 5.43910858088 0 0 0 1
7.53150818821 2.42627246543 3.19163646267 0 0 0 1
2.15433529877 -8.52666519737 1.82666903367 0 0 0 1
3.07726064887 9.44960166241 4.55425944667 0 0 0 1
-7.21017423956 -2.1229203517 4.51278561305 0 0 0 1
-7.11722877256 2.80444599351 9.60791270474 0 0 0 1
0.173350452233 7.45344376482 0.518702661458 0 0 0 1
7.18910093332 -0.938431062206 -4.63522594115 0 0 0 1
6.61649962962 -7.62295652622 -5.11720680026 0 0 0 1
-7.92997770201 -7.09260703394 7.97212742992 0 0 0 1
2.79107373363 5.32753464195 -9.16551878897 0 0 0 1
8.6872137822 1.52373626192 3.24686720994 0 0 0 1
-1.84602744527 -4.95066515784 -3.33335591366 0 0 0 1
6.77032393649 1.45177598609 1.41198072694 0 0 0 1
-5.21809959836 -0.697101779617 8.70099943937 0 0 0 1
-6.8833367325 -6.35003190095 -7.39247123569 0 0 0 1
-7.00157851632 8.52317204062 -8.25935123532 0 0 0 1
5.91081182272 9.58928397371 -5.17650068607 0 0 0 1
-3.61414593384 -5.09121874832 -9.19804392222 0 0 0 1
-4.3767682632 9.09875516909 -8.38863230118 0 0 0 1
4.76230829291 0.529679371887 2.11560209395 0 0 0 1
-7.39246847497 -7.09662137182 -4.55568045282 0 0 0 1
8.39652129388 -9.94226641114 6.36208904207 0 0 0 1
-0.896676856599 2.45593382209 4.28823197964 0 0 0 1
-6.81569148499 0.438444670969 -8.20319759131 0 0 0 1
0.198935642012 7.44937694384 -8.04070159154 0 0 0 1
5.45816877632 -8.70527950356 0.684342395903 0 0 0 1
6.72794024891 -0.591717392976 3.69560187665 0 0 0 1
8.26075217978 3.30312100099 -2.26592753531 0 0 0 1
2.16790828362 6.25632943441 -8.40047369233 0 0 0 1
-8.44086574838 6.89213627146 -9.50612896839 0 0 0 1
-3.79822875654 9.99595399816 8.89817549062 0 0 0 1
-5.64663785117 -0.128382294201 6.50362213614 0 0 0 1
7.09407878178 -7.33293318634 8.41066137254 0 0 0 1
1.31821991442 4.24009396515 8.817673313 0 0 0 1
4.63187593851 8.75767397372 1.52001073132 0 0 0 1
2.45032874733 1.33296366765 4.00817117887 0 0 0 1
-8.48056086334 -0.453312780759 9.39750816826 0 0 0 1
-9.97180767595 5.55075522502 -1.73183373308 0 0 0 1
-0.461626102206 -9.63777876518 -2.90113143648 0 0 0 1
8.2737714127 7.96833293711 7.29934476121 0 0 0 1
9.49964416186 -4.48657033546 4.33831765812 0 0 0 1
-7.79364841429 -2.30907100899 6.96212187456 0 0 0 1
6.68479148378 -6.00946712389 3.27885303509 0 0 0 1
-4.82337445061 -2.451652502 -4.04003182985 0 0 0 1
-7.26065224219 -8.07224930314 0.0246554934806 0 0 0 1
-5.30671262352 -3.82947361121 0.519677288498 0 0 0 1
-1.68728775926 2.67959639126 -0.741367155846 0 0 0 1
-8.80777434392 -5.191537241 -3.58052670754 0 0 0 1
-9.19622127236 -2.4657189477 6.50191962033 0 0 0 1
8.99246528158 -5.20982233256 7.76926440753 0 0 0 1
-0.0178448009172 5.81147039739 -2.78384258505 0 0 0 1
8.4651821253 -4.16967020802 4.59593244933 0 0 0 1
1.4590491524 -1.38289366241 1.67139481429 0 0 0 1
3.70382449437 -4.74810898578 -8.56076398425 0 0 0 1
-0.0237417651594 1.44021015454 -9.5412165241 0 0 0 1
9.50674909291 -3.00531917456 -5.58874765545 0 0 0 1
9.27363570249 3.76420272554 -3.92667485168 0 0 0 1
-8.9047400995 9.95029686125 -1.84830461963 0 0 0 1
-3.03578628492 -8.45044243435 0.58929540969 0 0 0 1
-5.40344791401 -4.82695330363 9.12767019303 0 0 0 1
4.18962697718 -6.16611911549 1.52929004548 0 0 0 1
0.713857407999 -0.815216587703 -9.28136565013 0 0 0 1
-7.83346884016 -2.49225279872 0.3959503379 0 0 0 1
-7.18257696889 -1.14557142733 -8.90197096004 0 0 0 1
7.02976270406 7.33555664077 4.30515024955 0 0 0 1
8.88329699432 -7.17196491382 -2.58235574927 0 0 0 1
-9.89044520504 -0.473661253443 -9.88342475036 0 0 0 1
-1.05150019616 2.76346497064 1.68893703141 0 0 0 1
1.10583640158 -0.867842710834 3.33812752758 0 0 0 1
-5.61469841719 5.51592660917 9.71167898969 0 0 0 1
-4.79745950893 -7.91606487769 -7.80030375025 0 0 0 1
1.42583072539 -3.78559076913 5.13237765094 0 0 0 1
-9.30875733418 -9.54807625041 5.80081531604 0 0 0 1
5.11182952882 -0.996390217393 -4.18154512262 0 0 0 1
-0.0325008142317 5.68566236179 -2.12104970616 0 0 0 1
-3.52145022391 -5.18709221663 -8.67067378712 0 0 0 1
6.48491633339 3.69820781107 -9.30199149252 0 0 0 1
3.37654911642 -7.30155826244 -8.28979011924 0 0 0 1
-9.0333980337 -0.997930461428 -6.45505886399 0 0 0 1
-8.16171293935 -5.80074317151 3.52784882096 0 0 0 1
-9.40135967016 -0.673981731964 0.674155523206 0 0 0 1
3.59345829651 -0.700427447107 9.46046270736 0 0 0 1
4.17881187655 7.81619624307 -7.62666227203 0 0 0 1
9.13789525707 3.08151541282 6.23505120051 0 0 0 1
-7.32346555941 2.12561768241 2.28437819036 0 0 0 1
4.69036580258 5.83853209334 4.37894096522 0 0 0 1
5.21515510988 -3.05204156735 -9.85896289005 0 0 0 1
2.11159917411 -9.20778344631 -9.99385164716 0 0 0 1
9.9345940286 7.89322197667 -7.21366686846 0 0 0 1
-2.83841526306 9.95324993823 6.48473175638 0 0 0 1
9.52117485157 7.24799089811 -1.05647931069 0 0 0 1
0.136689353557 6.28350005146 -7.59374119594 0 0 0 1
5.7158623606 2.76318388248 -1.42478935316 0 0 0 1
9.90571354942 -3.69397686887 -9.44558513784 0 0 0 1
-3.07814984005 9.99017060651 -5.94385521262 0 0 0 1
-5.73310451029 -4.71827230692 -3.2226870421 0 0 0 1
-3.45621950701 -4.5472001035 8.19958469549 0 0 0 1
-3.85433330917 9.74290118474 2.75926289509 0 0 0 1
1.32249535404 -7.98466961457 8.48940203117 0 0 0 1
4.46737971201 2.01678647955 -2.79872598602 0 0 0 1
-4.21448912151 -1.42998465359 6.82496532864 0 0 0 1
-6.63302807203 -9.88612537125 -5.34053188112 0 0 0 1
7.15906630118 -8.43663461901 -2.04787863733 0 0 0 1
-8.52697290966 1.71211048005 7.0998959543 0 0 0 1
1.93949156513 0.314751184845 9.54146903936 0 0 0 1
3.41774169679 3.19287914773 0.912462628684 0 0 0 1
2.68777712914 7.84468706308 4.00265381835 0 0 0 1
-4.92398057097 7.38328119445 9.3221497258 0 0 0 1
-2.65901985918 -9.13368263919 9.69357432405 0 0 0 1
-6.60893535854 9.06877191498 -8.22137807233 0 0 0 1
-0.151707782588 7.34614292455 -5.27908929057 0 0 0 1
-4.90343289625 -4.5549686656 -3.11886158306 0 0 0 1
-0.0991916326343 0.428625357794 -0.280639670496 0 0 0 1
3.35397903316 -0.883721778605 7.35458379206 0 0 0 1
-7.10430758394 -1.17610378049 3.37313479904 0 0 0 1
-8.37728064776 -3.12155956646 -4.92504169436 0 0 0 1
-8.38919198051 -5.86920206361 -2.1573906691 0 0 0 1
-1.1860180857 7.09018807012 -7.20886407924 0 0 0 1
-1.49836784702 8.5991938401 -1.72971728034 0 0 0 1
-1.62660087789 -1.63676087352 7.27452077642 0 0 0 1
-2.38899761553 4.77402188504 -3.71008858268 0 0 0 1
2.25030134956 -0.804487948323 -1.44090156782 0 0 0 1
-1.64174039837 -0.727007161474 2.64655633459 0 0 0 1
-1.33736401366 -8.16144243824 -1.96988752495 0 0 0 1
-8.14146536743 -6.54208093461 4.17326580295 0 0 0 1
-7.2694439135 -4.2780138102 9.92429043947 0 0 0 1
9.85779617733 -1.31904415092 -9.09277789556 0 0 0 1
1.4839340779 9.33048178571 1.83377731112 0 0 0 1
-3.92987596512 -4.67221111064 1.69321851405 0 0 0 1
-3.6779902905 -6.40164854677 6.92483309403 0 0 0 1
-8.91034044577 2.67613602178 -8.67523727256 0 0 0 1
5.74181714114 8.05914976432 0.33033962621 0 0 0 1
-3.81744551446 4.74193562312 8.26426668362 0 0 0 1
-7.36652753314 2.91460447797 8.66010757601 0 0 0 1
3.63344067742 -5.99667136081 -6.63618684865 0 0 0 1
4.98965549891 -1.54357709621 4.26373013623 0 0 0 1
-4.47793222907 4.99343078875 4.87434536657 0 0 0 1
3.24779472432 -3.31448457921 0.892051790918 0 0 0 1
-4.08671974438 -1.30297697732 2.6325871248 0 0 0 1
2.41828702049 5.32405063595 -8.60154799059 0 0 0 1
2.12867075196 -4.62742991621 -0.655900854375 0 0 0 1
4.04369629683 -8.99382126293 -0.614724334524 0 0 0 1
9.73617954617 -8.39009886826 -1.1626285168 0 0 0 1
-8.30809383346 -3.95492268591 6.9885297102 0 0 0 1
6.33488461984 -4.15376997672 8.59048080651 0 0 0 1
5.65195983335 -4.13563007635 5.81236242947 0 0 0 1
2.44327957919 -3.4660019368 1.58627736588 0 0 0 1
-3.12098350742 7.02831944813 2.57418730328 0 0 0 1
1.80164725642 -6.06575286757 -9.80590642101 0 0 0 1
-4.60962816218 -1.59629148248 3.0916045843 0 0 0 1
7.21088633082 1.61843040129 -4.4423409547 0 0 0 1
-2.15924193044 -5.9091092698 9.92952949061 0 0 0 1
-1.65980569717 5.93505054702 1.65711999073 0 0 0 1
2.6319867639 5.46622208266 -7.69346492413 0 0 0 1
-1.66465742231 3.9044543434 1.87492068575 0 0 0 1
8.83144039024 3.93871180196 -9.6396082652 0 0 0 1
-5.70863714248 7.11678494853 5.84591047547 0 0 0 1
-7.36612149901 -1.70962087772 1.65208532244 0 0 0 1
7.63662836429 6.52191903472 -2.2374710713 0 0 0 1
3.35400500028 -2.64533043807 -1.33108398765 0 0 0 1
0.592286494239 5.47566230779 9.91015772919 0 0 0 1
9.81199182184 4.73799616649 0.406088374742 0 0 0 1
6.9057080386 8.98399171332 0.853100194121 0 0 0 1
4.99133713941 -0.149690895151 5.08012564602 0 0 0 1
-1.00773459755 3.32232424554 2.71254619188 0 0 0 1
-6.61041735544 -6.24852268377 0.732297082237 0 0 0 1
8.15224726309 -1.68157375854 9.56601251032 0 0 0 1
-6.4175715929 2.48956848894 8.9099156872 0 0 0 1
-3.62774513466 3.73516900981 -0.533303823014 0 0 0 1
-4.50736774526 2.78897326025 4.43956496045 0 0 0 1
-0.89482823748 5.84076471522 -4.69202962495 0 0 0 1
0.204026188685 -1.5552960326 -4.71997311251 0 0 0 1
-7.16790378079 5.46208828289 0.344619989206 0 0 0 1
-8.23785354444 -7.59210669583 -1.37103979852 0 0 0 1
0.25386937555 5.88917254083 7.43639183719 0 0 0 1
-6.80093148542 -1.97086762976 1.42160932594 0 0 0 1
1.66424080832 -3.74572908158 3.84723078662 0 0 0 1
-1.33839708079 6.79706882087 -1.74924243094 0 0 0 1
3.45797387257 4.58644084927 9.35020314045 0 0 0 1
-2.14401161717 -1.15002707634 -3.64307833808 0 0 0 1
3.52084775203 8.04921235409 8.76562580031 0 0 0 1
-0.671003270734 8.11123854256 -1.21576924866 0 0 0 1
-9.6702382914 9.17630152664 5.33251213598 0 0 0 1
-1.4151492083 2.44927775117 -0.136156276505 0 0 0 1
6.48171769499 0.599415744493 -8.96450843998 0 0 0 1
-3.18316681012 -1.20289402451 8.80163821956 0 0 0 1
-0.223647963274 5.07220790149 3.54278938633 0 0 0 1
3.50164856965 4.93231775507 -6.22401127383 0 0 0 1
-1.61636568376 1.60694775132 4.10941578064 0 0 0 1
4.24924718982 5.36770483325 -8.50304651666 0 0 0 1
1.1305265918 -0.487517563427 -5.49752872684 0 0 0 1
-6.86591218296 6.38809538595 -4.26083373572 0 0 0 1
-5.34451749084 7.06017092298 -8.4442842428 0 0 0 1
3.27368897893 4.82441730919 6.21458241229 0 0 0 1
-6.72551018937 2.68470617637 -3.24094929378 0 0 0 1
3.8350284917 4.29135273256 -8.35469907906 0 0 0 1
6.50819710108 -8.49084541343 -6.50507684938 0 0 0 1
-3.08233818227 -1.91931613986 5.06531852193 0 0 0 1
4.59585251536 -5.37105701387 9.75474549071 0 0 0 1
-0.209194633656 2.60131551347 -8.59799416489 0 0 0 1
8.00113508702 8.14436666567 -9.56249976364 0 0 0 1
6.38032978752 8.60008219604 -4.82455727678 0 0 0 1
2.6784597747 4.47042782481 6.51247296193 0 0 0 1
-4.43948982598 7.8689147344 -6.35608338939 0 0 0 1
2.76776219574 -2.26894596612 8.63569217418 0 0 0 1
-4.21965814001 6.66037312871 7.28249770136 0 0 0 1
-9.84196109653 7.83475166338 1.86914263622 0 0 0 1
-0.177413681877 -2.18186455544 -5.1083582364 0 0 0 1
-6.80255001626 -1.26867690274 1.89035644989 0 0 0 1
-2.13924358761 -8.89619062082 -6.4520590054 0 0 0 1
-1.31616669075 3.79530789608 -3.83559681531 0 0 0 1
4.97987618538 9.99481201857 6.56464296854 0 0 0 1
-5.20459227268 -6.20392902751 -6.85534984127 0 0 0 1
6.15997372978 -5.83952937685 2.00383786559 0 0 0 1
3.1118772551 1.56168338655 -9.68573079763 0 0 0 1
3.37680663903 4.24522324083 7.60482131692 0 0 0 1
-1.09983862505 -4.8800240521 -1.99877026774 0 0 0 1
8.35105586557 1.56065411048 -8.24273542871 0 0 0 1
4.72227384659 -1.59654712752 0.436602241593 0 0 0 1
-7.74229507805 1.03900931751 5.3029216836 0 0 0 1
-0.723290247035 -0.68971303592 -5.80927493389 0 0 0 1
-6.14087731736 -7.78511476686 8.76758668867 0 0 0 1
-0.859959060426 -7.36553306149 8.43670579759 0 0 0 1
-3.72210284602 8.87303355443 -2.32525604331 0 0 0 1
-8.1966793269 -1.80162348314 -2.94234924866 0 0 0 1
-0.286956224884 0.504489637531 -0.913667511487 0 0 0 1
9.1386546905 0.800190713633 -2.42817933845 0 0 0 1
7.40861340184 -9.84122505721 -7.07812703347 0 0 0 1
7.98559281922 3.4919854215 8.96893472707 0 0 0 1
9.57164466405 7.74369693632 -9.64912708954 0 0 0 1
-7.51015188323 5.05575024229 -0.237704497343 0 0 0 1
-7.89529526449 -7.33736717187 -6.06050464468 0 0 0 1
8.99669170339 9.71259269352 1.83052531819 0 0 0 1
5.1985751701 -6.88763554745 -0.825454489483 0 0 0 1
5.26406259035 4.16499609944 -4.88378247275 0 0 0 1
-8.80136848092 0.701721188033 8.49693875504 0 0 0 1
0.538772809881 9.92938532199 -3.54761861841 0 0 0 1
5.28238110316 -4.47981833007 -2.67496702917 0 0 0 1
-3.5610401372 -3.98278676979 -9.35113553592 0 0 0 1
7.87937026106 -9.44999291425 -4.56905820869 0 0 0 1
6.31784820503 -7.81513918243 -5.19294575447 0 0 0 1
-2.63234103398 -4.13011660156 2.95798941339 0 0 0 1
-0.186662894612 3.66707586868 -3.16612121812 0 0 0 1
5.8017499784 -3.33421894266 7.85989854634 0 0 0 1
4.88303171155 3.51926313792 6.10158176207 0 0 0 1
6.95274060163 -7.23699389931 5.66389708183 0 0 0 1
7.18097994558 4.76143672728 4.17890788867 0 0 0 1
0.255256459196 -9.38154950115 -4.40889342985 0 0 0 1
-7.22855561423 3.17028647623 -9.45759991165 0 0 0 1
1.81861958237 -3.4506613551 3.63749712167 0 0 0 1
-3.90166512285 -6.54442777527 9.52317584302 0 0 0 1
1.79311204199 3.27031686453 9.79644920817 0 0 0 1
-2.01306885604 -0.181434709895 5.61366541423 0 0 0 1
-6.44727868877 5.31066710642 0.639349048465 0 0 0 1
1.5217357586 -5.94009821706 -6.59329445297 0 0 0 1
-5.06358577871 -1.28852136513 0.426636817206 0 0 0 1
-2.4857780023 -1.19340381501 0.784610529757 0 0 0 1
7.103044332 7.45560109946 7.20941650434 0 0 0 1
-9.95485265033 -8.3844535248 9.35171966425 0 0 0 1
1.69968185425 0.21697870402 -8.6346166052 0 0 0 1
9.28576651929 2.81455833734 -6.34537189002 0 0 0 1
3.29818275179 -4.96794527613 1.44413097189 0 0 0 1
9.78229441273 5.4284381588 5.48382340843 0 0 0 1
-7.97181490776 1.29819485762 4.49485657293 0 0 0 1
-5.2578145498 6.05409736155 9.64084381197 0 0 0 1
-8.61578012753 -2.88438240526 -2.77043629306 0 0 0 1
-4.66199976865 -7.09235843676 0.509995447208 0 0 0 1
4.87018851826 7.11799983738 -8.12748550253 0 0 0 1
-2.74395206165 1.68374953536 0.775921421182 0 0 0 1
-6.68165754249 -6.44157297829 0.435234748987 0 0 0 1
-3.88691392815 0.153993345413 4.64704883951 0 0 0 1
4.89889174171 -6.7157123797 7.57685397081 0 0 0 1
-7.84008375182 -5.55121196983 -9.25554398022 0 0 0 1
-2.99929504142 2.64940694319 -7.08965761715 0 0 0 1
-3.82654744923 -7.30842591237 -2.43865446426 0 0 0 1
9.09057696639 -6.87390323009 5.57961973436 0 0 0 1
-9.10617565692 -4.97344056761 -1.31305349721 0 0 0 1
3.20931732854 -4.98182567649 -0.934050201701 0 0 0 1
-2.38274319993 0.311004707893 -0.0789724127015 0 0 0 1
-1.60251237014 8.09774660991 9.2100220902 0 0 0 1
4.14544236054 -8.52761514104 3.12273154152 0 0 0 1
-5.3189428089 -2.40596876836 -6.01001140911 0 0 0 1
-3.72264395663 -0.187427559575 8.42345688513 0 0 0 1
6.96243861894 -5.24744539719 -5.91826238709 0 0 0 1
-8.94526494155 -5.72202345592 8.5166920421 0 0 0 1
-2.32151626281 1.1742864555 -8.85924806814 0 0 0 1
7.69641104693 -2.47203296871 2.16985525206 0 0 0 1
1.94569385703 6.81239652355 7.87322686132 0 0 0 1
-3.5964461933 4.31083503904 4.92200622408 0 0 0 1
8.63907460853 -7.14217067816 -9.11975818295 0 0 0 1
0.815624182376 8.46240161794 -2.10203987442 0 0 0 1
7.44035349634 4.9164297894 7.83839269284 0 0 0 1
-0.397690841271 2.09138262177 6.99166444078 0 0 0 1
-0.929927022237 -9.9374804828 5.95208405296 0 0 0 1
1.40676384085 8.11008128313 -4.70859576614 0 0 0 1
-7.20445471645 8.50039369537 -2.57439154573 0 0 0 1
-2.48890225567 -5.60353241731 4.4419438162 0 0 0 1
6.76562682568 6.58468237234 0.945337825817 0 0 0 1
-3.09423016659 7.89921450509 -7.69076193015 0 0 0 1
3.34713560058 -1.54936563892 2.10042435158 0 0 0 1
-1.03345185708 6.40227172156 0.0593599050956 0 0 0 1
-6.19150758674 3.59610626981 5.4498655843 0 0 0 1
2.72166582168 9.16013981185 0.512041156243 0 0 0 1
-5.16335937914 -7.40080773168 -5.82435828688 0 0 0 1
-8.71471975266 6.17662177698 -9.50159653113 0 0 0 1
-5.29124418512 -6.88841710864 -7.79904305493 0 0 0 1
-6.79275561711 -2.25235434431 -4.4916378974 0 0 0 1
-6.1502053804 -9.82780945649 -4.72908966934 0 0 0 1
-5.44870245954 -9.38254275899 0.960874686319 0 0 0 1
-4.00503110989 -3.26745920397 -6.41504871717 0 0 0 1
7.62493183381 8.73842920653 -7.83267433836 0 0 0 1
-2.58066312926 0.303143868233 6.04538783143 0 0 0 1
7.15634467946 -3.11277448092 -8.42493145056 0 0 0 1
-8.65616634005 -2.67532799104 -6.801245775 0 0 0 1
-8.41151543871 2.36301778826 -2.97796547412 0 0 0 1
4.61341454687 -9.09576810137 8.92004622495 0 0 0 1
-7.18365948236 -6.10865470727 -8.2352261455 0 0 0 1
5.26140322399 2.92715488012 9.543618744 0 0 0 1
0.427423030554 7.95386441665 1.73101638933 0 0 0 1
-1.89039483889 0.436202923435 5.00031470209 0 0 0 1
7.61499002385 9.54913791427 -7.14758813446 0 0 0 1
0.654656313121 9.81371541404 8.18006721729 0 0 0 1
-4.22602991612 -0.0954807319406 4.2995870607 0 0 0 1
5.90037919992 0.756169983939 8.18312209323 0 0 0 1
0.342457176957 7.01005344625 7.07414977297 0 0 0 1
-0.841172305345 -5.5030041194 3.66537648334 0 0 0 1
7.01694163751 1.47794458752 -0.23055521695 0 0 0 1
3.6581053107 9.36879212128 -4.28710677131 0 0 0 1
-2.564672494 6.53439844428 -6.37433157628 0 0 0 1
-4.68849768452 -7.0740121821 0.464963503408 0 0 0 1
0.0493557217829 5.23582159935 1.67319136571 0 0 0 1
6.45212776579 -5.86290089319 -7.30484832999 0 0 0 1
1.96384701641 -7.25397785867 8.64515549264 0 0 0 1
5.76450848676 1.89661869142 5.52188279747 0 0 0 1
-2.81744504458 -4.64975939175 1.3008906814 0 0 0 1
-4.04928518589 2.1998999561 -0.270834202934 0 0 0 1
-8.25694457811 2.33109535628 4.28168324485 0 0 0 1
9.15838081958 8.80854906722 6.40713574451 0 0 0 1
0.0547519302989 -6.11375887913 -0.714242420402 0 0 0 1
-3.47552742899 9.71887630431 2.5112051846 0 0 0 1
3.86787686428 -4.13396487985 5.578582437 0 0 0 1
-9.45413291262 0.844766497791 9.97360874773 0 0 0 1
-0.155890392755 5.10482907532 7.76649070097 0 0 0 1
3.03534510466 0.255061272092 -4.13203973277 0 0 0 1
-3.59818576382 3.8181817935 3.95621203996 0 0 0 1
7.41782214387 -6.75895896632 5.36769736582 0 0 0 1
2.592569421 -3.7618349767 5.06038431234 0 0 0 1
-5.9687606041 3.14269328053 9.17384275017 0 0 0 1
0.911209600917 7.17878500099 9.9372478357 0 0 0 1
8.96133283251 0.206236807421 -4.23477025026 0 0 0 1
-9.85272127553 0.416322851863 -7.97389862421 0 0 0 1
-3.13569255253 -0.666457486236 -3.14194513682 0 0 0 1
8.02703388985 -6.12075009751 2.87950968795 0 0 0 1
5.41165958943 -7.05765617427 -5.90883091241 0 0 0 1
-6.9257878547 -0.532332802952 -0.269552653699 0 0 0 1
-0.502344727178 7.58556579559 -5.31881788252 0 0 0 1
-2.81881988813 -6.13940045817 9.17763233678 0 0 0 1
5.24357422155 -3.70725280347 8.88712036532 0 0 0 1
-5.5760162764 6.86009390104 -7.08987202863 0 0 0 1
0.0282907528618 -1.43177941226 -6.41981667716 0 0 0 1
-2.68789116438 6.36048159581 9.71074133019 0 0 0 1
1.14176334006 5.89631314955 -9.51088895448 0 0 0 1
-5.94766788213 5.12727522956 -5.3788295729 0 0 0 1
-8.62521158146 5.06645318221 -7.25154145357 0 0 0 1
5.38074753333 8.97502853014 -7.66167986822 0 0 0 1
-4.0118824342 8.42435974513 -1.81259954999 0 0 0 1
4.76109018788 3.79860817253 -0.131625067477 0 0 0 1
-4.04038900662 5.29400979064 2.17954553133 0 0 0 1
-8.71484067082 3.76595195985 -2.31744149119 0 0 0 1
3.75179672831 -3.11972624196 -1.93171204107 0 0 0 1
-2.48077669945 6.15077724337 -4.46398715574 0 0 0 1
-5.0929522494 -6.75954192825 -0.795041422511 0 0 0 1
-4.88659790685 -0.555167245788 -9.83197241008 0 0 0 1
0.872721289344 -3.75527880701 -3.99881975496 0 0 0 1
-4.77221735318 -8.91728141754 6.51757969707 0 0 0 1
-3.56420948426 4.99083083452 -3.02846431508 0 0 0 1
5.28874452522 6.89363850467 -0.505527343384 0 0 0 1
2.27929878532 -3.0378049531 -0.365573005444 0 0 0 1
-5.9082916079 4.64089921759 3.47337793037 0 0 0 1
6.53597665652 4.5796384096 7.85078509247 0 0 0 1
-0.934525850289 -6.46810217056 6.2225879976 0 0 0 1
5.19855727293 6.36449221742 9.53965273263 0 0 0 1
6.8443785943 -6.83794772612 7.63419369855 0 0 0 1
6.95421210041 -8.76168212847 -2.78037806692 0 0 0 1
2.68650670512 9.77824479207 -2.60374758762 0 0 0 1
-2.87033460877 -2.28873271868 1.29772868947 0 0 0 1
3.62726399957 -2.5039558633 7.49557700402 0 0 0 1
0.154210262025 -0.791191343089 -1.14428639411 0 0 0 1
-0.165447447948 9.1094140288 3.38357847393 0 0 0 1
-3.15937421719 5.88873085236 3.06692489625 0 0 0 1
-5.53920131894 1.52567609446 -2.85337691095 0 0 0 1
3.99094833876 1.29763313049 4.27338884464 0 0 0 1
-9.99558690258 -9.38141351169 0.74704237683 0 0 0 1
0.573261875621 -7.77742801811 -7.96371809459 0 0 0 1
3.13457410727 7.53460914583 -0.157259065486 0 0 0 1
-7.31096668902 1.17821427931 2.25756517108 0 0 0 1
-4.79187349811 -1.07833740597 -7.20827133337 0 0 0 1
-7.28869183119 9.18740061778 -0.538910401337 0 0 0 1
4.90936950304 3.85222225618 6.94289225772 0 0 0 1
8.72265993875 0.00295172296715 3.86345374195 0 0 0 1
5.8503649354 -6.8916950984 3.0386367264 0 0 0 1
-5.42976658005 -7.89835623335 -7.40677799828 0 0 0 1
-7.66887786635 -8.33942164343 7.17171623826 0 0 0 1
-7.93961047884 2.57733087833 6.08576764285 0 0 0 1
3.34832909384 9.06853670785 4.3634831674 0 0 0 1
-2.48153453226 -5.86755773013 7.67175767067 0 0 0 1
-9.15303927718 3.85822817181 0.994662475484 0 0 0 1
-1.34376371311 4.65918581646 -9.57652573261 0 0 0 1
-2.88114352581 -4.47300452812 1.06593650156 0 0 0 1
-1.21415488355 4.57290174704 2.76567524811 0 0 0 1
-7.38541250422 -7.71926960732 -1.94613627777 0 0 0 1
6.5254443827 -6.19886263156 4.87257613506 0 0 0 1
8.69389013271 4.52625224397 6.44477947751 0 0 0 1
2.37834126435 6.75389220431 -4.21303817218 0 0 0 1
4.86403897638 5.42279717988 1.5081499572 0 0 0 1
4.11034976618 -3.9509794907 -3.82809952193 0 0 0 1
-3.88647099334 6.00570277498 4.68768539482 0 0 0 1
-0.96774833122 5.38950499845 -4.46981950783 0 0 0 1
-3.37334562341 6.06993809857 2.11692178761 0 0 0 1
-4.71133538415 6.96910971917 5.3060260138 0 0 0 1
4.26443770887 8.06706970913 -3.33574453868 0 0 0 1
0.685131068693 5.613302948 2.12916361382 0 0 0 1
-4.57875344278 -7.08687166992 -1.19760021114 0 0 0 1
-2.94109376783 -8.92818411195 -2.1457385618 0 0 0 1
-0.653174778973 4.28704059067 0.845832155309 0 0 0 1
7.85492986487 0.92146902519 -7.10516091277 0 0 0 1
3.86478007786 4.16196333468 -5.14995696828 0 0 0 1
2.12415754689 3.82786262752 7.03010654083 0 0 0 1
7.71840120098 -7.09918709184 -5.63148218766 0 0 0 1
6.9902093117 -7.3779907035 -6.78868584553 0 0 0 1
0.747700449606 -3.82083919302 1.89191585464 0 0 0 1
2.45819312377 3.17791100179 8.32530589311 0 0 0 1
9.24462981943 0.578957409677 -5.81869424426 0 0 0 1
9.61885062982 6.44575107196 -9.74684738993 0 0 0 1
4.93338194253 -2.07747001165 -0.0213342563192 0 0 0 1
-3.41264345079 -1.36182660433 -7.71864014571 0 0 0 1
6.2707797152 9.3824666499 2.59094217269 0 0 0 1
-8.39225746171 9.87272956943 -3.81207419225 0 0 0 1
-6.70575352519 -5.7505071622 3.3130233325 0 0 0 1
2.53808533798 -9.09351998109 -0.945610055519 0 0 0 1
9.66123612092 -7.9480463635 -6.77104534851 0 0 0 1
-4.41762157302 3.44167007027 -6.51032237551 0 0 0 1
-4.67080625749 -5.74029061191 -1.16463955423 0 0 0 1
-9.79113857526 -4.22054951526 -2.58720720456 0 0 0 1
6.27451907146 -7.32550745879 -1.9995782024 0 0 0 1
-7.45886920186 -0.625907616731 5.49502513542 0 0 0 1
4.07090042436 -2.35129135452 -3.08621888399 0 0 0 1
2.9059301136 9.60810570422 -5.18575259995 0 0 0 1
-9.77949205017 -5.89814615227 -0.676221089636 0 0 0 1
-9.15406424314 2.81232862161 6.38884621733 0 0 0 1
-6.81706868212 5.24134332029 -5.11369149432 0 0 0 1
-8.55021547323 -4.77197302698 -7.1554488854 0 0 0 1
-4.11541730176 -6.10813614151 7.22280566052 0 0 0 1
-2.12961037884 -0.311756518198 3.57976102386 0 0 0 1
7.14821426312 -9.2639520696 -5.11802416491 0 0 0 1
-2.12043964913 -3.87328593961 -6.08376540589 0 0 0 1
4.92499208712 6.21532131845 1.53277779024 0 0 0 1
4.60502334537 -9.20397708972 8.47298290641 0 0 0 1
8.23160477131 -2.31246882673 5.66740359719 0 0 0 1
-9.08232625049 0.133124596788 8.94030095725 0 0 0 1
-7.9505792184 9.46906996893 9.82409656745 0 0 0 1
-1.5766495639 6.21489389651 0.0999512691559 0 0 0 1
-2.19411119865 6.07995665819 -8.83950337187 0 0 0 1
-0.382179692695 -5.04194797086 8.59906841608 0 0 0 1
-6.67705559256 6.35901783903 1.15758031267 0 0 0 1
-5.01029687568 1.09053791018 -4.92639284793 0 0 0 1
0.0821629567234 -5.58733419941 -8.42234510868 0 0 0 1
-9.05735509286 -5.28100376266 -7.12225566718 0 0 0 1
-9.76856003122 -3.62070554628 -0.746868379374 0 0 0 1
-4.57177020533 -7.54087047853 -4.86654246285 0 0 0 1
5.3041725897 -9.49634118005 -5.93726725368 0 0 0 1
-1.2162016223 -4.88225521362 1.70748566144 0 0 0 1
-2.11960708719 7.38269589683 9.95348900874 0 0 0 1
-5.46160228255 -3.79350257732 -6.03161664466 0 0 0 1
-3.1178643843 -3.56127168483 -3.62507724113 0 0 0 1
-3.03187270244 1.27151784737 -2.74952209943 0 0 0 1
7.89691022716 -6.7399661136 0.629258480103 0 0 0 1
4.7827435583 9.83756032575 -6.02677354036 0 0 0 1
3.79897135624 -2.05991669794 -5.35244689227 0 0 0 1
8.81878337265 -0.861637801159 -8.76505622632 0 0 0 1
2.07713084566 8.99460896378 -6.7411168384 0 0 0 1
-3.18635061621 -4.38585570318 -9.85585180794 0 0 0 1
-2.23093025804 -1.25237247963 1.83555620791 0 0 0 1
-7.8371415091 -4.97102150179 7.02535549926 0 0 0 1
3.97887865646 2.87738494394 5.80831418174 0 0 0 1
6.07466722157 -6.45087878285 -8.53953830285 0 0 0 1
1.6151534949 1.16458001937 -5.59796701063 0 0 0 1
-8.95581486999 7.08075036393 -4.25650379858 0 0 0 1
8.27697682922 1.16314273811 -8.01532523265 0 0 0 1
-5.44364977418 7.3164939554 6.44960549669 0 0 0 1
4.51856586129 8.46532850215 -1.9484087661 0 0 0 1
-3.23962440761 -8.30240309354 -9.67743439179 0 0 0 1
-6.40926197944 2.15847015892 7.75058466282 0 0 0 1
7.42853629046 -1.65944057526 6.868592007 0 0 0 1
-7.76470378807 -3.42388852184 1.18343550939 0 0 0 1
2.85327149256 7.58433258755 0.876581750534 0 0 0 1
-3.02540485982 7.98634477828 -4.08798795214 0 0 0 1
7.33586616184 0.0399286267343 -7.79692397072 0 0 0 1
2.52406653211 -4.07249265518 -7.89273663536 0 0 0 1
2.23396443062 -7.66961602051 -8.60212862946 0 0 0 1
5.1380443712 9.32782669484 4.93664450936 0 0 0 1
0.97746340152 5.44906859523 5.75840855744 0 0 0 1
-1.17175505091 -5.60428821209 3.32365927354 0 0 0 1
-6.01103851555 -7.22106728457 2.70903668446 0 0 0 1
-2.28643980048 5.76772550135 1.03428529196 0 0 0 1
-1.52203452697 2.98772236125 7.90380651087 0 0 0 1
0.879903525056 8.75230261125 1.54912759276 0 0 0 1
-8.65544794536 3.34919692785 -1.65414239894 0 0 0 1
8.8829302944 4.31788463023 0.20835269093 0 0 0 1
5.02161363874 -2.22706951056 8.41806757155 0 0 0 1
3.04473753014 -3.61739865321 -4.65812407728 0 0 0 1
6.90110019914 -8.86947994395 -5.48977599223 0 0 0 1
-9.8434314432 9.15563136458 8.43784477838 0 0 0 1
0.112421006174 -3.36898149186 -3.66669756239 0 0 0 1
6.66717595419 1.70468811127 -5.33642923545 0 0 0 1
3.06484692968 9.69114462392 -7.70572652347 0 0 0 1
1.69712379701 5.79220851922 3.09309168398 0 0 0 1
3.84750133645 -5.6093711174 0.318774647709 0 0 0 1
1.62680992566 8.58064492398 -3.55150984779 0 0 0 1
-7.33460184253 -5.75865303629 8.19409283435 0 0 0 1
-4.17694017916 -8.15265521179 3.52143247726 0 0 0 1
4.925864297 6.40379815658 4.47835741114 0 0 0 1
-7.85682787912 -2.5560034661 5.1242481884 0 0 0 1
3.44957691744 9.6522135365 -0.204829567447 0 0 0 1
2.93807100982 2.88444491847 -5.69650557382 0 0 0 1
4.83222314564 -7.57742190949 4.2977877494 0 0 0 1
-7.4198863523 0.210537524303 -5.07696230147 0 0 0 1
0.885987045741 9.75359957095 7.72862126155 0 0 0 1
8.45411866179 -9.17114436311 -6.50973810606 0 0 0 1
-2.98669550966 1.40420095954 9.53852229135 0 0 0 1
5.81655497845 -7.22152222254 3.85198414728 0 0 0 1
5.31771720024 -2.34338746138 -4.61611574661 0 0 0 1
-2.16883573819 -9.68611343095 -4.54279860722 0 0 0 1
-6.65344594699 -2.61885729607 9.9261944715 0 0 0 1
-5.70452124692 1.85086177274 2.61624808317 0 0 0 1
-3.68013766459 5.42664935928 3.98079933897 0 0 0 1
0.054096478935 -8.16824440988 6.6021912085 0 0 0 1
-3.98394797602 -2.46323244884 -0.730073608499 0 0 0 1
-2.99510281691 9.39989182147 -0.671983064788 0 0 0 1
-0.645176137643 9.96748232004 -7.41992441712 0 0 0 1
-5.78501990209 6.5709769724 2.50730459068 0 0 0 1
-2.87422346568 -9.45971501862 -2.75082273642 0 0 0 1
5.36624506797 2.88027962962 1.4162764847 0 0 0 1
9.09689104294 2.06654462714 5.36815114782 0 0 0 1
-7.53816885944 -0.360965813748 7.50241667887 0 0 0 1
4.12827033151 -6.28812150014 -5.40005132569 0 0 0 1
-6.18537187445 5.88183336032 4.81543821568 0 0 0 1
-0.475547601248 -2.055812763 -9.71681346668 0 0 0 1
-3.50937215915 7.18070823606 2.91937688606 0 0 0 1
4.37287899406 0.292505257151 7.21927290281 0 0 0 1
1.24383175879 7.86054047384 -9.81080173462 0 0 0 1
-6.33619959058 -6.5652726971 7.44636427377 0 0 0 1
3.41224055568 -1.88294631955 7.81613695744 0 0 0 1
8.14536842207 4.35540549069 -8.07203054354 0 0 0 1
-5.99065978033 -5.14053342106 4.33550955417 0 0 0 1
5.58397111803 3.81545355555 -1.27674103102 0 0 0 1
-5.12108002428 -3.03212859656 -4.23954499106 0 0 0 1
-1.57178252141 -9.36845891827 -7.29259028012 0 0 0 1
-5.55689335972 3.9327651148 0.437401051254 0 0 0 1
8.51227507049 6.24975684331 3.94591902854 0 0 0 1
-7.24617491672 4.21185743898 5.14393059221 0 0 0 1
-1.0446918298 -9.84847731964 4.63111753815 0 0 0 1
-8.3548366533 -2.45097421067 0.211799816091 0 0 0 1
-7.34461522176 -5.97384795738 3.9988214579 0 0 0 1
1.11126976557 -0.976926435884 -3.62881113149 0 0 0 1
-0.517581042651 -7.95832946015 9.81600648887 0 0 0 1
7.56463923404 8.44191119281 -4.78890185639 0 0 0 1
5.81834797912 5.92977112192 -4.88671214987 0 0 0 1
3.31781289934 -9.23232402813 -7.99118709212 0 0 0 1
-1.10417228782 -6.58451108237 9.55005704044 0 0 0 1
3.92495012595 -5.64249110455 2.25733400751 0 0 0 1
-6.92788465154 -2.68366310207 -0.194156801358 0 0 0 1
-0.911032708887 2.62012149777 2.10524015491 0 0 0 1
5.81463478958 -9.29312983048 9.71272426389 0 0 0 1
-0.215031631876 9.36624510463 -0.239805205581 0 0 0 1
-6.70197135905 5.19678469384 9.10603776531 0 0 0 1
5.68310622198 -4.92270286507 -2.26737712286 0 0 0 1
-6.73505570384 8.20334458245 -2.30344444132 0 0 0 1
-9.81607081566 6.30051162661 6.28855081725 0 0 0 1
-0.554257808277 5.7441238819 2.99031627997 0 0 0 1
-6.12815238117 4.31638922194 2.78034096819 0 0 0 1
-9.91065639121 -6.40807556985 -7.7729959504 0 0 0 1
-3.43776299307 -7.5290705352 9.99266484052 0 0 0 1
0.544830121934 -2.21208371603 -6.44950467966 0 0 0 1
7.84117447648 -7.59294232112 -5.82478418205 0 0 0 1
0.817064513992 6.00890656855 8.52398122673 0 0 0 1
5.71047601191 2.78534197602 -2.26903209542 0 0 0 1
8.62143193025 -8.43004215918 -2.38197721685 0 0 0 1
-0.927041910479 -7.4340070698 -9.30793254594 0 0 0 1
7.08255912963 7.67999865483 -0.725898597598 0 0 0 1
-9.19593096445 -2.95471043208 8.37083116497 0 0 0 1
3.16778856894 1.77047194827 -8.94394969226 0 0 0 1
-1.9071044654 -1.95486465459 -9.01288863252 0 0 0 1
8.87654965526 5.70663743755 -4.12745442831 0 0 0 1
-2.09063337063 -9.49308507845 4.62130408204 0 0 0 1
1.16717589422 2.82515214214 -1.44620768329 0 0 0 1
-6.31624108125 9.66528363568 6.43067478309 0 0 0 1
-1.3664542847 8.62447415865 4.26433671356 0 0 0 1
0.41986953747 -4.9089892206 -1.3729689584 0 0 0 1
-8.31609797351 9.85376334212 -5.03755764935 0 0 0 1
-6.68613432558 0.267666688863 -6.81604079755 0 0 0 1
-6.28683724275 9.37109617226 0.34534292518 0 0 0 1
-9.60265124203 -9.10955118778 -6.09033636738 0 0 0 1
-9.1172951331 4.91902693819 6.57890591646 0 0 0 1
-9.78409407205 -4.06922901225 3.28647601459 0 0 0 1
-3.27420303956 -9.92901018911 3.2036496307 0 0 0 1
-3.57685705393 3.27103127871 7.2375723907 0 0 0 1
-2.92112260279 -6.50744128345 2.81886104536 0 0 0 1
-6.53778387708 -9.70298814351 -3.62582015004 0 0 0 1
-5.33555579445 7.96346800431 5.71973571933 0 0 0 1
4.43100843471 -7.02655951848 -0.664380382233 0 0 0 1
5.53411215683 -4.04200100378 -8.89761856067 0 0 0 1
-7.36997142506 3.78689887461 -1.13116084552 0 0 0 1
6.00170788622 0.569283764464 -4.99681426905 0 0 0 1
4.93781423755 2.33635111315 -7.82663063689 0 0 0 1
-4.40238858907 9.06561454992 -7.86187790339 0 0 0 1
-5.13282240672 -1.46289397641 3.33966767833 0 0 0 1
4.69151851628 -2.46808868872 -5.75752711468 0 0 0 1
-3.97870160461 -8.73839798367 -8.82852489562 0 0 0 1
2.0049781954 1.75748393039 -3.06229297056 0 0 0 1
-5.36855634821 1.31138761408 9.65507621409 0 0 0 1
-8.65403886848 -2.04826324811 5.99190537161 0 0 0 1
5.25164616014 8.20919070525 -2.75347345499 0 0 0 1
8.74472108961 -0.883162008168 5.64115444929 0 0 0 1
7.68117020214 6.63699858308 6.33260552965 0 0 0 1
6.1233742186 6.80193745373 -6.58073553424 0 0 0 1
-3.77293083576 -3.28633910135 8.31166762298 0 0 0 1
-6.60131835068 9.85981655418 -2.05250671793 0 0 0 1
6.85310802262 7.18881524816 -2.92782212119 0 0 0 1
-1.03048475505 9.23838412131 9.81070990298 0 0 0 1
6.79926606009 7.85471021968 -2.03452446799 0 0 0 1
-2.1961731527 -1.03699428126 -5.3669531641 0 0 0 1
-6.84515584896 3.40739209567 -7.41541018632 0 0 0 1
1.24080087956 6.43160406125 -0.499883624109 0 0 0 1
6.28080441619 9.97355452976 9.67548290384 0 0 0 1
2.21705869292 -3.6325841559 -1.97291429193 0 0 0 1
9.42700712054 -7.38574260053 -2.01860889915 0 0 0 1
2.84286022076 3.15513373428 2.0491704117 0 0 0 1
-2.19680283145 -8.47792570331 1.72185311523 0 0 0 1
6.39022784154 7.28152401095 0.368509983524 0 0 0 1
1.64856441473 0.437989481923 -3.75814587891 0 0 0 1
7.56524676752 0.462203424728 5.849833453 0 0 0 1
-8.67331080268 -4.21063840731 6.81972414498 0 0 0 1
-0.573429464049 5.92976787629 -8.86744207457 0 0 0 1
-4.53604451357 -0.704619610774 4.76044686357 0 0 0 1
1.67899800858 6.49782199614 0.00247597490387 0 0 0 1
8.98391972248 -2.76229790683 -4.02738384418 0 0 0 1
-6.03417912485 4.81954372226 -9.29941774894 0 0 0 1
7.50373701126 4.83474028256 -1.16405493629 0 0 0 1
9.48301551891 4.48096228198 7.76662309073 0 0 0 1
-5.46113310583 -2.68790376254 -5.09744874185 0 0 0 1
5.07078321796 -0.309719162306 0.0356910575056 0 0 0 1
-6.91888314962 4.3660035399 -6.59654741636 0 0 0 1
2.53909293443 -0.964047513315 6.4668708826 0 0 0 1
6.94802618198 3.70262217319 6.22406940583 0 0 0 1
5.97471370161 3.31400849701 -7.98260144228 0 0 0 1
3.60361733006 -2.77762637251 1.28628872051 0 0 0 1
2.67585273805 -7.3217234383 3.47313234103 0 0 0 1
-1.81455166143 -0.072186922426 -7.8508389637 0 0 0 1
-4.93759971224 -5.86610000741 -8.90042715371 0 0 0 1
-1.80504917661 6.32395128758 -2.07520118849 0 0 0 1
7.85787984305 -2.83528121306 -6.96181239124 0 0 0 1
