 1300 0
 4
 0.E+0,  0.5D0, -.025
 -1.0E-14, .F.
  1.000000  0.000000  0.000000  0.000000  0.000000  0.000000  0.000000
 -9.155051  7.449750 -9.748353 -9.385803 -1.373063 -1.849753 -8.236304
  3.586071  9.247213 -8.417364 -0.908446 -1.810834 -1.665155  7.903253
  7.095789  3.850655  3.973265  5.870521 -5.941392 -9.481010 -0.414984
  5.856700 -8.625020  4.495214  6.071754  5.351889  1.383648 -6.504364
 -6.490417  3.470364  7.695910 -2.574057 -5.980018 -8.203864  4.456227
 -5.106339 -2.151171  0.262815  1.568472 -9.347777 -0.238458 -8.864235
 -1.511590 -6.380701 -8.200479  6.174217  6.112463  9.151364 -8.969214
 -4.867807  2.875370 -6.564629  0.082646 -9.844495 -5.467871  1.235511
  4.728827 -5.212757  8.343385  4.850385 -8.418065 -8.518172 -0.173551
 -0.514856 -2.146041 -3.069606 -9.245868 -8.666196  2.209374 -3.496635
  1.111618  4.602014 -7.988854  7.588094 -9.416728  7.461558 -1.209052
  1.996595 -8.020014  2.424602  9.712568 -3.119823  7.115540 -1.994990
  1.939634 -4.969982  2.935821  3.730095 -3.400985 -8.830878  5.484240
  2.573159  0.638552  2.226460 -9.859772 -1.171896 -9.133832 -7.772067
  3.928022  9.721398  9.799139 -4.299066  4.913416 -4.878954 -5.498809
  8.702625  1.450851 -3.261560  4.051767 -9.505508 -2.802581  0.449023
  8.393889 -3.793010 -7.598870  3.661159  8.702442  9.588000  2.513957
  6.690797  7.048496 -4.104270 -4.786626  3.672849  9.603616 -0.056542
  1.061804  6.323245 -8.551715 -6.608625  9.979468  9.429719 -7.377131
 -5.097240  4.664125  9.950448 -1.267066 -8.802692  6.353425 -3.438785
 -1.262702  0.900477 -7.864939  0.307959  7.787616 -1.739080 -8.286092
  2.817307  4.932361 -0.445377  4.619769  2.310126  6.385477 -9.505964
  0.002582 -4.105894 -5.140760 -5.650909 -6.910448  5.108431 -1.709044
  8.770804  2.270432  7.071971 -1.319096  4.408262  7.673316  4.846023
 -9.026150  6.210696  1.285545 -6.289790 -7.671369 -0.349909  4.576153
  7.489428  4.227233  2.942948 -2.460404 -5.536956 -5.270215  0.009549
  2.050421  0.164991 -6.525059  0.437584 -4.488255 -8.244361  3.156341
  8.197244  7.809172  6.178136 -3.768825  4.480226 -9.478984  2.890674
 -7.867607 -2.791928 -3.046038 -3.556312  7.919133  2.713684  3.172069
 -2.329589 -3.391559  7.121834  8.923099 -9.909062  5.043841 -8.495702
  8.436903 -5.928048 -6.704218 -9.534146 -4.856074 -5.713455 -1.938761
  5.410904  7.382513 -9.062285 -7.498173 -0.263692  6.745543 -2.307242
 -8.815893 -5.184461  0.579004 -8.905045 -6.987014 -1.355504 -8.794696
 -0.734286 -7.623199  9.015207 -2.791687 -6.831291 -8.083072  6.158375
 -3.572877  9.010386  8.328353 -3.632711  2.191428  2.821552 -1.299442
 -4.428698  2.479887 -7.742718  4.239335 -4.860266  2.771373  0.514153
 -2.479090  4.832942  2.968103 -1.932771 -8.310691  7.113663  9.617488
  9.365729 -2.376601  7.732597 -9.157036  9.780652  9.928791  4.137609
 -5.274256  6.908246  0.438500  9.019309 -0.054404 -0.381740 -8.498051
  8.127895 -0.727168 -0.000326  9.343857 -3.185152 -4.221355  8.256043
  9.703214  8.669625 -2.702686  6.286310  2.084968  5.504380 -0.743618
 -1.306720  5.144367 -9.809946  0.918087  0.589267  0.817360  6.352600
 -8.098842  1.310075 -0.934320  8.477685 -2.102061 -7.212335 -0.485708
 -0.349840  7.124062  1.765788  2.875088  3.559043  8.316025 -1.068489
  2.034655 -3.223642  2.518983 -9.162712 -0.784206  4.373154  0.060559
 -9.045879 -4.263885  3.373548  8.887756 -6.996108  2.851264  2.870652
  3.468210  4.856395  4.594173  1.401846  4.558791 -4.293769 -7.542726
  8.456327  6.325701  8.740420  7.816953  8.463004  0.715707  5.507368
  7.440122  8.624138 -2.236237  8.601924 -7.445778 -6.038209 -5.050771
 -0.305126  2.337459 -2.578826 -5.339840  1.374679 -0.669903  8.153107
 -7.392639 -8.343807 -1.222113 -8.068274  2.893883  3.252097 -4.732850
 -7.611725 -2.290253  2.706459  8.119458 -5.818736 -1.193172  5.678748
 -8.210064 -5.940281  9.717992 -8.203692  9.241822  3.443309  1.120300
 -1.072905  3.639171  4.693877  0.926331 -4.683694  2.450391  6.105452
 -7.762041  9.374566 -4.115572 -5.318693 -9.698123  4.821109 -2.999490
  9.517712 -0.481141  1.534077 -8.255938 -2.326748 -6.588024 -0.211811
 -4.056270  2.506049 -8.819286 -8.673082 -6.838169  6.906619 -1.348881
 -6.682997 -4.561366  7.570039 -2.153279 -6.509543 -0.952723  0.870949
 -5.718078  7.168455  3.891887 -3.304714 -1.418166  9.869142  6.213634
  3.162584  9.810177 -8.292870  3.835583 -5.765280  5.082016 -2.180286
 -8.357368  3.442130 -3.203777 -0.321685 -4.275682  5.933956 -8.073827
 -7.856461 -4.487468  5.452281 -4.778085 -0.674211  7.146123 -7.102156
  6.691457 -1.546561 -2.126638  7.170644  0.185008 -4.620717 -5.486244
  1.374941 -7.358999 -0.015282  9.782167  0.422982 -4.994125  0.498349
  8.120424  1.133857  5.293609  3.729154  3.436741 -4.289503  4.676631
 -1.775688 -9.321440 -1.471859  0.466061  7.174804  4.760859 -1.441556
  2.278901  7.657830  5.841615 -7.061755 -7.671064  7.070043  4.593926
  3.557572 -1.938145 -6.853043  9.272487 -4.043462  0.810798 -3.506322
 -8.772202  9.396109  4.182362 -8.955852 -0.665622  1.429652  5.466592
  3.330407 -4.297597  3.013026  2.249256  3.238319 -3.622846 -4.688050
  9.074298  7.707340 -8.100809  0.090112 -4.876528 -9.720798  4.054667
 -4.052027  2.127283 -1.818879 -8.974169 -3.093921 -4.410494  5.853270
 -7.593346  9.921470 -9.690905 -9.940708  0.265700 -7.464544  7.959416
 -5.614450 -2.039627 -5.955642  1.474291  1.198360  7.886380 -6.387096
  5.262069 -1.427583 -4.708094 -8.028200 -0.229556  1.096335  6.841223
 -0.872796  8.503872 -3.093866  2.220632 -3.738474 -3.065827 -9.149689
  0.174059  6.360639  7.253812 -0.054054 -4.782717  3.215085  9.761207
  6.350430  2.707669  4.956505  2.755137  2.705338 -2.394971 -2.326897
 -7.635034  1.922783 -8.691183 -8.948636 -8.165305 -3.900915 -8.444685
  8.380570 -1.197445  0.303627 -3.129697  3.517471 -2.344075  7.998122
  0.581260 -2.483065 -1.418094  3.873863  3.749035  5.519715  6.881895
 -3.892893  5.150043  9.346392  3.439664 -4.422033  5.234045 -1.937302
 -2.523802 -7.693892  9.377502 -9.760359 -6.417549 -7.524206 -7.775529
  3.746826 -6.629301  2.078683  4.426408 -2.368276 -2.763126  1.810543
 -8.943619 -7.335371  7.138409  5.437583  4.445198 -6.375662  7.739366
 -6.014429 -3.136264 -9.612036 -4.811519  3.476826  2.115164 -2.885297
 -2.181749  4.282418  7.180320  7.490969 -2.545365  3.125160  9.927103
  9.293838 -4.026010 -3.297883  6.923085 -2.391247  6.800061 -5.201019
  4.928797  2.485401 -6.754991 -4.882169 -4.307123  0.671167 -9.920088
 -5.382516 -8.971889 -6.909935  9.850125  3.602986  6.786930  7.101554
  0.139578  6.225321 -1.433289  8.062880 -8.911076  3.018285 -6.515935
 -8.106919  4.952546  5.306603  5.374228  8.664837  3.934395  8.858544
 -5.813446 -1.856805  2.459696  1.929634 -7.491071  8.373814  6.209657
 -4.548662  1.529347  7.097664  3.603852  4.668559  1.709201 -5.975448
 -4.222770 -1.325897  3.962514 -2.271109  7.619352 -9.178053  9.584640
 -2.155098 -8.503760  6.773207  3.091050  7.972236 -1.449693  5.322734
 -7.127010 -6.624293  2.867244 -2.453361 -0.696899  5.152630 -0.167166
 -3.064281 -7.723278 -5.627472  3.679570  8.276250  2.443722 -2.106997
 -2.083759 -3.974401  2.603304  8.506807 -1.005182  3.817112  3.003658
  9.386796  5.009358 -6.737951  4.911425 -4.126249  4.983550 -7.046743
 -4.074654 -3.767326 -7.100650 -4.770294 -1.947286  0.895111  6.983870
  8.884493  7.046259 -5.109902  8.442747  4.791000 -2.100353 -1.885674
 -6.144313  3.494897 -6.223296  4.125030 -5.232095 -6.162990  7.183406
 -1.332546 -6.880198  9.515608  8.943512  5.646173 -7.197163 -3.462429
 -8.583688 -7.904986 -4.091726 -5.510585 -6.350220  2.673901  7.960934
  5.416156  2.444169  9.452961 -6.209526 -3.558039 -2.526124  1.681480
 -8.832249  2.104474  5.761711  2.829118  0.977223  7.193191  3.823471
  0.134644 -7.652402 -8.625637 -0.020388 -4.581615 -4.269905 -9.338116
 -6.307269 -9.123470 -7.479803 -7.679444 -3.504209  7.590026  3.815764
 -6.747295  3.266562 -3.277755 -8.365966 -5.112436  4.177604  3.211748
 -1.308203 -3.997667 -7.038640  5.906733  6.534701 -6.606338 -7.910482
  4.136465  2.320001  8.430322 -1.693556 -0.361160 -8.161135  5.876781
 -8.541049 -3.666968  9.898828  1.557026 -6.526397  9.208278 -8.900176
 -7.371019  2.174481  8.099827  4.638631  8.132146  7.415342 -8.660468
  8.771620 -7.457446  2.361586 -3.243504  3.160474 -6.673158 -2.880295
  3.699170  5.671654 -8.527602  0.128383 -6.027639 -0.599985  2.222612
 -8.101860  3.553591  6.664547 -7.043379  6.489166  8.425138  6.528259
 -9.360355 -3.391503  4.244980 -0.955552 -4.411983 -4.889641 -9.867317
  3.764226 -9.677514  8.560782  3.599212 -5.337555  4.789975 -6.813334
 -6.939991  3.622858 -9.257697 -2.644404 -7.222697 -4.981921  5.645691
  7.709265  2.088459  5.055031 -6.303885 -9.718646 -0.802458  5.156052
 -7.894905  0.211180 -7.542701 -2.153482  8.087063 -0.542441 -0.246388
 -1.045068 -8.655524 -0.206549  2.826255 -2.835457  2.506944 -1.415869
 -5.964832 -0.134912  2.405984  0.680784 -0.685241 -8.284412  1.097327
  1.871028  5.517334  3.169792 -3.730059 -7.430217 -1.000972  8.514763
  4.871624 -0.884907 -6.542627 -9.689067 -6.679069  9.369177 -5.042936
  7.647943  5.743758  8.865074  1.396558  7.060309  9.567691  2.045342
  5.370800  5.784177  1.835341  4.345115 -4.363900 -1.797319  7.712368
 -9.748056 -5.853892 -9.846566 -0.980977 -0.247825  7.586041 -9.459605
  0.316961  0.372329  9.839903  5.454774 -7.720007  8.457317  3.003680
  7.533500 -6.085132  0.089572 -2.474155  2.936751  0.634858 -0.122453
  6.960958 -8.633197  6.719658 -4.419501 -3.801069  0.334017  0.843390
  5.701083  3.409730 -4.829185  6.243897 -5.511783  5.579397  4.941306
 -1.411549  5.857754  1.739712  4.428345 -0.087734 -2.792069 -3.769652
 -4.430976 -7.935245  6.690136  2.235163 -0.329908 -4.638519 -2.957011
  3.784014  8.552987  2.730137  8.770762  0.152920 -5.625226  5.057982
  1.869051  4.595923 -1.743798  7.880135 -8.127564  2.494437 -7.486621
  7.352297 -7.599987 -9.495745 -2.862428 -9.693966  3.705450 -7.857259
  6.219166 -9.785711 -8.433058  3.528232  3.124574 -8.353810 -8.462953
 -1.514455 -6.406538  8.994278  1.264749 -2.893086 -1.303538 -9.240678
  0.601399  9.051419 -0.951386  8.818454  1.906002 -2.119484  8.152260
  4.614335  4.573452 -3.888265 -5.280399 -3.298784  2.353834 -9.999830
 -7.291381 -7.637278 -9.767049 -6.045136  0.127749 -5.121891  4.281739
  1.158138  4.825618 -3.540911  1.476127  4.703822  9.383710  0.452785
  4.627614 -6.640512  3.551554 -5.040032  4.280660  4.883473 -8.043420
 -1.407133 -4.693912  8.739238 -5.595799 -8.253775 -8.543287  4.322812
 -8.007470 -2.475542 -3.837788  0.988349  4.718776  6.009493  5.515492
 -9.361706 -4.422347 -1.459354 -6.820360 -3.320621  3.512615  6.073469
  8.414630 -7.403707  1.900753 -3.210050  6.794502  3.346662  5.905932
 -9.706533 -8.469224 -4.967952  9.801999 -5.912947 -4.613400  7.353391
 -2.657801 -8.530770 -3.569249 -5.778222 -9.364360  5.806333 -8.905055
  0.919382 -3.325507  3.707495 -8.030737 -4.004050  2.484951  0.992446
 -5.915223 -6.197518  4.692805 -5.298839  3.465267 -6.482645 -7.070363
  3.260821 -7.083186 -6.636156 -5.537077  2.667652 -8.800735 -9.523727
 -7.484406  8.398623  1.914467  2.259131 -0.656487  0.203576 -6.668779
  2.214285 -4.310456 -0.034912  8.833192  9.935334 -5.668384  4.225024
 -7.019095 -1.420307  1.303254  7.313271 -0.583249  1.426458 -1.497481
  3.426448 -5.207583  4.903056  1.300523  0.152743  8.243359 -9.379382
  9.714962  7.725067 -9.353232  7.675936 -9.557256 -2.508742  5.633534
  9.217381 -9.215849 -4.709237 -0.890229 -3.061893 -5.084218 -5.342505
  0.153017  3.118531 -2.195692 -4.681588 -3.896253  0.487089 -2.535710
  6.228722  1.041580  8.621147 -7.362015 -9.556792 -0.658388 -3.976057
 -7.302505  5.227917  2.503920  8.404678 -7.782131  1.975891  0.158060
 -0.948663  5.875332  4.660384 -4.931073  5.207135 -5.631862  2.914990
 -8.176203  8.064762 -2.182244  5.741565  2.304894  7.745734 -4.759173
 -9.379973 -2.192890 -0.789319 -4.268031 -4.589110 -1.996194  2.008652
  3.072355 -9.480976  8.980982  1.362575 -7.695881 -3.053965 -9.622777
 -0.743100  0.827354  9.389616  3.987425  1.528104  5.733588  4.221660
  6.180132  7.933703  8.901828 -4.223538 -7.141534  1.682934  9.654134
 -3.574753  5.413069  9.148608  6.870394 -8.391362  6.087011 -9.587234
  1.138866 -4.748153  6.059849 -3.588464 -5.707363  1.024563 -8.288004
 -8.623842  7.820861  0.036159  2.104602 -9.622202  5.229289 -3.013621
 -4.012125  1.993991  8.515268 -1.988200  4.086561  8.796293 -5.994862
 -1.648536 -5.721156 -6.858141  6.722856  3.998974 -2.662508 -6.169745
  0.861227 -5.436119 -6.533887  5.653857 -0.763976 -5.034419  2.063340
 -0.224532 -5.647694 -9.959078 -3.727686  4.216560  5.761932  8.364221
  6.166667 -9.529006  2.069700 -7.992220 -1.209688 -0.062770 -9.542132
 -7.916081  6.888855  5.817700  3.068666  2.902697 -3.051346  2.498979
  8.097848 -9.368976  7.225896 -6.109350  0.441549 -5.756587 -2.113061
  9.894602 -1.278223  4.956330 -6.682569  6.497707  9.476886  4.652286
 -6.482099 -6.392152 -8.161366  5.268176  8.561812  3.293662  7.295036
  8.908651  3.479122  6.959133 -2.449342 -0.809928 -8.912652 -8.727506
  0.466577  3.111623  1.615350 -1.618976 -1.627580  8.865443 -9.455398
  3.187215 -0.465509  6.053577 -5.265342 -2.927431 -2.728488  3.855492
 -3.458481 -1.074849  8.649634  3.204477  5.219915  0.476700 -7.455158
  2.396757  0.248022  7.322377 -5.240994  3.600145 -3.885137  2.058629
 -3.900514 -4.309608  7.430343  2.322599 -4.801771  5.338362 -3.738817
 -6.997243  5.117020 -9.957850 -0.278583  7.248176 -9.637542  9.618694
  9.317754 -6.532615  5.652341 -7.907292  7.192698  6.010529 -9.583099
  3.303597  9.509963 -0.776238 -5.462167  5.115343  2.288901  1.238300
  3.900061  6.181733 -8.726167 -4.876928 -5.707257  8.783066 -2.788329
 -9.118418  4.173241 -5.901595  5.401076 -5.518550  3.888517  5.163255
 -3.530738 -9.618083 -8.217150 -9.595541  6.720747 -7.314840 -9.292746
  2.838911  1.064665  2.968312 -3.128937  0.752853 -6.879237 -5.703696
 -8.298423  8.625926 -2.556377  3.398882 -1.712135 -4.498904  2.775455
  0.840520 -6.008292  8.076635 -6.622270 -8.937873  3.421487 -2.555883
 -1.468191  9.384487 -3.728452 -4.199474  6.519926 -7.423331 -0.934995
  9.008374 -2.670413  6.177690  5.239222 -2.913402  7.937196  5.898570
 -9.019580  6.828568 -0.663368  7.168011  3.548033 -0.472303  8.541993
  4.048013  0.075045  2.322697  9.936262 -5.336061 -8.511164 -8.288612
 -5.290303  3.125250  4.378054 -6.994387 -7.919102 -8.362314  4.869141
  0.484951 -5.215523  9.728526 -9.951653  9.659380 -1.602954  5.930039
  0.894990 -1.481743  4.493579  7.240583  1.547739  3.739654  7.772975
  0.679129  7.936733 -5.923152  7.315352  2.372563  5.440347 -4.999076
 -0.278192 -9.615596  3.341258  7.994639  8.680685 -8.905990  4.868754
 -9.733044  7.362668 -3.870360  8.799282  8.423003  6.965267 -3.076327
  4.191486  9.296036 -1.385114 -9.910250  9.274803  5.283609 -1.890547
 -5.760757 -3.973443  6.024654 -9.841728 -3.011548 -4.492671 -8.216848
  2.352320 -2.351140 -3.837195 -7.110321  9.826206 -8.697177  7.215299
  2.538407  7.698431 -8.353796 -7.582289 -7.898203 -0.802803 -3.686874
  3.808736  5.020911  9.311441  1.689010  3.682477 -0.211933  7.626764
 -1.103572  2.257775  7.803282 -1.380289  3.730957 -1.796816  4.081024
  1.115995  9.259104  1.580731  2.119740 -6.180935  8.090770 -4.269147
 -9.713259  2.926685  3.582192  7.467887  1.594503  1.695851  7.217806
 -6.755270 -1.868649 -9.155591  5.341122 -9.997098  9.042069  0.963073
  3.047614  1.609653 -7.757004 -6.184039  4.746287  5.300863  6.681272
  2.299426  3.601108 -5.163628 -1.605349 -8.025775 -7.665308  7.767881
 -7.319089  5.218103 -3.178520  4.860774 -0.367910 -3.460007 -5.626857
  4.200918  5.221563  2.472450 -8.599923 -5.975613 -4.806556  8.578707
  0.175324  4.337528  7.836190  9.611584 -2.460684  1.759407  6.119810
 -4.087746  3.753321  3.463433  6.237460 -9.836007  2.719482 -8.807184
  6.883648  4.339604 -3.924493 -0.243879  5.437799  4.032275  4.876568
  1.787747 -4.304101 -3.660072 -3.204075 -4.162666 -4.762902 -7.927799
  0.438144  2.069533 -9.727037 -3.430551 -4.545694  6.323463 -2.283462
  1.298054 -4.234908  1.340235  3.071987 -3.444008  0.608275  0.070287
 -4.328067  7.650276 -6.417420 -4.403357 -8.438745 -0.781694 -5.395365
 -6.967516  9.502082 -0.035648 -1.196903  0.742429 -5.366173  4.760513
  7.321699 -0.560310  0.809684  8.131462  8.231848  6.611822  2.670205
  9.398375 -6.959108  5.332291 -2.969956  4.488825 -1.918717 -3.325288
  0.802650 -9.927058  0.881063  2.286435  0.521869 -6.520298 -1.275701
 -3.479606  9.820874  1.887676 -2.252819  8.710150 -0.560734 -6.876480
  9.901838 -1.654787  9.461436 -4.558655 -1.677111  5.882615  5.539439
  3.762524  2.808542  8.610388 -6.097248 -3.879422 -8.869230 -4.453598
  0.984157  9.578600  2.015098  4.938639  8.004384  9.624164  7.720977
  3.465274  6.062916 -7.108077 -0.292608  5.243444 -5.309177  5.508224
  2.970396  0.851918 -1.567810  8.540159  3.398373  2.358403 -6.957911
  8.642044 -8.356198 -6.434664 -3.743706 -3.984458 -5.590427 -4.295572
 -2.525178  1.969029 -7.205350  5.433335 -0.491774  6.578664  6.962512
  3.130045 -9.737553  5.578023 -5.223069 -4.999448  0.263294  5.690248
  8.991485 -4.403569 -2.825438  1.296226  9.687538 -5.797300 -1.738937
  3.090444  2.506330 -7.893166  6.798674  1.171269 -5.154133  0.368737
 -7.438115  8.528536 -2.948395 -0.691189 -9.157510  3.202071 -9.314982
 -8.897936 -2.487785  9.186115  4.238027 -1.874262  4.606201 -7.080528
  6.329040 -0.710687 -6.215173  6.230729 -8.746412 -4.380424 -9.982071
  6.562191  7.014349 -0.865644 -2.541820  3.633550 -8.573015  1.789104
 -0.214174 -2.189698  7.600030  8.966284 -6.348271  4.819910  9.159047
  4.215831 -7.650469  8.761928 -5.957960 -5.479663  4.814417  5.716084
  7.083230  1.634347 -1.982000 -4.894961 -3.440765  0.558002  0.192848
 -0.907379  2.492797 -6.758510 -7.006966  1.780758  9.948416  4.068993
 -0.221593 -6.251398  1.861298  5.910859 -4.693779 -8.460514 -5.498568
 -2.691369  9.750541  3.609754 -2.091390  0.302286 -7.183698 -7.456783
 -3.808126  7.162290 -8.708050  8.707833  8.823124 -5.489064  2.867992
 -6.542330  9.908492 -1.794332  0.840004  1.702359  3.207046  0.308874
  1.056501 -3.071778  8.737603  9.182957  1.651204  7.312627 -1.600780
  6.649521 -8.189678 -1.178120 -4.432826  5.553552  0.552877 -0.204826
  4.424568  3.998916  2.679516  8.468114 -1.507013  0.546771 -6.637108
 -7.657713  8.085698  0.142699  2.952906 -3.874177  9.811556 -1.721566
  8.531298  2.655156 -9.943988 -2.726713 -3.565601  1.791226  7.396485
  2.268984 -6.352770 -9.729175  9.896955 -9.690898  2.465334 -6.525941
  5.756834  8.935984  7.929620  1.650758  0.115067 -4.123832 -1.592571
 -8.384802  2.001982 -2.822688  3.765274  1.904058 -1.653014  8.337178
 -7.134160 -5.727139  8.672458 -8.436454  5.058235  2.037804 -7.371484
 -8.903539 -9.702703  7.658660 -2.111341  1.472392  8.005628 -6.835452
  8.830988 -7.711675  5.225045 -0.003401 -8.420062 -0.594300 -1.750501
  1.071128  1.072472  6.497946  9.249979 -7.550869 -5.597971  7.029366
 -5.149969 -7.456858 -5.998989  0.068633  6.098145  6.623395 -8.465921
 -3.823619  4.316756 -6.490270  4.853671  2.633399  2.000777  0.927782
  4.450507 -0.183479  3.802694 -2.644662 -0.418833  3.277212  0.959726
 -1.275157  3.964690 -4.941344 -5.250748  4.687397  6.149138  8.936430
  5.281303  0.793059 -1.193039 -5.714413  4.038698 -6.734933  7.087545
  0.399724  8.600436  4.597220 -2.701693  4.183761 -8.881781 -5.921812
  5.809181 -4.347400 -8.890094  1.361753  6.510815 -7.937439  3.539458
 -1.301006 -0.756499 -7.428654 -4.235979 -7.375091  4.597178 -1.936678
 -9.872677  2.147432  7.108859  1.333049  9.982874  8.206878 -9.738641
 -4.893308 -6.495960  7.327937 -2.807883  7.916739 -0.252020  1.344235
  6.860704  0.392405  8.555238  4.193421  7.988399  9.747191  2.654182
  4.186069  3.581478  3.320398 -7.036565  7.172820  9.899661  8.313728
 -6.988364 -4.059061 -8.850090 -6.987076  2.250807 -8.608873 -3.763186
 -3.044511  0.192300  6.506208  9.956845 -1.390218 -3.239138 -0.086434
  9.836026  1.991034 -5.465543 -5.610737 -0.812036 -6.591735  1.871967
  8.251976 -8.904451 -6.215914  9.516701 -0.185957  7.544152 -5.962933
 -3.160857 -2.973324  4.904944 -2.161588 -9.716018  9.508037  4.867021
 -0.831581  1.616300 -3.064908 -2.054234 -1.054988 -4.689175 -2.362457
 -9.914772 -4.904808 -4.888224 -6.929454 -4.347997 -7.646909 -8.603948
  5.956348  2.701350  7.301835 -1.319654 -9.966111  0.740532  0.291573
  3.025455  0.156963 -8.371327  8.301898  8.401950 -4.700981  4.002118
  7.928402  7.106600 -5.593559  5.389497 -3.427272 -0.772482 -4.735452
 -6.656600 -8.732717  4.047157  2.752892  7.703242 -6.470489  7.320264
 -2.887517  3.586373  7.158863  6.056758  8.143486  7.121349 -2.707967
  6.525963 -9.701766 -9.827166 -3.145438  5.860783 -8.711987  8.797739
  0.028695 -2.229946 -6.397569  0.542179  1.089008 -0.088816  2.044131
  3.510290 -0.895171  6.344704  0.417959 -6.369667  4.143024 -3.344336
 -6.296180 -0.714552  3.363761  0.807414  0.765843 -2.698064 -5.860699
  6.087159 -6.670356  2.240673 -9.000875  3.059935  2.494760  9.690596
 -2.720328 -6.430146  1.263219  3.802206  5.035478 -8.667788 -5.268855
  2.136917 -7.420503 -4.440456  6.440042  8.832524 -0.471176 -6.927782
 -4.911658  6.708315  4.452193  9.822286 -5.691814  3.337084  1.712979
  5.922982  2.753093 -1.845857  7.091599 -0.958893  9.089348 -9.141769
 -4.432612  6.156693 -0.597062  5.585380 -1.069707  8.958623 -7.004290
 -1.882261  2.348794  3.444750  3.698917 -0.607006 -1.725400 -2.485513
 -0.670635  9.279647 -0.429763 -9.958386  4.458553  1.384159  5.082185
  1.103441  1.365477  9.715456 -9.080185  9.383603  1.024241 -2.453326
  7.782499  0.502333  0.379616  6.944879 -4.568737  7.695855  2.422068
 -4.511737  9.670559 -8.693076  3.563377  9.180266 -1.938199 -1.902962
 -2.836672 -7.691822  9.661088  9.425719  8.018582 -6.720000  3.704801
 -8.342535  5.270495  7.280701 -8.604953  9.112240 -6.866640 -8.220852
  8.762609  2.052652  9.361918 -7.882114  5.376428  7.309552 -9.673461
  6.850124 -5.007190 -8.175176 -9.486856 -2.702410  2.761607 -7.849860
 -4.478932 -0.052516  4.811939 -6.073137 -0.601323  4.854239  6.429196
  4.148154 -4.502048  7.028456  1.091097 -5.457432 -9.681149  9.344445
 -3.941460  6.776692 -0.540296 -5.838056  9.372942 -5.417775  7.968335
 -2.107139 -0.228044  8.389001  4.343955 -1.791180 -8.254176 -6.966107
 -4.952656 -6.804140 -1.222627 -1.366235  8.003051 -4.643626  1.382118
  0.936002  2.081667  1.634653 -8.043813 -0.567198 -1.875173 -1.802693
  4.291711 -8.741756  4.985584 -2.536136 -7.674326  1.633272 -4.978291
  3.512275  8.641418  3.437889  1.622267  3.353794  8.673628  0.194149
  8.601960 -3.614121  5.822123  3.884128  0.117378  2.757955 -2.946337
  6.296116  3.359861  1.947713 -0.902041  5.802356  6.514921 -1.037066
 -7.741028  7.948216 -0.367792 -6.440610 -8.358531 -3.327788  1.890451
 -3.812482  6.449696 -4.607109  0.470254 -2.841812 -4.522862  2.410047
  3.821604  4.105793 -2.025629 -9.804867  9.290653  5.073292  3.730739
  4.931642  2.903112 -2.869520  6.716049  7.201268 -2.977487  2.810493
  7.846960  3.761334  6.211756 -5.737966  9.577941 -5.074264 -4.872971
  2.279883  5.692364  8.259028  6.360172  6.699349 -4.842733  0.775322
 -0.357466  8.456774  7.077293 -0.500421 -3.170350 -8.954723  4.196284
  8.087942  2.666412 -2.729180  8.845311 -0.166967  2.077828 -8.313538
  3.132642  4.729086  7.225140  2.653594 -6.354110  9.212482 -8.426051
  7.290789 -1.577115  4.768355  7.712033  3.736114 -2.559832 -8.160564
  2.506780  2.553452  5.145652  7.796178  4.402476  1.597740 -7.269247
  9.757554 -8.321995  2.775342  0.423972 -7.575930 -4.265286  6.870516
  4.677549 -5.139899 -9.744571 -6.396039 -1.435318 -7.812379  5.986822
  6.341137 -4.138891 -2.910525 -0.564523  8.154411 -6.225185 -1.006461
 -7.182899 -8.670082  5.990252 -5.888257  7.572387  1.585312 -6.399498
 -5.237641  7.788758  5.006818  1.857575  5.079172  8.029009 -6.098101
  4.943603 -3.477411 -4.291041  4.723982 -5.764007 -4.892131 -1.342366
  1.833209 -8.239511  2.524016  6.342213 -1.012550  3.107401 -1.437974
  6.951592 -3.960038  0.980398 -1.527771 -0.822782  9.678156  2.268312
  2.405621  7.626966  3.405402 -6.683862  2.733192 -2.426109 -0.196297
  9.387996 -5.752271 -8.968895  3.580906  5.639238  1.146717 -4.197085
  5.300834  4.251740 -2.297790 -0.478391  9.974590  1.064067  2.397532
  8.606783 -2.880366  9.315478  8.105055  2.680959 -3.894748  4.370194
 -3.927131 -9.947289 -9.701203 -7.848224  8.340840  3.924833 -7.075988
 -7.538682  4.737674 -1.251045 -8.554155  0.416030  1.526699  3.421106
 -9.188405  7.827582 -2.823947 -6.347904  3.858785 -0.464517 -2.263083
  7.138774  2.581615 -5.421776  3.708042  7.952405  6.017658 -0.605782
  0.584311 -7.100270 -1.027336 -4.661791 -8.795768  7.084005  1.348301
 -1.010008  1.301376  2.287367  0.499804 -6.008192 -8.719422 -2.346147
 -9.068504  5.388641  1.921545  2.673273 -1.378496  0.527273  6.550431
 -7.955201 -2.543860 -6.806748  0.609019  9.836592  4.582890 -2.321965
  7.282020 -1.840247 -1.522968  5.907297 -0.454411 -2.972593  4.537670
 -2.726993 -2.876222 -3.930579 -6.117635 -2.634158  8.876019 -9.714915
  7.057294 -3.182184 -3.447595  3.034078  1.749695  5.834480 -2.713274
  2.895983  2.141685  0.209862  3.865761 -7.685724  6.671720  3.729978
 -7.098386  6.648393  8.974348  5.004141 -0.974851 -9.929335 -0.812541
 -0.708228 -4.692839 -0.089589 -4.796220  0.644520  3.043857  1.721900
 -4.705066 -5.954058 -2.172610 -5.361794 -6.675470  8.995816  2.941831
 -4.513455  2.909397 -8.329214 -4.059132  8.122810  2.357241  0.683191
  2.295208 -5.692841 -6.918636 -4.175984 -3.972368 -8.738368  8.203043
  0.596230 -7.774232 -1.118831 -5.655385 -7.592728  6.415837 -1.616243
  2.062492  4.670978  3.323106 -7.271259  1.549603  3.466869 -2.500627
 -6.349580  2.679230 -6.778924 -0.565151 -2.599597  7.250037 -6.918127
 -8.844525 -0.117720 -7.813101  9.632084  7.458656  9.936032  5.554248
  3.422260  0.864061  7.557473 -1.303704  7.888745  5.211828 -1.384913
 -9.355024 -5.146825 -4.818506  7.670817 -2.446881 -8.973215  6.493951
 -0.850239  4.814862  4.849888  1.826164 -2.798571  2.340369 -2.947384
 -5.675756 -7.664035  7.899183 -5.841539  2.473169  5.137584 -0.329250
  5.753495  0.663567  4.438102 -4.200908  4.933549  8.348892 -8.347599
 -2.016312 -6.592192 -7.959242  4.900034 -0.899144 -5.690084  0.533002
  9.215483  4.124758 -5.937843 -4.522579 -7.095580 -0.576564 -9.918202
  3.610485  1.906818  2.981687  6.247913 -0.841109  9.023339 -2.655565
 -4.534589  7.573401  0.368614 -6.378367  1.094582  5.668182 -7.749544
 -5.020674 -5.990687  9.730595  3.763339 -4.325951 -2.573657 -1.909246
 -0.507493  9.462229  4.751563  8.287135  2.152623 -4.427752  9.475897
 -9.953398 -1.523970 -4.965195  2.983565 -8.222453  5.821262  3.224429
  2.058621  9.650479 -9.596238 -5.509773 -7.245719 -5.382650  9.341367
  6.615222 -2.223515  7.144028  6.851820 -0.044206  2.494796 -2.203586
 -6.308448 -6.695654 -7.574246  9.431505 -6.676285 -4.175486  5.712054
 -8.591612 -6.892797  6.594239  4.374255  2.502399 -3.557741 -0.822500
 -6.896352  0.968203 -1.160233 -6.607375 -0.896876 -3.574927 -5.026868
 -3.547129  9.955052 -8.690445 -6.124601 -3.305254 -5.970735  0.475501
 -6.116536 -0.974481 -8.606638  5.942076 -0.658364  9.924768 -5.195817
 -6.938831  1.139090 -0.590830 -0.848706 -2.479058  9.130188 -8.429472
 -4.108228 -2.435195 -8.937843 -3.945617 -6.951734  1.464868 -5.692169
  3.233495  7.629806 -6.661255 -4.315204 -7.618676 -8.525629  1.644859
 -6.800151 -9.114271  6.618999 -4.351705  5.420171  0.665788 -7.164875
  7.618665 -1.810646 -6.862218  4.591548 -2.532034  0.205869  2.549217
  6.228480 -2.850155  6.012729  1.836257  6.124738 -6.640006 -8.944260
  3.839771 -3.409614 -6.421100 -2.079777  7.386838  8.159591 -3.004164
 -2.675836  3.384658 -8.507590  7.797255  0.771306  2.336703  2.027559
 -4.782066  0.894352  7.444107  7.866359  5.035211  3.223141  6.117971
 -1.257811  6.475674 -8.954788  0.608650 -7.858904 -5.528555 -0.558008
  1.608655 -2.856796 -5.390370 -8.798028  5.638430 -9.258271  6.418792
 -0.220799  1.593378 -0.661748  5.647292 -2.583124  4.650890 -0.692581
  6.651304  9.678497  7.429217 -9.770871 -4.740272  1.182329 -5.817515
  3.579496 -8.666530  1.825012  4.342510 -1.012784 -7.164010 -4.431925
  6.446166  3.129078 -8.899389  2.045560  3.967473  8.556741  4.645524
  5.835992 -4.066812  5.015413  3.566988  7.977804  6.766996  7.090073
  4.405824 -0.094716  1.437550 -0.720256  8.749509 -1.809625 -4.893288
 -8.267438  9.327903 -5.805090  4.223667 -3.779130 -7.306583 -6.548840
  7.139575  8.725760 -0.781647  5.953259 -9.265223  4.934618  5.358453
  0.117418 -3.853734 -7.216035 -8.671571 -4.592569  6.864390  1.435957
  6.309829  9.302017 -7.586366  3.275173  9.025819  2.392048  7.214820
  1.343525  7.415911  8.843636 -6.212455  6.113162 -8.611704  4.680723
 -7.195934 -8.992535 -8.280748 -5.070058 -2.045572  7.918276 -6.903978
  3.736809  1.933015 -1.954691 -2.597514  4.924511 -4.378304  1.722878
 -2.794756  5.184098  1.294219 -9.527245  6.593552 -0.651601  7.848896
  9.861316 -4.618215 -6.728169  9.323564  5.418740  6.762207 -6.842516
  5.195317  8.121329 -0.073063  4.128739  7.211971 -0.926411  5.122980
 -3.931299 -9.758885 -8.249348 -2.760619 -9.717171  6.984871  7.108534
  6.594600 -6.991385 -5.674855 -4.023871  0.289436  5.905947 -0.245572
  3.014628 -6.762126 -7.211124  2.278129  7.170264 -5.857788  0.286974
  3.496488  4.842075  4.136259  3.916265  7.827023  1.966443 -4.223665
  7.653754 -7.889881  7.754823 -9.884629  4.966255 -9.775993 -1.029972
 -5.991784 -0.730814  8.608705  3.745086 -0.394988 -7.444026  9.893500
  0.624038 -1.990056 -3.547642 -9.112112 -7.282569 -3.267561  2.460521
  3.084153  0.814445 -8.484128  1.903306 -8.893721  5.484786  9.245425
 -2.439566 -2.861957 -9.926423 -7.491323 -0.369405  0.595201  8.400561
 -2.965638 -5.607128 -9.281726  5.250136 -4.895057  3.093213 -0.102240
  9.554776 -7.028514  0.360587  3.405449  5.301657 -6.890451  2.846106
  9.280796  8.364585  1.482159 -0.754158  7.826754 -0.891404  5.470428
  9.195873 -1.603837  1.451491 -4.819028  1.754791 -1.699280  8.973169
  1.520078 -3.922914  2.331250 -3.837140  7.741733 -1.579341  1.652893
 -2.153927 -8.552025  3.922824 -9.272765  2.320165 -4.823791 -7.899122
 -1.377260 -6.566751 -1.092825 -5.353649  9.199776  5.948103  7.718485
 -3.934176 -4.644589 -9.935189  8.815035  8.814989 -0.950079 -0.828256
 -9.991467 -4.116953  6.702895 -7.887431 -9.260029 -1.224840 -5.617407
  0.028492  0.768891 -0.582623 -5.095845  2.469766  8.367670  9.203225
  7.703197 -3.223265  5.412731 -7.851240 -3.518135 -1.479176  7.073397
 -5.255811 -1.554690  3.305243 -0.153803 -5.715965 -6.462140  9.809072
  5.314793  4.614020 -0.934797  6.654341  4.105681  7.147980 -2.016509
  6.797208  2.609605 -5.261112  3.657691 -7.877271 -4.404050  6.338601
 -0.714691  2.164193 -0.517591 -0.409040  7.921922 -9.962979  8.340655
  2.415319  8.462832  1.645918  2.643163 -6.865445 -4.535353  3.146592
 -1.163842  8.773942 -7.432310 -8.768580 -8.820964 -8.432159  7.776234
  9.900402 -1.804796 -8.052875  3.224532 -5.243589  0.882328  6.027275
 -4.387993 -4.842768 -4.257304  9.970342 -1.063975 -5.659215 -3.206495
  3.399419  7.714253  5.877687  2.645797 -5.486889  1.266863 -9.806399
  3.147704  5.635928  1.492213 -6.362200  7.670197  8.699797  5.989885
  8.501119 -3.033383 -8.317244  1.082481  8.036271 -0.438387 -1.621778
 -0.647103 -1.817472  0.133389  3.370099 -0.243909  4.321931 -7.925834
 -4.755212  1.749729 -8.283847 -6.060443  3.970312  5.932663  5.629395
  0.088909  1.726133 -7.040113 -4.407027  9.336031  7.238274 -8.333415
  2.903874 -6.771869 -3.439913  9.856704  9.040002  0.822912  0.963568
 -0.758676 -8.748897  6.650015 -1.915262  4.289926  3.017926 -4.144772
  2.126349 -8.190727  7.571172  6.998215 -2.135511  8.606273  3.434468
 -6.761850  7.774230 -1.560972 -3.987343 -6.669543  4.692786 -3.477487
  6.468778 -1.458722  1.108499  7.404811 -7.940246 -4.770022  5.240753
  2.411167 -3.280104 -8.740695  3.239363  5.873145 -0.809942  9.915284
  3.675135  9.359192  3.434728 -3.450017  0.630179  3.495247 -2.848124
 -5.767463 -5.459463  6.557566 -6.262777 -6.252760  2.521261 -2.490162
 -1.134583 -2.174228  1.082165  1.672623 -5.632668 -7.058523  0.848430
  9.489355  0.420428 -0.340671 -5.174809 -0.300191  2.005366 -0.069374
  0.098570 -2.275269 -6.543742  9.017483 -9.003870  3.675643 -3.712822
 -3.542628 -9.247109  5.777447 -1.793223 -8.516837 -4.824139 -6.267502
  2.553327 -4.506368  4.341035 -4.436849  1.281298  0.713557 -1.410812
  4.812818 -1.272002 -7.056618 -2.467298 -3.683522  1.844880 -2.371953
 -6.864372 -4.300870  1.497308  4.557531  4.384871  7.280307  6.344133
 -7.401495  8.641507 -9.902932 -5.891368  9.145279 -0.497795  1.802548
 -5.132719 -5.899451 -6.233317  5.684981 -5.103906  7.007024 -0.312445
 -8.299319 -6.463336 -7.368424  5.199835  0.339823  0.440437 -0.015551
 -8.039147 -0.871287  3.878816  8.052173  5.235848 -6.264688 -5.354575
 -5.619226  8.878032  8.754632 -4.418058  9.484582 -6.455357 -6.474395
 -2.610110  3.410557  1.266851  7.586194 -3.870962  5.073855 -8.216926
 -3.741415 -1.145362  4.615790 -7.147905 -2.906304  7.996692 -8.307324
 -2.922188  1.900798  4.396323 -9.472843  3.575767  5.794566  9.345951
 -6.078922  6.061268  7.314803  2.591897 -1.343583  2.563800 -9.622788
 -6.448609 -0.962329  8.881825  9.285697 -2.988394  6.046398  4.074589
 -7.465936 -3.014079 -5.740571 -5.180563  2.890350 -2.041366 -3.401836
  9.575676 -0.018200 -3.757713  0.698629 -6.018407 -6.686426  1.385176
 -6.516632 -0.364800  9.573563 -2.494989  8.315631  1.919934 -9.237129
  9.196716 -6.293601 -4.141113 -9.363882  9.368957 -7.269318  9.996985
  4.818424  6.139858  3.394449  5.009068 -2.240163  4.169264  1.388197
 -8.202924  4.289504  9.173763 -9.765325 -1.867776  7.732635  3.735651
  7.302375  8.549867  4.245272 -8.735752  1.975259 -9.250627  6.301476
  0.455624  6.867394  6.890352  6.044943  1.723345 -1.234079  2.282609
  7.908028  2.112718  2.611186 -5.374260 -8.609039 -1.246681 -9.013272
  1.665464  8.171834  2.472771  4.426541  9.557666 -7.524711  8.316325
  2.844239 -0.471308 -2.332543  6.345509 -5.640032 -8.137992  1.981660
  8.285907  5.491314 -0.251749  1.531050  4.634542  1.842789  4.542314
 -6.905600  6.268527  7.742547 -1.817006  7.216072  5.151149 -3.479182
 -1.442123  6.644273 -0.878007  1.637458  0.384970 -0.423427  9.512960
  3.634095  1.625880 -3.750542 -4.106319 -3.368962  1.064704 -1.520431
  2.539427  5.706243  7.108634 -8.923255  6.380928 -8.107690  3.558206
  4.582211  8.622409 -1.331699  5.639048  2.966753  6.073053 -2.474756
  9.884604  5.372374  0.138810  0.082049 -4.350950 -2.318612  7.102244
  0.998968 -4.601435 -0.546376 -3.075144 -1.100647  1.200126 -0.058566
 -7.429809 -9.532704 -9.902480  0.222411 -4.401285  0.760926  9.643431
  9.228689  1.788789 -7.299120 -6.570036  7.883801  5.457690  2.701694
 -9.505185  6.407078  6.315650 -2.820540  5.944657  5.754346 -1.227031
 -5.468734  3.212461  3.886767  1.959716  4.270445 -0.600735  3.520225
  6.615060  5.352032 -3.507292  8.524011 -5.073131  5.321288  3.549117
 -9.737530 -4.785022  8.078977 -4.532690  5.870948  7.460515  7.279184
 -6.280451 -2.669590  0.066082 -7.182430  2.489413  8.605878  7.960152
 -7.829328  4.653069  0.477127 -2.175537  7.849773  8.628662 -0.623012
  9.777682  9.948241 -2.535468  7.854794  2.841650 -1.770866  5.737977
 -4.128924  1.126281  8.270094 -2.963274  1.440769  2.285030 -6.423056
 -9.700386  6.810425 -5.762968  6.423177 -0.767218 -8.365891 -8.246002
 -0.775038  4.992806 -4.790383  6.255696  2.028620 -1.963695  0.741169
  7.566206  7.351748  9.212434  6.347712  3.505712  9.714513  3.474983
 -3.481066  9.336359  9.935058 -1.381157  9.370929 -8.114622 -6.227928
 -0.836601  6.941946  3.988374  7.482071 -9.280017 -5.026759  2.900969
  4.008168 -7.123588 -5.205824  9.703511 -4.011127  4.266425 -6.555848
 -9.128238 -2.887013  9.706484 -5.778477 -1.095333  5.792861  2.302266
 -0.642886 -7.331432 -4.054584 -7.762171  3.264195 -1.979849  8.216282
 -1.749749  2.721225  2.381468  7.961723  3.476142  1.621844  9.570623
  6.994177 -0.162319 -2.803265  0.417993  0.555432 -8.847426  9.332169
  6.600136 -3.360558 -9.439118 -8.053617 -1.302771  2.820244 -5.522129
 -5.300228 -5.000816 -4.774431 -8.307859 -9.692359  9.896196  8.807091
  3.894216 -5.435050  0.429189  3.356358  4.563694 -2.862886  7.857023
 -3.003259  3.169556  9.547645 -6.748599 -0.150364 -8.864796  1.692873
 -9.510255  9.769375  4.509431 -0.980710 -6.094589  3.140521  6.724058
 -1.796862 -3.884382  1.860128  4.710653  6.347133 -0.035204 -3.180371
  8.517897 -4.994443  7.263722 -2.660772 -9.678273 -8.018791  7.601218
  8.385917  9.281084 -5.626167 -8.898737  8.742524 -1.678903 -5.696001
 -9.842763  4.873653  3.184200 -8.572053  7.507870 -5.542237  2.912691
  1.623239 -0.256336  5.393717 -1.651917  8.869343 -5.464981 -8.642539
  0.946058  6.621237  3.815336  1.453117  6.846572 -7.750739  1.779584
 -8.687456  3.630692 -1.790933  2.466402  3.700111  7.144773  2.745355
  5.916265  9.306113  9.852455 -1.001300  2.804211 -8.923992  3.098025
 -7.137905  7.287723 -8.142872 -4.254427  9.015473  2.733823 -6.956235
 -1.684691  0.438446  8.831112  7.192673  7.585987 -6.715103 -6.079762
 -1.072169 -3.647618 -6.990645  1.161158 -6.191718  0.336332  0.273205
  2.387143  6.013380  4.141523  3.424141 -6.830075  8.853079 -0.290451
 -0.889287 -0.652773 -1.077262 -7.214414 -3.409615 -8.251869  7.685136
  6.706455 -4.270785 -9.176430  0.240758  5.037029  6.691864  8.498489
 -9.697528 -9.219564 -8.600651 -1.847390  4.831870  9.748447 -1.960551
  6.446836  2.666434  3.342834  1.869125  1.645899  4.684664  7.608030
  0.641592 -5.598706 -8.592059 -3.885390  1.111309 -2.948267 -4.639342
  9.794509  5.172483 -3.933881 -2.729240  0.513546 -3.937612  5.795160
  1.987636  2.784639 -9.668702 -0.549280 -7.322095  7.233249 -6.974915
 -4.576861  1.864225  8.536699 -5.435713 -5.853491  7.971735  4.957183
  1.776518  7.120787 -9.163321 -3.748268 -6.431025  2.976258 -9.190624
  6.159524 -9.884726  5.857795  2.003201 -2.675741 -6.591066  3.412977
 -6.310932  7.859300  9.504291 -2.311663 -4.005845  6.873745  8.237045
  8.916633  4.298881 -9.858230 -2.526602 -6.527676  2.480543 -8.867589
 -4.621303  0.382321 -1.090885 -2.007558 -1.228632 -2.242354  0.873833
  6.068635 -9.702907 -1.491646  8.222792  6.008645 -9.068520  3.733749
  7.406760  7.230070 -9.547189  1.267389  6.077613 -1.763970  5.194227
  9.715595 -0.521447  8.340457  2.352482  2.519752 -2.918841  6.190369
 -6.917647 -6.342138 -7.098359  4.126102 -6.753019  0.908552 -5.149209
 -9.773570 -4.364774 -1.949837 -1.681148 -0.739018  4.916556 -6.669823
 -5.585684 -6.136954 -1.418762 -6.428682 -9.124614 -2.034116  6.713309
 -2.745836 -3.816971 -8.602254  0.503422 -8.441873  9.852383 -5.089000
  2.137914  9.892564 -7.410917 -1.510221 -2.888405  9.422644  2.390859
  5.117480  2.001254 -3.448981 -3.762176 -0.525508  8.090457 -8.768904
  1.149423  9.102402 -1.899709 -4.844652 -9.511894  1.512618  1.604740
  9.687258  7.261650 -3.606172 -1.471426  4.170823 -2.709382 -1.179220
 -5.974512 -8.667366  3.412062 -3.209456  7.965193  0.924860 -7.956552
  2.902503 -5.796056  6.232006  5.430110 -9.578654 -3.558225 -7.251978
 -0.217988 -7.786078 -0.621360 -1.048675 -0.472384 -7.927618  9.447075
  6.986758  9.243500  6.163681 -0.159185 -4.667826  9.333729 -4.612176
  1.611488  8.660889 -4.144608 -8.655830  3.242372 -6.978310 -9.292623
 -5.459949  0.644308 -4.663829  2.824644 -9.377698  2.508007 -7.008857
 -8.585194  9.971608  8.786729 -4.950723  2.041322 -8.280134  3.853074
 -8.822698 -9.627527 -9.342085  9.675961  7.596420  6.568058  5.975180
 -9.795103  7.087240 -4.240907 -7.253512  2.095846 -8.477273  4.912219
 -3.706062  4.065609  4.970515  1.731307  7.081849 -6.064419 -5.978170
 -2.609845 -7.220133 -6.433078  6.551836 -8.823338 -7.324357 -6.582223
 -0.191363  6.827556 -4.807043  6.135916 -4.526258  5.889151  3.859627
  5.983026 -3.499186  4.975883  8.337208 -5.802486  4.701389 -2.904103
 -3.155859  4.474377 -6.940332 -6.348216  3.571688 -8.280453  3.783824
  4.454232 -7.674092  7.940895 -2.254685 -6.224696  4.201660 -1.600347
  1.228191 -5.299892  8.850717  6.455626 -0.574759  4.494746  2.712662
 -7.876671 -8.354597  6.152100  2.831664  3.094305 -9.534773  7.540047
  2.194441  4.775756  7.967255 -4.682309 -2.534455  4.719970 -9.717034
 -0.503334  9.074353  0.552550 -6.204766  1.891529 -4.873180 -9.828328
  3.605683 -4.842610 -5.058843 -2.744439  9.109414  2.416201  1.317473
 -7.820334  3.205351 -5.114233  5.468046  2.209885 -1.859832 -5.931257
  9.021550 -5.820029 -1.689547  8.315943  2.027313 -6.845128  8.164866
  8.116122  2.944498  3.740090  4.069689 -8.882348 -8.944662  4.812609
  3.559665 -2.286684 -7.672014 -1.041984  9.617650  7.239504 -9.354768
 -2.042669  6.094048  7.428188  1.975932  9.092526 -2.631380  0.081362
  8.475035  7.106863  4.926527  4.085250  7.312590  4.047231 -2.965967
  7.384920 -0.602286 -3.895896 -4.070320  3.275120 -9.766224 -7.046113
  8.717827  5.193310 -0.941786 -5.159934 -0.277928 -0.208788  1.633408
 -3.288129 -8.286592 -3.868657 -0.110218  6.740286  9.624269  3.809744
  6.738754 -5.600122 -0.932567 -9.953991  2.034690 -8.045247  2.318885
 -7.061149 -9.180203 -1.314304  1.866010  5.944372  3.208546  4.183007
 -6.367671 -6.798140 -3.135730 -0.235762  8.647129  2.797642 -9.950125
  1.515636 -4.606838  9.813018  5.756484  2.704061  1.934918 -4.633643
  4.415519 -9.472058  5.490587 -2.146340  2.360043 -3.422384  7.137509
  9.971636  1.531085 -6.690121 -2.475123  3.232158 -7.466568 -9.113819
 -9.199450 -7.659747  5.645337  4.892410  8.107786  1.350310  1.677155
  7.616028 -9.821338  4.344943 -6.308346 -1.764733  2.414272 -6.212615
  1.620125 -1.150251  7.785516 -6.661164  3.297532  4.881227  5.821660
 -9.021834 -6.491917  7.346936 -6.610077  2.213625 -8.360194 -7.670285
  6.417108  3.390612  9.707912  6.138021 -2.108586 -7.096007 -7.647952
  6.042670  6.343754  5.270818  0.998181 -9.334136 -5.603077  4.194761
  5.991732  4.891527  3.404186  6.842659 -8.776050  6.719042  2.210203
  3.802175 -9.637415  1.488228 -6.378013 -4.671620  9.791864  8.753654
  7.511202  1.148731  0.173290 -0.461054 -6.849062 -4.368642 -0.597495
  8.548383  2.547523 -1.549744  0.602940  2.599661 -4.734261 -2.401458
  1.377445  4.272185  0.818639  1.233105 -8.270990 -0.399359  5.341493
 -0.338191 -5.979334 -3.631864 -8.608787  3.975911 -0.571113  4.341563
  6.618092  8.682846 -9.747401  2.456200  5.204438  1.750316  4.893076
  5.784253 -2.277954  6.143866  8.891946  3.833940 -1.175370 -3.505258
 -1.930814  0.245005  1.449889 -9.976223 -4.111229 -3.842763  1.456753
 -1.496514  1.378547  2.509325 -6.119716 -6.955524 -6.375174 -8.504555
  1.475627  7.285076 -6.507732  4.402961 -8.167041  2.894666  4.152902
  1.424978 -6.022328 -6.169737 -5.975476  3.249528  7.055801 -8.084528
 -3.300634  9.637567 -8.043520  0.913359 -3.779778  7.081754 -0.886086
 -8.549365  0.611118 -1.963223  5.402260 -6.344531 -6.238651 -8.417403
 -8.524888  8.183297  9.894854 -3.140230 -3.986891 -8.629011 -5.309096
 -1.720540 -0.757773  2.794599 -3.154960  5.606560  0.182562  1.025004
 -7.932807 -7.405643 -6.187150 -7.919102  6.422973 -2.109063 -6.138230
 -7.137507 -3.609607 -6.478246 -2.172579  2.763125 -4.011545  9.640830
  1.097283 -8.881223  7.187634  0.643211  3.221679 -3.682938 -9.306013
 -0.324611  6.904578  7.180759  9.147186  9.311807  2.787074 -0.328146
 -7.317643 -9.647754 -0.700920 -3.857654  4.740471 -0.189550  6.655058
 -9.713566  2.721289 -0.953887  7.896429 -7.730351  8.986778 -2.325408
 -5.572944 -5.934022 -9.236968  7.320379  4.475427  5.370392  9.183616
 -9.304173  9.383609  7.277202  1.336897  6.835080 -1.267063 -4.105772
  1.484473  0.273740 -1.893397 -8.810475 -6.391074 -4.675015 -7.376891
 -9.820877 -5.861651  2.274955 -3.578108 -6.560552 -8.781751  1.518128
  2.241422 -8.464019  9.695280 -3.962564  3.686036  9.278505 -2.462084
 -1.939969 -9.502864  0.149340  3.893897  0.244911 -3.300693  3.821352
  8.207308 -6.263368 -8.217012  2.655488  2.107277  1.593046  1.247855
 -8.321067  1.254309 -2.509199  6.048003 -8.901680 -0.366492  4.332460
  6.458750  7.736089  5.732277 -5.350135 -8.631555  9.197109  4.943052
 -8.384269 -9.931577 -0.084853 -6.792687 -3.917974  5.827817  0.459723
  3.539353 -6.444071  2.926885 -2.467526 -5.823485 -6.019429  0.840379
 -2.197779  4.871614 -9.936406  3.306575 -5.042385  8.341460 -0.094941
 -0.541744  9.776597  7.033710 -4.147456  6.477301 -8.807965  1.532674
  7.997463 -2.424637 -0.491775  2.188939 -3.681256 -1.326501 -7.557563
  3.618751 -0.463209  0.676070 -2.505924 -1.184956 -7.080707  2.090063
 -1.691754 -2.993231  2.419434 -8.628434  5.622871 -5.383129  9.555206
 -4.074789  6.604458  8.945036 -3.733929 -3.276182 -6.071054 -1.361919
 -4.801684  1.675476  0.906741 -8.645396 -7.999290  9.866647 -8.912670
  8.078016 -4.014197  7.603263  6.843932  0.536935 -4.830666 -3.894439
 -9.234109  6.866031 -5.592976 -2.654062  3.548865  2.037331  4.128049
  1.761910  6.623673  5.239552 -2.404212  7.570483  6.767171  6.882891
 -4.019423  1.787516  2.922114  2.605587 -7.085604  0.873992  6.304081
 -5.432797 -7.730898 -9.500600  0.191453 -4.781173 -5.798830 -7.379753
 -1.818157  1.182812  2.793974 -5.223326 -6.341942 -4.625069 -2.590631
 -4.816752 -3.015582  8.508342  8.561896  9.607804 -5.684973  2.787385
 -8.305416  4.221463 -6.657050 -2.799684 -9.082026  3.118181  8.649553
 -9.707701 -5.397722  5.439109 -4.783392 -6.536056 -4.121676  0.046987
  7.531508  2.426272  3.191636 -5.577697  1.662535  0.441491  9.270900
  2.154335 -8.526665  1.826669 -0.131368  4.002827  9.373945  2.526455
  3.077261  9.449602  4.554259  8.885082 -1.305218  0.268124 -3.145984
 -7.210174 -2.122920  4.512786 -7.130764 -9.197604  5.572978 -3.780201
 -7.117229  2.804446  9.607913  7.880787  5.626018 -4.081781 -6.389197
  0.173350  7.453444  0.518703 -2.288499  9.028023  4.931951 -2.585999
  7.189101 -0.938431 -4.635226  5.119062 -2.534495  8.467310  2.713142
  6.616500 -7.622957 -5.117207 -8.925000 -8.900757 -3.976566  4.561981
 -7.929978 -7.092607  7.972127  2.215915  3.924576  8.014639 -9.804253
  2.791074  5.327535 -9.165519  7.360362 -1.032414  1.256041 -6.342655
  8.687214  1.523736  3.246867  7.941934  5.931063  0.109682 -9.042981
 -1.846027 -4.950665 -3.333356 -5.344832  2.200705  6.271104 -8.923080
  6.770324  1.451776  1.411981  4.704938  4.701207 -2.830888  6.049880
 -5.218100 -0.697102  8.700999 -5.202992  5.203394 -9.609573  9.742250
 -6.883337 -6.350032 -7.392471  9.433042 -1.704862 -0.001012  3.563672
 -7.001579  8.523172 -8.259351  7.991011  2.448253  4.100909  1.874927
  5.910812  9.589284 -5.176501  9.896316  1.370551  4.421778  2.764815
 -3.614146 -5.091219 -9.198044  0.879355  1.806404  3.990216  2.714787
 -4.376768  9.098755 -8.388632  1.925053  4.410834  2.410095  2.022008
  4.762308  0.529679  2.115602  6.891721 -9.930129 -1.883508  1.348840
 -7.392468 -7.096621 -4.555680 -0.561950 -1.569813 -5.155554 -5.678493
  8.396521 -9.942266  6.362089  2.545215 -4.735473 -9.363563 -5.394274
 -0.896677  2.455934  4.288232 -6.552069 -9.450126  9.471860  7.334127
 -6.815691  0.438445 -8.203198 -0.167672 -4.128153 -4.975533  2.412433
  0.198936  7.449377 -8.040702  0.992778  3.059606  9.948730 -8.264258
  5.458169 -8.705280  0.684342 -4.199731 -5.783027 -0.350858 -2.060114
  6.727940 -0.591717  3.695602  5.761079 -4.945866 -9.285760 -1.203824
  8.260752  3.303121 -2.265928 -0.067618 -3.836569 -7.141477  3.452195
  2.167908  6.256329 -8.400474  6.890510  9.619865  8.069262 -9.169139
 -8.440866  6.892136 -9.506129 -5.409698  2.130511 -4.550198  8.823456
 -3.798229  9.995954  8.898175 -4.328763  2.566921 -8.495178 -3.545787
 -5.646638 -0.128382  6.503622  2.595860  8.325500  8.439415 -7.321374
  7.094079 -7.332933  8.410661  7.191394 -4.272992 -9.281510  9.637041
  1.318220  4.240094  8.817673 -5.288840  9.685412 -9.254862  8.850042
  4.631876  8.757674  1.520011 -0.714746 -5.743949  6.337829 -6.946962
  2.450329  1.332964  4.008171  3.677348 -4.046917 -7.605102 -9.587464
 -8.480561 -0.453313  9.397508  3.980643  7.722116  1.588623 -3.765062
 -9.971808  5.550755 -1.731834  6.921266  4.188255  8.088512 -5.564017
 -0.461626 -9.637779 -2.901131 -8.816969 -9.103291  6.204478 -1.051090
  8.273771  7.968333  7.299345  4.697955 -9.188022  4.973363  2.748706
  9.499644 -4.486570  4.338318  4.958873  7.968214  3.939504  1.644674
 -7.793648 -2.309071  6.962122 -6.922202 -5.999918  9.232446 -7.240302
  6.684791 -6.009467  3.278853  7.279912 -1.916997 -0.590874  5.301336
 -4.823374 -2.451653 -4.040032  7.371899  8.991390  1.503243  1.821929
 -7.260652 -8.072249  0.024655  1.606156  6.006262 -8.209326  0.286712
 -5.306713 -3.829474  0.519677  0.750292  6.809263 -6.241324  8.719773
 -1.687288  2.679596 -0.741367 -3.783348 -5.061177 -2.431561 -0.948286
 -8.807774 -5.191537 -3.580527  1.464697 -7.763108 -6.029850 -1.640804
 -9.196221 -2.465719  6.501920  1.705527  2.922420  2.609262  3.437703
  8.992465 -5.209822  7.769264  2.988579 -3.243829  7.449968  2.691565
 -0.017845  5.811470 -2.783843  7.213040 -9.244871  1.086124 -4.261729
  8.465182 -4.169670  4.595932 -2.179118  7.721929 -9.673607  7.476110
  1.459049 -1.382894  1.671395 -2.283796 -0.248534 -1.778748  9.184029
  3.703824 -4.748109 -8.560764 -6.319332 -1.082339 -5.097057  0.154895
 -0.023742  1.440210 -9.541217 -9.988097  4.090702 -8.521012  1.977879
  9.506749 -3.005319 -5.588748  9.544384  6.345315  1.193596 -4.044913
  9.273636  3.764203 -3.926675  6.149648 -7.979029 -3.138160 -3.302455
 -8.904740  9.950297 -1.848305  0.643132 -8.648602  9.355415 -2.016261
 -3.035786 -8.450442  0.589295  8.314116  7.686267  3.723381  6.533502
 -5.403448 -4.826953  9.127670  5.425491 -0.121797 -8.317975 -6.768093
  4.189627 -6.166119  1.529290 -1.053805  2.688613 -4.871481  4.538121
  0.713857 -0.815217 -9.281366  8.791989  2.541320 -0.343260 -2.418189
 -7.833469 -2.492253  0.395950 -8.674351  7.722056  0.917500  6.324118
 -7.182577 -1.145571 -8.901971 -0.418859  1.319180  9.596735  9.524539
  7.029763  7.335557  4.305150  3.526923 -3.044262 -3.350047 -8.132734
  8.883297 -7.171965 -2.582356  5.399052  8.137054 -0.229913 -6.401863
 -9.890445 -0.473661 -9.883425 -2.701030  1.791749 -5.257942  2.845399
 -1.051500  2.763465  1.688937 -8.187293  8.965833 -4.317316 -9.779589
  1.105836 -0.867843  3.338128 -4.752713  8.257275 -4.727727 -3.637506
 -5.614698  5.515927  9.711679 -5.259795  1.641121  6.354706  2.703603
 -4.797460 -7.916065 -7.800304 -1.843448 -7.804131  2.861018 -7.320219
  1.425831 -3.785591  5.132378  4.763281  5.073265 -0.853303 -2.168582
 -9.308757 -9.548076  5.800815  9.436847 -1.397694 -0.990122  1.513828
  5.111830 -0.996390 -4.181545 -4.865755 -4.268226  1.746738 -9.789913
 -0.032501  5.685662 -2.121050  0.676988 -2.857792 -7.657971  0.220830
 -3.521450 -5.187092 -8.670674 -3.760311 -0.331295  8.434904  8.267414
  6.484916  3.698208 -9.301991 -2.178121 -5.681376  6.664645 -4.231240
  3.376549 -7.301558 -8.289790 -9.606261  2.108455 -1.833210 -5.882523
 -9.033398 -0.997930 -6.455059 -6.294658 -2.600838 -1.372563 -4.524558
 -8.161713 -5.800743  3.527849 -0.696090  1.668720 -5.981123  0.346983
 -9.401360 -0.673982  0.674156 -3.496608 -3.194634  6.375306 -1.460213
  3.593458 -0.700427  9.460463 -4.371343 -5.232675  9.033172 -5.863421
  4.178812  7.816196 -7.626662  4.939962  1.674104 -7.489450  1.554364
  9.137895  3.081515  6.235051 -9.003385  1.900962  0.285342  0.841843
 -7.323466  2.125618  2.284378 -6.949875 -3.125988 -0.005496 -7.355602
  4.690366  5.838532  4.378941  1.323062  7.272559 -6.059727  8.820173
  5.215155 -3.052042 -9.858963 -0.025175 -1.382445 -7.641194  2.576692
  2.111599 -9.207783 -9.993852  2.798538  0.872381 -2.831222 -9.252090
  9.934594  7.893222 -7.213667  0.123031  9.709530  9.329510  8.719408
 -2.838415  9.953250  6.484732  5.149169 -1.615633  1.030621 -3.924878
  9.521175  7.247991 -1.056479 -5.709076  2.068469  7.238077 -0.354543
  0.136689  6.283500 -7.593741  3.935454 -6.670833 -3.654010 -6.373079
  5.715862  2.763184 -1.424789 -5.017604  0.637655  5.850373 -5.670573
  9.905714 -3.693977 -9.445585 -5.362583  7.484743 -2.510081  0.536774
 -3.078150  9.990171 -5.943855  9.855642  7.892092  8.492487  9.100424
 -5.733105 -4.718272 -3.222687  4.374570  9.388654 -8.087465  0.353419
 -3.456220 -4.547200  8.199585 -9.968498  4.362054  6.404700 -0.431876
 -3.854333  9.742901  2.759263 -6.646426 -3.799916 -0.117038  0.929137
  1.322495 -7.984670  8.489402 -6.922162  8.240259  7.287673  7.524252
  4.467380  2.016786 -2.798726  7.528340 -8.847656  4.915042  6.103805
 -4.214489 -1.429985  6.824965  9.829113 -3.919446  5.284268 -4.735814
 -6.633028 -9.886125 -5.340532  0.325602 -0.914296 -5.349585 -4.854748
  7.159066 -8.436635 -2.047879  4.774903 -2.354672  8.293418 -6.544601
 -8.526973  1.712110  7.099896  4.428535 -6.328716  5.293958 -3.845695
  1.939492  0.314751  9.541469  9.214894  4.999369 -5.720052 -0.054568
  3.417742  3.192879  0.912463  4.701580  4.902419  7.461643 -6.250582
  2.687777  7.844687  4.002654 -0.617050  9.523880  5.375900 -9.141381
 -4.923981  7.383281  9.322150 -5.206717 -2.567087 -3.299802 -2.262013
 -2.659020 -9.133683  9.693574 -0.382820 -5.024250  4.548599  3.128807
 -6.608935  9.068772 -8.221378  3.053571  7.741740  7.926555 -9.463802
 -0.151708  7.346143 -5.279089 -6.993390 -7.744112 -3.767901  4.772263
 -4.903433 -4.554969 -3.118862 -0.695060 -2.456848  1.226612  0.899788
 -0.099192  0.428625 -0.280640  2.191647  7.607328  1.773713  7.554691
  3.353979 -0.883722  7.354584 -2.097812  4.395845  7.753347  7.995751
 -7.104308 -1.176104  3.373135  4.984434  5.744347  3.868577 -7.461649
 -8.377281 -3.121560 -4.925042  6.184076 -5.891579  3.518760 -6.729003
 -8.389192 -5.869202 -2.157391 -9.826682 -9.907440  6.588780 -1.412773
 -1.186018  7.090188 -7.208864  3.389081  0.665353  3.958404 -3.593220
 -1.498368  8.599194 -1.729717 -3.136648  1.894672  5.198283  2.727894
 -1.626601 -1.636761  7.274521  3.321956 -4.318619 -4.334239 -6.736626
 -2.388998  4.774022 -3.710089  9.559697 -6.411714  1.523281 -5.972423
  2.250301 -0.804488 -1.440902  9.285306 -3.973475  2.303155  1.113796
 -1.641740 -0.727007  2.646556 -9.150197 -2.698200 -2.090735  0.028530
 -1.337364 -8.161442 -1.969888  4.318634  3.695324  6.716951 -2.339364
 -8.141465 -6.542081  4.173266 -9.579776  7.740160  1.541934  9.572852
 -7.269444 -4.278014  9.924290 -6.979587  5.517745  6.124570  0.737649
  9.857796 -1.319044 -9.092778 -0.127350  7.461856 -2.052343 -4.870689
  1.483934  9.330482  1.833777 -7.994944 -9.943781  5.514132 -3.462215
 -3.929876 -4.672211  1.693219  9.315431  9.595943  8.341832 -7.555430
 -3.677990 -6.401649  6.924833  4.240875 -1.630424 -5.830064  1.862511
 -8.910340  2.676136 -8.675237 -6.667410  4.616005  3.387490  6.402498
  5.741817  8.059150  0.330340  8.074219 -4.033006 -1.157288 -6.366052
 -3.817446  4.741936  8.264267 -0.398212 -0.601269  6.107405 -3.899780
 -7.366528  2.914604  8.660108  9.479549  2.956089 -6.538916  8.201899
  3.633441 -5.996671 -6.636187  2.065112 -6.369861 -5.684415 -7.557388
  4.989655 -1.543577  4.263730  7.208107 -0.107143  1.788917  0.306727
 -4.477932  4.993431  4.874345  0.587738 -4.742844 -7.983211  4.470391
  3.247795 -3.314485  0.892052  4.085766  7.132918  6.798144 -1.197006
 -4.086720 -1.302977  2.632587 -8.262152 -2.099239  8.164646 -5.263389
  2.418287  5.324051 -8.601548 -6.568080 -8.548301 -3.765038 -1.428001
  2.128671 -4.627430 -0.655901 -7.675341 -7.996530 -2.725546  1.226604
  4.043696 -8.993821 -0.614724  6.516404 -5.559914 -6.588399 -9.812440
  9.736180 -8.390099 -1.162629  3.089949 -2.274353  5.807259  5.310082
 -8.308094 -3.954923  6.988530 -9.147821  4.411769  7.865111 -3.334428
  6.334885 -4.153770  8.590481 -4.768162 -3.176822 -4.443527 -0.405706
  5.651960 -4.135630  5.812362 -2.966717  8.603552 -8.672318  2.874798
  2.443280 -3.466002  1.586277  4.313193 -6.374369 -4.989987  4.751585
 -3.120984  7.028319  2.574187  6.946887  7.105544  9.231733 -7.710818
  1.801647 -6.065753 -9.805906 -4.614003  7.686168  0.051795  9.792265
 -4.609628 -1.596291  3.091605 -9.949030  1.810266 -7.586395  4.733638
  7.210886  1.618430 -4.442341  4.446225  3.881842  7.376450 -8.618989
 -2.159242 -5.909109  9.929529  8.874409 -5.819444  1.848285 -0.195248
 -1.659806  5.935051  1.657120 -8.548131 -9.209818  7.790909  6.305985
  2.631987  5.466222 -7.693465 -7.509924  3.769382  6.353432  4.711448
 -1.664657  3.904454  1.874921  5.689576 -4.403547  6.755020 -6.958239
  8.831440  3.938712 -9.639608 -2.702798 -3.485333 -4.051165  1.019647
 -5.708637  7.116785  5.845910 -8.647784 -7.242005 -4.569075 -9.346268
 -7.366121 -1.709621  1.652085 -3.065376  3.469510  9.856848 -2.450875
  7.636628  6.521919 -2.237471 -6.919458  6.012290 -3.130998  2.909355
  3.354005 -2.645330 -1.331084  6.563445 -3.747213  4.249042  5.072893
  0.592286  5.475662  9.910158  5.261534 -2.453665  0.628198 -7.204410
  9.811992  4.737996  0.406088  1.276921  9.880974  5.248009  8.130356
  6.905708  8.983992  0.853100  3.867606 -0.876031  9.235350  5.628433
  4.991337 -0.149691  5.080126 -2.871959 -9.998815 -6.431721  8.341134
 -1.007735  3.322324  2.712546 -5.006817  6.314647 -5.294419 -2.885030
 -6.610417 -6.248523  0.732297  4.812885 -0.920432  6.251154 -2.783967
  8.152247 -1.681574  9.566013  2.474537 -6.107672 -8.345947 -0.835918
 -6.417572  2.489568  8.909916  5.772376  4.183673  1.292240 -5.055360
 -3.627745  3.735169 -0.533304  9.194954  3.893027  3.739114 -2.871263
 -4.507368  2.788973  4.439565 -6.083465  7.566767  7.015969 -0.986480
 -0.894828  5.840765 -4.692030  8.315628  2.574363  6.279549  2.067429
  0.204026 -1.555296 -4.719973 -8.901640 -3.190749  3.786743 -1.774608
 -7.167904  5.462088  0.344620  0.954985 -1.005704  3.036730 -8.303808
 -8.237854 -7.592107 -1.371040  9.874757 -0.727165  0.838754 -5.536241
  0.253869  5.889173  7.436392 -5.779276 -8.673959  0.586510  7.024343
 -6.800931 -1.970868  1.421609  2.720141  0.857826 -5.598394 -9.468159
  1.664241 -3.745729  3.847231 -6.651886 -0.590487  7.569094  5.615077
 -1.338397  6.797069 -1.749242 -7.939793 -6.088393  4.369515 -1.380356
  3.457974  4.586441  9.350203  7.722962 -5.774691  2.726044 -5.027412
 -2.144012 -1.150027 -3.643078  5.965512 -9.072903 -6.163241  9.842935
  3.520848  8.049212  8.765626  0.716174  3.978233  4.935264 -4.310543
 -0.671003  8.111239 -1.215769 -9.530803  9.761256 -1.619029  3.235892
 -9.670238  9.176302  5.332512  3.669371  5.447713 -2.552744  5.572534
 -1.415149  2.449278 -0.136156 -4.055503  1.524619 -7.700683  0.306763
  6.481718  0.599416 -8.964508 -5.099246 -5.065936  4.602184 -7.090549
 -3.183167 -1.202894  8.801638  5.793988  7.905081 -5.037858  0.698131
 -0.223648  5.072208  3.542789  8.091908 -4.325183  4.420833  3.621053
  3.501649  4.932318 -6.224011  9.097140 -8.794376  9.612449 -1.197239
 -1.616366  1.606948  4.109416 -4.293492 -5.587264  0.666618 -5.548669
  4.249247  5.367705 -8.503047 -2.921459  4.842347 -4.112809 -7.159862
  1.130527 -0.487518 -5.497529 -7.426092  0.363572  4.402066  5.590095
 -6.865912  6.388095 -4.260834  5.196672 -2.439389 -5.620736 -9.768886
 -5.344517  7.060171 -8.444284  0.490888 -1.693944  4.839971  2.526743
  3.273689  4.824417  6.214582  6.878875 -8.849720  8.598972 -1.850256
 -6.725510  2.684706 -3.240949  0.893728  5.976236 -0.991206  2.347221
  3.835028  4.291353 -8.354699 -8.858893  9.789577  9.311345  7.746426
  6.508197 -8.490845 -6.505077 -1.943226 -1.414900 -8.381258  2.675827
 -3.082338 -1.919316  5.065319  4.569235  9.778829 -6.442458  3.418298
  4.595853 -5.371057  9.754745  0.183381 -2.713318 -4.245104  5.095094
 -0.209195  2.601316 -8.597994  2.328601  8.337639  0.196944 -0.711999
  8.001135  8.144367 -9.562500 -6.889696 -8.679245  4.816758  7.250834
  6.380330  8.600082 -4.824557  1.759661  7.776670  8.504673 -8.613897
  2.678460  4.470428  6.512473  9.149882 -8.172105 -5.588093  3.110400
 -4.439490  7.868915 -6.356083  6.948535  9.567479  3.286552 -8.212441
  2.767762 -2.268946  8.635692 -0.789179  7.158788  4.864759 -8.596061
 -4.219658  6.660373  7.282498 -1.572570 -6.139077  3.640848  7.290694
 -9.841961  7.834752  1.869143  0.491087  9.690373 -1.969502 -8.443042
 -0.177414 -2.181865 -5.108358  0.306844  8.397365  0.831052 -1.836893
 -6.802550 -1.268677  1.890356  6.277149  6.642140 -6.242957 -2.700949
 -2.139244 -8.896191 -6.452059  7.771127 -1.675229 -8.890122  3.235445
 -1.316167  3.795308 -3.835597 -2.929846  8.770716 -2.176931 -5.495590
  4.979876  9.994812  6.564643 -0.789266  6.948855 -6.024896 -3.038340
 -5.204592 -6.203929 -6.855350 -3.012883  7.394273  3.121086 -6.817131
  6.159974 -5.839529  2.003838  0.226902 -4.967297 -4.834879  0.648755
  3.111877  1.561683 -9.685731  5.382742 -0.194262 -1.250129  0.771348
  3.376807  4.245223  7.604821  7.582404 -9.349829 -6.138187  7.725563
 -1.099839 -4.880024 -1.998770 -6.028388  4.202243 -6.795807 -9.193876
  8.351056  1.560654 -8.242735 -7.006432  8.563556  6.480888  8.083321
  4.722274 -1.596547  0.436602 -9.703022 -5.017246  3.460544 -0.872812
 -7.742295  1.039009  5.302922 -3.331042  3.561808 -1.912945 -0.279059
 -0.723290 -0.689713 -5.809275 -0.983268 -0.259661  2.728384  5.771207
 -6.140877 -7.785115  8.767587  1.784436  0.663934  2.580027 -9.420346
 -0.859959 -7.365533  8.436706  8.537185 -8.002200  5.062804 -0.374367
 -3.722103  8.873034 -2.325256  7.264055 -9.688667 -3.721282 -8.366243
 -8.196679 -1.801623 -2.942349  9.687279  4.544590 -6.922645 -7.998830
 -0.286956  0.504490 -0.913668  3.844096 -0.181308  1.831619  2.254281
  9.138655  0.800191 -2.428179 -1.681746 -7.396896  6.722624 -6.814240
  7.408613 -9.841225 -7.078127 -0.970592 -9.573415  0.765396  3.476913
  7.985593  3.491985  8.968935  6.214203 -8.147807 -5.402520  6.143699
  9.571645  7.743697 -9.649127  6.393167  4.251342  0.930235  0.896579
 -7.510152  5.055750 -0.237704 -1.197464  0.748725 -3.756440  7.876068
 -7.895295 -7.337367 -6.060505 -0.772984 -5.664965 -0.057799  1.115973
  8.996692  9.712593  1.830525  1.409403 -4.235663 -3.542691 -6.762330
  5.198575 -6.887636 -0.825454 -9.577322 -9.347355  8.373063  7.344575
  5.264063  4.164996 -4.883782  3.423582 -2.070386  3.725426 -4.862784
 -8.801368  0.701721  8.496939 -8.369839 -9.774101  2.131037 -1.755240
  0.538773  9.929385 -3.547619 -6.563799  7.207543 -8.793369 -8.030771
  5.282381 -4.479818 -2.674967 -2.597758 -0.026666 -8.413536  7.403766
 -3.561040 -3.982787 -9.351136  0.454077 -4.753066  0.450640 -8.981925
  7.879370 -9.449993 -4.569058 -3.923972 -5.896458 -6.791164  5.790546
  6.317848 -7.815139 -5.192946  6.012630 -6.546281 -0.740232 -0.835036
 -2.632341 -4.130117  2.957989 -4.594429 -8.724683  4.753057 -7.279402
 -0.186663  3.667076 -3.166121 -5.037308  9.976908 -3.330317 -5.309776
  5.801750 -3.334219  7.859899 -9.577630  5.756485  1.751391  7.090781
  4.883032  3.519263  6.101582 -9.972059  6.521087 -5.164519  3.568977
  6.952741 -7.236994  5.663897 -6.929362  4.584332  0.881951 -8.739021
  7.180980  4.761437  4.178908  1.874432  6.711554 -1.985584 -9.332054
  0.255256 -9.381550 -4.408893  4.305664 -4.757896 -8.114605  8.005096
 -7.228556  3.170286 -9.457600 -2.468152  3.520608  6.049435  7.946297
  1.818620 -3.450661  3.637497  8.470782  8.473773 -5.496013  5.286884
 -3.901665 -6.544428  9.523176  9.615246  6.174980  9.845132 -9.662216
  1.793112  3.270317  9.796449  3.202207  2.988428  3.982348  4.425554
 -2.013069 -0.181435  5.613665  3.421811 -5.481400  4.867069 -0.485528
 -6.447279  5.310667  0.639349 -9.363289  9.929551  1.319025  7.101134
  1.521736 -5.940098 -6.593294 -5.420925  7.675880  3.298893  8.168101
 -5.063586 -1.288521  0.426637  8.585044 -4.220332 -7.364889 -0.291643
 -2.485778 -1.193404  0.784611  8.972663  3.784958  7.495320  2.481141
  7.103044  7.455601  7.209417  6.946367  5.179484  0.435910  6.155888
 -9.954853 -8.384454  9.351720  2.309919 -8.818128  3.297133  8.984086
  1.699682  0.216979 -8.634617  5.746687 -0.221487  6.271403 -3.999334
  9.285767  2.814558 -6.345372 -4.022486 -6.767627  8.617524  9.771762
  3.298183 -4.967945  1.444131  3.167606  9.579221  2.806310 -0.143710
  9.782294  5.428438  5.483823  3.244701 -3.473660 -2.656765 -1.384492
 -7.971815  1.298195  4.494857  9.285828 -7.879265  5.258633 -9.564349
 -5.257815  6.054097  9.640844 -5.584574  8.746291 -8.509623  0.885617
 -8.615780 -2.884382 -2.770436 -0.832340 -7.795226  0.801271 -1.420564
 -4.662000 -7.092358  0.509995 -7.883434 -5.604755 -8.061506 -2.703354
  4.870189  7.118000 -8.127486 -4.256872  4.641865 -3.738378  9.499217
 -2.743952  1.683750  0.775921  7.543367 -9.170532 -4.095335 -2.613609
 -6.681658 -6.441573  0.435235 -6.286286  1.088115 -5.488480 -2.087133
 -3.886914  0.153993  4.647049  9.871247 -0.040499 -4.674832  6.215741
  4.898892 -6.715712  7.576854  7.866130 -0.531437 -0.789151 -3.740713
 -7.840084 -5.551212 -9.255544 -1.887640  0.570302 -5.753905  9.007934
 -2.999295  2.649407 -7.089658 -3.087265 -2.313358  2.794091 -8.880352
 -3.826547 -7.308426 -2.438654  7.796806  6.363551  1.526061 -4.466982
  9.090577 -6.873903  5.579620 -0.767214 -8.409507 -9.298494 -3.556280
 -9.106176 -4.973441 -1.313053 -3.142178 -5.831559  6.600262  1.034329
  3.209317 -4.981826 -0.934050 -1.042224 -7.205817 -5.508880 -5.485750
 -2.382743  0.311005 -0.078972  0.163592 -4.313371  4.466016 -5.618687
 -1.602512  8.097747  9.210022 -3.826871 -7.795528  3.201871 -6.107769
  4.145442 -8.527615  3.122732 -2.334068  9.894369 -4.076330 -2.637709
 -5.318943 -2.405969 -6.010011  8.259320 -7.265532  2.378076 -5.469113
 -3.722644 -0.187428  8.423457 -4.574358 -9.289780  3.395769 -5.813751
  6.962439 -5.247445 -5.918262  2.113579  6.207148  8.071167 -6.230140
 -8.945265 -5.722023  8.516692  3.421149 -3.278920 -7.934196 -3.647560
 -2.321516  1.174286 -8.859248  1.383054  7.470479 -2.886234 -0.031831
  7.696411 -2.472033  2.169855  7.559102 -0.848026  4.601350  2.160911
  1.945694  6.812397  7.873227 -5.298291  7.948143  5.951816 -9.514634
 -3.596446  4.310835  4.922006  3.801164  9.674529  1.017623  7.145902
  8.639075 -7.142171 -9.119758 -0.206823  2.295582  3.512548  0.005708
  0.815624  8.462402 -2.102040 -5.086446 -7.317360  3.602810 -0.596108
  7.440353  4.916430  7.838393  7.783129  3.909227  9.548728  1.252056
 -0.397691  2.091383  6.991664  8.565560 -2.575315 -8.190397  0.612610
 -0.929927 -9.937480  5.952084 -3.440546 -3.975845 -4.957064 -7.685275
  1.406764  8.110081 -4.708596  7.749571 -1.110135  8.335098 -8.655533
 -7.204455  8.500394 -2.574392 -0.865188 -7.348680  2.421542  7.956517
 -2.488902 -5.603532  4.441944 -3.100512 -0.553686 -8.402033 -3.676828
  6.765627  6.584682  0.945338 -2.406475  2.018044  8.131240  1.469826
 -3.094230  7.899215 -7.690762 -7.737551  1.071859  0.561316 -8.644140
  3.347136 -1.549366  2.100424  7.902795 -0.524511  8.208547 -2.670435
 -1.033452  6.402272  0.059360 -7.490030  2.282106 -9.202650  2.262694
 -6.191508  3.596106  5.449866 -0.559917 -9.678134 -5.286694  7.981066
  2.721666  9.160140  0.512041  6.962165  9.276618 -0.878797  1.661223
 -5.163359 -7.400808 -5.824358 -1.082803  5.410333  6.261589  9.451152
 -8.714720  6.176622 -9.501597  3.909983  5.429815  4.451098  6.239844
 -5.291244 -6.888417 -7.799043  7.555237  0.302730  8.158872  3.581535
 -6.792756 -2.252354 -4.491638  7.174176  7.698240  2.871647  2.820308
 -6.150205 -9.827809 -4.729090 -3.254330 -1.457824 -0.724069  0.864006
 -5.448702 -9.382543  0.960875  8.541623 -2.895420 -6.542107 -2.860077
 -4.005031 -3.267459 -6.415049  0.379368 -3.132288 -0.706171 -6.728737
  7.624932  8.738429 -7.832674 -7.551611  0.427848 -0.232570  7.762552
 -2.580663  0.303144  6.045388 -2.714143 -5.691216  6.566338  7.148258
  7.156345 -3.112774 -8.424931  1.189026  9.373647 -0.282698 -2.623844
 -8.656166 -2.675328 -6.801246  3.551269 -4.336398 -7.087844  1.742460
 -8.411515  2.363018 -2.977965  5.787891  3.852631  1.611817  7.711103
  4.613415 -9.095768  8.920046  0.814448 -4.246276  5.947586 -1.900205
 -7.183659 -6.108655 -8.235226 -2.874288  4.888242 -9.837097  8.118272
  5.261403  2.927155  9.543619  4.819504  7.518745 -9.295786  8.184074
  0.427423  7.953864  1.731016  5.051362 -7.843152  6.607507 -4.724962
 -1.890395  0.436203  5.000315  8.070717 -2.788579  9.907642  1.920535
  7.614990  9.549138 -7.147588 -8.241003 -2.286139  7.500458  8.997138
  0.654656  9.813715  8.180067 -6.051723  7.240251  3.129674  7.780969
 -4.226030 -0.095481  4.299587  3.659488  6.455278 -2.204837 -6.948069
  5.900379  0.756170  8.183122  1.696701  1.504852 -0.307497 -8.489207
  0.342457  7.010053  7.074150  2.376790 -4.263382 -7.550718  7.892670
 -0.841172 -5.503004  3.665376 -0.510974 -9.211917 -5.860038  3.245124
  7.016942  1.477945 -0.230555 -8.365500  3.943908 -8.294682 -9.139326
  3.658105  9.368792 -4.287107  3.707192 -0.627610 -3.004437  3.985476
 -2.564672  6.534398 -6.374332 -3.589185 -6.390593  1.726052  9.487313
 -4.688498 -7.074012  0.464964  9.312388 -0.801605 -9.436229 -5.393110
  0.049356  5.235822  1.673191  4.029097 -1.285053 -9.482417 -5.172679
  6.452128 -5.862901 -7.304848 -2.386432 -8.608678 -1.726906 -9.717213
  1.963847 -7.253978  8.645155  6.673862 -0.272691  5.956468  7.524346
  5.764508  1.896619  5.521883  4.493481 -9.465836 -8.372081 -6.718700
 -2.817445 -4.649759  1.300891  8.976737 -2.963042 -8.142969  1.556978
 -4.049285  2.199900 -0.270834  9.476188  0.728434 -8.347912 -4.346572
 -8.256945  2.331095  4.281683  9.221680 -1.529256  0.175967  8.911950
  9.158381  8.808549  6.407136 -3.718894 -4.598206 -2.373822 -4.189609
  0.054752 -6.113759 -0.714242  2.638357 -5.746220 -2.917262 -8.618881
 -3.475527  9.718876  2.511205 -6.443138 -1.036549  7.933088 -7.464288
  3.867877 -4.133965  5.578582 -1.883686  8.432050  1.595868  1.784084
 -9.454133  0.844766  9.973609  1.088743 -4.857861 -8.600575  7.058589
 -0.155890  5.104829  7.766491 -5.162961  7.555090 -7.676265 -0.490623
  3.035345  0.255061 -4.132040 -3.167771 -8.167066  7.030302  3.456795
 -3.598186  3.818182  3.956212  4.584262 -6.074705 -0.785279  1.540197
  7.417822 -6.758959  5.367697  0.372737 -2.368451  3.237432 -8.378091
  2.592569 -3.761835  5.060384  2.749301  1.466338  0.515951  2.503635
 -5.968761  3.142693  9.173843 -7.594512  4.892479 -8.114763 -8.012473
  0.911210  7.178785  9.937248 -4.937931 -9.140494  5.890626  0.964059
  8.961333  0.206237 -4.234770  3.837000 -9.647533 -1.261976 -6.255055
 -9.852721  0.416323 -7.973899  7.998928  6.396007  2.338213 -7.453956
 -3.135693 -0.666457 -3.141945  9.434038  6.113807 -2.832524  6.493053
  8.027034 -6.120750  2.879510 -7.460159  3.582416  9.555732 -3.535121
  5.411660 -7.057656 -5.908831 -3.828731 -1.225100 -5.010323  3.495152
 -6.925788 -0.532333 -0.269553 -4.598147  9.303509 -6.377949  4.050892
 -0.502345  7.585566 -5.318818 -1.461909 -2.786259 -5.532197  5.850444
 -2.818820 -6.139400  9.177632  8.141173  3.155240  5.592603 -7.273338
  5.243574 -3.707253  8.887120  1.760592 -7.151484 -6.918845 -1.310109
 -5.576016  6.860094 -7.089872 -4.217151  7.372364  8.819868  2.415464
  0.028291 -1.431779 -6.419817 -3.379667  3.148164  5.900737  1.272066
 -2.687891  6.360482  9.710741 -3.530588  0.726036  0.052542 -4.870084
  1.141763  5.896313 -9.510889  5.157523  0.290650  7.001624  1.893162
 -5.947668  5.127275 -5.378830  6.476993 -6.657258 -2.415872  5.076892
 -8.625212  5.066453 -7.251541 -4.472272  2.868600 -2.567355 -4.553751
  5.380748  8.975029 -7.661680 -4.848959  5.729338  4.397315 -5.671188
 -4.011882  8.424360 -1.812600 -0.636847  8.772451 -8.315634  6.689042
  4.761090  3.798608 -0.131625 -7.804338  2.852085  2.888389  1.598264
 -4.040389  5.294010  2.179546  6.191937  9.779081  6.691512 -9.134279
 -8.714841  3.765952 -2.317441 -7.601572 -8.199613  6.286247  9.601145
  3.751797 -3.119726 -1.931712  3.268820  0.815504 -6.641323  7.302774
 -2.480777  6.150777 -4.463987  1.111900 -6.643697  6.645775  6.718343
 -5.092952 -6.759542 -0.795041 -9.349668  7.622531 -8.281629 -8.524338
 -4.886598 -0.555167 -9.831972  0.216194 -5.809418 -1.304580  2.376008
  0.872721 -3.755279 -3.998820 -8.937460 -7.559832  5.183752 -8.265345
 -4.772217 -8.917281  6.517580  1.917004 -7.062179 -9.887770 -5.353243
 -3.564209  4.990831 -3.028464  9.557203 -6.166542  0.574104  9.972564
  5.288745  6.893639 -0.505527  3.020910 -2.185134  6.350100 -2.622414
  2.279299 -3.037805 -0.365573  6.363325  8.586921 -2.900217  3.463918
 -5.908292  4.640899  3.473378  1.744262  5.680012  9.408459 -3.725535
  6.535977  4.579638  7.850785 -1.360733 -8.558636  6.230620  7.469963
 -0.934526 -6.468102  6.222588 -4.941152 -9.539212 -0.772636  5.576375
  5.198557  6.364492  9.539653 -9.429646  9.832418 -8.979494  4.844930
  6.844379 -6.837948  7.634194  0.730497 -3.156825 -8.627755  1.379250
  6.954212 -8.761682 -2.780378 -7.441077 -3.030112 -0.463872  6.569388
  2.686507  9.778245 -2.603748 -8.261270 -1.345164  4.120558  7.672131
 -2.870335 -2.288733  1.297729 -5.364659 -0.705640  8.643202  9.489923
  3.627264 -2.503956  7.495577  5.588191 -1.258534  2.884530  5.508095
  0.154210 -0.791191 -1.144286 -4.970090  6.412392  7.112553  8.351449
 -0.165447  9.109414  3.383578  6.040743 -4.139897  5.619273  3.232052
 -3.159374  5.888731  3.066925 -4.809973  6.605826  8.651486  1.922769
 -5.539201  1.525676 -2.853377 -2.127072 -3.848122 -1.940290 -0.137269
  3.990948  1.297633  4.273389  2.325165 -7.842951 -4.373060 -4.512447
 -9.995587 -9.381414  0.747042 -6.481860  8.267177  4.623419  5.938016
  0.573262 -7.777428 -7.963718 -2.473632 -1.819569  2.701212 -9.755356
  3.134574  7.534609 -0.157259  3.118983 -1.910848 -4.937655 -8.984069
 -7.310967  1.178214  2.257565  0.395838  3.770052 -6.057808 -1.726609
 -4.791873 -1.078337 -7.208271  4.639259 -4.652057  2.939869  5.499295
 -7.288692  9.187401 -0.538910 -4.947778 -9.268405 -9.763015  6.343164
  4.909370  3.852222  6.942892 -9.558621  7.436013  9.047853 -5.126294
  8.722660  0.002952  3.863454 -8.768529  9.840950 -7.502855 -6.103208
  5.850365 -6.891695  3.038637 -0.163139  5.136798  9.078739 -0.751526
 -5.429767 -7.898356 -7.406778 -9.704857  7.133509 -0.426007 -8.783264
 -7.668878 -8.339422  7.171716 -3.180735 -3.619864 -0.021555  2.884018
 -7.939610  2.577331  6.085768  5.133436 -7.965007  0.151937  2.653129
  3.348329  9.068537  4.363483  1.804294  4.631681 -9.311523  3.157097
 -2.481535 -5.867558  7.671758  8.593834 -0.335277  8.067304  7.905943
 -9.153039  3.858228  0.994662 -0.998840  8.528941  2.202982 -8.009749
 -1.343764  4.659186 -9.576526  6.159874  5.308630  7.982619  4.239754
 -2.881144 -4.473005  1.065937  6.190480 -4.615126  9.279188 -4.403823
 -1.214155  4.572902  2.765675  3.052205  8.999859  1.057139  5.540207
 -7.385413 -7.719270 -1.946136  0.537789 -8.223857  8.370748 -4.469111
  6.525444 -6.198863  4.872576 -6.737843  2.187340  2.173817 -2.259494
  8.693890  4.526252  6.444779 -6.903283  5.510913  3.337769 -7.881579
  2.378341  6.753892 -4.213038  3.238292 -8.081974 -4.240537  0.850040
  4.864039  5.422797  1.508150  8.248220  0.615413  8.560518 -9.264554
  4.110350 -3.950979 -3.828100 -9.961544 -0.210964  9.186250  8.454175
 -3.886471  6.005703  4.687685  1.590045 -6.110873  3.137409 -6.519833
 -0.967748  5.389505 -4.469820 -6.384197 -9.015575  3.312563 -2.475506
 -3.373346  6.069938  2.116922  1.811353  8.361814  1.920936 -4.944571
 -4.711335  6.969110  5.306026 -7.085841 -8.966156  6.904627 -7.975683
  4.264438  8.067070 -3.335745  8.169367  3.626554 -6.868521  3.520712
  0.685131  5.613303  2.129164  7.019586  4.027142  2.499279 -0.703166
 -4.578753 -7.086872 -1.197600 -1.774710 -0.226066 -4.663586  7.987275
 -2.941094 -8.928184 -2.145739  1.912201 -8.756918 -5.026028  5.037536
 -0.653175  4.287041  0.845832 -3.798429  3.927077 -9.129946  2.702291
  7.854930  0.921469 -7.105161 -1.180126 -7.606790 -4.210731 -4.882120
  3.864780  4.161963 -5.149957  3.619142 -4.414923 -9.146599 -0.120089
  2.124158  3.827863  7.030107  1.442448  1.205438  0.969065  1.010558
  7.718401 -7.099187 -5.631482  0.908468  3.154042 -4.614720 -4.919119
  6.990209 -7.377991 -6.788686 -2.460613  7.845330 -4.321192  5.829289
  0.747700 -3.820839  1.891916  9.674444 -7.222930 -7.764777 -3.368014
  2.458193  3.177911  8.325306 -8.583374 -6.223227 -3.776111  0.383367
  9.244630  0.578957 -5.818694 -6.864880  3.395754 -3.570698 -3.028036
  9.618851  6.445751 -9.746847 -7.084771  4.490310 -3.717723  8.038439
  4.933382 -2.077470 -0.021334 -6.880084  8.498997 -0.710174  8.501535
 -3.412643 -1.361827 -7.718640  3.499033  7.013875 -0.057828 -5.944474
  6.270780  9.382467  2.590942  3.707897 -1.252808  8.873272  9.071482
 -8.392257  9.872730 -3.812074  2.248882  0.245364 -6.871197 -3.111662
 -6.705754 -5.750507  3.313023  5.685946  3.947093 -8.083534  5.670374
  2.538085 -9.093520 -0.945610 -9.490301  5.037903  1.684101 -1.473011
  9.661236 -7.948046 -6.771045  2.221271 -5.536529 -4.847743  1.002410
 -4.417622  3.441670 -6.510322 -8.552169 -0.469059 -8.177599  9.552500
 -4.670806 -5.740291 -1.164640  7.416550 -8.844676 -0.501709  2.485148
 -9.791139 -4.220550 -2.587207 -2.202584 -0.657613 -4.029862  3.396874
  6.274519 -7.325507 -1.999578 -5.683446  8.206229 -4.015600  6.866790
 -7.458869 -0.625908  5.495025  2.367613 -2.816205 -0.567291  4.465202
  4.070900 -2.351291 -3.086219 -0.565314  1.842345 -1.655699 -5.243925
  2.905930  9.608106 -5.185753 -2.896915  4.351313 -7.194321  6.579683
 -9.779492 -5.898146 -0.676221  6.287182 -3.796017 -3.835277 -5.820490
 -9.154064  2.812329  6.388846  2.383081 -3.007000 -1.631239 -3.784970
 -6.817069  5.241343 -5.113691 -0.713536 -0.529306  1.820925  5.463362
 -8.550215 -4.771973 -7.155449  1.212971 -3.236050 -8.695503  1.919037
 -4.115417 -6.108136  7.222806  8.042744  9.668429 -2.619052 -8.995710
 -2.129610 -0.311757  3.579761  4.474679 -2.318976 -4.171790 -0.822062
  7.148214 -9.263952 -5.118024 -7.750167  5.194817 -6.690252  7.357074
 -2.120440 -3.873286 -6.083765 -0.732353 -6.404159 -2.827694 -8.540311
  4.924992  6.215321  1.532778  1.801445 -9.608496  7.843229 -3.855850
  4.605023 -9.203977  8.472983 -7.659410  9.719021 -4.841032 -6.047225
  8.231605 -2.312469  5.667404 -3.699601 -0.226707 -1.470514  4.627699
 -9.082326  0.133125  8.940301 -2.104857  0.963237 -0.897662 -3.291297
 -7.950579  9.469070  9.824097  5.659922  8.952603  9.260042  0.795546
 -1.576650  6.214894  0.099951 -5.679787 -0.871296  6.027742 -5.453680
 -2.194111  6.079957 -8.839503  0.787414 -3.707369  8.828718 -4.576000
 -0.382180 -5.041948  8.599068  9.908657  5.293676  1.369443 -4.915459
 -6.677056  6.359018  1.157580  7.343555 -2.248057  1.828043 -8.900782
 -5.010297  1.090538 -4.926393  9.456458  0.525846  2.192301 -1.626772
  0.082163 -5.587334 -8.422345  3.111695  8.467661  0.478704  4.069912
 -9.057355 -5.281004 -7.122256  7.957349 -0.761325 -3.301945  9.049983
 -9.768560 -3.620706 -0.746868 -4.991485 -2.823256 -5.362071 -4.034399
 -4.571770 -7.540870 -4.866542  8.292163 -1.128806  1.235331  5.668652
  5.304173 -9.496341 -5.937267  1.676036 -3.398796  6.822034  1.249619
 -1.216202 -4.882255  1.707486 -7.592912 -9.307735 -4.399555  1.040319
 -2.119607  7.382696  9.953489 -5.895373 -0.515777 -3.252403  3.999953
 -5.461602 -3.793503 -6.031617  7.966909  4.658093 -1.320585  7.071814
 -3.117864 -3.561272 -3.625077  9.075118  8.026013 -2.069870 -2.812799
 -3.031873  1.271518 -2.749522 -5.770369 -7.565526 -0.854672 -4.704382
  7.896910 -6.739966  0.629258  3.167576 -1.666864 -7.676845  6.675736
  4.782744  9.837560 -6.026774  2.621805  7.149350  6.403909 -1.102222
  3.798971 -2.059917 -5.352447  0.785050  2.106793 -2.397425  7.937125
  8.818783 -0.861638 -8.765056 -0.500090 -2.842363  5.929180 -9.666775
  2.077131  8.994609 -6.741117  3.253072 -3.771772  9.128724 -0.447201
 -3.186351 -4.385856 -9.855852  3.981889 -5.411946  7.210921  9.757113
 -2.230930 -1.252372  1.835556 -6.392647 -5.641700  0.382039 -4.090338
 -7.837142 -4.971022  7.025355  2.034720  2.278353 -0.402048 -2.231106
  3.978879  2.877385  5.808314  9.272211 -8.505659  7.102589  1.902685
  6.074667 -6.450879 -8.539538  5.033309 -0.898611  4.255800 -6.747028
  1.615153  1.164580 -5.597967 -6.827558 -7.083291  1.721585 -3.991082
 -8.955815  7.080750 -4.256504 -3.382068 -0.223903  2.131381 -2.827399
  8.276977  1.163143 -8.015325  6.068081  0.480247  3.478681 -0.005339
 -5.443650  7.316494  6.449605 -7.928048 -9.383109  0.834233 -5.575728
  4.518566  8.465329 -1.948409  2.813221  4.744766 -1.808229 -8.887326
 -3.239624 -8.302403 -9.677434  4.369868  2.464357 -3.674427  2.693090
 -6.409262  2.158470  7.750585  6.367838 -3.772780 -4.258615  1.500960
  7.428536 -1.659441  6.868592  9.986509 -2.774115 -4.500387 -5.291097
 -7.764704 -3.423889  1.183436  5.045358  4.698415  5.497195  5.536104
  2.853271  7.584333  0.876582  8.129298  7.365066 -7.823498 -5.966588
 -3.025405  7.986345 -4.087988 -9.465885  9.182129  8.942690  5.006024
  7.335866  0.039929 -7.796924  8.367650  3.521088 -6.533767  0.961476
  2.524067 -4.072493 -7.892737 -2.208607 -4.127719  6.085512 -9.042170
  2.233964 -7.669616 -8.602129  3.199291  2.355302  0.975317 -9.736509
  5.138044  9.327827  4.936645 -6.808183 -3.365287  2.052022  0.276201
  0.977463  5.449069  5.758409 -0.138572  9.150535 -2.579537 -3.223157
 -1.171755 -5.604288  3.323659  7.889611  4.255596 -0.510357 -5.626399
 -6.011039 -7.221067  2.709037  8.223574  4.230909  2.086116  3.963106
 -2.286440  5.767726  1.034285 -7.386858 -2.346798  6.950809 -8.354067
 -1.522035  2.987722  7.903807  2.485990 -7.334888 -3.083655 -7.284643
  0.879904  8.752303  1.549128  9.324218 -4.852966  7.349334 -3.343829
 -8.655448  3.349197 -1.654142 -4.024894  1.452000 -2.741330 -1.683787
  8.882930  4.317885  0.208353  4.309654 -0.296675 -7.375383  5.763662
  5.021614 -2.227070  8.418068  4.845534  9.588159 -0.946606  3.094814
  3.044738 -3.617399 -4.658124 -6.282285 -0.987898 -2.000746 -1.959468
  6.901100 -8.869480 -5.489776  5.804370 -0.520926  2.287389 -0.664149
 -9.843431  9.155631  8.437845 -1.701934 -6.625092  5.016466  7.604864
  0.112421 -3.368981 -3.666698  0.143309  0.374326  8.003421 -8.948809
  6.667176  1.704688 -5.336429 -3.200980  9.849269 -0.143673  2.325816
  3.064847  9.691145 -7.705727  0.916483  7.013790  4.769585 -8.168977
  1.697124  5.792209  3.093092 -6.179529 -3.120725  7.768015 -0.728596
  3.847501 -5.609371  0.318775  9.836843 -3.975188 -7.683362 -8.648504
  1.626810  8.580645 -3.551510 -5.258826  7.330840  6.458647  9.644575
 -7.334602 -5.758653  8.194093 -7.792271  3.896747  0.329737  3.692819
 -4.176940 -8.152655  3.521432 -7.612060 -6.739229  2.691830  8.675071
  4.925864  6.403798  4.478357 -1.016948  0.031430  8.821548  0.193571
 -7.856828 -2.556003  5.124248 -6.923849  1.795158  1.113043 -2.937569
  3.449577  9.652214 -0.204830  0.733893 -0.294172 -6.947526 -3.545249
  2.938071  2.884445 -5.696506  2.211498  5.092821  6.962804 -3.145668
  4.832223 -7.577422  4.297788  0.095065  1.950111 -8.223622  5.602608
 -7.419886  0.210538 -5.076962  7.195807  2.787467  7.608382 -1.242856
  0.885987  9.753600  7.728621 -8.650022  8.029298 -8.356795 -4.837468
  8.454119 -9.171144 -6.509738  8.124067 -8.510727  1.406115 -7.332487
 -2.986696  1.404201  9.538522 -2.721178 -3.467098 -0.826834  2.609373
  5.816555 -7.221522  3.851984 -5.235316  4.304541  3.413322 -5.491974
  5.317717 -2.343387 -4.616116  6.054142 -1.476353  3.805161  3.182950
 -2.168836 -9.686113 -4.542799  2.802485 -7.741745  5.932951  6.364562
 -6.653446 -2.618857  9.926194  1.485212  5.502506  8.531222  7.540224
 -5.704521  1.850862  2.616248 -5.421920  9.030848  7.578863  6.467990
 -3.680138  5.426649  3.980799  7.260090 -3.479388  4.029563 -9.252544
  0.054096 -8.168244  6.602191 -8.093470  8.419636  2.191631  9.749149
 -3.983948 -2.463232 -0.730074 -1.610905 -7.731384 -9.471454  1.983200
 -2.995103  9.399892 -0.671983 -7.123023 -8.919892  9.693161  2.566237
 -0.645176  9.967482 -7.419924  0.091631 -4.610610 -7.767299 -9.189685
 -5.785020  6.570977  2.507305 -5.970374 -6.840318  3.852245  3.192077
 -2.874223 -9.459715 -2.750823 -9.659377 -0.576968 -6.918298 -5.948766
  5.366245  2.880280  1.416276  4.499666  8.524911 -0.662722 -3.214130
  9.096891  2.066545  5.368151 -7.640231  6.980066 -8.555569  5.290197
 -7.538169 -0.360966  7.502417  3.401319 -3.531892  8.121464  6.401134
  4.128270 -6.288122 -5.400051 -2.665744  8.957523 -3.830073  9.277046
 -6.185372  5.881833  4.815438 -2.266453 -8.298914  1.729891 -2.762450
 -0.475548 -2.055813 -9.716813  4.846091  6.475350 -8.844261 -0.349782
 -3.509372  7.180708  2.919377  4.366627  8.383222  3.070249  0.985425
  4.372879  0.292505  7.219273  0.093428  6.413720 -6.652919 -1.896201
  1.243832  7.860540 -9.810802 -6.900627 -8.932690 -3.230201 -7.855562
 -6.336200 -6.565273  7.446364 -2.188580  9.861089 -8.789603  2.724345
  3.412241 -1.882946  7.816137 -2.609411 -8.688137  2.017550  6.554315
  8.145368  4.355405 -8.072031 -2.276565  5.335243  1.216799  9.029974
 -5.990660 -5.140533  4.335510 -6.733084 -7.847226  9.313368 -2.795128
  5.583971  3.815454 -1.276741  3.877509  2.621204 -3.594380  3.728945
 -5.121080 -3.032129 -4.239545  2.251823 -1.008966  1.154285  7.438003
 -1.571783 -9.368459 -7.292590 -8.230381  2.645802 -5.485701 -2.605752
 -5.556893  3.932765  0.437401 -2.219253 -7.970776  4.541254  5.384670
  8.512275  6.249757  3.945919 -7.913647 -5.631176 -9.359411 -9.643967
 -7.246175  4.211857  5.143931  2.232289 -8.266942 -2.192074  1.306557
 -1.044692 -9.848477  4.631118  9.998107 -5.208644  4.871119  3.097392
 -8.354837 -2.450974  0.211800 -9.111108  2.580197  1.570527  0.434492
 -7.344615 -5.973848  3.998821 -4.260870  1.946702  9.364799 -5.559829
  1.111270 -0.976926 -3.628811 -0.227884 -3.792559 -4.811361 -0.634788
 -0.517581 -7.958329  9.816006 -2.773338  7.626711 -1.058000 -3.909141
  7.564639  8.441911 -4.788902 -6.073400 -2.662079  6.737878  8.128972
  5.818348  5.929771 -4.886712 -2.767660  9.385363 -9.999546  6.368727
  3.317813 -9.232324 -7.991187  5.923332  3.518902  7.697746  0.124984
 -1.104172 -6.584511  9.550057 -6.148818 -5.664648 -1.561895 -9.637265
  3.924950 -5.642491  2.257334 -8.227605  9.011030  7.388028  4.722823
 -6.927885 -2.683663 -0.194157 -6.891243  2.661962  0.030492 -2.700016
 -0.911033  2.620121  2.105240  1.192871 -9.828770 -2.264649  7.553694
  5.814635 -9.293130  9.712724  0.201049  2.766950  4.972415  0.220628
 -0.215032  9.366245 -0.239805 -4.009557  0.917920  3.824877  3.855058
 -6.701971  5.196785  9.106038 -9.472037  2.170324  7.189672  2.679521
  5.683106 -4.922703 -2.267377  7.545776 -9.790136  9.404133 -4.322246
 -6.735056  8.203345 -2.303444 -8.061660  1.135978 -9.014973  6.969732
 -9.816071  6.300512  6.288551 -2.654703 -7.626836 -3.015937 -2.174207
 -0.554258  5.744124  2.990316 -3.222281  8.122194 -6.209911  3.418721
 -6.128152  4.316389  2.780341 -8.396234 -9.136629  8.853688  6.393718
 -9.910656 -6.408076 -7.772996 -4.814780  3.437565 -4.971722 -1.966524
 -3.437763 -7.529071  9.992665  4.112690 -4.611524 -9.761539 -6.481526
  0.544830 -2.212084 -6.449505 -1.274737  2.197385  0.739871  6.854380
  7.841174 -7.592942 -5.824784  9.578842  3.022128  9.656915 -0.871338
  0.817065  6.008907  8.523981 -3.408801  4.774769  2.438935  6.214363
  5.710476  2.785342 -2.269032  0.404709  7.053396  4.154851 -8.375652
  8.621432 -8.430042 -2.381977  8.813002 -8.361728 -7.837725 -3.057095
 -0.927042 -7.434007 -9.307933  9.058922  5.709696  6.701676 -1.838085
  7.082559  7.679999 -0.725899 -3.747574 -2.903059  1.739672  3.774109
 -9.195931 -2.954710  8.370831 -6.287730 -9.016931  7.613781  4.424685
  3.167789  1.770472 -8.943950 -6.735604 -8.506106  3.813560  2.316724
 -1.907104 -1.954865 -9.012889 -9.093119  8.157151  9.515854  1.098177
  8.876550  5.706637 -4.127454  2.535964  3.504906  1.244274 -6.750495
 -2.090633 -9.493085  4.621304 -0.740120 -0.016336 -4.236845  6.226312
  1.167176  2.825152 -1.446208 -6.699495 -4.657487 -8.502432 -9.261516
 -6.316241  9.665284  6.430675 -9.878592 -0.585208  3.231885  5.025580
 -1.366454  8.624474  4.264337  7.162857 -3.465768  2.688082 -9.243761
  0.419870 -4.908989 -1.372969 -5.169353  9.420815 -6.418340 -8.712336
 -8.316098  9.853763 -5.037558 -4.051456  6.190207  9.173333  6.268880
 -6.686134  0.267667 -6.816041  2.949814  1.559343 -4.212442  7.596418
 -6.286837  9.371096  0.345343  8.277586  9.687738 -0.682147  3.148972
 -9.602651 -9.109551 -6.090336 -4.935505  2.106525  4.440074 -8.956841
 -9.117295  4.919027  6.578906  3.245046  1.079874  7.972027 -5.718831
 -9.784094 -4.069229  3.286476 -3.341081 -8.690995  4.314834 -0.427379
 -3.274203 -9.929010  3.203650  5.110636  7.848344  7.239284  4.006191
 -3.576857  3.271031  7.237572 -8.676551 -4.853077 -3.980820 -2.423690
 -2.921123 -6.507441  2.818861 -0.514512 -7.972010  9.248207  2.616083
 -6.537784 -9.702988 -3.625820  1.932896  2.893772  6.018266  2.164950
 -5.335556  7.963468  5.719736 -9.945631 -8.454149  5.932343  3.289093
  4.431008 -7.026560 -0.664380 -9.634287  3.089362 -3.327871 -6.658323
  5.534112 -4.042001 -8.897619 -7.380622 -1.451576  0.012716 -6.722888
 -7.369971  3.786899 -1.131161  0.916384 -0.326836 -8.099751 -9.348348
  6.001708  0.569284 -4.996814  4.598415  7.007735 -6.559564  4.128195
  4.937814  2.336351 -7.826631  7.857785  2.051172  7.266856 -1.931637
 -4.402389  9.065615 -7.861878  9.749334 -9.361476 -6.727137 -7.666873
 -5.132822 -1.462894  3.339668  4.562311 -1.072649  7.004468 -7.428849
  4.691519 -2.468089 -5.757527  2.740696 -4.417688 -3.917637  0.500355
 -3.978702 -8.738398 -8.828525 -8.790447 -3.717002  3.008976  3.952397
  2.004978  1.757484 -3.062293  7.919114 -6.701687 -9.767970 -2.995842
 -5.368556  1.311388  9.655076  0.189733  6.612030 -5.932392  0.011442
 -8.654039 -2.048263  5.991905 -9.365904  4.595460 -6.589159  4.635275
  5.251646  8.209191 -2.753473 -1.599769 -0.802941 -2.914364  9.683398
  8.744721 -0.883162  5.641154  4.654198 -4.069558  2.774768 -2.704582
  7.681170  6.636999  6.332606  7.064758  1.306538 -9.615078  9.716274
  6.123374  6.801937 -6.580736 -4.185090 -3.317296 -0.611774 -0.385675
 -3.772931 -3.286339  8.311668  1.752722  1.375457 -2.780037  4.607947
 -6.601318  9.859817 -2.052507 -5.164216 -8.995038  6.886455 -9.669415
  6.853108  7.188815 -2.927822  2.947548 -3.482525 -7.977397 -2.992910
 -1.030485  9.238384  9.810710  3.987452 -5.787231  8.009870  7.863655
  6.799266  7.854710 -2.034524  9.139115  7.954586  0.195893 -7.584881
 -2.196173 -1.036994 -5.366953  6.561309 -9.063446  3.697765 -3.418730
 -6.845156  3.407392 -7.415410  6.627215 -1.914001  6.607674 -5.689124
  1.240801  6.431604 -0.499884 -9.616902 -5.435966  5.582584  0.384261
  6.280804  9.973555  9.675483 -0.645167 -9.780696 -8.169093 -5.681347
  2.217059 -3.632584 -1.972914 -1.593796  6.504268  0.084122 -6.213633
  9.427007 -7.385743 -2.018609  2.208908  8.204575  1.849837  2.617772
  2.842860  3.155134  2.049170  8.802908 -1.520063  0.167410 -5.140781
 -2.196803 -8.477926  1.721853  0.126014  6.543216  5.078194  8.047399
  6.390228  7.281524  0.368510 -7.373857  4.161547  5.919145  7.375195
  1.648564  0.437989 -3.758146 -4.641065 -5.399996 -1.452433  5.932049
  7.565247  0.462203  5.849833  1.446031  6.044186 -1.506096 -2.721287
 -8.673311 -4.210638  6.819724 -2.208560  9.889564 -1.434257  8.459975
 -0.573429  5.929768 -8.867442  8.726014  3.548976 -8.081204 -4.695933
 -4.536045 -0.704620  4.760447  5.742664 -0.508117 -8.985712 -8.168447
  1.678998  6.497822  0.002476  0.993213  2.031507 -3.387789 -8.761640
  8.983920 -2.762298 -4.027384  4.556828  5.175838 -3.186900 -1.560418
 -6.034179  4.819544 -9.299418 -2.130842 -5.759345  6.823021  0.987562
  7.503737  4.834740 -1.164055  8.989268 -2.215035  2.421842  0.785663
  9.483016  4.480962  7.766623  6.503149  7.521529 -3.992800 -9.001738
 -5.461133 -2.687904 -5.097449 -7.576921  9.314623  1.842413 -4.120000
  5.070783 -0.309719  0.035691  6.182960  3.657916 -2.385365 -3.235316
 -6.918883  4.366004 -6.596547 -3.075642 -7.734990  7.985728  2.033178
  2.539093 -0.964048  6.466871 -8.551196  7.352482 -9.607474  3.634114
  6.948026  3.702622  6.224069  4.584689 -6.707372 -4.316887  1.832191
  5.974714  3.314008 -7.982601 -7.559691  9.659979 -0.926074 -5.263418
  3.603617 -2.777626  1.286289 -6.640581 -3.394391 -2.468483  4.816995
  2.675853 -7.321723  3.473132  1.214419  5.786430 -2.739024  3.125389
 -1.814552 -0.072187 -7.850839  4.098232  1.899170  0.101870 -7.949352
 -4.937600 -5.866100 -8.900427 -7.462491 -5.300581 -4.185077  1.838987
 -1.805049  6.323951 -2.075201 -4.173947  3.141061  1.364226 -4.707393
  7.857880 -2.835281 -6.961812  5.587335  7.952297 -4.561987 -0.693876
