 500 0
 4
 0.E+0,  0.5D0, -.025
 -1.0E-14, .F.
  1.000000  0.000000  0.000000  0.000000  0.000000  0.000000  0.000000
  0.005983  0.604773 -0.261488  2.962406 -7.308062 -6.265933 -2.662473
 -0.298823 -1.287069 -0.180637 -3.555867 -4.977735  3.327209  6.307398
  4.173225  9.903285  6.137761 -4.970346 -4.607831  0.006154  2.401495
 -2.256837  4.386838 -2.375211  7.005814  4.689187 -2.722822 -3.757813
 -3.170720 -4.272700 -2.808606  8.547889 -3.061492  2.153272  3.518671
  6.493276  0.268129  9.630154  3.992883  0.077664 -1.659095  1.762114
 -4.432559  1.285910  0.872274 -9.830980 -8.905988 -9.632249 -0.545175
 -5.508578 -3.451690 -1.465126 -9.259552 -6.983366 -0.976364 -5.710799
 -8.845560  3.602941 -8.040595  2.028268  7.118609 -4.220700  9.599194
  7.478975  3.155271 -2.583639 -4.217718 -6.743648 -1.908841  5.993215
 -1.966724 -0.848319 -6.899902  1.372907 -5.592596 -8.826168  7.357433
  2.150520 -0.983916  4.157320  3.337885 -0.350115 -1.286860 -1.134239
 -7.673354  5.693549  8.268957 -0.611013 -3.694320 -2.734438 -8.157075
 -3.884696  4.485202 -5.609153  8.487381 -8.921562  7.675879  8.963776
  8.529417 -5.080900  9.879383  1.110625 -6.049362  6.616635 -1.823916
  4.927270 -4.193656 -0.069115  1.626425 -7.284168  5.286774 -2.580972
  4.166581  4.326670  7.355496 -1.458025 -2.079437  5.792503  2.641491
  1.669278 -4.694327  0.983820 -8.564327 -9.198309  0.333553 -4.165532
 -5.452664  0.327761 -9.286042  5.768579  6.722664  3.998859  9.011513
  1.818216 -5.445708  7.794269 -0.019716 -5.018365 -3.387610  1.483132
 -0.643024  7.773954 -9.544195 -8.917930  1.033796  5.556382  2.120491
 -3.640548 -7.290666  9.097910 -8.519806 -6.822558  4.032728 -5.668211
 -6.528793 -9.771708 -8.812367 -7.906088 -8.762434  7.604626 -7.577360
  3.227363 -3.949274 -0.777062 -6.014253 -7.462339  0.670730 -7.139581
  0.988172 -3.429422 -4.609640  7.188613  2.339332 -4.319679  5.492402
  5.481255 -7.597554 -4.996652 -0.723679 -4.883916  5.801855  8.989273
 -5.586047 -9.304661  2.879960  0.540368 -2.945333 -5.036389  8.826776
  8.652667 -8.327655  5.948467  2.467702 -6.217144  8.722607  9.401982
  8.793752  3.207278 -8.937117 -3.791996  4.275132 -6.522911  6.583103
 -9.969532  2.348151 -2.823626 -4.507059  0.967058  6.328996 -8.685345
  2.609647 -9.201030 -8.024388  8.451407  1.651445 -8.339952 -5.068313
  2.471490  0.915396  9.738644 -0.634043 -5.368290 -0.243006  4.639227
 -5.752320 -9.868490  5.562884 -9.743846  6.543680  7.939553  1.926513
 -4.505305 -2.058849 -5.092798  1.943653 -3.756313 -6.129199  8.954929
 -7.465491  5.569856 -6.462521  3.423481  0.093919  6.726450 -0.300046
  8.095724  9.610177  7.494763  0.072064 -3.619105  8.079769  7.186175
  5.068634  6.577715  7.655000  6.869391  5.594569 -0.010477  2.473628
 -9.347408 -3.156270  1.764332  0.020302  5.791764  2.034672 -2.936770
  1.993018  2.441541  5.214562  0.130504 -9.582144  1.320203 -4.388039
 -0.083026  6.501298 -5.146794 -1.632556 -7.411748  6.242850 -4.961949
 -1.811628  5.670455 -5.003258  1.783909 -0.724958 -6.791447 -1.312518
  8.955204 -0.789144 -0.088767  5.455000 -2.638425  9.068628  3.849389
  2.482969  7.312188  1.242165 -8.885330 -5.603723 -1.267033  4.293682
  9.407373 -7.921803  9.294298 -9.577630  3.086283  0.616691  4.938769
  8.732432  4.463706 -7.627978  5.629154  5.032163 -7.953868  5.648307
  2.861684 -8.839429 -3.363687  1.819673 -6.749479 -2.659739 -6.414869
  1.192716  0.730113  8.885431  4.399732 -5.948988 -9.482569  4.553501
 -9.134808  2.987369 -9.727485  4.041444 -4.169482 -7.205911  5.600211
 -9.164686  6.848362  7.027071 -8.990924  7.836807  9.371043 -1.008525
 -3.963287  6.533127  3.564447 -4.040230  6.514011 -2.773669 -1.168278
 -7.706572 -5.034679 -1.225277 -9.175170 -5.808498 -8.613576 -2.964365
 -3.802921 -0.031721  1.214378 -2.515601  2.029465 -8.487162 -2.911393
 -6.467041  5.141725  2.040510  7.831635 -1.573522 -2.054729  8.806342
  0.374792  8.578999 -8.230127 -4.545519  3.147552  0.330133 -9.642477
 -6.256019  8.936992  2.167085  5.446101  9.413873 -5.828287 -5.083119
 -7.800567 -3.673477 -6.514911 -6.391106 -7.729997  1.366270 -3.469881
  0.196196  8.063428  3.770167 -1.386643  2.105251 -2.935785 -4.852051
 -8.392841 -5.635973 -4.500173 -8.532840 -6.526999 -8.552821  8.479319
  1.708429 -4.374493 -3.621380  4.947321 -4.644748  5.886770  0.453338
 -1.192698  1.721059 -5.810420 -0.099088  4.786567 -8.982173 -1.743522
  9.382534  5.299629  7.137646  0.891572  9.737299 -3.309068  8.917068
 -8.236986 -3.381852  5.822630  2.777030  3.256714  1.461304  9.443226
  1.275110 -2.843849 -3.393382  2.288912 -3.611199 -7.851978  1.321616
 -5.422562 -2.064702  4.310540 -9.439477 -1.956763 -2.591776 -5.607124
  4.238568 -1.820357 -3.571341 -4.521875 -5.247804 -9.584760  3.022749
 -8.216170 -7.510678  9.390957  1.572700  6.926202 -1.122389  7.397828
 -5.515462  0.545141  5.704129 -4.117719  9.475800  6.858790  7.567938
 -2.198914 -5.558986 -2.233569  0.260976  1.317133 -3.309338  0.988045
  3.371273  8.303035  4.384140  1.724295 -3.828920 -2.679196 -9.190497
  3.797377 -3.329882 -1.711835  8.686471 -3.186197  1.790304 -9.549725
 -2.853222 -4.116232 -7.215717  8.090538  3.097544 -5.072842 -4.743197
  8.182165 -4.930676 -7.577410  6.742720  6.448543 -6.808703 -2.115980
  3.967710 -1.797724 -3.078273  1.114183  1.316452  1.721629  4.763165
 -8.257394 -4.018019  6.286558 -2.550270  6.722766  0.249348  9.137577
 -5.949526  1.470972  4.609053  3.985698  3.124964 -6.545483  3.840499
 -4.123488 -8.439772  2.441154 -9.661180  3.465884  0.598680  6.516705
 -5.858401  7.168721  3.187587 -1.317091 -9.873178 -5.395346 -3.993215
 -0.931121  3.861774 -6.470578 -9.421725  9.527136  6.140193  1.468502
  8.595504 -2.841394 -9.884829  6.121419 -4.512926 -8.555502  7.263261
 -0.558899  1.159120  3.078057 -8.718721  9.823927 -0.932688  2.285254
 -4.631809 -5.166885  5.490160 -4.895751  0.869312 -4.234095 -7.728298
 -3.580966  9.394549  2.445153  3.380518  6.151258 -0.570748  4.884171
 -6.392225 -1.693659 -2.454982  1.390062 -3.701164  4.458026 -6.021523
  7.525849  3.335426 -9.569153  8.624475 -5.042675  9.900421  9.442376
  1.014186 -8.578946  4.337932  2.817323  9.845306  1.682621 -0.576307
 -2.485991  3.149596  1.941384 -9.657952 -1.171766 -3.207010  1.716316
 -6.649808  7.869035  7.711176  2.157236 -4.243080  1.207046 -4.531252
 -9.505054  1.246591  0.690583 -5.896434  5.001912  7.475950 -0.201048
 -3.632619  0.214981  3.318709  8.510037 -2.412173  6.650011 -6.632389
  2.552344 -8.477406  2.288050  6.575588  5.276266  3.083670  7.118935
  5.427418  1.174023  0.568778 -6.956150 -3.712971  2.326559 -6.198871
  1.431451  3.507936  0.829593 -4.769037 -5.529889  4.308788  3.783015
 -5.549969  1.721319  7.075807  0.518888  4.754027  1.933519  2.818479
 -4.906369  6.504718  9.901669  1.712965  4.923915  9.701054 -5.301410
 -2.472083 -8.323747 -5.978559  8.998478 -1.381823 -0.383757  8.603918
 -4.153485  9.103739 -4.369495  2.216276 -9.214678  6.001973 -8.342782
  5.401295 -0.410569  0.732695  9.319823  2.792392  2.229230  8.985178
  4.841353 -1.534807  1.396198 -9.465452 -5.257005 -6.928775  4.130738
 -9.245185  7.841297 -9.790969  0.467006  0.158956 -9.726036 -6.937056
 -2.738748  7.949048  7.066274  6.904387 -0.349491  3.504556 -2.583341
  8.711427  0.143095 -4.241367 -7.795971 -8.050930  4.363398  5.579800
 -8.831704 -4.291861 -0.477986  1.139226  1.352236 -9.366968 -9.679164
  4.554895  1.174824 -6.501152 -5.614821 -0.341463 -0.574632  2.277837
 -4.726654  0.358150 -6.743986  9.141641 -1.402897 -2.239901  4.828431
  5.161792 -6.962289 -0.676140  7.758688  4.893279  3.367632 -1.523156
  3.504857  2.692569  3.398408  8.836234 -1.259456  6.917696 -1.353708
 -2.069801  5.116165 -5.376885  3.895913 -8.925076  0.984761  6.958094
 -8.413251 -8.404061  8.897808 -3.975761 -9.667999  7.006607  7.066646
  4.318887 -6.821429 -1.059537  5.772499 -1.719151  3.982782 -7.811267
 -6.728935  9.552943 -3.064528  8.568857  0.352293 -3.632894  4.910535
 -0.039438  6.385985 -0.628958 -5.512967  1.437103  9.383091  5.929841
 -1.091051  5.637650 -7.971315  8.041671  5.680232 -8.128911  6.890176
  5.415499  6.494671 -1.359470  8.917572 -0.055401 -8.170127 -7.048923
  4.264305 -8.806258  9.229895  9.609067  0.145838 -5.755849 -9.246136
  3.544025 -4.820139  4.533093 -1.673245 -0.254452  4.386916  1.531259
 -4.941958 -2.746765  3.499023  2.493014  8.887476  1.814042 -8.012166
  1.570996  1.428774  2.459994  2.843555  4.870025 -3.488340  6.096523
  1.339966 -1.412884 -9.618306 -1.701757  3.273066 -7.584285 -1.310824
  3.559954  0.534264  5.764979 -1.265960 -7.947433 -1.222715 -7.204026
 -6.026661  8.890888 -0.184233  0.352257 -6.752807 -5.082053 -3.814311
  2.333589  8.780166 -2.380964 -5.146212  0.635223 -8.826313 -7.262907
 -8.475070 -6.386019  5.539354  3.813113  0.389116 -7.290693 -3.453223
 -3.248166 -3.670015 -9.198824  5.554319  8.594988 -9.033042 -0.365991
  6.180702 -6.421200 -1.086609  1.654143  1.753349  9.458368 -6.312349
  1.232406 -2.297263 -5.375837 -4.765076  4.163384  0.318724 -8.570764
 -4.607487  7.232786 -3.010243  0.860473  5.778861  7.120428  8.958815
 -1.802199 -9.621002  9.789874 -4.427628 -0.942174  6.363546 -4.977743
  5.749015  4.645142  4.436890  4.410034  9.979531 -4.135574  8.740191
 -3.899256 -3.540815 -3.300265 -7.453892 -4.658367 -9.196943  6.847004
 -6.282389  8.252432 -4.207992 -0.019838  3.304081  1.960521 -2.813945
  0.426370 -1.127894 -7.459667 -5.076029 -9.563023  4.877196  4.585553
 -1.613409  4.810156  5.793014  8.377426 -5.453127  7.729655  2.836518
  1.721855  0.352790 -0.276538 -1.304711  7.904659  5.414118  5.684542
 -3.184918 -0.953981 -3.630151 -7.390370 -8.348332  4.894078  3.140888
 -9.145829 -2.552122 -5.419551  2.568159 -2.531645 -6.863636 -9.073060
  4.354400 -0.115341 -0.061079  0.616019 -6.807208  0.666373  6.540275
 -5.222860 -4.431267 -6.153834 -2.968942 -4.657602  7.549724  5.651722
  9.512970 -7.657532  4.672557 -9.547372 -4.366130 -5.859579 -7.016770
  0.171720 -2.879210  4.567395 -2.670040 -1.626499 -3.644638  4.298021
  5.514429  9.990488  0.292464  1.120722 -1.047922  3.792356 -1.012757
 -7.324600 -0.131340 -8.417333  0.468908  8.064793 -5.823127  8.428562
 -6.066325  6.519048 -3.470523  1.277306  7.107739  1.359256 -8.041468
 -0.982253 -3.142284 -6.438972 -3.258113  5.539081  1.540309  3.530056
 -6.753191 -3.892209 -1.834393  7.339329 -8.698032 -2.749590  4.304352
  7.940106  5.455759  1.045618 -3.622127 -1.527141  1.378054 -9.663390
 -9.854558 -4.574978  6.136832 -3.927563  5.971478 -1.014883  6.700697
  3.075866 -0.953323 -8.508336 -9.706176 -2.172520 -2.839303 -3.824896
 -8.621785 -1.627784 -1.668085  1.517901 -5.257267 -9.622776 -8.024783
 -3.373506  5.830425  4.126684 -8.134167  5.327964  7.812999  7.741082
  6.835093 -6.538234  4.584635  0.787089 -3.228511  0.963506 -8.242957
 -8.951165 -4.658566 -4.085685  1.570720 -0.887455  5.664884  0.176995
  6.822355 -0.298338  3.950131  0.047526 -7.086423 -9.776326 -8.789661
 -0.635252 -6.500663 -7.095276  0.528507 -6.589302 -5.001521  3.544828
  0.100569  5.334407  8.319723 -0.748745 -6.445728 -4.252220 -0.350243
  8.165601 -3.189612 -6.010542 -6.197446  6.489064 -8.000931  7.149725
  1.073815 -3.137573  5.691548 -8.201054  3.560765 -6.509690 -8.665897
  3.012545  7.356155 -2.473009  2.906514  1.884799 -7.480203 -3.839832
  6.294376 -1.859859  3.138816  3.822437 -7.979573 -1.073568 -9.583804
 -5.448292  3.805940  9.049846  4.841859  4.070749 -9.945185 -8.863951
 -9.332544 -0.105479 -7.692105  0.104987  9.835632 -3.030199  3.890703
 -2.781733 -1.644266  6.781183  4.382076 -8.851907 -7.997609  7.685690
  8.306229 -4.114248 -0.829423 -3.170199 -5.017622  2.002234  2.266664
  7.890091 -6.004432  5.519815 -1.726136 -8.284346 -0.729164 -1.622903
  1.761899  9.396321  1.223994 -8.788021 -2.131763 -6.680216  4.296295
 -5.344850  9.555655  2.008867  9.644828 -8.255189  4.191167  6.704305
  1.513129  6.855602 -5.549931  9.218982  6.169733 -2.604342  0.365943
 -2.887543  9.262231  4.000427  4.188368 -5.292878 -1.482867  1.342983
 -2.978232 -0.591835  1.031529  8.664731  0.427528  5.796257  8.521609
  4.333473 -1.026690 -5.720505  2.202014  1.588957  7.953038 -2.124252
 -2.105744 -1.026507 -8.540661  6.746724  7.351939  3.825266  5.049582
  2.904764  6.474982  5.479465 -3.938799 -2.848447  5.299761 -7.751689
 -9.842612 -3.631417  1.471548 -2.279154  4.914202  0.557118 -2.025477
 -9.349423 -6.552193 -8.296584 -4.529978 -0.320951  4.486195 -4.505527
 -7.899146 -2.256723  9.210384  7.687019  2.510700  8.778992  9.558281
  0.553304  7.130414 -5.157987 -5.090260 -0.625071  8.318017 -7.303979
  7.576072  9.459636 -0.500535  3.236838  5.573186 -9.544283 -1.049858
 -7.910616 -5.357345 -8.144884  1.274950 -3.447616 -6.792228 -6.835524
  9.771603 -1.466778  5.800938 -7.275162 -0.314927  7.623476 -0.989743
 -4.191121 -8.737188 -5.137106  0.028780 -0.659337 -4.862411 -8.761570
  8.982011  2.054629  8.480159  5.114144 -3.633246 -5.113986  4.828840
 -0.761716 -0.633190  6.500653 -2.002383  7.205613  8.628951  9.797669
  4.350075 -8.926827 -7.344500  6.814159  4.111961 -5.281073 -4.827068
 -3.505048 -7.489887 -8.501093 -1.232673 -5.780429 -0.309441 -4.859055
 -9.472693  3.125554 -9.789417  1.217474 -7.630856  2.789356 -7.066950
  3.669333  5.549651 -8.106912 -4.904346  5.774005 -2.137682 -3.228305
 -8.421927 -4.228242  4.569510 -8.866531 -5.687339 -1.417132  6.152661
  2.713106 -6.203464  0.863467 -9.778264 -6.610119 -0.413403  5.551878
  9.033815  3.567255 -0.892725  5.914045  3.923046  9.647061 -2.451631
  2.205756 -2.281702 -8.334833 -0.708391 -4.307262  8.851367 -5.804790
 -9.320031 -5.375458  4.072634  4.698528  7.582341 -3.087583  1.237243
  0.179876  7.932993  9.881372 -3.645155  9.543842 -8.765570  4.211137
  8.940280  3.605983  7.962383 -6.351545  2.667996 -8.289850  1.006884
  6.464653 -8.632722  9.157642  1.584285  6.269108 -9.418371  4.315964
  9.614791  9.277417  2.642427 -9.351326  6.805810 -3.626054 -8.032437
  2.378940 -9.229259  4.755666  3.109704 -8.440192  3.977414 -6.683797
  0.719170  7.339442  8.468985 -9.060480 -8.391347  9.080931  0.132552
  5.026958  8.770094  9.027806  5.510038 -6.972665 -9.842758  4.682950
  1.931328 -7.132474  8.779350 -3.412223 -5.114981 -6.947523 -0.119946
 -5.840034  1.891608 -1.487887  2.049315 -9.917065 -7.603819  2.688330
 -3.678290 -5.693878  2.551862 -1.989216  9.633577 -8.391620  8.904571
 -0.199899 -0.749121  3.212029  1.406345  2.886110  5.334693  5.513668
  6.027255  0.434159  6.745508  6.776748  6.253507  1.680846 -7.216013
 -4.436878 -7.014171 -5.026326 -0.766440  7.836156 -7.506968  3.317084
  0.779303 -5.664543 -7.341047  2.247478 -1.415314 -2.496628  7.857336
  6.411367  0.955204 -0.450345  2.418288  4.695866 -9.413292 -7.689736
  3.692486  4.344313  6.335316  0.051911  6.235599  0.374708 -9.229440
 -2.739158 -5.956423  9.725173 -1.574518 -2.548974 -1.260628 -0.152201
 -9.412048  6.228644  3.808985  8.307170  8.888376 -6.648766  9.348391
 -2.602186 -9.626248  9.373298  9.871755  1.573088  6.368462 -0.105985
  4.128365  1.880861 -9.852191  1.075668  0.974979  0.337047 -9.196455
 -3.261112  3.603164 -4.178464 -8.045069 -2.372092  1.688065  5.977897
 -2.030219 -9.135324 -5.529842  9.387223  0.577475 -4.924454  5.424097
 -0.380430  6.310462  9.190824  0.131808  4.615793 -0.797445  0.063342
  1.449524 -3.953484  1.710363 -9.656516  0.834819  8.042805  6.265680
  6.418786  2.384882  9.089074  7.706905  1.150851 -8.877165  4.910879
 -7.857121  6.630052  2.956540  3.796217 -6.912427  8.545649  0.273464
  2.301943 -3.454882 -8.303866  4.296747 -2.142323 -2.050705  0.896509
  8.082495 -2.203540  3.651095  7.747039 -8.714448 -3.860423  0.544541
  6.950218 -1.463575 -6.396042 -1.409748  3.269477  2.295730  2.386474
 -7.917720  1.395613  5.451165  6.268278  6.821684  2.629447 -4.854388
 -5.541246  3.128535 -4.689404 -8.755983  7.528966  7.748331 -3.332791
 -6.901938  2.349690 -0.818866  5.358986 -8.864949  2.746382 -3.825350
  6.219614  6.422525  4.889314 -1.345286  6.090334 -2.906246 -4.790485
  6.394338  7.635536 -0.408493  5.165946  8.253486 -5.611164  3.383933
  3.073421  6.036440 -7.578429 -4.388410  7.625773 -3.254283  7.816369
 -1.899942 -1.194131 -9.597047 -3.027475  1.879973 -5.316722 -5.135351
  8.949300  2.869771  1.979879 -9.380528 -8.887474  6.757300  6.755976
 -9.396361  9.194182  8.607615 -8.068131 -5.901916 -6.018427  7.031118
  2.870759  7.844482 -7.888526 -8.135103  0.622735 -4.324778  1.944444
  8.871733  1.935817  0.462507  1.682654  2.706468 -1.945073 -8.746894
  9.821821  5.185202  0.030056 -4.397837  7.006868  5.984199  2.521323
 -0.302412  0.035760  6.067165  4.337081 -7.538666  4.605997 -6.412060
  7.350418 -7.603127  7.245329  7.389281 -9.716240 -5.373422  3.422212
 -2.502973  4.320119  9.699088  5.841541 -7.355836 -9.424307 -9.711541
 -5.167933 -9.181971 -1.991174  8.092605  6.065621 -3.859818 -0.210216
 -8.214017  5.091513 -9.801354  2.262320 -5.606179 -3.472358 -4.256199
  6.103711  8.904034 -0.927700  4.652142  7.368008  5.788471  5.721866
 -3.178748  2.027327 -7.682556 -4.544754 -4.992233 -0.451640  6.925187
  0.263912  7.062662 -1.686532 -1.538008 -7.156287 -0.156460  0.829978
  3.762373 -2.960201  4.680922 -3.774044 -1.106561  6.591993  0.285446
 -4.014351  7.222352  9.156947  5.139364  2.071861 -3.273173  8.572177
  3.284447  9.188186  1.818191  7.123986 -9.836804 -1.259660  8.030565
  9.053023 -5.851215  5.598133  2.553912  3.488156 -5.418444  8.532963
  7.191712 -5.687179 -3.070672 -9.748787 -4.794372  6.982358 -3.577885
  6.669993 -8.496180 -9.995931 -7.474109  6.870797 -2.772948  7.271376
 -5.765278 -0.849347  1.598898  5.444669 -0.832839 -8.964368  1.693438
 -2.671461 -4.539655  6.990183  4.077304  3.024974 -1.663083  4.037035
 -8.624221 -9.362612 -6.137641  1.081118  3.443986 -7.328756 -0.102797
  9.432439  7.059449  2.706360 -5.159783 -7.119187  9.730960 -8.018197
 -3.846531 -3.874826  1.940323  3.986574  3.700263 -9.879652 -2.880782
 -2.273380  7.096349  7.158006 -6.187747  1.544380  8.759441 -1.207187
 -2.139562 -0.500575  0.871243 -1.420282 -6.986266 -9.306211 -5.760170
 -9.503956  0.742668 -6.499309 -2.676547  5.414406 -2.796706 -5.576509
  6.525054 -6.413459 -1.823375  2.141974  1.140943 -8.025883 -0.594915
 -4.286009 -1.399551  6.110326 -9.332069  2.821642  0.904102 -3.225977
  2.755459  9.831006  1.464500  1.380662 -7.511384 -5.866850 -1.463977
  8.352807 -6.497970  8.956032 -5.548114 -6.373903 -2.019500  7.213531
  1.900587  9.026502  9.984101  3.754687 -7.954268 -2.404001  3.565941
  2.366910  7.868514 -5.083276  0.128540  4.233780 -7.993577 -1.399715
  5.425232 -2.565628 -3.983886  5.688159  4.142203  6.814331  9.369406
  9.951261  8.401341 -4.579748  0.671096  0.882162 -4.313263 -4.135483
  7.799645 -9.693850  1.279116  1.738480 -4.587967  6.717174 -8.571979
 -3.222357  8.530526 -5.888808  2.013512 -9.112633 -4.372456  7.467392
 -0.963469  7.428259 -3.911689 -0.306977 -3.076177 -2.017193 -0.507479
 -9.588760 -9.836549 -9.469068 -5.840324 -1.026450 -1.998823 -9.934014
 -2.862745  2.848047  1.607245 -9.076957 -5.000554 -1.547054 -6.962455
 -5.837848 -6.713848  6.628079 -1.864219 -0.280283  6.649032  9.734862
  2.444052  0.499481 -0.710206 -4.760334  6.805969 -0.332944  2.972393
  5.182216  3.021855 -8.906427 -2.102272 -7.915072  6.973035 -7.696749
  1.004831  1.462536  7.931041  6.599955 -2.304596 -1.563531  9.180362
  0.829793 -4.744450 -8.945711  3.677197  7.864677 -7.832718  0.287723
  9.365552  7.471458  1.789184 -0.678303  3.569190 -0.934822 -8.021693
 -0.388796 -2.898950  0.539880  3.268115  8.754186 -1.003538 -0.044383
 -5.342679 -4.314599 -9.780451  1.957003 -5.044261 -8.686451  0.978130
  6.453010 -9.051133  5.583448 -6.139362 -8.462445  9.463091  4.274513
 -2.468994 -3.011150 -5.818214  9.815120 -6.428870 -6.297266  7.506333
  8.944910 -3.175903 -7.794337 -2.232893 -5.450626  0.716168 -2.724726
  5.821686 -1.062441 -0.421023 -1.053709  0.107832 -2.523912  1.250728
 -9.398915  3.808695 -7.965729 -5.680176  7.298556 -0.001325  2.749279
 -1.164306 -4.285784  1.994721  4.325925  3.764100 -9.355154  1.325395
 -2.042381  4.267765  1.899891 -5.182403  8.439382  9.452752  0.926214
  5.771616  1.756197 -8.844524 -2.182012 -7.187796  0.430267 -2.840527
 -5.388105 -9.226805  0.907601  5.650788  7.658870 -7.883545 -1.631782
  1.797218  1.967558 -3.401913  0.886785  7.531525 -8.979481 -7.475456
 -6.288201  4.689986 -6.045121 -9.039514  5.987320  0.952873 -6.928944
  0.276639 -4.473207 -0.582515 -4.634175  2.891666 -7.423493 -8.169512
  7.883567  7.708863  1.063603 -1.175325  7.426565 -6.571979 -4.309915
  5.109705  1.311204 -5.440178  8.444318 -7.998213  1.016209  1.366180
 -8.661309 -9.130087  0.809659  8.002410  1.173102  8.099639 -6.147255
  8.466074 -7.537374 -5.133550  6.081786 -5.879063 -6.402158  1.789110
 -8.005144  7.025334 -7.554872 -0.400053  6.114427  2.945738 -9.434698
  1.356919  3.446801  0.232439 -1.312893 -4.169997  7.750618  5.896352
 -3.377838 -2.627071 -7.384826 -8.195089  8.058124 -4.179071 -1.842013
  5.707177 -4.292061 -1.171925  8.399705  4.875507  3.127531 -3.859298
  3.527107  0.809726 -9.722913 -4.939150  1.998658  3.245484  2.760891
 -3.492434  9.901134 -2.926001  7.802700 -7.550386  2.764078 -9.682074
  4.470642 -6.779474  1.063065 -4.961562  1.196495  8.981472 -7.502263
  3.616910  9.813041  7.670315  5.263368  5.378194  0.475408  5.377799
 -2.721086  0.060773  6.341499  4.055572  5.580091  9.584694 -8.352700
 -1.957280 -4.666951 -1.846812  0.552981 -4.806123 -0.050105 -2.524836
  0.355246 -2.639532  7.556339  1.042196  9.911518 -5.091825  3.722569
  6.674361  9.933301  4.828396  9.537157 -3.327373 -2.083301  3.999184
  6.960695  1.303391 -5.731391  6.070849 -4.626146 -7.997886  6.022184
  9.968710 -2.933502  0.096367 -3.764938  3.682682 -1.943317 -8.697150
  3.226132 -2.436582 -5.046040  3.622304 -7.136692  0.067293  8.870839
  3.288774 -5.431884 -3.234186 -4.067870 -4.735132 -9.081505 -8.676167
 -2.166746 -3.407690  3.048655 -9.578988  4.227694 -0.024573 -6.868709
 -3.661627 -0.012577 -5.747126  6.665673 -4.247431 -4.575410  6.755928
  4.901670 -4.398325 -5.211292  8.845216 -9.914738  7.347300  8.534603
 -6.685141 -2.331569  2.388613  2.462418  4.385779  5.850278  7.340474
  3.594334  6.495296 -8.970437 -9.943958 -2.629049 -3.061069  5.463120
 -9.945745 -2.913905  7.282142  0.068534 -7.536865 -3.692978  3.874314
 -3.228841  6.446369  3.384812  6.813373  4.407292 -5.007034  7.979804
  4.439627  4.518389  4.379889 -0.970652  0.469401  1.327568 -7.619467
 -0.480860  0.703863  5.958740 -2.305472 -0.869564  6.538573  3.759332
 -6.016795  2.148740 -7.427639 -3.335693 -1.327027 -8.393065 -0.327051
  1.940113 -0.253261 -1.660250  5.883252 -2.806417  2.610341 -4.502489
 -7.658985  9.117767 -0.234822  8.079705 -9.364368 -0.005249 -6.669975
  3.263584 -6.214179  9.451363  1.181171 -3.055291  2.685082 -0.076009
 -3.437444 -9.535597 -1.759871  1.791983 -5.372273  8.936762 -5.841867
 -7.062404 -7.461608  3.084737  1.006628 -5.124487  5.322076  5.164474
  7.211120  9.508359  6.803752  3.907357 -6.963834  6.022833  6.767544
  0.273067 -0.750355  2.858020  7.454873  5.730227  3.547294 -1.365503
  3.620135  1.172620 -3.997434  2.803256 -8.687246 -0.369336  1.278871
  2.748868 -7.724551  9.121256 -9.879177 -3.806483  5.832747  7.900055
 -7.834452  3.808673 -1.083261 -8.887655 -7.516755 -0.990834  1.531589
 -4.384893  2.286993  3.417594 -9.378390 -7.154801  5.212867 -4.918400
  0.788657 -2.296282  3.531575  1.963757  7.859063  8.140987 -3.637350
 -8.408708 -1.229341  2.388362  1.525631  2.548273  4.716420 -3.263430
  6.397124  2.731375 -2.567718  7.297003 -1.683144  1.322880 -5.569172
  0.471116 -9.832297  0.968951  4.955328  5.796129 -0.563615 -0.113895
  2.645161 -2.942835  9.933350  7.550348  6.598143  9.361056 -0.082313
  4.994127 -2.120556 -4.492383 -3.698357  6.771788 -7.507300 -1.644878
 -5.738101  7.216357  0.153608  1.855302 -7.544064  5.015823  3.994647
  8.066175 -2.786914 -6.877149 -5.361637  3.022498  8.571373  9.419073
 -4.899883  1.255031  9.694438 -3.902069  9.806887 -5.945821  1.252095
 -9.254894 -8.589843  4.766877 -2.043261  1.763200  7.458349  2.070776
 -5.214269  2.967109  5.703706 -0.824808  7.917422 -1.930424 -7.100346
 -9.558400  3.082121  7.917742 -8.187927 -1.127419  1.301118 -1.436366
  1.644568  6.365973 -9.222158 -9.236298  0.488390 -2.593639  4.833379
  5.531308  6.020284 -7.002704  7.424648 -6.399424 -2.633751  4.430024
  1.402067 -1.434285 -0.300673  0.240565 -1.216099 -5.412179 -7.686129
 -9.195957  5.030723 -0.812542 -2.897569 -5.219721  4.511766 -1.817600
 -1.477646  2.314748  0.345721  5.785694  7.121712 -1.022481  7.469261
 -1.410840  3.780741 -0.556612  6.272907 -2.757427 -3.063792 -4.086823
 -8.268981  9.391110 -2.788585  4.067832  9.590063  4.867913  3.147088
 -7.182626 -6.157738 -9.386696  6.844238 -9.824801 -7.885565  7.699187
 -9.175671  7.028252 -3.956027  3.874971 -0.768108 -6.420144 -1.059158
  2.860258 -0.646930 -7.095186 -5.325232  9.793287 -3.142029  9.647997
  5.623642  5.959448 -5.161994  0.737426  0.950366  2.095231  7.823924
 -1.865859 -0.621855 -1.921427 -8.214151  5.134602  8.462919  5.305769
 -8.705254  7.913625 -1.883383 -7.321142  7.383145 -6.893916  0.238868
  5.018375  4.587970 -2.073428 -2.436713 -6.774303  4.917320 -1.759433
  1.987099  9.315272 -3.950286 -8.801705 -0.978859 -5.237530  2.676009
  2.259094  4.334743 -8.245331  3.054707  2.324326 -3.995379 -9.124279
  1.373514 -5.747238  5.572460 -6.347491  2.037308  6.024759 -2.189096
  9.172046  0.862838  2.085259 -5.857381 -3.866954 -3.756200  4.717855
 -2.936353  4.026998  2.993231 -9.807866 -4.577169 -6.507392  2.795057
 -7.505346  2.393499  2.467493 -0.987724  1.301518 -9.934052 -0.508739
  9.330391 -2.084838  9.721748  5.123698  3.280597 -4.452817  8.480963
 -6.227130  6.622210  1.422880  7.177650  3.137627  4.176109 -5.875874
 -7.173622  9.695421 -1.782939  3.489516  7.467820 -2.271892  4.105297
 -2.024866  8.772425  3.059727  2.098751  7.519030 -1.025621 -8.767961
  1.701459 -1.966725  8.559291 -8.444843  1.302220 -9.037930  4.177178
  6.290336 -3.666102  8.711016 -7.746451  1.348500 -1.215869 -1.067935
 -7.758832  9.661767  8.880695  2.633392 -7.132202  7.802325 -7.228860
  7.887142  8.598677  7.168937 -7.709573  8.841134  1.513194 -1.148544
  8.457182  3.655915 -8.019289 -3.741347  4.089303  2.200025 -1.322074
  5.215250 -2.245279  5.333641  4.999657 -4.496423  8.126681 -4.834216
 -4.598565  7.847951 -2.868924  7.942594  0.157494  5.963548  5.428736
  0.908741  0.747269 -7.461297  5.367914 -9.979601 -8.399632  3.242556
 -3.669822  6.448192  9.413527  2.774161  4.016336 -7.262765  9.281139
 -9.074117  3.876745  4.694646  0.548958  1.507069 -5.311861  3.444609
 -1.620808 -7.670313 -9.727873 -5.656445 -2.508266 -1.016964  2.447588
 -8.097606 -4.549617 -2.413683 -8.951320 -1.676293 -0.539076 -3.324517
 -6.164506  8.994197  9.892388  4.426763  4.992035  8.054420 -8.158292
 -1.579872  2.698382 -7.576272  6.133055  1.091971  7.886156 -4.772389
  7.202425  7.878287  2.457871  4.418806 -0.332221  9.684552  6.280446
  8.454442  0.387501 -3.700854 -6.479410  3.139616 -5.847736 -9.417813
  2.386489  1.220035 -4.308217 -9.114639  4.559413  9.215609  9.885039
 -2.000771  3.665724 -0.844124 -4.999122  7.945861  7.231235 -7.252493
  2.323146 -4.566922  3.217622  5.706635  5.617911 -2.693943 -0.536471
 -4.257713  7.467675  0.843668 -4.963849  2.891736 -7.005919 -2.614396
  3.405671 -7.339412  4.958890 -9.263831  6.381546 -5.219830  0.678116
  5.493216  4.378400  2.058927  8.358784  3.318446 -2.049458  6.838347
 -5.597494 -5.026728  2.726902  8.432454 -7.270167 -3.087330 -3.889190
 -6.929758 -6.221265 -8.125377 -5.249433 -8.943207 -8.777202  4.311840
  5.645185  8.958905  9.725118  4.231153 -2.864522 -4.888639 -4.727265
 -0.756254  1.198616  2.776915 -0.616366  6.933824  6.133430  0.558250
  3.635775 -6.599320 -3.881413  3.536164  3.588245 -4.958474 -0.915138
  5.139804  2.771801 -6.697504  2.411223 -8.196549  8.741974  0.776559
 -9.106408 -8.663659  0.873602  6.911284  7.925753 -6.731802 -5.210529
  5.533070  2.244729 -2.355730  4.027280  5.155307  6.681953 -5.868216
 -7.173990  1.170869  9.981401  1.085127  3.091252 -5.055525 -7.679464
  3.127208 -6.317884 -0.679743  5.842068  1.012119 -8.386378  7.496588
 -6.178691 -3.024350 -2.521880  6.585353 -7.323398 -0.080822  0.726135
 -4.774241  5.262080 -7.389966  2.330596 -9.955534 -4.650907 -2.571148
  6.598190  5.166884  0.985367 -5.681196  3.223793  8.926668  5.866404
 -9.251435  4.734666  3.261906 -0.222090 -4.485314  9.184799 -2.582592
  5.959954  1.636694 -8.986498  0.971024  0.967225 -4.539671 -3.500222
 -1.019345  8.665604  4.054246 -4.793747  8.659537 -9.432364 -7.538728
 -1.822079  2.548142 -1.623868  7.843208 -5.315408  3.690731  1.864092
 -4.052260  7.986137 -9.930847  6.112535 -0.885133 -8.536677 -0.092833
 -1.154247 -9.932845  8.072689 -4.013234 -0.231584 -5.857267  7.270260
  2.344035 -8.792212 -4.088251 -9.105130  8.298873  7.971802  5.465428
 -0.580618  2.421860  6.481679  1.811836 -0.099943  2.177503  0.202446
 -8.554877  3.867337 -6.843943  8.007662  7.921144  1.178012  3.300478
 -3.296425 -5.152093  9.340016  6.529244 -9.183349  6.403167 -7.641590
  9.023401 -2.956949  8.602403  7.887214  8.743072 -3.602222 -7.990585
  3.872322 -0.827683  9.077662  6.826891 -5.644006  8.269652  4.255106
 -5.788301 -7.402720  0.599336 -0.871498 -2.419264  0.061434  8.191249
  1.296240 -5.812625 -7.912677  9.167801  1.605492 -5.957431 -7.197917
  6.493993 -2.828349 -5.724435  7.538402 -5.165402 -6.826306 -1.672481
  2.758014  4.691873  9.770377 -7.599133  2.510768 -8.121642  9.860681
 -6.187149 -0.699271 -9.585724  0.635481  3.919455 -4.066800  6.650280
 -3.278970  3.418398  1.922677 -1.951695  8.654354  5.490396 -1.500977
 -8.211009 -6.988048  5.992667  0.873045 -1.635089  6.597358 -3.995078
 -5.865850 -4.582998  1.400034  9.587891  5.009784  7.916991 -6.529767
  7.693479 -1.019166 -7.088701 -4.617262 -9.832757 -7.121157  6.799619
 -0.726837  7.246254 -4.933882 -2.331475  9.734230  9.504706 -0.813988
 -9.925388 -0.688534  8.761585 -7.767393  4.868479  3.675972  8.635777
 -3.473586  1.238493  4.899765 -5.027818  6.434814  4.102481 -4.301008
  0.630308 -4.036335  1.060691  3.697978  9.620671 -9.795614  7.760007
  1.487391  7.275621  5.211435  6.946212  5.578405 -5.896958 -7.535535
 -4.730484  4.380224  0.140522  3.962594 -6.559249  8.405805 -9.960849
 -0.613645  6.129549 -6.326583 -8.301254  8.463383 -6.114541 -1.431614
 -7.874927 -1.230267  2.303599 -4.638283 -6.272006 -3.216836  7.952773
  7.776517 -7.260354  5.902748  3.928951 -4.423450  8.151254 -4.629565
  0.689696 -4.821397 -1.225300 -4.858703  9.707122 -1.417230  1.214673
 -9.496591  0.036786 -8.663657  4.828174 -3.766643  5.274880  2.956376
  9.933690  8.935241  4.788124  0.790441  1.754704 -1.031054  4.620203
 -8.930970 -7.916197  0.717520 -4.427500  4.024202 -5.496575 -1.478534
  8.880459  4.488275  9.602038  7.740035 -7.731244 -4.883995 -0.689295
  6.425140 -5.477685  7.686903 -1.048988  8.863321  4.384384  1.789428
  5.452123 -0.047577 -5.103697  2.812937  7.450747 -0.221697 -9.650214
 -6.220952  9.307530  8.245192 -0.467500  0.986402  1.365350  2.410953
 -4.176902 -8.349563 -4.807518  2.921001 -8.713532 -0.498732  8.224333
  8.205779 -9.013148  6.971852  4.727416  6.143373  5.707914 -4.976862
 -4.112101  6.011743 -5.480812  5.220573 -9.723195 -0.153506  2.427456
  1.000714  4.217484 -9.894459 -3.976706  4.692144 -7.090155  9.594164
  1.170295  1.484445 -1.134650  8.239581  6.295350 -0.417557  1.796843
  7.484309 -0.475146 -4.503774  4.693543  0.802722 -1.515316 -2.625866
 -9.852846 -1.886183  4.039188  0.403346 -0.566858 -4.087219  0.060157
 -1.673284 -2.423039 -2.399721 -8.435197 -5.124067  5.528996  9.186838
 -5.314123 -0.548123 -0.792710 -1.091813  4.720383 -6.885374  6.090362
 -1.320215  3.472439  5.590167 -3.042404 -1.629233  6.569103 -5.162145
 -6.417184  8.348248 -0.073686  7.514323 -8.651418 -4.892601 -7.331743
  6.856031  7.067578  9.315398 -5.151918 -9.524255 -4.309964 -3.164490
 -9.754461  3.156557  2.777098 -7.881270 -5.222809  5.450931 -5.346559
  4.274961 -4.804778 -9.765575  6.691829 -3.378612  7.976351 -2.887323
 -5.497994  8.610564 -3.898861  5.690913  6.195875  2.179651 -1.854709
 -0.339447 -0.423748  3.176540  2.616716  3.208253  1.159322  1.281145
 -9.901959  6.809484 -8.592782  7.426138  2.039481  1.575190 -6.192730
  5.244680  6.724962 -0.030058  5.199251 -6.110209  8.091950  7.934433
  4.562115 -5.146021 -8.224276  7.729858  4.622524 -7.915295  2.847915
 -2.390878  1.826249  4.580730 -4.347141  6.274413  9.174977  4.191060
 -9.351975 -6.326942  5.106340  9.504579 -4.855333  4.566778 -7.532204
  7.759861  2.474314  6.868037 -7.104939 -9.810894  7.933971  9.342375
 -3.170266 -9.328535  2.919395  4.756643 -1.856648  2.243640  2.241919
 -6.387992  0.419400  6.783329 -5.128167 -6.954133  3.322126 -3.063117
 -8.000930 -0.247367  2.718167  6.005986 -1.471291  7.627113 -1.528817
  8.136658  7.198450 -1.436840 -9.914207  3.322462  3.307609 -2.215638
 -9.812832 -9.240143 -9.580313  6.700289  4.350668  0.691256  2.283341
 -5.694252  6.778548  6.081949  2.545038  0.121784  7.147777  0.005755
 -9.237675  5.598112 -7.228870  2.730064  6.194612  9.802576  4.720069
  6.992078  9.468269  2.630837  5.398517 -0.772633  2.141308  7.704992
 -2.915261 -7.900011  5.994087 -2.878633  5.741422 -0.303893  9.278577
  7.424372  3.351172  6.492100 -6.930411  2.337419 -6.790122  2.022730
 -5.435635  9.178576 -0.442738  8.409884 -8.644744  1.702717 -8.654881
  6.341752 -4.776559  0.218664 -2.567007 -0.661592 -6.544902  5.107970
  1.668500  7.527153  8.381752  9.850991  9.384601  0.160232 -1.543373
 -8.436625 -0.534448  2.127970 -3.767069  0.257484  4.268913  1.303585
 -7.591032  3.336897 -6.977821  3.011205  2.359826  5.501145  1.770320
 -5.485550 -6.376957  1.019232  6.811025  9.927461  1.293832 -0.012782
  8.405394  2.181923  6.949872 -0.605331 -7.680405  0.705261 -1.311798
 -1.811528  9.033600 -8.810409 -9.475929  7.577935  6.701282 -9.943292
  3.203676 -8.183916  0.907280 -8.507304  8.715894  3.786592  2.969370
  3.748085  4.397986  6.727645 -2.710953  6.899586  3.020633 -6.973280
  0.699629 -8.650188  8.885806  3.805696  5.572120 -5.744596 -6.757637
  2.715799 -9.822001  1.255208 -6.437787 -7.707898  3.433925  3.042961
  3.922730  2.766073 -1.746529 -8.087252  0.692825  7.809032 -2.328873
  8.380184 -7.106847 -1.841704 -8.407398 -3.399317 -7.552985 -9.272721
 -2.256473 -3.635565  4.882567  6.333663 -3.135393 -7.994800 -6.308845
 -7.390182 -9.094987 -1.429743  4.284908  8.560474 -1.668856 -2.818178
 -8.914387  6.692475  2.718891  0.787077 -3.007639  0.055176 -6.657607
 -2.234676  6.092580 -5.225210 -8.730368  4.845774  6.537814 -1.337894
 -5.120779 -3.758703 -5.393123  7.418992  4.751158  9.527267 -2.179096
 -6.304299 -1.761377 -1.653572  3.999924 -2.349467  3.542260 -0.877057
 -5.739074  2.090079  9.880073 -2.236606 -7.347277  2.997560  3.704172
 -1.340581 -0.582330 -8.970223 -6.966901  1.206503  2.961241 -0.875522
 -5.252767 -4.747007  7.559192  7.868037  9.454340 -3.690841 -1.878004
  7.920974 -2.927648 -2.580852 -3.770831  1.506618 -1.735628  1.646886
  3.830254 -3.226546  8.860649  0.771447 -3.095248  3.403246  9.257194
 -3.498266  2.136383  4.864140  5.190933  8.347656 -9.845785 -0.298088
  3.001953 -1.605833  6.555999 -0.468872 -3.412372  0.957876 -4.268354
 -2.885767 -2.547469 -1.375549  0.876699 -5.565851 -3.131043 -2.214241
  2.342634  1.068797  7.550355  3.911674 -5.499546 -0.379143 -9.913673
  2.205191 -1.582709 -3.077589 -9.047852  5.495773  0.219182  7.158369
 -3.259392 -0.002992 -7.293964  9.059196  3.871055 -3.369328  1.890298
