1 0 0 0 0 0 1
0.00598303927751 0.604773166533 -0.261488207082 0 0 0 1
-0.298823274882 -1.28706909044 -0.180636781684 0 0 0 1
4.17322482625 9.90328500147 6.13776055098 0 0 0 1
-2.25683747818 4.38683760303 -2.37521101335 0 0 0 1
-3.17071963357 -4.27269986512 -2.80860646555 0 0 0 1
6.49327587121 0.268128637078 9.63015439406 0 0 0 1
-4.43255884613 1.28591000057 0.872274461375 0 0 0 1
-5.50857789186 -3.45168960999 -1.46512557163 0 0 0 1
-8.84555956208 3.60294101541 -8.04059526327 0 0 0 1
7.47897497594 3.15527070423 -2.58363908769 0 0 0 1
-1.96672380154 -0.848319141284 -6.89990247499 0 0 0 1
2.15052047911 -0.983915620294 4.15732035293 0 0 0 1
-7.67335383351 5.69354897442 8.26895704981 0 0 0 1
-3.88469648958 4.48520212472 -5.60915316864 0 0 0 1
8.52941679386 -5.08090035945 9.8793828126 0 0 0 1
4.92726970491 -4.19365623928 -0.0691153362225 0 0 0 1
4.16658073714 4.32666967438 7.35549630875 0 0 0 1
1.66927778035 -4.6943272892 0.983820418747 0 0 0 1
-5.45266424247 0.327760573953 -9.28604151981 0 0 0 1
1.81821610374 -5.44570752013 7.79426901756 0 0 0 1
-0.643024012486 7.77395407744 -9.54419489676 0 0 0 1
-3.64054763062 -7.29066590238 9.09790964318 0 0 0 1
-6.52879291704 -9.7717081391 -8.81236674958 0 0 0 1
3.2273630844 -3.9492735617 -0.777061502038 0 0 0 1
0.988171543586 -3.4294219031 -4.60964046243 0 0 0 1
5.48125518846 -7.59755413991 -4.99665246306 0 0 0 1
-5.58604674091 -9.30466121343 2.87996043762 0 0 0 1
8.65266728428 -8.32765537301 5.94846651611 0 0 0 1
8.79375211478 3.20727806184 -8.93711709829 0 0 0 1
-9.96953223167 2.3481505737 -2.82362609974 0 0 0 1
2.60964660408 -9.20102978816 -8.02438767422 0 0 0 1
2.47148958353 0.915396200045 9.73864379313 0 0 0 1
-5.75232031121 -9.86849026782 5.56288440349 0 0 0 1
-4.50530467394 -2.05884931953 -5.09279803992 0 0 0 1
-7.46549147945 5.56985556518 -6.46252110831 0 0 0 1
8.09572444775 9.6101766978 7.49476266778 0 0 0 1
5.06863358219 6.57771457379 7.65499953712 0 0 0 1
-9.34740762865 -3.1562701507 1.76433220204 0 0 0 1
1.99301751693 2.44154067914 5.2145622976 0 0 0 1
-0.0830255073693 6.50129820052 -5.14679396203 0 0 0 1
-1.81162807734 5.67045464389 -5.00325766249 0 0 0 1
8.95520443646 -0.789144135682 -0.0887669092165 0 0 0 1
2.48296895604 7.31218829623 1.24216474155 0 0 0 1
9.40737269226 -7.92180285554 9.29429833038 0 0 0 1
8.73243224253 4.46370623155 -7.62797771822 0 0 0 1
2.86168434359 -8.8394288576 -3.36368661406 0 0 0 1
1.19271552008 0.730113083564 8.88543113484 0 0 0 1
-9.13480757577 2.9873688315 -9.7274851002 0 0 0 1
-9.16468608158 6.84836186681 7.02707103038 0 0 0 1
-3.96328741545 6.53312656805 3.564446813 0 0 0 1
-7.70657228745 -5.03467879724 -1.22527744202 0 0 0 1
-3.80292082096 -0.0317208451375 1.21437847475 0 0 0 1
-6.4670411309 5.14172455221 2.04051012865 0 0 0 1
0.37479218114 8.57899938528 -8.23012684611 0 0 0 1
-6.25601867247 8.93699194073 2.16708454965 0 0 0 1
-7.80056688399 -3.67347657083 -6.51491070888 0 0 0 1
0.196195755252 8.06342767077 3.77016666757 0 0 0 1
-8.3928414281 -5.63597290595 -4.50017330063 0 0 0 1
1.70842864277 -4.37449298889 -3.62138042105 0 0 0 1
-1.19269842821 1.72105935369 -5.81042007484 0 0 0 1
9.38253425028 5.29962860869 7.13764596177 0 0 0 1
-8.23698617486 -3.38185217764 5.8226299902 0 0 0 1
1.27511023221 -2.84384922221 -3.39338197288 0 0 0 1
-5.42256230643 -2.06470170697 4.31054009507 0 0 0 1
4.23856753198 -1.82035688199 -3.5713412739 0 0 0 1
-8.2161697085 -7.51067753457 9.3909573465 0 0 0 1
-5.51546182768 0.545141446477 5.70412901687 0 0 0 1
-2.19891419523 -5.55898559895 -2.23356854595 0 0 0 1
3.37127271153 8.3030352528 4.3841404209 0 0 0 1
3.79737697001 -3.32988181389 -1.71183533785 0 0 0 1
-2.85322184816 -4.11623175409 -7.21571724569 0 0 0 1
8.18216456386 -4.93067624197 -7.57740982495 0 0 0 1
3.96771045211 -1.7977235339 -3.07827288397 0 0 0 1
-8.2573936757 -4.0180190831 6.28655783724 0 0 0 1
-5.94952622951 1.47097233761 4.60905281285 0 0 0 1
-4.12348794219 -8.43977202225 2.44115377692 0 0 0 1
-5.85840102669 7.16872148167 3.18758720225 0 0 0 1
-0.931120861904 3.86177396586 -6.47057760346 0 0 0 1
8.59550409858 -2.84139392877 -9.88482876506 0 0 0 1
-0.558899281074 1.15911993157 3.07805725262 0 0 0 1
-4.63180930577 -5.16688466197 5.49016006016 0 0 0 1
-3.58096586842 9.39454923238 2.44515293578 0 0 0 1
-6.39222451327 -1.69365934771 -2.45498163753 0 0 0 1
7.52584911036 3.33542563468 -9.5691529127 0 0 0 1
1.01418633368 -8.57894571845 4.33793231034 0 0 0 1
-2.48599133648 3.1495958329 1.94138369429 0 0 0 1
-6.64980788797 7.86903524918 7.71117634117 0 0 0 1
-9.50505425516 1.24659124502 0.690582761998 0 0 0 1
-3.63261911184 0.214980801155 3.31870897619 0 0 0 1
2.55234406827 -8.47740644761 2.28804969552 0 0 0 1
5.42741848944 1.1740234126 0.568778464 0 0 0 1
1.43145078198 3.50793647696 0.829592521178 0 0 0 1
-5.5499687218 1.72131912373 7.07580705546 0 0 0 1
-4.90636851718 6.50471774548 9.90166910052 0 0 0 1
-2.47208341035 -8.32374661951 -5.9785586819 0 0 0 1
-4.15348502613 9.10373908961 -4.36949503713 0 0 0 1
5.40129548553 -0.410569136313 0.732694621006 0 0 0 1
4.84135285779 -1.5348069956 1.39619761496 0 0 0 1
-9.2451846855 7.84129680769 -9.79096941905 0 0 0 1
-2.73874809696 7.94904834026 7.06627402793 0 0 0 1
8.71142732064 0.143095324731 -4.24136730144 0 0 0 1
-8.83170355666 -4.29186137305 -0.477985615148 0 0 0 1
4.55489467187 1.17482448984 -6.50115184297 0 0 0 1
-4.7266544188 0.358150277377 -6.74398616506 0 0 0 1
5.1617923805 -6.96228894223 -0.67613960516 0 0 0 1
3.50485709394 2.69256887533 3.39840837603 0 0 0 1
-2.06980083254 5.11616479305 -5.37688483586 0 0 0 1
-8.41325097541 -8.40406090476 8.89780770223 0 0 0 1
4.31888661199 -6.82142939594 -1.05953679965 0 0 0 1
-6.72893501705 9.55294318437 -3.06452770953 0 0 0 1
-0.0394379626686 6.38598529712 -0.628958344745 0 0 0 1
-1.09105116837 5.63764972683 -7.97131463174 0 0 0 1
5.41549905298 6.49467104828 -1.35947024097 0 0 0 1
4.2643048267 -8.80625795454 9.22989511989 0 0 0 1
3.54402526437 -4.82013925542 4.53309260248 0 0 0 1
-4.94195811291 -2.74676494109 3.49902273319 0 0 0 1
1.57099601907 1.42877397336 2.45999413922 0 0 0 1
1.33996567459 -1.41288389215 -9.61830587491 0 0 0 1
3.5599536772 0.534263723558 5.76497860185 0 0 0 1
-6.02666065568 8.89088760705 -0.184232650104 0 0 0 1
2.33358864676 8.78016640308 -2.38096417286 0 0 0 1
-8.47506991389 -6.38601877419 5.53935397783 0 0 0 1
-3.24816574979 -3.6700153182 -9.19882405562 0 0 0 1
6.18070239083 -6.42120038278 -1.08660918081 0 0 0 1
1.23240569731 -2.29726312739 -5.37583723612 0 0 0 1
-4.60748728559 7.23278618421 -3.01024299528 0 0 0 1
-1.80219884345 -9.62100160611 9.78987434966 0 0 0 1
5.749015445 4.64514206275 4.4368897255 0 0 0 1
-3.89925637786 -3.54081503101 -3.3002646202 0 0 0 1
-6.2823885764 8.2524324574 -4.20799219893 0 0 0 1
0.426370399853 -1.1278938298 -7.45966654814 0 0 0 1
-1.6134085905 4.81015568964 5.79301440192 0 0 0 1
1.72185501317 0.352789689236 -0.27653811005 0 0 0 1
-3.18491767961 -0.953981139206 -3.6301513984 0 0 0 1
-9.14582902936 -2.55212155461 -5.41955053113 0 0 0 1
4.35440048022 -0.115340751152 -0.0610786511446 0 0 0 1
-5.22285976093 -4.4312673268 -6.15383421388 0 0 0 1
9.51297011949 -7.65753178986 4.67255650939 0 0 0 1
0.171720213571 -2.87920953966 4.56739498266 0 0 0 1
5.51442864806 9.99048755345 0.292463896402 0 0 0 1
-7.3245998875 -0.131340480714 -8.41733275422 0 0 0 1
-6.06632499055 6.51904761862 -3.47052335352 0 0 0 1
-0.982253303497 -3.1422838225 -6.43897222222 0 0 0 1
-6.75319135414 -3.89220924611 -1.83439292889 0 0 0 1
7.94010588888 5.45575948274 1.04561836467 0 0 0 1
-9.85455802676 -4.57497814642 6.13683232957 0 0 0 1
3.07586628865 -0.953322670949 -8.50833590257 0 0 0 1
-8.62178499345 -1.62778401681 -1.6680851094 0 0 0 1
-3.37350561271 5.83042515065 4.12668424813 0 0 0 1
6.83509259901 -6.53823430279 4.5846348244 0 0 0 1
-8.95116540711 -4.65856616212 -4.08568519347 0 0 0 1
6.8223553739 -0.298338221708 3.95013052144 0 0 0 1
-0.635251875741 -6.50066261395 -7.09527569929 0 0 0 1
0.100569480268 5.33440659442 8.31972289053 0 0 0 1
8.16560145635 -3.18961206241 -6.01054219596 0 0 0 1
1.07381537309 -3.13757269634 5.69154819779 0 0 0 1
3.012544813 7.35615508988 -2.4730091417 0 0 0 1
6.29437614818 -1.85985869919 3.13881577479 0 0 0 1
-5.44829239504 3.80593996982 9.04984598866 0 0 0 1
-9.33254416542 -0.105478722114 -7.69210468817 0 0 0 1
-2.78173315284 -1.64426611452 6.78118331366 0 0 0 1
8.30622920217 -4.11424841865 -0.829423049221 0 0 0 1
7.89009135511 -6.00443235139 5.51981532089 0 0 0 1
1.76189882736 9.39632108655 1.22399400668 0 0 0 1
-5.34485016475 9.55565470476 2.00886696432 0 0 0 1
1.5131285108 6.85560225795 -5.54993140926 0 0 0 1
-2.88754290186 9.26223143829 4.00042714444 0 0 0 1
-2.97823238293 -0.591834979157 1.03152853609 0 0 0 1
4.33347292863 -1.02668981586 -5.72050493185 0 0 0 1
-2.1057436246 -1.02650745766 -8.54066060745 0 0 0 1
2.90476437097 6.47498237092 5.47946529905 0 0 0 1
-9.84261187832 -3.63141664722 1.47154848937 0 0 0 1
-9.34942274515 -6.5521929062 -8.29658368244 0 0 0 1
-7.89914613626 -2.25672258213 9.21038389999 0 0 0 1
0.553304226669 7.13041441004 -5.15798721388 0 0 0 1
7.57607167853 9.4596363669 -0.500534992466 0 0 0 1
-7.91061598455 -5.35734497453 -8.14488376734 0 0 0 1
9.77160316626 -1.46677806869 5.80093790242 0 0 0 1
-4.19112105363 -8.73718783823 -5.1371057584 0 0 0 1
8.98201129084 2.05462930868 8.48015942076 0 0 0 1
-0.761716028299 -0.633189560647 6.50065258796 0 0 0 1
4.35007453721 -8.92682679386 -7.34449985404 0 0 0 1
-3.50504838655 -7.48988695631 -8.50109335446 0 0 0 1
-9.47269280553 3.1255544779 -9.78941676298 0 0 0 1
3.66933309966 5.54965111351 -8.106911987 0 0 0 1
-8.42192656605 -4.22824154811 4.56951014067 0 0 0 1
2.71310590617 -6.20346362592 0.863467125772 0 0 0 1
9.033814821 3.56725488221 -0.892724637665 0 0 0 1
2.20575560074 -2.28170212692 -8.3348326103 0 0 0 1
-9.32003076244 -5.37545825704 4.07263368762 0 0 0 1
0.179876012804 7.93299325662 9.88137198941 0 0 0 1
8.94027981415 3.60598309815 7.96238280853 0 0 0 1
6.46465267455 -8.63272177229 9.15764193483 0 0 0 1
9.61479076294 9.27741699549 2.64242741056 0 0 0 1
2.37893954725 -9.22925905235 4.75566636497 0 0 0 1
0.719170064184 7.33944174395 8.46898508102 0 0 0 1
5.02695769781 8.77009420064 9.02780571724 0 0 0 1
1.93132808228 -7.13247369999 8.77934961782 0 0 0 1
-5.84003423949 1.89160849823 -1.48788738084 0 0 0 1
-3.67828973486 -5.69387833672 2.5518623572 0 0 0 1
-0.199898962777 -0.749121364634 3.21202924281 0 0 0 1
6.02725523011 0.434158880274 6.74550804227 0 0 0 1
-4.43687833508 -7.01417142449 -5.02632594155 0 0 0 1
0.779302897502 -5.66454327853 -7.34104671387 0 0 0 1
6.41136717733 0.955204236612 -0.450344999003 0 0 0 1
3.69248625373 4.3443129404 6.33531642329 0 0 0 1
-2.73915764102 -5.95642300549 9.72517281107 0 0 0 1
-9.4120479791 6.22864352501 3.80898481927 0 0 0 1
-2.60218615474 -9.62624813527 9.37329766351 0 0 0 1
4.12836481327 1.88086147298 -9.85219106024 0 0 0 1
-3.26111172752 3.60316400652 -4.1784640908 0 0 0 1
-2.03021932262 -9.13532390008 -5.52984180295 0 0 0 1
-0.380430411266 6.3104620609 9.19082360663 0 0 0 1
1.44952363838 -3.95348375883 1.71036273752 0 0 0 1
6.41878553939 2.38488249134 9.08907435415 0 0 0 1
-7.85712144582 6.6300524954 2.95653978566 0 0 0 1
2.3019431485 -3.4548824271 -8.3038663416 0 0 0 1
8.08249500152 -2.20353990564 3.65109468422 0 0 0 1
6.95021797419 -1.46357489599 -6.39604222315 0 0 0 1
-7.91772049359 1.39561269056 5.4511645194 0 0 0 1
-5.5412459401 3.12853483231 -4.68940375228 0 0 0 1
-6.90193836714 2.34969038663 -0.818866106326 0 0 0 1
6.21961385702 6.42252453253 4.88931448076 0 0 0 1
6.39433814539 7.63553554693 -0.408492898349 0 0 0 1
3.07342108625 6.03644013595 -7.57842921774 0 0 0 1
-1.8999421121 -1.19413138294 -9.59704692662 0 0 0 1
8.94930011121 2.86977071923 1.97987864513 0 0 0 1
-9.39636145299 9.19418214987 8.60761468286 0 0 0 1
2.87075934806 7.84448237426 -7.88852632747 0 0 0 1
8.87173349806 1.93581721955 0.462506945813 0 0 0 1
9.82182104776 5.18520199991 0.0300556689098 0 0 0 1
-0.30241160933 0.0357598359606 6.06716517842 0 0 0 1
7.35041795835 -7.60312662539 7.24532918248 0 0 0 1
-2.50297342073 4.32011873377 9.69908813577 0 0 0 1
-5.16793336423 -9.1819710745 -1.99117420634 0 0 0 1
-8.2140169252 5.09151254741 -9.80135377781 0 0 0 1
6.10371080059 8.90403384703 -0.927700176654 0 0 0 1
-3.17874801435 2.02732675947 -7.68255611617 0 0 0 1
0.263912174186 7.06266225372 -1.68653209634 0 0 0 1
3.76237271627 -2.96020094535 4.68092239439 0 0 0 1
-4.01435102721 7.2223516545 9.15694650682 0 0 0 1
3.28444727904 9.18818627984 1.8181906947 0 0 0 1
9.05302338129 -5.8512149138 5.59813258382 0 0 0 1
7.19171206425 -5.68717883469 -3.07067166255 0 0 0 1
6.66999340979 -8.49617976578 -9.99593089709 0 0 0 1
-5.76527786233 -0.849346662792 1.5988981746 0 0 0 1
-2.67146067007 -4.53965497213 6.9901833993 0 0 0 1
-8.6242209254 -9.36261224802 -6.13764132087 0 0 0 1
9.43243861436 7.05944906626 2.70635961792 0 0 0 1
-3.84653091309 -3.87482596344 1.94032289667 0 0 0 1
-2.2733804995 7.09634921253 7.15800607986 0 0 0 1
-2.13956178284 -0.50057476116 0.871242746969 0 0 0 1
-9.50395596329 0.742667974774 -6.49930891409 0 0 0 1
6.52505414604 -6.41345876126 -1.82337548141 0 0 0 1
-4.28600900677 -1.39955148458 6.11032558031 0 0 0 1
2.75545852838 9.83100557698 1.46449992903 0 0 0 1
8.35280666366 -6.49796994773 8.95603190018 0 0 0 1
1.90058710004 9.02650158693 9.98410086253 0 0 0 1
2.36690988961 7.86851419428 -5.08327608122 0 0 0 1
5.42523181747 -2.56562752544 -3.98388551571 0 0 0 1
9.95126147816 8.40134147922 -4.57974844375 0 0 0 1
7.79964490639 -9.69385039809 1.27911556292 0 0 0 1
-3.22235737591 8.53052631165 -5.88880821924 0 0 0 1
-0.963469233829 7.42825886326 -3.91168902823 0 0 0 1
-9.58875980287 -9.83654857649 -9.46906754303 0 0 0 1
-2.86274493166 2.84804701623 1.60724511575 0 0 0 1
-5.83784829806 -6.71384795991 6.62807888531 0 0 0 1
2.44405229082 0.499481161222 -0.710206258481 0 0 0 1
5.18221565045 3.02185496047 -8.90642720208 0 0 0 1
1.00483149947 1.46253649931 7.93104059769 0 0 0 1
0.829793302703 -4.74444987987 -8.94571129685 0 0 0 1
9.36555211617 7.47145838525 1.78918446012 0 0 0 1
-0.388796478845 -2.89894977298 0.539880252155 0 0 0 1
-5.34267932288 -4.31459871316 -9.78045092904 0 0 0 1
6.45300985457 -9.05113348517 5.5834484177 0 0 0 1
-2.46899353554 -3.01114990792 -5.81821373428 0 0 0 1
8.94491003857 -3.17590258347 -7.79433705398 0 0 0 1
5.8216862138 -1.06244110948 -0.421022756142 0 0 0 1
-9.39891456855 3.80869461622 -7.96572921808 0 0 0 1
-1.16430603655 -4.28578405334 1.99472131325 0 0 0 1
-2.0423805706 4.26776542967 1.8998907408 0 0 0 1
5.77161569427 1.75619702687 -8.84452365396 0 0 0 1
-5.38810505219 -9.22680534514 0.907600846384 0 0 0 1
1.79721758744 1.96755752408 -3.4019133942 0 0 0 1
-6.28820086383 4.68998632916 -6.04512106725 0 0 0 1
0.276638706414 -4.47320674121 -0.582515429928 0 0 0 1
7.88356655689 7.70886307926 1.06360296397 0 0 0 1
5.10970461665 1.31120403564 -5.44017809015 0 0 0 1
-8.66130901122 -9.13008709089 0.809658899712 0 0 0 1
8.46607408317 -7.53737397685 -5.13355049225 0 0 0 1
-8.00514409021 7.02533389722 -7.55487248585 0 0 0 1
1.3569189796 3.44680118399 0.232439324694 0 0 0 1
-3.37783823555 -2.62707050745 -7.38482573079 0 0 0 1
5.70717650755 -4.2920613856 -1.17192527113 0 0 0 1
3.52710732721 0.809725648324 -9.72291291121 0 0 0 1
-3.49243404754 9.90113413007 -2.92600083123 0 0 0 1
4.47064156913 -6.7794742189 1.06306476308 0 0 0 1
3.61691017839 9.81304052361 7.67031460978 0 0 0 1
-2.72108607224 0.0607728712574 6.34149852485 0 0 0 1
-1.9572795014 -4.66695130657 -1.84681243436 0 0 0 1
0.3552462083 -2.6395322467 7.55633916886 0 0 0 1
6.67436064764 9.93330119974 4.82839637709 0 0 0 1
6.96069517801 1.30339080024 -5.73139116644 0 0 0 1
9.96870998886 -2.93350214337 0.0963667761836 0 0 0 1
3.22613160016 -2.43658164328 -5.04603969083 0 0 0 1
3.28877406311 -5.43188406166 -3.23418637124 0 0 0 1
-2.16674637227 -3.40768968215 3.04865518063 0 0 0 1
-3.66162689835 -0.0125771212831 -5.74712571756 0 0 0 1
4.90167037333 -4.39832502853 -5.21129150409 0 0 0 1
-6.68514051402 -2.33156893206 2.38861291982 0 0 0 1
3.5943341651 6.4952962948 -8.97043669822 0 0 0 1
-9.94574529182 -2.91390488951 7.28214239659 0 0 0 1
-3.22884091498 6.44636890449 3.38481227097 0 0 0 1
4.43962702861 4.51838901349 4.37988854348 0 0 0 1
-0.480860446257 0.703862829782 5.9587399804 0 0 0 1
-6.01679460693 2.14874014338 -7.42763880118 0 0 0 1
1.94011325316 -0.253261313894 -1.66024993688 0 0 0 1
-7.65898461798 9.11776729237 -0.234822185336 0 0 0 1
3.26358407675 -6.21417947044 9.45136288734 0 0 0 1
-3.43744402978 -9.53559671174 -1.75987143287 0 0 0 1
-7.06240418207 -7.46160804357 3.08473704851 0 0 0 1
7.21112045146 9.5083589149 6.80375206708 0 0 0 1
0.273066813296 -0.750354798394 2.85801955745 0 0 0 1
3.62013499143 1.17262048248 -3.99743422902 0 0 0 1
2.74886842387 -7.72455102236 9.12125625978 0 0 0 1
-7.83445221978 3.80867283482 -1.08326078716 0 0 0 1
-4.38489310821 2.28699308877 3.41759431585 0 0 0 1
0.788656756106 -2.29628245218 3.53157492495 0 0 0 1
-8.40870813502 -1.22934053407 2.3883618561 0 0 0 1
6.39712412457 2.73137483139 -2.56771761542 0 0 0 1
0.471115904962 -9.83229710353 0.968950814295 0 0 0 1
2.64516102985 -2.94283514423 9.93335014816 0 0 0 1
4.99412700165 -2.12055576937 -4.49238251447 0 0 0 1
-5.73810059194 7.21635728668 0.153608296858 0 0 0 1
8.06617486057 -2.78691397502 -6.87714883473 0 0 0 1
-4.89988288906 1.25503142875 9.6944383208 0 0 0 1
-9.25489399443 -8.58984256402 4.76687708201 0 0 0 1
-5.21426895773 2.96710911347 5.70370638111 0 0 0 1
-9.55839975041 3.08212114972 7.91774213935 0 0 0 1
1.64456774933 6.36597335637 -9.22215812928 0 0 0 1
5.53130835731 6.02028361959 -7.0027040697 0 0 0 1
1.40206689696 -1.43428526779 -0.3006733243 0 0 0 1
-9.19595735412 5.03072253482 -0.812541569843 0 0 0 1
-1.47764554633 2.314748106 0.345721388136 0 0 0 1
-1.41083957951 3.78074109119 -0.556611514087 0 0 0 1
-8.2689810959 9.39110953664 -2.78858450385 0 0 0 1
-7.18262584299 -6.15773831124 -9.38669630498 0 0 0 1
-9.17567146823 7.02825177406 -3.95602706459 0 0 0 1
2.86025843682 -0.646930046121 -7.09518624582 0 0 0 1
5.6236420357 5.95944760611 -5.1619938916 0 0 0 1
-1.86585850162 -0.621854999148 -1.92142658729 0 0 0 1
-8.70525414254 7.913624804 -1.88338291638 0 0 0 1
5.01837471382 4.58797040602 -2.07342794459 0 0 0 1
1.98709928842 9.31527240021 -3.95028580021 0 0 0 1
2.25909406125 4.33474332941 -8.2453306866 0 0 0 1
1.37351365756 -5.74723842132 5.57246011866 0 0 0 1
9.17204610355 0.862838492755 2.08525932428 0 0 0 1
-2.93635349309 4.02699822505 2.99323115031 0 0 0 1
-7.5053456535 2.39349901581 2.46749303209 0 0 0 1
9.33039076045 -2.08483841839 9.72174800953 0 0 0 1
-6.2271298867 6.62220994661 1.42287977053 0 0 0 1
-7.17362150624 9.69542097699 -1.78293855971 0 0 0 1
-2.02486584355 8.77242463478 3.05972742458 0 0 0 1
1.70145875542 -1.96672511255 8.55929101563 0 0 0 1
6.29033555363 -3.6661024358 8.71101617631 0 0 0 1
-7.75883150765 9.66176732758 8.88069489758 0 0 0 1
7.88714150942 8.59867715503 7.16893685159 0 0 0 1
8.45718219488 3.65591538996 -8.01928884983 0 0 0 1
5.21525041265 -2.24527858392 5.33364064233 0 0 0 1
-4.59856488908 7.8479510097 -2.86892400752 0 0 0 1
0.908741221242 0.747269046986 -7.46129700189 0 0 0 1
-3.66982219252 6.4481920846 9.41352718684 0 0 0 1
-9.07411676052 3.87674462027 4.69464565877 0 0 0 1
-1.62080804053 -7.67031313425 -9.72787300487 0 0 0 1
-8.09760627895 -4.54961659666 -2.41368321503 0 0 0 1
-6.16450624185 8.99419682081 9.89238768994 0 0 0 1
-1.57987236524 2.69838156306 -7.57627155585 0 0 0 1
7.20242542787 7.87828702716 2.4578714539 0 0 0 1
8.45444163058 0.387500520972 -3.7008536827 0 0 0 1
2.38648884564 1.22003524045 -4.30821682265 0 0 0 1
-2.00077095016 3.66572409071 -0.844124250952 0 0 0 1
2.32314627675 -4.56692220102 3.21762233473 0 0 0 1
-4.25771323491 7.46767532619 0.843667777184 0 0 0 1
3.40567063316 -7.33941185514 4.95888962609 0 0 0 1
5.49321572602 4.37840022293 2.05892713392 0 0 0 1
-5.59749354198 -5.026727759 2.72690203926 0 0 0 1
-6.92975801546 -6.22126530098 -8.12537679321 0 0 0 1
5.64518523709 8.95890495711 9.72511827766 0 0 0 1
-0.756253525859 1.19861649829 2.77691495898 0 0 0 1
3.63577534086 -6.59932023878 -3.88141296462 0 0 0 1
5.13980431881 2.77180141663 -6.69750380396 0 0 0 1
-9.10640806662 -8.66365924312 0.873602008123 0 0 0 1
5.53306982937 2.2447293585 -2.35572997293 0 0 0 1
-7.1739896431 1.17086887181 9.98140147507 0 0 0 1
3.12720797966 -6.31788406351 -0.679743306267 0 0 0 1
-6.17869095533 -3.02435030607 -2.52188049342 0 0 0 1
-4.77424078482 5.26207956385 -7.38996555187 0 0 0 1
6.59819023833 5.16688357362 0.985366506921 0 0 0 1
-9.25143542579 4.7346655436 3.26190573369 0 0 0 1
5.9599540765 1.636693549 -8.98649751344 0 0 0 1
-1.01934495547 8.66560435693 4.0542464277 0 0 0 1
-1.82207891487 2.54814231675 -1.62386807409 0 0 0 1
-4.05225972373 7.98613669031 -9.93084732032 0 0 0 1
-1.15424654812 -9.93284516828 8.07268942497 0 0 0 1
2.3440352345 -8.79221192009 -4.08825056 0 0 0 1
-0.580617827533 2.42186004245 6.48167923748 0 0 0 1
-8.55487685121 3.86733663032 -6.84394316225 0 0 0 1
-3.29642512606 -5.15209306676 9.34001596442 0 0 0 1
9.02340114854 -2.9569486359 8.60240255131 0 0 0 1
3.87232191061 -0.827683198135 9.07766153153 0 0 0 1
-5.78830094304 -7.40271992919 0.599335782741 0 0 0 1
1.29624010841 -5.81262544004 -7.91267679287 0 0 0 1
6.49399328968 -2.82834894195 -5.72443519822 0 0 0 1
2.75801423561 4.69187346449 9.77037742571 0 0 0 1
-6.1871485491 -0.699270541924 -9.58572387322 0 0 0 1
-3.27896965006 3.41839768685 1.92267728848 0 0 0 1
-8.2110091839 -6.98804836791 5.99266727262 0 0 0 1
-5.8658501629 -4.58299779817 1.40003420304 0 0 0 1
7.69347886851 -1.01916586339 -7.08870140875 0 0 0 1
-0.726837492386 7.24625426888 -4.9338819143 0 0 0 1
-9.92538766265 -0.688534379265 8.76158510449 0 0 0 1
-3.47358602162 1.23849258389 4.8997649379 0 0 0 1
0.630308446568 -4.03633513605 1.06069079299 0 0 0 1
1.48739137658 7.27562056208 5.21143456959 0 0 0 1
-4.73048393229 4.38022422438 0.140521667766 0 0 0 1
-0.613644794732 6.12954867566 -6.32658344071 0 0 0 1
-7.87492680958 -1.23026710818 2.30359900362 0 0 0 1
7.77651725811 -7.26035434302 5.90274835609 0 0 0 1
0.68969557891 -4.82139678218 -1.22530006225 0 0 0 1
-9.49659117616 0.0367859694859 -8.66365743969 0 0 0 1
9.93369029236 8.9352411512 4.78812428403 0 0 0 1
-8.93097017701 -7.91619693522 0.717519848469 0 0 0 1
8.88045867048 4.48827473128 9.60203817203 0 0 0 1
6.42514031154 -5.47768513061 7.68690312201 0 0 0 1
5.45212304753 -0.0475772725784 -5.10369717413 0 0 0 1
-6.2209515994 9.30752970972 8.24519181437 0 0 0 1
-4.17690239739 -8.34956345422 -4.80751778829 0 0 0 1
8.20577876986 -9.01314792796 6.97185224433 0 0 0 1
-4.1121009398 6.01174334844 -5.48081201674 0 0 0 1
1.00071378435 4.21748378321 -9.89445879657 0 0 0 1
1.17029542206 1.48444548786 -1.1346497736 0 0 0 1
7.48430871427 -0.475146163927 -4.50377401987 0 0 0 1
-9.85284589859 -1.8861834004 4.03918780863 0 0 0 1
-1.67328372894 -2.42303870152 -2.39972135928 0 0 0 1
-5.31412332464 -0.548123375368 -0.79270985306 0 0 0 1
-1.3202151784 3.47243929096 5.5901668269 0 0 0 1
-6.4171840168 8.34824794579 -0.0736857901321 0 0 0 1
6.85603054084 7.06757762664 9.31539794476 0 0 0 1
-9.75446092634 3.15655710588 2.77709818882 0 0 0 1
4.27496113529 -4.80477786641 -9.76557487159 0 0 0 1
-5.49799425133 8.61056440301 -3.89886137902 0 0 0 1
-0.339446673299 -0.423748041355 3.17653957487 0 0 0 1
-9.90195879184 6.80948408887 -8.59278233137 0 0 0 1
5.2446801843 6.72496226456 -0.0300581730557 0 0 0 1
4.56211513235 -5.14602067403 -8.22427589706 0 0 0 1
-2.39087783791 1.82624883046 4.58072980368 0 0 0 1
-9.35197547123 -6.32694217326 5.10634030027 0 0 0 1
7.75986113922 2.4743136191 6.86803714016 0 0 0 1
-3.17026599904 -9.32853521953 2.91939510575 0 0 0 1
-6.38799238502 0.419399704593 6.78332928182 0 0 0 1
-8.00092956613 -0.247367453539 2.71816661465 0 0 0 1
8.13665753954 7.19845046807 -1.43684045024 0 0 0 1
-9.81283249389 -9.24014290786 -9.58031254857 0 0 0 1
-5.69425246708 6.77854830294 6.08194930631 0 0 0 1
-9.23767526537 5.59811235851 -7.22886999509 0 0 0 1
6.99207813374 9.46826866065 2.63083735853 0 0 0 1
-2.91526095975 -7.90001077863 5.99408654185 0 0 0 1
7.42437172529 3.3511720872 6.49210003325 0 0 0 1
-5.43563450158 9.17857595418 -0.442738351349 0 0 0 1
6.3417515319 -4.77655903926 0.218664419661 0 0 0 1
1.6684996701 7.52715264355 8.38175224588 0 0 0 1
-8.43662495542 -0.534447510241 2.12797041294 0 0 0 1
-7.59103203471 3.33689749338 -6.97782111374 0 0 0 1
-5.48554983093 -6.37695653622 1.01923226604 0 0 0 1
8.40539414572 2.18192263397 6.94987154567 0 0 0 1
-1.81152799309 9.03359954671 -8.81040887553 0 0 0 1
3.20367645669 -8.18391550316 0.907279702814 0 0 0 1
3.74808539782 4.39798599037 6.72764515465 0 0 0 1
0.699628876206 -8.65018839414 8.88580561268 0 0 0 1
2.71579948761 -9.82200123216 1.25520811554 0 0 0 1
3.92272973496 2.76607344314 -1.74652891841 0 0 0 1
8.38018394549 -7.10684673608 -1.8417040248 0 0 0 1
-2.2564731842 -3.63556466611 4.88256728898 0 0 0 1
-7.39018153467 -9.09498663992 -1.42974253901 0 0 0 1
-8.91438738744 6.69247474975 2.71889072558 0 0 0 1
-2.23467598515 6.09258032582 -5.22520964484 0 0 0 1
-5.12077862451 -3.75870344456 -5.39312342691 0 0 0 1
-6.30429852247 -1.76137697711 -1.65357187694 0 0 0 1
-5.73907368909 2.09007852663 9.88007349728 0 0 0 1
-1.34058122848 -0.582330027212 -8.97022278817 0 0 0 1
-5.25276691192 -4.74700660047 7.55919232755 0 0 0 1
7.92097399431 -2.92764841465 -2.58085170104 0 0 0 1
3.83025422342 -3.22654627929 8.86064904301 0 0 0 1
-3.49826636938 2.13638283333 4.8641400057 0 0 0 1
3.00195339594 -1.60583252357 6.5559989283 0 0 0 1
-2.88576732072 -2.54746854684 -1.37554899787 0 0 0 1
2.34263426444 1.06879740061 7.55035476304 0 0 0 1
2.20519093765 -1.58270894357 -3.07758915481 0 0 0 1
-3.25939217108 -0.00299231575402 -7.29396430347 0 0 0 1
