1 0 0 0 0 0 1
-4.68427419916 -0.616915615153 6.97030154346 0 0 0 1
7.75469178256 -5.40566093452 8.79933711199 0 0 0 1
5.91873825889 4.17435534397 4.2006262004 0 0 0 1
6.94349086337 -3.20302535949 -0.761866411251 0 0 0 1
-9.35062656095 4.26590419671 -1.01434678083 0 0 0 1
-7.03630967841 9.57278653107 -2.2169211544 0 0 0 1
-1.84747715715 -9.28507926159 7.053011999 0 0 0 1
8.03900065279 -8.64462711943 -9.42369343531 0 0 0 1
-7.85781904912 -7.29302892418 -0.638308338551 0 0 0 1
7.40891463425 0.548785129776 5.52184999572 0 0 0 1
-9.86730638492 9.44207749869 -3.68552353667 0 0 0 1
-5.31266758715 -8.45424908839 5.27684497608 0 0 0 1
-9.19662899078 0.360360957608 -3.70811273154 0 0 0 1
-8.75659652703 -9.12794425201 7.21200079166 0 0 0 1
-7.14004011681 -4.05089954172 -9.13794967626 0 0 0 1
-2.13581685034 -7.45673482551 8.31750083847 0 0 0 1
9.5042455184 -1.7987112665 -8.09369466259 0 0 0 1
6.31223283654 -7.22421417635 -3.02265412438 0 0 0 1
1.67530750741 4.06285693523 3.3134084918 0 0 0 1
-2.38740016811 7.16421074162 -3.45419209895 0 0 0 1
4.06026028184 -0.22107259036 9.58723119647 0 0 0 1
-3.05337469779 -7.10358349986 7.15265504337 0 0 0 1
5.33698777722 -3.21143055895 -0.418782863707 0 0 0 1
-1.68397270004 -2.26702086559 -8.79545332761 0 0 0 1
-1.01012438624 -3.67713559478 -9.93783218326 0 0 0 1
-6.12365285684 0.688357433973 -2.14480786857 0 0 0 1
-2.35132054215 -2.14479847795 -7.44329601231 0 0 0 1
-6.17201839832 -3.6703904393 -8.02831534518 0 0 0 1
-5.78549565442 5.38461117571 0.746391766403 0 0 0 1
-5.99422982546 3.5459508432 -6.51820574103 0 0 0 1
-3.35767314207 7.03229834159 -5.77074422977 0 0 0 1
-8.06547803526 -0.384344047886 9.65384385646 0 0 0 1
-8.80575982675 0.592430798558 -6.45414860881 0 0 0 1
9.59351180394 0.0281004268036 -1.15556477832 0 0 0 1
9.46800917572 7.95406049768 4.53983403212 0 0 0 1
9.96082821489 7.64908045948 0.671440852628 0 0 0 1
9.42179486167 -8.27932162128 -2.9232396144 0 0 0 1
1.03989404341 7.22813731156 9.32827595653 0 0 0 1
-0.0465471268221 -3.24203111245 -7.92146054688 0 0 0 1
5.11156369593 6.87519802428 -6.61914354104 0 0 0 1
-7.63894395527 7.36491002906 -8.70040371351 0 0 0 1
-0.16936451956 6.22417430754 6.09889238212 0 0 0 1
-4.72399061339 9.87869066215 -8.10528246926 0 0 0 1
-1.31090006892 5.0692963964 7.44849233788 0 0 0 1
-0.349976848696 -1.14359302923 -0.595877055871 0 0 0 1
1.73512804881 6.9155398224 7.63043830756 0 0 0 1
-3.64372980611 -9.49414059601 -9.7478846249 0 0 0 1
2.54767121392 3.11125834218 -5.41892361096 0 0 0 1
9.81902816364 2.02842934876 -4.55083139011 0 0 0 1
7.28517887126 -9.56250108527 6.72979788866 0 0 0 1
5.21643651182 0.040334556784 -3.0686385678 0 0 0 1
-5.2355886727 7.90031722837 4.11469796741 0 0 0 1
-5.46312927772 0.481633308145 -2.27152877426 0 0 0 1
0.866684966338 5.77022546876 0.964904690502 0 0 0 1
9.25234466322 2.89491620343 7.48358973782 0 0 0 1
-4.93673658016 7.32584252199 -3.91291245989 0 0 0 1
-6.76923523579 -3.60348385288 7.92025547961 0 0 0 1
-4.21425023137 0.245876252068 1.01033725355 0 0 0 1
8.48149171264 -4.02867715701 -5.23210851221 0 0 0 1
9.51920109372 -0.900231839866 -3.23194350703 0 0 0 1
-3.48277470955 0.950127776156 5.01217960387 0 0 0 1
-5.50960649427 -3.39699625034 9.64232548991 0 0 0 1
1.78084113642 -5.12368802172 6.9333246346 0 0 0 1
6.96775956491 -9.34260878685 -9.06005405509 0 0 0 1
-8.46455939216 5.15303772709 -5.31401654816 0 0 0 1
-6.46073918791 0.573889462346 -1.10254146136 0 0 0 1
1.68520267516 0.900173474425 9.43972967981 0 0 0 1
-5.23420996012 9.09607892628 -0.374583948798 0 0 0 1
6.54186930265 5.46217794416 -5.37754346647 0 0 0 1
8.85529431127 9.49166440711 -9.4939755077 0 0 0 1
5.59080115065 -8.53068687746 -7.95492706422 0 0 0 1
-7.13049636051 -2.07209380461 -4.16666174409 0 0 0 1
-3.94948706858 1.48421093511 -0.985211728048 0 0 0 1
-2.60439406725 6.12793083797 2.41364070241 0 0 0 1
2.63465965169 -9.52824679298 8.43798238848 0 0 0 1
-7.62620665909 -2.29882509927 -8.09958026114 0 0 0 1
8.14915630344 2.28212124144 -5.73905067607 0 0 0 1
1.77322384672 5.16013237553 -5.46601232983 0 0 0 1
-5.27417232888 3.28671584429 -3.95930335987 0 0 0 1
7.19282287349 7.8826387368 0.565077289218 0 0 0 1
7.22422650982 3.95093215081 -0.456222836696 0 0 0 1
3.81464674326 4.61869651851 3.35175195185 0 0 0 1
8.6586553487 -0.0437722419345 7.77776678529 0 0 0 1
3.70434410887 -1.22186394052 -9.28104215769 0 0 0 1
-5.57503741206 -9.43051844327 -3.20948774655 0 0 0 1
-6.04639593206 -1.7046201325 5.73139642168 0 0 0 1
5.11123310714 2.4498983083 -4.61936927322 0 0 0 1
-2.2830641606 -0.908891179607 0.396313300025 0 0 0 1
6.17590387003 7.67523668768 -9.86172478933 0 0 0 1
-8.14742792392 9.03904852129 4.07822710829 0 0 0 1
8.45861124089 -5.33673251678 9.6814608962 0 0 0 1
1.45698265682 8.6207355126 -9.95554305362 0 0 0 1
-4.18464140148 3.22127916995 6.74492555933 0 0 0 1
0.92291997858 7.35353559427 -4.68906075269 0 0 0 1
-0.486906891874 5.56056484865 -3.99881035634 0 0 0 1
-8.55269710128 -9.319694923 -2.20195729784 0 0 0 1
-0.128291227892 -4.39124787218 3.09462903071 0 0 0 1
-5.30560951274 8.4802159746 6.48703622076 0 0 0 1
6.29765945248 -9.1078118417 5.65503194133 0 0 0 1
-4.96394856779 6.89011289635 -3.9075540968 0 0 0 1
-2.80899458309 6.29758026328 5.9555022825 0 0 0 1
8.47135147663 -5.01522804955 -8.88718316279 0 0 0 1
-0.0322160584325 2.48026898737 -7.34914571138 0 0 0 1
-9.12324821418 -8.75708224409 -8.88294821562 0 0 0 1
-7.68237820493 5.06756052704 -6.3887305907 0 0 0 1
7.88710223196 -6.23809809637 9.47309861263 0 0 0 1
-8.33381502546 0.169791789296 -4.95342565841 0 0 0 1
8.01990775765 4.75672722001 -9.61374073745 0 0 0 1
2.96187232114 -1.62522988445 7.68476624952 0 0 0 1
2.05811832959 -3.61927456512 1.44464184336 0 0 0 1
4.11172833772 1.88128779476 -2.26091119168 0 0 0 1
4.69309929263 2.44899732233 -7.03406852984 0 0 0 1
3.22524697723 -2.59568775147 5.22779394494 0 0 0 1
8.44110584607 -5.13773439076 8.76384296282 0 0 0 1
0.962582490738 -8.98425328809 -6.37398567831 0 0 0 1
-6.19623481457 -8.80044620291 -2.06371217473 0 0 0 1
1.64888560132 -2.04252484139 6.69100242575 0 0 0 1
9.94810504756 -3.3847699383 -1.38857486054 0 0 0 1
6.4094801794 1.4046300741 -3.61132967311 0 0 0 1
5.6787998238 -1.9022387779 -1.02940906947 0 0 0 1
-5.19009230033 -7.05655491375 -0.117763975845 0 0 0 1
3.88909600854 2.34681884079 6.19470240387 0 0 0 1
5.03810477856 -0.910412698974 2.94283999372 0 0 0 1
-4.89336892035 -3.38657695203 -1.19760819144 0 0 0 1
8.31374602327 -8.55043999148 3.10862127413 0 0 0 1
8.61937432609 -9.85589830503 6.96317188909 0 0 0 1
8.7315599716 -9.40931745344 5.62414816987 0 0 0 1
1.42800024614 0.272742341733 -2.95389452649 0 0 0 1
-3.46827043292 8.92390784616 -3.19542722065 0 0 0 1
0.993766003248 -4.16820889569 -9.19630857792 0 0 0 1
-8.92238575002 -7.66323111809 -1.19564950466 0 0 0 1
6.49749150121 -2.24271853779 -7.03911740364 0 0 0 1
-6.91933588221 -3.70478525294 4.02376135772 0 0 0 1
8.64594330942 6.63568665869 1.51348369356 0 0 0 1
-8.45029971625 9.99332617008 -3.17855709828 0 0 0 1
5.90749337197 3.42952128534 9.33024130901 0 0 0 1
-6.29031449423 -5.40409697121 -7.92461314447 0 0 0 1
7.84635080075 -9.24204818532 -0.780272958563 0 0 0 1
-1.05538429629 4.04352489798 8.90592810642 0 0 0 1
-7.12359777174 -6.35206919371 -2.03110737217 0 0 0 1
0.705783755257 5.800816692 -0.685869694214 0 0 0 1
-2.95625312649 -6.86000730334 -3.69065030885 0 0 0 1
0.86107351526 3.65730516526 -6.71144648465 0 0 0 1
-2.66714621358 -5.72012456929 -1.82738438762 0 0 0 1
-6.60184338895 -6.26105892662 9.45105487579 0 0 0 1
4.28262529772 2.54600486459 5.81657633046 0 0 0 1
2.64376266549 8.34264826095 -8.68222859907 0 0 0 1
8.30918068853 3.34971485078 -9.51480581454 0 0 0 1
-3.55240154844 6.50912785362 -2.23764584739 0 0 0 1
5.19805038727 -0.651357886403 -3.15007962624 0 0 0 1
-6.65987726679 2.28958751745 6.73249031792 0 0 0 1
-3.17298844537 4.3237712688 -5.40826794738 0 0 0 1
-4.66699422211 5.19051937839 -6.77703550023 0 0 0 1
-2.78594947297 6.90186759042 -6.3887984504 0 0 0 1
4.15843657057 1.15719407358 7.00412443387 0 0 0 1
-7.62221519178 -3.9374694599 -4.77104551033 0 0 0 1
-0.834464713214 -5.61031759901 8.42964933379 0 0 0 1
-8.19996578936 -1.85290056267 5.95906275627 0 0 0 1
-7.6004108893 0.585102142335 -4.94535400892 0 0 0 1
-6.08036316509 9.45455693583 -2.66115532156 0 0 0 1
3.90236224837 -4.45404553917 4.51798528908 0 0 0 1
0.847972814513 0.767779928853 2.11963386571 0 0 0 1
4.46066274354 -1.7206208162 -8.58298423551 0 0 0 1
6.27740145293 9.76590787195 -2.6669155501 0 0 0 1
9.20616912167 -0.448464677543 5.24879500483 0 0 0 1
-3.25556392915 0.975987555823 8.33149664689 0 0 0 1
-1.19787958565 -9.51559265082 3.58122169388 0 0 0 1
1.35940512165 7.25320194479 -7.25064415575 0 0 0 1
7.25020035975 -9.2597039376 9.70484908902 0 0 0 1
-3.98672955924 3.24309752039 9.88641054146 0 0 0 1
-6.80462648011 -3.00847597654 4.77497159836 0 0 0 1
-5.8319996886 -5.55386769069 1.43379603861 0 0 0 1
5.71006916727 2.22189690604 -5.40861711438 0 0 0 1
2.55124084446 -9.49700827599 -9.28787248394 0 0 0 1
2.96682451214 -3.69056310683 8.19666163316 0 0 0 1
-4.04083874226 -0.569188689459 -5.91390859285 0 0 0 1
-4.46129921486 -3.7296164815 2.05970406712 0 0 0 1
-6.83273319945 -8.9251440974 -9.81603226535 0 0 0 1
-0.23421432559 6.11816171013 -3.88370775999 0 0 0 1
6.46169014095 3.8038323883 5.00745954163 0 0 0 1
7.85471654712 1.13363293421 -1.51950572853 0 0 0 1
6.08074333263 7.7677149805 5.21303878015 0 0 0 1
-0.338164309904 -1.83778174531 -0.394658585015 0 0 0 1
4.12098810854 -2.51592223568 -8.1144554555 0 0 0 1
-7.98785858353 2.43915477833 -1.77128384401 0 0 0 1
2.16425474734 -3.33719624695 5.55993603697 0 0 0 1
6.86265963615 7.15518016077 1.22609286387 0 0 0 1
7.91507765727 5.72085622014 2.16691339998 0 0 0 1
-5.62380215114 3.81408451819 -9.79483856825 0 0 0 1
-5.82084658502 7.93011664423 1.91703941563 0 0 0 1
8.24489584102 5.4081072183 8.47448851524 0 0 0 1
9.39303742097 4.14828217739 6.82200152696 0 0 0 1
-3.96611090033 -7.33784713119 -7.99175007006 0 0 0 1
3.02306660029 -6.83474777442 2.28367255333 0 0 0 1
-4.66649981581 -1.82833963762 -7.56820613193 0 0 0 1
-6.83917064744 3.34494070426 -8.88199770604 0 0 0 1
3.37629047844 -8.63127962897 -0.594240532542 0 0 0 1
-4.65078510317 -1.09449358938 -9.23913869775 0 0 0 1
-0.993227846535 -3.06357066478 -2.53157676404 0 0 0 1
8.42035409025 -3.17875472638 8.9101516786 0 0 0 1
7.84410736148 2.46233405642 -8.24809781375 0 0 0 1
3.64577338882 -7.57814824931 4.64326764884 0 0 0 1
4.89587941823 -6.57055755322 -5.40653414603 0 0 0 1
-4.07529904841 -9.50818414099 -7.6164601177 0 0 0 1
8.15646895257 -2.65772750208 5.79849900079 0 0 0 1
4.4367166805 0.412756577772 2.18047648094 0 0 0 1
-3.91383525041 9.53155630016 0.566144203725 0 0 0 1
8.67025066919 -9.0024809928 9.31021231952 0 0 0 1
2.23457584554 7.41091027935 -8.39225557962 0 0 0 1
5.72422942872 -8.63868635284 -9.36909465841 0 0 0 1
-6.18939912174 -8.06587590592 0.601416362281 0 0 0 1
7.36212489978 4.10234455521 -9.94970171257 0 0 0 1
-2.52522583902 -5.79110417446 8.50569742098 0 0 0 1
-7.87161716756 -4.93158768949 8.746785827 0 0 0 1
-9.41624298364 4.69433112088 6.82004743589 0 0 0 1
-8.12240054222 7.23980586507 2.52441734329 0 0 0 1
-5.44824870827 2.03990453525 -1.90930828956 0 0 0 1
-6.22938162396 4.56233076418 -3.39902677914 0 0 0 1
1.49668768081 7.334376469 1.27417064087 0 0 0 1
3.00195471888 8.36920628262 0.195167850327 0 0 0 1
-1.54815600757 -9.71896239337 9.86934133813 0 0 0 1
9.05094478333 0.238050959024 9.11497280082 0 0 0 1
-2.91062486494 6.69140052553 -7.258074621 0 0 0 1
9.43119602462 1.17381747164 -7.41506326772 0 0 0 1
-4.54280722136 7.69451167971 6.89891530811 0 0 0 1
7.49878518623 -7.39214813259 -6.4547809637 0 0 0 1
-3.21847859017 -5.49739388928 6.05681973998 0 0 0 1
7.10526786344 9.29542801827 5.10956587567 0 0 0 1
0.0781411518138 -2.0524681787 4.08823192771 0 0 0 1
8.8512790097 -8.01493525627 -7.40299423692 0 0 0 1
-8.137872885 -9.1265648613 -7.09888106275 0 0 0 1
8.20662455359 4.60053303729 3.84665093245 0 0 0 1
1.12171115744 6.45593723874 -1.29785921283 0 0 0 1
-3.72345826233 1.25601505996 -3.0584877882 0 0 0 1
-4.51929254764 7.89887787024 -7.22037608962 0 0 0 1
-5.31791037311 3.05613569816 -0.713120556069 0 0 0 1
-9.63977604068 -8.40985671856 5.14807975247 0 0 0 1
-7.68289702473 5.09739606569 7.41606343256 0 0 0 1
-9.21706193121 -9.24102710023 8.37594900706 0 0 0 1
-5.54327333768 8.72315554644 3.94601927991 0 0 0 1
7.96387780258 -0.576323085292 -4.45081445793 0 0 0 1
-5.03984887862 -0.373431864888 -6.1428239983 0 0 0 1
-3.47726370868 -8.57703445707 -5.63963851602 0 0 0 1
3.88390748692 6.70836754215 -5.60260620287 0 0 0 1
3.71334876336 -1.88565173783 -2.44398392856 0 0 0 1
7.4755678329 9.53276977654 3.45181330302 0 0 0 1
9.56194496335 7.24719270523 3.11498110955 0 0 0 1
-3.54778376218 6.15105186497 -0.887337177264 0 0 0 1
9.77927149029 0.586496619167 7.20569085748 0 0 0 1
8.68591923483 2.45431975591 8.91981390627 0 0 0 1
1.12932881414 -3.88071658799 -2.19359502698 0 0 0 1
6.87282178423 -4.86969266688 -7.11247643343 0 0 0 1
7.51884920017 0.46611743705 6.4421567466 0 0 0 1
6.56295602358 7.97610209119 -1.29936691038 0 0 0 1
3.80291058096 4.92740120688 1.92755210185 0 0 0 1
5.35508939298 2.0808846229 -5.28949137797 0 0 0 1
-1.26618828565 -8.60279021608 0.34878480442 0 0 0 1
4.87737590909 4.80318876336 -5.68306184371 0 0 0 1
-8.79821584634 -1.07359030122 5.65568194579 0 0 0 1
-8.96908854476 -3.17223269663 -5.35180179675 0 0 0 1
-2.64444402918 9.26396203865 -8.84395422024 0 0 0 1
-1.98882500531 -8.68972185905 -6.9824139813 0 0 0 1
7.93574798763 -4.56773262309 1.22774772923 0 0 0 1
-4.70067488165 6.9017006612 -9.01120437014 0 0 0 1
-7.91527939095 5.69794369954 9.79140190055 0 0 0 1
2.07043541305 4.8014619196 4.76965094669 0 0 0 1
-7.84750600531 2.08290313165 -8.81515074342 0 0 0 1
-3.10799023268 5.04201332046 -8.08983814017 0 0 0 1
-8.37157081679 0.562638821522 7.09419688066 0 0 0 1
2.72874027529 -5.33028004622 -5.37600033627 0 0 0 1
-8.61811022591 7.50030480333 0.784123846456 0 0 0 1
6.53607354591 -9.20755913934 -3.23268920006 0 0 0 1
4.70118252428 8.14710508685 -5.2020189398 0 0 0 1
-5.60340789023 8.76513807454 -5.74486897195 0 0 0 1
4.36313580388 -4.37151013538 7.31721675606 0 0 0 1
1.87574330601 9.58288630286 -8.67214887589 0 0 0 1
4.23900178499 -8.31114337715 7.36628591393 0 0 0 1
3.4577318215 2.80877269402 3.07571765295 0 0 0 1
5.52689846093 -1.69205046387 9.62028392229 0 0 0 1
-4.79173910883 -0.10426878208 -0.430472090274 0 0 0 1
8.2304907316 2.80357408954 -8.46836955715 0 0 0 1
7.85469694559 -7.2249781107 -3.06698293386 0 0 0 1
-9.57470267456 9.51703763438 2.25730894095 0 0 0 1
-3.05403369322 6.81158591239 8.7555481429 0 0 0 1
6.48304914202 0.982202249318 3.02439271038 0 0 0 1
2.30385709076 -3.95561543056 -0.123109358136 0 0 0 1
-0.351821196843 -7.52930234139 6.85355923452 0 0 0 1
1.98214582647 -2.61339375124 -7.0009210589 0 0 0 1
2.71958044871 -4.2776805325 4.13511449648 0 0 0 1
9.16912820672 2.81264923831 5.5707838044 0 0 0 1
-5.9834771632 -5.3920193878 8.38751425051 0 0 0 1
1.7118547876 3.55545670033 -2.76222906335 0 0 0 1
-2.70166259759 7.50376242172 4.41316337119 0 0 0 1
9.12769406168 -3.1413688282 8.37712710798 0 0 0 1
0.0501878737408 3.76691698005 -1.22617973886 0 0 0 1
-7.37425277883 -5.56756233435 -9.90190736732 0 0 0 1
-3.89423356383 9.33321747052 7.15771506581 0 0 0 1
-3.56858968214 3.39528624541 6.62224480149 0 0 0 1
5.03261844878 -9.8541351547 9.15005527403 0 0 0 1
-5.54350723524 -5.21643205263 7.68450978078 0 0 0 1
6.89772888922 -2.87123242231 -0.862380014698 0 0 0 1
9.2993568864 -8.80047621212 7.97641143652 0 0 0 1
-4.06216063532 6.68939469989 -4.92739773056 0 0 0 1
9.93883923464 -3.38229425835 -3.37015398652 0 0 0 1
5.06538478098 7.08469506576 -5.11609794267 0 0 0 1
-0.594207224384 2.33641024224 -2.26859076612 0 0 0 1
4.31134291388 -9.4347291285 7.67129421947 0 0 0 1
1.74157264927 -2.10066385756 -8.87020363633 0 0 0 1
4.72499572963 -0.901025536608 9.02238727056 0 0 0 1
8.0959700594 -5.19591301057 6.43577146139 0 0 0 1
-4.33489811584 8.35524737998 8.05166584744 0 0 0 1
8.91537187886 -6.16425847903 4.36876509785 0 0 0 1
-3.56398504681 2.66266198233 -4.44612635063 0 0 0 1
-3.44180285809 -1.63407430001 7.11126088145 0 0 0 1
-3.69470426387 -2.66147848006 2.04685160344 0 0 0 1
4.19723692013 9.8991861101 4.68787718338 0 0 0 1
-6.60989661383 -8.41128136166 -0.637192456113 0 0 0 1
1.84640045396 0.948132474731 3.75991439923 0 0 0 1
-5.6758663722 -7.04809857788 -1.96177840125 0 0 0 1
-7.47774328598 9.91965353952 8.61604296002 0 0 0 1
5.78687350776 -5.55392617473 -5.27902345467 0 0 0 1
7.79221989762 -6.36936245669 -5.92068601171 0 0 0 1
1.95949916071 5.37889230598 2.32878816048 0 0 0 1
4.38174168633 9.26236867067 -9.56670450234 0 0 0 1
7.70045053154 2.10891650938 0.602154212566 0 0 0 1
4.53762382538 -1.44296350104 -4.40345926038 0 0 0 1
3.43558354633 -0.679532245168 -0.79657397193 0 0 0 1
-7.64885481303 -4.48983247082 -6.15317944424 0 0 0 1
1.07281571233 -6.67942273233 0.89969667925 0 0 0 1
-9.2417429373 7.89723575032 -3.27446632518 0 0 0 1
7.04105743686 -6.81139357338 6.51695507732 0 0 0 1
6.20337109817 -4.61487002473 -7.04827055356 0 0 0 1
5.31812372553 -8.87289630772 6.04442990197 0 0 0 1
-1.8653937458 3.07509515035 -9.70473967416 0 0 0 1
1.13990415789 -9.81939162596 6.53944978761 0 0 0 1
3.23831931106 -9.89671104414 3.65169534057 0 0 0 1
-6.62169197025 -4.85584269191 -0.323754558973 0 0 0 1
-4.43513814234 1.65767534085 -3.16358844078 0 0 0 1
8.09653715916 -8.7349561962 -9.68264057089 0 0 0 1
9.53652145859 0.592249087176 -4.66826363092 0 0 0 1
-3.88604590681 2.69039251943 -7.90828914194 0 0 0 1
9.02010471171 6.34501575604 7.05177909251 0 0 0 1
-0.357559101953 2.75374182968 -5.88166025489 0 0 0 1
-1.65152035861 1.3526035477 3.23955522562 0 0 0 1
9.9770474937 2.17329481573 -5.12677793605 0 0 0 1
-9.80319167974 -6.39081511771 0.602754598201 0 0 0 1
3.81652766725 6.65742782584 -3.08454199031 0 0 0 1
-1.87311710211 -7.60919986813 9.29604766671 0 0 0 1
0.918078653925 3.83977411606 -0.168960262378 0 0 0 1
0.67234690094 4.95800935952 9.12126194827 0 0 0 1
-2.29215211486 2.46365578919 -3.24107858518 0 0 0 1
-9.43900232569 1.51276910219 -3.24888758273 0 0 0 1
7.29581601201 4.18272035531 6.77086825275 0 0 0 1
0.480460862104 7.98574736246 9.47377498249 0 0 0 1
-1.62245999532 -7.07220639493 1.83641751409 0 0 0 1
2.86067986685 -8.94520872583 2.97233547028 0 0 0 1
5.64397208605 0.673496584399 -8.48561744146 0 0 0 1
1.40065484735 3.40633115543 -9.4700918565 0 0 0 1
-4.5983721579 -8.45827485059 1.54918176763 0 0 0 1
-2.123984771 7.4241525984 -6.01952633431 0 0 0 1
6.58198987829 -8.04941394719 -0.691363305517 0 0 0 1
6.9562477993 -0.760474786613 3.57024270773 0 0 0 1
-1.31726019645 -6.06332702272 8.00286202052 0 0 0 1
6.44637413477 -3.21764318508 -1.11122512288 0 0 0 1
-1.0307336256 3.68552383968 -7.87944662495 0 0 0 1
-3.89528046551 -4.00863962666 3.33604632959 0 0 0 1
7.49015590102 2.87190127322 2.61799180332 0 0 0 1
-6.01136060538 -1.07190823134 5.62414497417 0 0 0 1
-0.421165797503 3.80004987854 -1.20331692366 0 0 0 1
-2.86232632392 6.46080995732 5.81131218655 0 0 0 1
7.5598395563 -7.25375034869 6.06829453752 0 0 0 1
6.27292440653 -4.08664824273 5.36729407186 0 0 0 1
2.44626698423 -9.44324001312 -8.71993996258 0 0 0 1
-5.40894139201 -0.0049014384773 -2.62713144367 0 0 0 1
0.819009096489 -2.96134023786 2.82181478074 0 0 0 1
8.02073760714 4.37714523846 -9.91467802208 0 0 0 1
1.82372277476 -7.01225005286 -1.35549576421 0 0 0 1
5.29370984489 5.02048026369 -0.170920061117 0 0 0 1
3.31718183831 7.78784469301 -8.37566532641 0 0 0 1
-2.00377717184 -2.34947398002 -9.88526760414 0 0 0 1
-0.894642765066 7.94529634405 2.11574883375 0 0 0 1
6.82884676798 5.66958167832 1.79508943724 0 0 0 1
-8.39133153668 -0.0673738528261 0.703804930552 0 0 0 1
2.70689355628 -0.23858911388 7.0593108358 0 0 0 1
-3.43586985463 9.68257477862 -1.641806393 0 0 0 1
8.25790818151 3.80453115553 9.87492505877 0 0 0 1
4.50371272998 0.968075492519 3.13735069525 0 0 0 1
-7.08702326482 -6.61643266222 -1.05816646414 0 0 0 1
3.56372921336 -4.34244765701 -9.29980130644 0 0 0 1
0.662524241082 2.27754526523 -5.72472256429 0 0 0 1
-6.45990443804 -4.78276267154 -7.26049505009 0 0 0 1
-3.95209389347 0.275145494188 2.81842932152 0 0 0 1
-4.6681450772 1.83383451975 7.29611451791 0 0 0 1
6.83855528306 -0.519887065186 -8.61970281333 0 0 0 1
5.37412771361 3.49071245523 6.75521660453 0 0 0 1
6.87843344462 -7.30722995412 -0.105122479167 0 0 0 1
1.14896418116 -2.41705605326 7.37203165168 0 0 0 1
-0.269707537478 2.34525639719 2.94723616571 0 0 0 1
-0.382143119569 9.91681457376 7.17754731805 0 0 0 1
2.02382776113 7.70439416648 -4.30587872849 0 0 0 1
9.37942242262 8.16614247981 6.30433928503 0 0 0 1
-4.00831172602 -0.810104990501 4.78204255955 0 0 0 1
-7.81620188814 3.00802035783 -1.05290981446 0 0 0 1
-5.92337719927 2.58904182106 4.2849021512 0 0 0 1
-0.134922923062 5.82007917987 0.32302608008 0 0 0 1
-2.09085294969 -0.144920714437 -7.53975744246 0 0 0 1
-7.76127899849 -0.98679285534 -2.70266570387 0 0 0 1
7.1352609412 -7.77094251649 7.10509949807 0 0 0 1
-4.0050217527 3.18805930292 -6.42199745054 0 0 0 1
-5.49311124051 -5.37460889198 4.64545742615 0 0 0 1
0.635252298375 8.40470857311 -6.38925473039 0 0 0 1
-3.55687181107 -7.98038025245 3.95262745524 0 0 0 1
4.46085970639 8.32824082231 -8.50737523007 0 0 0 1
9.59822783934 -1.82581934792 3.76653208934 0 0 0 1
-1.02221299695 -9.76024068858 -3.67987768745 0 0 0 1
-9.86745934217 -8.35673642004 4.33043707716 0 0 0 1
-4.81216554089 -8.80643314043 1.61540312799 0 0 0 1
-0.375790835098 -4.47124120515 4.39813184037 0 0 0 1
3.31453920864 1.02538003074 -9.04091159845 0 0 0 1
5.61239209032 -8.25667081845 -8.1617736548 0 0 0 1
-8.7911221959 -4.2830306768 -1.61829481222 0 0 0 1
6.98360261188 -4.92716489954 -5.34670204411 0 0 0 1
8.89460974384 -8.14530978299 0.180344682718 0 0 0 1
-6.68025306761 1.7940666483 8.03845681635 0 0 0 1
-9.97165057584 1.13991472593 5.47980152907 0 0 0 1
1.2276409579 -2.60775480053 1.73837933195 0 0 0 1
-2.4897328009 0.70480300975 7.65150628876 0 0 0 1
2.98469142144 9.58287509021 -4.37628950944 0 0 0 1
-2.7365488498 0.429069607259 -3.40697412538 0 0 0 1
7.93392583428 -1.40221786439 -0.7041790098 0 0 0 1
6.1279688908 5.54859458973 -0.742017775138 0 0 0 1
8.92861342656 8.07481305019 8.14416512029 0 0 0 1
2.13891301655 -2.79744820723 6.088999796 0 0 0 1
7.03403144913 4.10186799463 4.35862021215 0 0 0 1
-9.41265643583 8.41559711331 -1.82797987494 0 0 0 1
8.66164479278 7.61613782758 3.85211123871 0 0 0 1
-5.58693048876 7.25829808377 8.00142691733 0 0 0 1
-8.0044266644 -9.9864357745 3.52776867169 0 0 0 1
8.84739148755 9.84632230082 7.6362843092 0 0 0 1
-0.48526222883 5.24801173851 2.19377434224 0 0 0 1
-9.28796470143 -6.30344200431 -4.03511507211 0 0 0 1
-2.76174517516 -2.02322428542 -7.34767622583 0 0 0 1
2.2788669869 6.8288881709 -8.32528726948 0 0 0 1
-3.7626128734 4.38022269175 -9.9954763362 0 0 0 1
-5.55268116693 -4.66291326837 2.48020276037 0 0 0 1
-7.26829158856 7.66170139284 -2.70597803456 0 0 0 1
7.44420257798 9.79107454131 8.29269304941 0 0 0 1
-0.778369421524 -1.23504270641 7.12302810839 0 0 0 1
0.299082289675 0.527962362802 2.5065871234 0 0 0 1
1.08546965356 0.586466477519 7.36327761257 0 0 0 1
6.74807675511 -0.130914443577 5.29483454812 0 0 0 1
7.33537880628 9.60088152418 -8.46295906361 0 0 0 1
-2.17061765297 -5.20314124747 -7.78177274901 0 0 0 1
-1.94108237142 -8.56275588593 -8.93859466453 0 0 0 1
-3.83674920248 -1.62002082357 2.65586986656 0 0 0 1
9.03462378512 -9.1242706332 2.65713087187 0 0 0 1
-4.66348706008 1.55487532408 2.40565978463 0 0 0 1
-3.20158165492 -5.90431394116 6.98717753552 0 0 0 1
8.23136779309 -5.72924760995 -7.38130729032 0 0 0 1
-2.64912673539 -0.744856050183 1.2649275748 0 0 0 1
9.40897662158 6.97252896027 5.72626607655 0 0 0 1
6.40753461874 -2.09474706635 0.511216184136 0 0 0 1
-9.54133219101 -3.93972942387 1.15102656056 0 0 0 1
-3.8262554374 5.46319852046 0.715410132289 0 0 0 1
8.43731321119 2.46968334176 1.64652000541 0 0 0 1
8.24823229506 5.88550775721 -0.345022060069 0 0 0 1
-2.00103444832 0.867758895918 -6.70165927239 0 0 0 1
-5.21627314951 -7.69745274996 -6.46544903735 0 0 0 1
2.45635650297 5.16928390251 9.64301197164 0 0 0 1
6.64900364719 -5.66744528455 -8.69832132933 0 0 0 1
-6.59527869732 -9.48371003087 8.51753975161 0 0 0 1
2.10777391489 8.11404169378 6.5040995587 0 0 0 1
3.68881504013 1.84091616358 -0.694602654937 0 0 0 1
-7.37941501014 -7.77188536635 2.88079905083 0 0 0 1
-4.64227904661 2.90053342939 2.30800016344 0 0 0 1
-6.74063517596 9.30489477033 8.66896560598 0 0 0 1
1.27246886489 -4.18887524137 -6.217846111 0 0 0 1
3.94417045323 4.4317243485 6.11960314415 0 0 0 1
6.36376529408 -0.378358611553 -6.97602096658 0 0 0 1
-2.54831233438 -1.33491216825 4.53635450584 0 0 0 1
5.06411773315 -5.04337990146 -4.49599584665 0 0 0 1
8.51480676929 3.34929662782 -2.47470272447 0 0 0 1
-3.55939492456 -5.37043214455 -1.13016435181 0 0 0 1
6.33681871677 -3.27443938034 2.68994299907 0 0 0 1
-4.54480597674 -8.6159322306 1.08187368361 0 0 0 1
-4.20914579313 -8.86184796284 3.92609984437 0 0 0 1
4.52058236727 4.43447290808 -4.19684002699 0 0 0 1
5.04537245672 6.49455973474 -7.46235967913 0 0 0 1
-4.48787217036 8.01423340759 5.1060352925 0 0 0 1
-1.22272656453 0.206068180868 -5.25038979032 0 0 0 1
-5.04122663522 0.92342157622 -0.382467746792 0 0 0 1
-2.57990927511 5.63125863447 7.56947357868 0 0 0 1
-5.89887039276 6.45379644264 6.18511734202 0 0 0 1
1.42420484763 -1.90504344918 -8.46819929415 0 0 0 1
-9.78669034583 -0.0548345167606 8.31953550731 0 0 0 1
1.59089782626 0.0207066818163 8.89573896606 0 0 0 1
0.726128989528 -9.45947006217 -4.36669627812 0 0 0 1
-1.32938814218 -4.92980445646 8.56116847198 0 0 0 1
-9.30100192437 9.29196310327 5.66577115746 0 0 0 1
1.68734941199 -1.78663737083 -2.02606968364 0 0 0 1
6.85548733531 -6.0842664314 4.45924281699 0 0 0 1
-9.77770395105 -0.845319413909 -0.560433132162 0 0 0 1
-6.84484648535 -1.36743477723 9.07551175706 0 0 0 1
2.23196929688 -6.80336630204 9.18430154145 0 0 0 1
4.80923986519 0.416037839897 1.85930705895 0 0 0 1
8.01379295414 8.17631827211 3.93476968447 0 0 0 1
-6.20658031368 -5.7182745642 -7.06285717297 0 0 0 1
-2.70280670399 -2.22600939195 7.01577276743 0 0 0 1
-1.53540628502 -2.42979625288 4.68312437867 0 0 0 1
8.60514807445 -6.52632739078 -5.20093172766 0 0 0 1
6.53972997754 1.82082904855 5.21861848576 0 0 0 1
1.93010119674 -9.93710657219 8.10405385367 0 0 0 1
-2.18058858005 -0.800866554423 3.29081790069 0 0 0 1
8.04030856517 -2.18843714123 3.21277272068 0 0 0 1
2.48298092917 -4.25362716541 -6.16170541669 0 0 0 1
1.02134148202 -7.67648430751 -0.755090606181 0 0 0 1
4.84312609092 9.26301137755 -6.55054234171 0 0 0 1
5.50794095668 -4.66092776104 -3.32144965178 0 0 0 1
-7.73853714876 -1.33712386716 7.18540552189 0 0 0 1
4.56910095159 5.09104515601 -1.75463145687 0 0 0 1
3.6047585517 7.50289869134 6.09406189697 0 0 0 1
-4.08260273766 8.41632811879 0.630902529964 0 0 0 1
-1.6824037286 0.361558089173 -4.46037282902 0 0 0 1
5.89378896988 1.38219074279 4.52079152208 0 0 0 1
-2.66597436211 -4.62383111552 3.64951325846 0 0 0 1
-3.16262235811 0.102536269485 5.80629976992 0 0 0 1
-5.19568511479 -4.88401023207 3.33285115909 0 0 0 1
9.71372090811 7.12420258297 1.22707295152 0 0 0 1
8.27002672636 7.56016792036 6.98657591395 0 0 0 1
5.01372075231 -6.27161047761 5.77468372643 0 0 0 1
5.69662695232 -5.42896407499 7.88601606464 0 0 0 1
5.52870384548 -1.87231579851 5.66658156871 0 0 0 1
2.87341056875 -0.439127174802 1.57249684086 0 0 0 1
4.90501073277 3.08647606414 -4.56717574189 0 0 0 1
-4.53949792729 -5.75835584626 5.54323122423 0 0 0 1
2.13465297679 -6.68562066715 -4.28397920549 0 0 0 1
-4.31472475825 2.49577147887 4.97486302639 0 0 0 1
-3.47108665263 6.67118854644 0.301351384015 0 0 0 1
-6.11101449204 4.89846515568 4.45071387679 0 0 0 1
3.71978548517 -8.18281169215 0.767746853764 0 0 0 1
3.39276987973 5.32185224561 4.20807538481 0 0 0 1
-5.51300961874 -2.71796240397 3.30146426499 0 0 0 1
-2.59361018299 -3.36531904391 2.87608683576 0 0 0 1
-3.49057807429 -1.04693476743 -1.35689215978 0 0 0 1
-7.14042271169 8.13856583059 -4.11154172816 0 0 0 1
4.74375549804 5.84341600139 -7.1331876557 0 0 0 1
4.55718840925 8.4278641523 4.98913961774 0 0 0 1
-7.2646390722 6.41231706189 2.31843961711 0 0 0 1
3.10158226165 -4.98736375009 1.98146970502 0 0 0 1
2.04522946862 -2.44523468631 -7.91275747248 0 0 0 1
4.50031574907 4.20263786083 -7.35761921437 0 0 0 1
-8.2584640987 -5.17740945813 1.73998694855 0 0 0 1
-6.6549138834 2.16639838539 -3.04175284159 0 0 0 1
8.67292738306 6.24499229693 -3.84053283316 0 0 0 1
7.1367357023 2.86367486885 -3.82432051777 0 0 0 1
3.23261798726 -7.50049850343 -0.152247876753 0 0 0 1
-9.52656261131 -4.45235988288 -7.9002786812 0 0 0 1
0.71825379238 -3.80646576434 6.75700451161 0 0 0 1
7.85410825342 -5.50674393321 -1.04282312234 0 0 0 1
-8.28599268604 3.79819478709 -8.44853041199 0 0 0 1
-5.5055923181 -6.4268595361 9.31293221024 0 0 0 1
-0.901281821863 5.37983559099 0.124130559037 0 0 0 1
-8.51109459185 7.19341962168 8.55313896138 0 0 0 1
-0.694943538098 5.33155649667 -8.88469788479 0 0 0 1
9.16385449951 -5.40869241409 1.43323512505 0 0 0 1
0.442960632807 -9.95222718429 0.807851647355 0 0 0 1
7.74361066816 7.1146648549 -5.96013480635 0 0 0 1
3.15054839606 -6.53551064227 0.818913979231 0 0 0 1
5.51658506505 -1.34319662463 -6.13779546353 0 0 0 1
1.02201557238 8.21100148518 -6.23948999087 0 0 0 1
-5.49729690428 1.83215320116 4.01488908863 0 0 0 1
-4.86778134289 -2.56836601172 1.32198884915 0 0 0 1
5.95180590672 7.94738304504 -3.7678860026 0 0 0 1
-9.02135800336 0.407590582916 4.00412021511 0 0 0 1
2.98901694966 -9.93876406592 5.34956439874 0 0 0 1
6.75873432486 1.26505206853 2.56778368437 0 0 0 1
-2.30890297462 -4.18376552421 -3.00860748744 0 0 0 1
6.43327126015 -0.946475130933 2.80015711551 0 0 0 1
-1.97118827049 5.14695363985 -1.98303311399 0 0 0 1
3.66978714606 8.45237255528 -5.9689009257 0 0 0 1
2.71882459927 -0.310313915801 -9.54214622454 0 0 0 1
4.58428336961 -6.74545377757 9.75233352534 0 0 0 1
-8.15187453937 6.30275152693 -1.97289742191 0 0 0 1
1.53920954597 4.25569070769 -8.15043549663 0 0 0 1
-3.60331734156 0.727050579791 8.68969812449 0 0 0 1
7.90046598546 2.03095859514 0.233482651643 0 0 0 1
6.25229715068 8.13963273258 2.88135331451 0 0 0 1
-7.47439471784 -1.51062288975 -8.12640046594 0 0 0 1
7.77997180781 6.68881499196 -2.323895261 0 0 0 1
7.93193847023 5.26950815526 7.75694270464 0 0 0 1
-6.05575550104 5.59019347693 -0.410945781549 0 0 0 1
5.79726570467 5.18158256876 7.56254519032 0 0 0 1
-5.13315625488 1.74932337878 -5.66602290487 0 0 0 1
6.1007601718 -4.31720572522 9.30317977846 0 0 0 1
-9.26458719019 9.4646428203 2.28272009403 0 0 0 1
6.12904574774 -9.72322228161 0.0316158717694 0 0 0 1
-6.30744010871 8.92561896377 5.90554505139 0 0 0 1
6.77693253175 -8.83523871942 3.91220003325 0 0 0 1
4.52965348305 -9.37510325223 0.185128214722 0 0 0 1
1.0672274039 9.3503040625 0.344924414745 0 0 0 1
-6.10317168625 8.35952696858 -5.00275074371 0 0 0 1
-8.53432324985 -5.18448581984 -1.29237561485 0 0 0 1
8.77022613767 8.59945198353 4.62309392412 0 0 0 1
-2.39196595294 7.05125517337 -0.66200869173 0 0 0 1
-9.95272859459 8.09801069073 6.27541584817 0 0 0 1
-5.2482622913 8.30848258472 0.152140209317 0 0 0 1
8.13980965399 8.54455581549 4.60975567864 0 0 0 1
-5.19501863144 -6.83442627644 8.27192277966 0 0 0 1
4.67782939839 -6.1218776856 -3.23291699042 0 0 0 1
-2.3256434027 8.38476332455 5.96236773969 0 0 0 1
8.29069454582 0.450178189349 -4.302571581 0 0 0 1
9.95631020746 2.43553157594 -8.67566402962 0 0 0 1
-6.42356853831 3.41629610383 -8.79625740648 0 0 0 1
-9.6316123408 -8.25576981415 4.74786230286 0 0 0 1
-5.79566070778 6.63606781857 -0.921460358624 0 0 0 1
-1.61049153404 5.07969131077 -3.7585250755 0 0 0 1
-8.90707037476 9.94559595916 -1.67525109469 0 0 0 1
5.67953906694 9.21905664764 3.90406967643 0 0 0 1
5.26106963648 3.43981932624 -0.0492870292911 0 0 0 1
5.34572225439 -5.29789477845 2.30121609094 0 0 0 1
-2.23821749591 -3.08725324691 -1.67861609842 0 0 0 1
7.40333062795 -7.36820204282 6.01378664589 0 0 0 1
-7.86605052136 -8.19956299565 8.99720144548 0 0 0 1
5.93579460241 5.59715005595 -0.500668963401 0 0 0 1
2.66177804462 4.74873020937 -9.02624518045 0 0 0 1
-0.222405028096 -7.28377715809 6.4293599843 0 0 0 1
0.0622689052987 7.07881110401 -4.6842196122 0 0 0 1
1.22040177923 -1.74225455729 6.9253799002 0 0 0 1
-1.39310089281 6.00920012935 -2.10050502783 0 0 0 1
-2.75711878395 7.32843226499 -1.55499286623 0 0 0 1
6.32324994644 -2.00423654599 0.380819735833 0 0 0 1
-9.93792308426 3.88989981331 8.31396051838 0 0 0 1
-2.34270749222 -7.44001718315 -0.171866011735 0 0 0 1
0.787022835234 8.18405004402 1.96477701148 0 0 0 1
0.289056064695 -3.50789579329 7.72263331078 0 0 0 1
4.25878755789 -0.676532020521 5.29399208114 0 0 0 1
-6.6502053531 -6.73880090153 4.92245118711 0 0 0 1
-8.1834093555 -4.4103627146 -4.90562543831 0 0 0 1
-0.553745153072 3.43385570767 1.33878279548 0 0 0 1
0.6746037551 3.04423588879 2.31880688053 0 0 0 1
-9.58289532728 3.16162911582 -0.313415831392 0 0 0 1
3.59100409994 2.75162510255 -9.66376234202 0 0 0 1
9.12631563206 0.941685848528 -5.25007544232 0 0 0 1
-2.24061158025 9.32056624956 4.77639373656 0 0 0 1
5.69738193179 -9.56146217483 -1.14759749437 0 0 0 1
7.14362872887 1.1451966875 -3.96487929185 0 0 0 1
5.59390677067 5.8721876132 -3.20120604801 0 0 0 1
7.69374222732 -4.14939706054 -1.33844207015 0 0 0 1
-7.83943488362 -8.02926876308 -3.64493832332 0 0 0 1
-6.44009417691 1.35884997746 -1.60843544458 0 0 0 1
-9.66840088946 7.63407854987 6.24988601115 0 0 0 1
-2.38232569789 5.12234595384 2.55620603258 0 0 0 1
-9.7135579048 9.12949119969 1.51609673495 0 0 0 1
-9.47848053969 -5.92134875166 5.76948254721 0 0 0 1
-2.65963243099 -4.429615184 -1.34704931626 0 0 0 1
-0.551933814587 1.89814965645 4.41288505511 0 0 0 1
4.33309707522 0.972734198541 -9.42090834264 0 0 0 1
3.20102152298 9.11154236853 -5.29517352138 0 0 0 1
8.37177169761 -6.31124884884 -6.42679053258 0 0 0 1
-5.46115289197 -7.62884638289 -2.65177312547 0 0 0 1
2.74481885779 2.88433362204 -0.925211862129 0 0 0 1
2.04597931195 -4.07644852648 -3.32626282704 0 0 0 1
8.9693758891 -2.34155558062 4.85719733213 0 0 0 1
-8.48535221983 0.391440305915 3.65769315863 0 0 0 1
7.46946322452 8.50000489956 -5.16370809878 0 0 0 1
1.14969005562 0.887334322991 4.00268351782 0 0 0 1
0.371097469561 -7.78506546114 0.932430556034 0 0 0 1
9.60674415308 5.48548345938 3.84480789233 0 0 0 1
-5.58381562725 -8.8998137081 1.48463217663 0 0 0 1
2.99463552979 3.28155570625 2.37726239679 0 0 0 1
4.43577501067 -9.51576199527 -4.55970185351 0 0 0 1
-2.60958843218 0.592981242235 0.51574125646 0 0 0 1
4.81873580849 -0.904244620754 -5.03672848068 0 0 0 1
0.697613644755 3.90139950574 -3.17203889292 0 0 0 1
-3.03086594864 7.31558556757 -9.12144733434 0 0 0 1
1.57561532199 1.84410483837 6.37865365338 0 0 0 1
9.56439773912 -1.54897747325 3.12093292452 0 0 0 1
-0.727129653661 -7.94578776118 4.61713376753 0 0 0 1
-2.81786518551 -8.35301595698 8.72258642249 0 0 0 1
9.83730534109 8.57088625356 -9.51402719574 0 0 0 1
-8.34063353824 -1.53146498362 1.36801122127 0 0 0 1
3.90511769891 7.90682283539 4.11771662096 0 0 0 1
-4.58844882641 3.3418404977 -1.61082078303 0 0 0 1
2.33824874461 -1.16286610012 -3.4199581727 0 0 0 1
-8.14618486393 -7.42713993708 4.69195442004 0 0 0 1
-9.94026506638 1.69416509229 -5.3442499012 0 0 0 1
2.29172628853 1.54222229854 -7.00171865501 0 0 0 1
6.81526192112 -4.28694784545 -2.67488460497 0 0 0 1
-9.72936048551 -0.808874977345 8.70343984826 0 0 0 1
-7.94843500592 -2.25906354658 8.21905054003 0 0 0 1
2.32017735119 -7.55368841205 3.15869564141 0 0 0 1
-8.77505827607 1.24883408709 0.131353124236 0 0 0 1
8.79761984341 -1.73431711923 9.23492799835 0 0 0 1
-3.34399707894 -8.20133437414 -0.699094282681 0 0 0 1
-9.56302828942 8.95404009535 6.30983748621 0 0 0 1
4.85994153501 -8.43020743833 -5.24784655495 0 0 0 1
1.13014092498 5.58375902443 -7.60834225789 0 0 0 1
2.69581596283 9.40855077765 4.97779788706 0 0 0 1
-0.210561495794 5.7523507612 1.8907480531 0 0 0 1
-0.502699660002 -3.07635463869 2.17192033085 0 0 0 1
-8.80936167927 3.24634700334 -8.25513897932 0 0 0 1
5.03138019232 6.81945927164 9.18005150847 0 0 0 1
-7.17790600372 -5.08709488631 8.31804335021 0 0 0 1
8.24180463482 9.20075844135 4.1887782291 0 0 0 1
-2.26932133289 -9.09926540798 -3.75632342011 0 0 0 1
-8.86041270629 -8.81711448374 3.60470010893 0 0 0 1
-6.42008102078 3.3043262409 2.26841214072 0 0 0 1
8.44400611027 8.32060563625 5.24925904603 0 0 0 1
3.41400546548 -1.67165497216 8.80120983982 0 0 0 1
7.5356329093 6.81021954632 -1.93347823068 0 0 0 1
1.97082549956 -2.53547686115 0.442007179024 0 0 0 1
0.246891234518 4.07645003512 -6.95748438873 0 0 0 1
3.82279417064 8.0159522468 -3.25302640319 0 0 0 1
-7.42427696301 7.73910722912 6.32911571011 0 0 0 1
-7.49005152735 -7.28014292026 7.69027487656 0 0 0 1
-2.78378371673 3.17287681395 7.82547993789 0 0 0 1
1.91991195301 -0.823677200129 7.22626749409 0 0 0 1
-8.98682247432 4.70210303264 -3.54377605103 0 0 0 1
-1.23301983168 3.77984810819 -9.7671914987 0 0 0 1
-8.58412901559 0.445492500232 -3.55157277041 0 0 0 1
1.71337479716 1.28695495165 -6.35979118049 0 0 0 1
-8.58005856147 -7.36137434559 -5.73340719878 0 0 0 1
-9.86827736362 -5.89260632219 -7.24686581804 0 0 0 1
2.77190236655 9.41963153129 -8.65874471337 0 0 0 1
2.7026188416 9.06758038989 -1.68993768559 0 0 0 1
-3.02038744593 -4.6855544943 -3.36161662272 0 0 0 1
8.80264589485 3.16480966655 4.07215227186 0 0 0 1
7.84311128135 0.63349425216 1.04979311751 0 0 0 1
6.23971848055 8.36248470087 7.61752833097 0 0 0 1
-8.95486144778 5.31874764546 5.53426936552 0 0 0 1
2.86387115373 2.97287077406 9.14432911663 0 0 0 1
7.72531092208 1.10822459536 8.8591467543 0 0 0 1
-7.14983736584 -8.30716312667 9.78800203746 0 0 0 1
1.45435455562 -6.04108816634 6.21936620891 0 0 0 1
-9.61233190084 5.52534267761 -9.11552376296 0 0 0 1
-4.36659064927 1.66343258334 3.74494373308 0 0 0 1
1.13461126417 -6.22421940772 -6.43631607729 0 0 0 1
-8.62038202161 1.92270082553 -2.21453406044 0 0 0 1
6.2297971461 8.41900091302 -5.6617631517 0 0 0 1
-3.20826950309 3.33630119408 7.69294936708 0 0 0 1
-9.02402835798 -7.40210191438 1.92578421017 0 0 0 1
-9.46348647467 -0.308383740868 -0.723934410317 0 0 0 1
-4.97770516959 7.53550780325 8.49974430109 0 0 0 1
2.05633164473 -0.328771254905 1.07482061565 0 0 0 1
-4.41685853155 -3.50861806478 5.66912544588 0 0 0 1
6.52354832859 -8.84492768607 -1.7516012723 0 0 0 1
-6.70786460779 0.94405850885 0.197069731724 0 0 0 1
-6.41205086242 -7.80875057291 5.9452311441 0 0 0 1
-0.227170494295 -9.28837178072 4.63714199561 0 0 0 1
3.06184211709 2.33145838814 0.59445645442 0 0 0 1
8.14134250541 3.78508028321 8.76347310474 0 0 0 1
9.1616249503 4.11941537714 3.02929118899 0 0 0 1
5.67380802137 4.44371143554 -9.09018559243 0 0 0 1
-2.24360644193 3.27148826018 0.023398877009 0 0 0 1
9.46546504481 -6.64455205478 -9.52456658345 0 0 0 1
-8.85282757363 1.63763063724 -3.8446972423 0 0 0 1
-3.87603535021 -8.85675944994 -5.00586018922 0 0 0 1
-6.04345064869 2.17306550889 -1.0096426914 0 0 0 1
-8.43910915427 -6.01554144332 6.15090832611 0 0 0 1
-5.93756537602 -5.04114400704 2.38986595469 0 0 0 1
-9.9169843994 1.96111958028 8.19541756977 0 0 0 1
7.10378036253 0.155816701527 6.7197539229 0 0 0 1
2.31024669553 7.94127178599 -0.895454014251 0 0 0 1
1.70657659861 9.57553728043 8.72185308149 0 0 0 1
5.40994617754 1.33536611116 -2.05963390245 0 0 0 1
3.49563563129 -3.7343427439 -2.94276197698 0 0 0 1
-0.14560410101 5.0067962608 -6.99224429062 0 0 0 1
-7.38823536482 -1.93023762679 -5.66189601774 0 0 0 1
-6.03435924308 9.14254359267 0.694462552793 0 0 0 1
-4.62996555612 -3.27685119073 -9.82187106893 0 0 0 1
-1.83527387681 8.5611344087 4.85042200984 0 0 0 1
-3.98716020923 6.77663471663 -0.210114696688 0 0 0 1
9.85304003506 7.74681338698 1.5156540594 0 0 0 1
-2.9500693202 0.584371271429 1.18978505085 0 0 0 1
9.11888297445 3.84814931547 -9.88347310506 0 0 0 1
1.31231047117 0.17406537329 -0.267700411814 0 0 0 1
-0.910220152231 -2.73426472472 2.792270814 0 0 0 1
3.84737486138 -0.514145158085 -7.95178315679 0 0 0 1
0.715661784122 -1.58693704656 7.75380554959 0 0 0 1
-3.70503425406 1.87275494048 5.08293346792 0 0 0 1
4.64924966339 5.36036446747 8.84036602078 0 0 0 1
-2.96346524262 -5.12163344146 -7.89621765289 0 0 0 1
6.78796847125 8.75907533011 6.57847880879 0 0 0 1
7.6398379853 6.6834404785 3.34127935547 0 0 0 1
8.67120992564 6.50619869935 -0.058884784702 0 0 0 1
-4.90385799109 9.29621269451 8.33541415791 0 0 0 1
4.88495115083 8.73398859704 -2.88682370171 0 0 0 1
9.16541707432 -6.4386164207 -9.1972728145 0 0 0 1
-5.4481233039 9.68990677264 -1.09475138073 0 0 0 1
1.15327064858 7.33108495428 8.07956500352 0 0 0 1
-8.44329225193 -7.54670706337 -3.41259451837 0 0 0 1
3.179242961 3.15400409371 0.778695250722 0 0 0 1
-3.03158706885 -2.10479234074 8.34944573143 0 0 0 1
-6.85574890223 -9.30038497071 6.85441793575 0 0 0 1
-8.55050384865 5.21327139853 -3.64928024415 0 0 0 1
9.09618546588 0.950468686239 -5.51251459897 0 0 0 1
-3.88510854748 -1.72849062715 -4.28331359087 0 0 0 1
-6.62726815123 -6.14166046461 6.43505634293 0 0 0 1
-8.82804352157 -2.08620142236 -1.54849946966 0 0 0 1
-7.42205850652 9.26771245286 8.95284556771 0 0 0 1
8.96684437528 -1.24605166969 -5.69117212183 0 0 0 1
-1.42007529555 -0.473654126601 -5.19858783268 0 0 0 1
7.34466332321 0.124503517132 1.98817270772 0 0 0 1
4.31862209328 -2.76372254253 1.78647778089 0 0 0 1
1.62489031749 9.27973090995 -6.16996839509 0 0 0 1
-4.84228222947 7.30109085256 6.73221500998 0 0 0 1
2.38855466361 -4.9993665088 -8.61735865951 0 0 0 1
-3.73487223141 -8.15654816946 -8.13365679172 0 0 0 1
7.43241765917 -4.72957535568 -1.78796916765 0 0 0 1
4.09670098081 -6.90586711972 -5.3500578728 0 0 0 1
-4.48637606983 -9.2146822123 6.3998827152 0 0 0 1
2.57133599707 4.82842480556 2.17251112033 0 0 0 1
1.12528755059 -5.77794136011 7.50563952736 0 0 0 1
9.9463719832 -0.525434886586 -2.03748536187 0 0 0 1
0.520451555707 3.85674285308 -6.6049833989 0 0 0 1
-9.54829357577 -6.52038321299 1.65888409593 0 0 0 1
6.81548938304 -4.16636974505 5.8864895568 0 0 0 1
-7.96734074106 -1.9163813544 -4.37458794076 0 0 0 1
3.38955504825 -6.86639032324 5.39729776826 0 0 0 1
-8.56968986745 -3.54023474092 4.28690119657 0 0 0 1
-6.06750738245 -5.00002473483 -7.35057629153 0 0 0 1
-7.68328491554 -8.95275243986 -2.78348534468 0 0 0 1
0.178672854473 2.43367371404 -0.229382932525 0 0 0 1
1.83572225944 8.83737019291 2.40240453807 0 0 0 1
1.20581504835 -6.53707913243 -3.40395435698 0 0 0 1
-5.70005517692 5.637058375 -7.24490056983 0 0 0 1
-3.26705758715 9.629921223 -1.61732386757 0 0 0 1
-0.228643995625 5.19304167553 -0.421450622259 0 0 0 1
7.19070242538 4.55127011332 8.55236089044 0 0 0 1
4.53184502084 -4.60457738697 -2.84610500039 0 0 0 1
7.07046199829 2.00555583933 -5.12103263817 0 0 0 1
-2.93248536364 -4.53781190336 8.40852595462 0 0 0 1
3.11605818999 -0.572079030263 7.68943524377 0 0 0 1
-0.304640885346 6.46543698813 0.175138227558 0 0 0 1
-1.25592245634 7.0727145291 -5.26407555148 0 0 0 1
4.12291780138 -2.68765633358 -3.00092929304 0 0 0 1
-2.82493391226 1.88722947503 -1.63561268866 0 0 0 1
5.19201527918 2.98410319373 -8.00263594286 0 0 0 1
2.35101595519 -6.59453334597 -6.37577731744 0 0 0 1
-5.71800774275 0.109676046483 5.33202499368 0 0 0 1
4.31313403931 -9.2531073936 2.18537786367 0 0 0 1
-8.70062182106 -5.89670931314 -5.83108976859 0 0 0 1
-4.71190065301 -3.91877653872 9.38933412935 0 0 0 1
-4.18373973984 6.61431280977 1.56940499712 0 0 0 1
0.281120500756 -4.6595015554 0.921600813769 0 0 0 1
-9.02333732406 1.94421084258 -9.52381221589 0 0 0 1
-9.5951418376 -6.54930740041 -2.40404036458 0 0 0 1
1.16708548359 9.06671040052 4.23870867195 0 0 0 1
6.53237838538 3.70794181066 -1.37024379108 0 0 0 1
-3.37636472155 3.36794574761 3.76261580091 0 0 0 1
0.74883784626 6.68684586836 7.76406554181 0 0 0 1
-6.9941499435 -8.42496722699 -7.55524785974 0 0 0 1
3.49831007612 6.02952309622 6.02584683909 0 0 0 1
-6.39923583687 6.68209285402 5.97877241168 0 0 0 1
-7.42544758906 -5.51733002978 -8.79735225127 0 0 0 1
-4.38204264061 -8.78087927498 -3.88076854519 0 0 0 1
9.07417228546 9.53156577921 8.16624819103 0 0 0 1
1.06611469468 5.74215661314 6.46877120632 0 0 0 1
-1.21924078551 2.31811348376 -1.36477283756 0 0 0 1
4.71008851301 2.79094462756 1.83490580546 0 0 0 1
8.7859018516 -8.22476593004 -7.85347652437 0 0 0 1
-9.99524594349 0.405147519066 -1.45677541085 0 0 0 1
-1.30095766323 6.55524748669 -9.84739855842 0 0 0 1
9.20969185871 -9.53116594321 -3.91471074862 0 0 0 1
5.87247038071 -0.869695902148 -6.94703625326 0 0 0 1
9.90136987681 0.916643485974 -2.94507415881 0 0 0 1
6.44202913949 -6.47562554544 5.85048405295 0 0 0 1
2.97460553847 9.17511469458 -6.20200645338 0 0 0 1
0.661448953378 9.24921112863 -2.78690944989 0 0 0 1
1.51366242472 7.04595423844 -6.86438607713 0 0 0 1
-5.87945439893 -6.10540027795 3.15759159811 0 0 0 1
1.63960963013 1.30155392428 -9.46436035531 0 0 0 1
-8.42520098897 5.45818914253 -9.26130963288 0 0 0 1
2.37892827872 -9.06738751656 -0.313456405654 0 0 0 1
-9.11500308171 -4.24607078525 2.87900788568 0 0 0 1
3.89435495422 -4.48940515179 2.4623597856 0 0 0 1
9.97048855499 5.45221120959 -9.30149661931 0 0 0 1
0.201531605156 -3.79587484616 1.29452392906 0 0 0 1
-2.19056421243 -4.85268692326 -8.90382546741 0 0 0 1
-7.22126079009 0.383188161811 9.29230099261 0 0 0 1
2.75808904363 8.56771938784 -3.92699792076 0 0 0 1
-5.34500332525 -0.0830126916211 -2.12154249299 0 0 0 1
-8.06989767701 0.880342234237 -1.33273183901 0 0 0 1
7.05793273831 -7.79311340504 5.58860163765 0 0 0 1
-1.56903453683 -5.4053016494 8.67206896139 0 0 0 1
-3.36745001696 0.0332165252345 -9.78427476192 0 0 0 1
-2.09988742264 -5.14357422256 -7.41773206209 0 0 0 1
6.60918054341 3.54011132501 -8.0969332897 0 0 0 1
-8.37526472829 -2.20041014447 -1.80506581028 0 0 0 1
0.185858920185 0.389766399751 -5.58389106326 0 0 0 1
3.12516457572 -5.54078805574 -0.145505329676 0 0 0 1
-6.09755472023 2.66006604663 5.92877856516 0 0 0 1
1.49105842218 -3.29892088184 -4.40217544447 0 0 0 1
-9.7754773951 -3.2087418801 -9.29097628849 0 0 0 1
8.22331100787 8.80818063177 -0.246215467475 0 0 0 1
5.04620283331 3.84637768363 -3.40903114275 0 0 0 1
-7.54885292163 3.69254565571 -6.92859134228 0 0 0 1
-4.80686781163 8.76312368638 2.93250618846 0 0 0 1
1.81073783805 -8.17425437902 2.10307194229 0 0 0 1
-5.42086769312 9.0084312632 -9.29533844006 0 0 0 1
-0.788456336218 -5.05442476791 3.02123567793 0 0 0 1
3.85591185252 7.67276980091 -4.96301835832 0 0 0 1
-7.15579116745 2.82709927889 -5.76051375999 0 0 0 1
4.54732875336 -0.19039295624 -4.98271686838 0 0 0 1
-1.41074175716 6.30431268218 -1.51929082292 0 0 0 1
4.56840417347 -3.88123932697 -2.48813700759 0 0 0 1
-8.27189716685 0.69845168796 -2.96190830436 0 0 0 1
-4.61782177136 -7.65203727042 7.54466453714 0 0 0 1
-0.613583807816 3.95669207582 -6.91348837522 0 0 0 1
2.09340953352 2.48130862238 2.00027416724 0 0 0 1
-4.45593551096 5.78046351033 -2.82084203391 0 0 0 1
1.51835198531 7.78257617105 5.82804743655 0 0 0 1
5.70112120355 2.50662099087 -4.52562875446 0 0 0 1
-3.93858277573 -1.52890716947 6.72678998639 0 0 0 1
9.52919011771 -2.92547956616 -5.76419628575 0 0 0 1
3.37289954371 -8.02152567562 6.30067397156 0 0 0 1
-6.93051946341 3.68784318873 4.82341823872 0 0 0 1
-9.46540971662 -4.3160753972 7.30858627407 0 0 0 1
-3.42996967387 4.32047023111 -5.58405521698 0 0 0 1
0.82998418502 0.0505616635404 2.63041572859 0 0 0 1
-1.74985051058 -8.73147677125 -6.51398129729 0 0 0 1
-1.39378029205 -4.12884213501 1.94844800811 0 0 0 1
7.68692457782 -4.65639801988 -5.57651867717 0 0 0 1
-0.633094557289 -6.63586945794 3.63016878224 0 0 0 1
2.00518228398 -9.82564275864 -8.16067436393 0 0 0 1
-1.60810978027 -1.58253436784 7.52691977749 0 0 0 1
7.9915482368 0.951921214716 -7.8913674588 0 0 0 1
1.84066632154 5.22365880059 -9.75010195902 0 0 0 1
3.39924082093 7.93654906067 0.0259094432005 0 0 0 1
5.34089309714 -7.18234041085 3.6317137647 0 0 0 1
5.99975056546 5.50980239478 -6.88317801374 0 0 0 1
-4.77093516199 4.4199403794 2.33855058287 0 0 0 1
9.78353855192 -0.647425097626 3.64397190833 0 0 0 1
-9.52938065822 3.1333144603 4.52468839425 0 0 0 1
8.49201785257 7.39107557898 0.182733077814 0 0 0 1
0.721688225522 5.99613653622 9.43079821006 0 0 0 1
1.79155587497 9.07382427643 7.94847010271 0 0 0 1
-2.16717320426 8.38212228017 5.91239710177 0 0 0 1
6.20809452757 4.43745305523 -9.37539531401 0 0 0 1
-6.98593356034 -6.52330094764 7.26649979505 0 0 0 1
8.73885093353 -2.52802944117 -7.41784258194 0 0 0 1
-2.14968774646 -0.834528530544 -4.23831557833 0 0 0 1
0.252387254095 0.325754965872 6.08836566419 0 0 0 1
2.85200904013 4.99642626409 -7.92904765161 0 0 0 1
-9.74153214257 1.70054575119 -7.02699938244 0 0 0 1
8.29128546279 0.214155870566 -1.24249990186 0 0 0 1
-0.393748884135 0.464397340616 2.32159932175 0 0 0 1
8.24400931366 -4.64245288231 -2.34736142285 0 0 0 1
-5.31622782526 -7.70063568521 -6.43944702696 0 0 0 1
-2.73335962256 -3.75768289818 9.42066481545 0 0 0 1
7.10919015733 -1.12189662948 -0.465216435737 0 0 0 1
9.00593173962 -7.56613564515 7.67824886138 0 0 0 1
-2.27200939052 4.69608461491 -6.03902043106 0 0 0 1
-6.16003445397 8.10498928609 -5.88973101567 0 0 0 1
-9.80626560867 -0.574018248983 -0.602220963666 0 0 0 1
2.81772390173 1.7027614781 -8.11374449581 0 0 0 1
9.72078811494 1.13987053582 -0.329022297025 0 0 0 1
-9.27944174692 -0.215139164674 3.7047463588 0 0 0 1
-3.49548220011 4.06236342669 0.905004427806 0 0 0 1
7.49529918714 1.86243577356 1.83722949115 0 0 0 1
0.607692827184 2.85209158321 1.89880513617 0 0 0 1
-5.42931703862 -9.2439677686 1.66040368127 0 0 0 1
4.04940796371 4.92112480003 -3.27988012912 0 0 0 1
-4.26430260341 4.86229244798 -9.23973952242 0 0 0 1
-3.22086792033 -4.16844963881 7.36936880964 0 0 0 1
-4.90480864826 0.44479412969 -5.43978887219 0 0 0 1
7.87210770857 5.53870368891 -8.94334936886 0 0 0 1
2.66824207045 2.23526799671 -0.723865674739 0 0 0 1
5.60503057881 8.61006666406 4.00060575965 0 0 0 1
8.12876628347 7.17526070871 -5.13289453419 0 0 0 1
-6.57931233002 -3.94916305836 9.30466529377 0 0 0 1
1.52407308174 -8.1339328311 5.02118459026 0 0 0 1
-5.41842145436 3.7169990895 -9.13608171295 0 0 0 1
-7.06502824273 8.21288068137 -2.15797012016 0 0 0 1
5.43048310447 -9.12956756462 -4.90337574485 0 0 0 1
9.81752020228 0.621877548228 6.9563817483 0 0 0 1
4.5186698632 6.73379193146 -7.13592832351 0 0 0 1
-9.43594871051 -8.48916851577 5.16480751005 0 0 0 1
-6.66175647571 -5.31856690103 8.08370316464 0 0 0 1
3.93395347942 -3.97540354092 9.09051367136 0 0 0 1
4.08182394124 -8.03552853962 -7.42610382008 0 0 0 1
-8.43938880275 -6.824939385 -1.17491995111 0 0 0 1
-6.3792590692 9.05710823309 -4.82626042438 0 0 0 1
9.03115023774 -6.73045182458 2.10962420827 0 0 0 1
6.79316961688 -9.31692425392 -0.267273653676 0 0 0 1
6.21440909706 -0.43736293485 8.39813235768 0 0 0 1
1.3100962086 -5.61222485781 9.8088818897 0 0 0 1
4.55937943664 2.26762207497 -9.85857636354 0 0 0 1
0.921972042423 4.36651377297 -5.21898033929 0 0 0 1
8.55005782448 5.60954822727 -8.08530449266 0 0 0 1
5.46592969868 -6.29081154748 -3.40209171091 0 0 0 1
5.60119476086 -8.33459646986 8.21710024168 0 0 0 1
-9.0873902049 -3.60510018473 3.58940733439 0 0 0 1
1.33823779188 6.17790513348 -1.3459638731 0 0 0 1
8.83415232861 -5.87642359711 -1.25091308207 0 0 0 1
-2.78518843864 -3.45538080473 -8.83492156792 0 0 0 1
-4.77816332255 9.73785746365 -0.866356098041 0 0 0 1
9.67669799874 4.08717379782 -9.07166006753 0 0 0 1
1.7542407538 1.01445747389 -4.34205865334 0 0 0 1
5.1602774973 7.29525061172 7.37940379074 0 0 0 1
1.5560972836 -7.32712702305 -4.89229623706 0 0 0 1
-0.284081971436 -1.22350933463 -7.86846454897 0 0 0 1
0.276582133328 -8.62154482478 -6.59709833333 0 0 0 1
-3.80115534695 -1.59209159616 -6.5661748395 0 0 0 1
4.70332480289 2.07363250259 -4.29283612498 0 0 0 1
2.77311392938 -2.68188202364 -5.96369847389 0 0 0 1
-6.67404717365 4.43078028839 -5.40863108788 0 0 0 1
-1.94717977334 8.39410249761 -9.1196120332 0 0 0 1
2.62812717066 -6.5355822735 7.23743093136 0 0 0 1
2.64908464289 0.147769050452 5.44113468009 0 0 0 1
2.64040817614 -8.03420232388 -4.88978267314 0 0 0 1
3.25452096779 4.45089070168 -4.7621979463 0 0 0 1
1.71186666434 -1.43026897748 2.99263223983 0 0 0 1
-0.515339837304 -8.4618444406 5.42463009602 0 0 0 1
-1.19519456067 -3.66440095744 -5.5077203783 0 0 0 1
-1.26121430339 -7.30172368581 2.75491191878 0 0 0 1
3.70896477284 3.6927532146 6.40422218476 0 0 0 1
-2.65144710487 1.63194098415 7.59864214316 0 0 0 1
-0.216320584761 7.46069544121 2.33173847348 0 0 0 1
-4.81341181733 -7.93485306083 7.89296207881 0 0 0 1
-7.71332709202 9.37172781865 -2.04818960205 0 0 0 1
9.16516325352 -7.78473173201 7.60003853924 0 0 0 1
-6.74723238668 2.51632230338 1.2644088903 0 0 0 1
3.24109561529 -8.55253250177 -0.124413740137 0 0 0 1
-7.54804628137 0.631674786481 8.67818594893 0 0 0 1
-1.72898648785 5.07631402859 5.20163533102 0 0 0 1
-8.18154734525 -6.50471815634 -0.562720893735 0 0 0 1
6.66525522047 3.18003432603 -3.41068445567 0 0 0 1
7.87567090161 9.5790577199 -8.64026824363 0 0 0 1
8.428351499 -3.38864546222 1.76453706069 0 0 0 1
-2.39158141506 8.37147396632 -5.60420993139 0 0 0 1
-9.77912689001 -2.41917175582 5.1609520915 0 0 0 1
-5.2722119141 5.28100604884 4.84404122235 0 0 0 1
-1.47985333724 -6.62056044379 -9.50818138412 0 0 0 1
-1.95167066761 9.77499943527 8.85360051953 0 0 0 1
-2.75846543568 -1.97536286192 3.07280034714 0 0 0 1
9.64202901033 -6.58194098577 8.77645490525 0 0 0 1
-1.59313628752 0.298810674734 8.31606465359 0 0 0 1
4.00676192047 -0.808032173058 0.693573037628 0 0 0 1
4.94606088114 7.12052627661 -8.88131654402 0 0 0 1
3.7261444221 -4.11218323366 8.87726490865 0 0 0 1
7.68375253414 8.20514935344 2.28269201906 0 0 0 1
-8.66643602664 1.04276664631 -1.59081858068 0 0 0 1
-6.80448729665 -7.58451604699 -0.443324928791 0 0 0 1
-2.74862708458 -9.06473122523 -9.44536208083 0 0 0 1
-9.06682023656 -4.02932280379 6.64695819737 0 0 0 1
-7.67329341074 3.86985454684 8.09084931538 0 0 0 1
4.32027001718 8.87013336464 -0.338738237733 0 0 0 1
7.80488263044 -6.68596916628 8.3757219204 0 0 0 1
4.33936981129 -4.15622571744 5.82868474523 0 0 0 1
-9.46321084493 5.07370325104 0.870137475435 0 0 0 1
-3.8423419555 -0.134137515259 -0.555828711192 0 0 0 1
-9.66148615421 9.75330038669 -1.35650449748 0 0 0 1
0.0786163580317 -5.90660729602 -6.81093528069 0 0 0 1
0.834329700553 -4.4014630611 6.9074087149 0 0 0 1
-6.91850861403 -8.73013273624 3.58729931553 0 0 0 1
1.11035388224 9.49508094607 -3.25274176586 0 0 0 1
2.67279519289 -3.80831550083 9.14785122209 0 0 0 1
6.39332307839 9.82573955535 -0.286976913769 0 0 0 1
-8.7639864226 -0.768468891553 -2.37867376443 0 0 0 1
-6.56248994064 -9.75496237859 -3.7084435979 0 0 0 1
3.4813569929 -3.39251700916 -5.63604902162 0 0 0 1
4.58723380858 4.95644634291 -5.1075015098 0 0 0 1
-0.546934374654 1.77456906634 -7.38689945628 0 0 0 1
4.98918258268 -1.74099670808 -2.00013841651 0 0 0 1
-8.63325622245 7.30299124987 9.14354457827 0 0 0 1
1.69956550771 -7.24709235377 4.06399339999 0 0 0 1
9.97897414845 -3.36696492623 -1.48562235383 0 0 0 1
-5.37983680451 5.9628975552 -9.56763284113 0 0 0 1
4.34060421451 -4.87602881911 -9.89150989391 0 0 0 1
9.7800776759 2.74433209534 9.49925837291 0 0 0 1
3.56970266637 9.69839538639 -2.1524627972 0 0 0 1
-3.36957711391 6.23853392289 -4.96767199477 0 0 0 1
-4.38431914761 4.52171649121 -9.1453087001 0 0 0 1
6.58645150811 8.80695797061 -4.64483923307 0 0 0 1
-1.8025775641 9.20461253236 -7.16721694202 0 0 0 1
-1.83684317341 -6.02721583521 6.08107413314 0 0 0 1
-8.26204431106 -1.52736674964 7.56483938276 0 0 0 1
-0.113625647534 -7.16548502895 -3.56833117963 0 0 0 1
-7.72996986689 6.24550989537 -0.0233886533542 0 0 0 1
4.17727131578 -5.98472875466 -3.95988229191 0 0 0 1
-1.81913801831 -0.65125191342 3.16583860873 0 0 0 1
-7.37551730281 -2.1701170467 0.137050206917 0 0 0 1
-9.03407489422 8.74530904591 -0.793076806072 0 0 0 1
-0.682351058687 4.22004640217 2.84666593597 0 0 0 1
-1.76459247814 4.43544415523 4.51381465488 0 0 0 1
-6.00593898137 0.901118462151 6.14248503142 0 0 0 1
6.91472880169 -5.7373376629 9.01830726931 0 0 0 1
2.00154404354 -2.92036026685 6.48324046048 0 0 0 1
-9.03239916048 -5.32170791193 -5.10220756133 0 0 0 1
-3.88508242983 -2.34960917571 -0.716023098458 0 0 0 1
9.87714496349 -1.72426770333 4.91584555242 0 0 0 1
-4.93525053604 -3.35126322316 -4.89096014285 0 0 0 1
-9.16427681683 1.64931046429 -9.85173731666 0 0 0 1
5.56984686263 4.5669788394 -4.70538617437 0 0 0 1
-4.45738216446 -0.575649552462 1.99477885464 0 0 0 1
9.97918126186 -6.74536263336 -7.53831107972 0 0 0 1
-7.32553072052 -2.12048168745 2.24297981039 0 0 0 1
-8.92447512792 4.71034406078 8.06665790588 0 0 0 1
1.02060827343 -0.535174137831 6.44327165018 0 0 0 1
0.641444199605 -4.77240938088 1.03223735248 0 0 0 1
9.1183753462 4.87775858123 5.87732587912 0 0 0 1
-8.80798208316 -8.71482715321 1.78523957662 0 0 0 1
-8.39962719687 -3.41205451747 -8.11572746486 0 0 0 1
-1.00415560441 -8.27540824286 0.85566571504 0 0 0 1
8.2865387331 5.00955483133 -9.26730439929 0 0 0 1
9.23867501654 -2.1882968879 5.31024145486 0 0 0 1
-9.72923090177 7.19026116551 3.87458325954 0 0 0 1
7.60295615224 9.73451541743 4.15590300439 0 0 0 1
2.36050903573 -2.72376714514 -1.93641676908 0 0 0 1
8.29224987414 -9.89479826335 -9.72643861834 0 0 0 1
-5.79059992195 -3.87520175827 2.61274770141 0 0 0 1
2.68412362293 -5.89557373427 -9.1030757375 0 0 0 1
6.24031008235 -7.5734898494 -9.60686180502 0 0 0 1
6.7645998536 9.24046760422 9.98305799867 0 0 0 1
1.72617090815 -3.87297469311 9.76720624443 0 0 0 1
-7.88344031718 1.85503276262 -6.03966356302 0 0 0 1
-6.21766690983 -9.74815688433 1.17219018612 0 0 0 1
0.598617521067 7.5123740222 8.05676320929 0 0 0 1
2.57214810768 -0.308799323636 1.93235007051 0 0 0 1
2.49810197518 -4.64328763902 7.7662926903 0 0 0 1
-8.12054303599 -7.13819669759 -7.37343950489 0 0 0 1
2.89793878411 7.5742188928 6.39805978315 0 0 0 1
-4.91510110542 2.1725262169 -3.46807564653 0 0 0 1
2.95647481087 -0.477168122874 1.01371995918 0 0 0 1
-0.182531224447 -8.29803166788 0.911859401348 0 0 0 1
-1.50454982006 -9.54049058904 1.69237201398 0 0 0 1
9.1012873775 -3.61055047714 8.56229722362 0 0 0 1
-0.0550916624002 -4.83675439291 -4.92977759346 0 0 0 1
-7.39862350904 -5.34142401511 5.03635640952 0 0 0 1
-9.28333846599 0.100636202046 -5.40205175922 0 0 0 1
8.8055765406 4.53749118708 -3.2806256932 0 0 0 1
-5.40928664421 1.08893905371 -1.82443064735 0 0 0 1
3.21517392408 9.84925591899 -8.8492682327 0 0 0 1
-5.22150427957 9.77065778959 -1.42720813199 0 0 0 1
-2.10619131787 -1.24547465388 -2.64710948871 0 0 0 1
4.34811590639 -0.31808061649 7.82300462879 0 0 0 1
-1.51491147937 -7.23004399148 9.68933478335 0 0 0 1
1.35052518123 3.71632308583 -2.47682850919 0 0 0 1
-8.18380284859 -3.48081987058 6.78350682819 0 0 0 1
7.27571862584 7.07215512335 6.94181853377 0 0 0 1
9.64378976888 -8.45463515047 -9.88912916354 0 0 0 1
5.28447989142 -1.95699621996 -8.41152620849 0 0 0 1
-8.16915068882 -3.1975713893 8.91405940796 0 0 0 1
-7.38526929568 7.19536268551 9.36295085528 0 0 0 1
-2.55313784905 9.21468428368 8.4915512471 0 0 0 1
-7.59197132495 2.40860822012 0.38732528784 0 0 0 1
5.20971756002 1.45469740404 -6.49422554606 0 0 0 1
3.41993719005 2.91381711585 -3.75165975491 0 0 0 1
1.59535562527 8.6472007082 6.56792840492 0 0 0 1
-8.93245411771 6.33587065969 9.2242595668 0 0 0 1
7.31948589261 9.51963156028 -0.507401673395 0 0 0 1
-4.50803914087 3.47274555251 3.87135896779 0 0 0 1
7.89236259644 -5.80492698798 -7.28682202423 0 0 0 1
-6.05533447207 -2.68127608121 6.30224850618 0 0 0 1
-3.81359492405 -0.589683118933 4.13064881343 0 0 0 1
-3.86139284831 2.42245731624 0.918233579074 0 0 0 1
8.88534382811 9.26184449989 -5.64812586375 0 0 0 1
0.461455904156 6.22849431647 9.28640345547 0 0 0 1
0.194321425349 9.29727945 -1.7733487756 0 0 0 1
-5.08775809231 5.89701947317 -0.918353751929 0 0 0 1
-5.34980027937 -8.32062068632 7.08565083158 0 0 0 1
2.22959903564 -2.84747461346 9.69813294059 0 0 0 1
2.55294612286 9.11762799037 -2.86710799017 0 0 0 1
6.7710022679 -1.97708130411 3.10015008091 0 0 0 1
8.34237667817 -2.81010221524 4.46418489718 0 0 0 1
5.94643842889 5.56968632728 1.90361599734 0 0 0 1
-5.30298717395 -6.18493944235 -4.99438136083 0 0 0 1
4.09789410283 -3.38359299032 -1.55897045487 0 0 0 1
5.74682826961 -5.34823848378 -2.58981187318 0 0 0 1
-4.14848741069 -1.21570393961 8.41735407292 0 0 0 1
6.8654865717 -2.09016590686 -3.61650848996 0 0 0 1
-9.56374121174 9.45792041674 6.49513728167 0 0 0 1
2.08330045723 0.0220779610545 3.26890885604 0 0 0 1
-4.81086195763 9.58563610004 -0.875327193077 0 0 0 1
8.81935994935 5.35653671254 -7.35890757709 0 0 0 1
0.3818896143 3.65789211854 -1.18032175153 0 0 0 1
4.04557803852 4.98713477944 3.22620616537 0 0 0 1
0.314701102108 -3.85962086593 -2.45122284606 0 0 0 1
-8.85493779716 7.15567354911 -2.24295524407 0 0 0 1
-0.656342537218 1.04356940553 -5.85636723481 0 0 0 1
9.20263502036 4.02128906092 5.91346865043 0 0 0 1
-5.94330426924 -1.20456727865 6.87740094851 0 0 0 1
5.73322169057 -5.03542845889 -7.3138031021 0 0 0 1
-1.70186655682 -5.689668889 7.9406182749 0 0 0 1
8.72697512206 4.19306123236 -1.22323005276 0 0 0 1
-0.591554133235 -0.544305946146 0.901235035109 0 0 0 1
4.75771954386 -4.17586894808 6.08234209364 0 0 0 1
-7.04116200016 6.46560391423 8.33017284603 0 0 0 1
8.6344508002 -7.55557083875 -6.90126271565 0 0 0 1
-9.23424289577 -5.52279424072 7.14794508129 0 0 0 1
-8.71493709156 3.27778595701 2.58513048965 0 0 0 1
0.0385542774337 -2.21775000964 -4.52137318304 0 0 0 1
2.08889414566 4.45317280708 -6.57421624326 0 0 0 1
-9.9933683683 9.19164240136 0.0222560958397 0 0 0 1
-7.48326757779 8.354960701 -6.94411836983 0 0 0 1
1.03702794157 -9.88289320122 -0.221271628001 0 0 0 1
6.61697297139 -3.46722489154 -6.64145778755 0 0 0 1
-3.35758427667 8.04394356949 -4.59836776472 0 0 0 1
7.42350328047 -9.41001380661 6.31865875862 0 0 0 1
6.54861722064 -3.33874976071 1.80498800217 0 0 0 1
-9.95151881004 3.70977413923 -8.87321030411 0 0 0 1
-5.17673273158 -0.0825116056469 4.12037739955 0 0 0 1
-1.82142323037 -9.66940888817 -7.66253051113 0 0 0 1
6.42322396278 2.18854237192 -4.47259162509 0 0 0 1
-2.47321744189 -6.9839479046 -8.02137984228 0 0 0 1
-9.53693643497 9.22657037313 -2.24826297896 0 0 0 1
-1.81318647526 7.89685024282 -0.511950109957 0 0 0 1
-7.12006681815 -3.02765015494 -5.72170713232 0 0 0 1
3.7454243329 -9.27849929965 4.20985854075 0 0 0 1
-8.50587888053 9.34805066645 -0.240295315821 0 0 0 1
3.04028301514 -8.80005674943 2.05435802265 0 0 0 1
8.98327042025 -7.73085370289 -6.12016498187 0 0 0 1
4.40005575738 1.93515170728 -5.08581191785 0 0 0 1
-5.00107442369 -2.36788075312 5.72986430235 0 0 0 1
-6.28414538127 2.21124322382 2.84150608448 0 0 0 1
-0.904778713977 -4.47167477303 8.6084217075 0 0 0 1
-5.08968746138 -7.63332106498 -9.04665330025 0 0 0 1
9.34276767914 -6.87101036562 1.52259571603 0 0 0 1
-9.67030586736 -5.86631851722 -0.887179904419 0 0 0 1
-1.01587590989 3.86953781045 -3.18963158664 0 0 0 1
-1.24675166225 9.91482517218 9.45637452323 0 0 0 1
2.43139504088 2.07388150821 2.6806648213 0 0 0 1
1.15129308625 7.97360148131 -8.52343224641 0 0 0 1
-4.29682301957 -6.85781904938 6.27837343323 0 0 0 1
0.925250582418 -8.53683255616 -1.3607925241 0 0 0 1
6.33149371785 3.78286162373 9.30301889816 0 0 0 1
-4.01711497123 1.25755002509 -6.66776703833 0 0 0 1
-1.44490594157 -4.82627651702 -0.854952066775 0 0 0 1
-1.17176700336 8.59525587363 -6.05042073119 0 0 0 1
6.02246727699 -2.55933070409 4.6845328789 0 0 0 1
-2.53285959093 6.28240712265 1.59237847222 0 0 0 1
7.0176419881 8.21613420872 4.77236372414 0 0 0 1
-7.20965688061 8.6413459937 -9.5018766489 0 0 0 1
3.28627858764 4.13353229382 1.51726575233 0 0 0 1
7.79905832636 -8.39183490218 -6.48052393039 0 0 0 1
-6.59605617586 7.11459039294 -7.27997357592 0 0 0 1
-5.88536890023 -1.47798498798 -7.85292638422 0 0 0 1
-5.36574899052 -9.00441811696 -3.76763881309 0 0 0 1
-7.01524355978 5.80470687093 1.61875563501 0 0 0 1
4.0487088664 -7.99495512843 1.62797898739 0 0 0 1
4.81716593214 -5.46436176184 0.059528529787 0 0 0 1
3.00387388327 -7.10045993859 -8.1422081718 0 0 0 1
8.07283346206 3.47792410419 -2.95031638625 0 0 0 1
1.14973211116 5.25839883985 -4.32890787776 0 0 0 1
-3.76034588363 -8.46047246939 -0.861730739985 0 0 0 1
9.18686609318 7.56883728354 -6.92825766621 0 0 0 1
-0.280498261479 2.61677171503 -6.54223742729 0 0 0 1
-8.33782108 2.96240174093 -2.15020728986 0 0 0 1
8.13582335721 -7.26808869459 5.9302310386 0 0 0 1
0.903866150412 -0.0438159469763 -7.13468006819 0 0 0 1
-9.78828462154 -5.91129831666 -7.03739428328 0 0 0 1
-6.87906123595 -6.78017539065 -4.30439642156 0 0 0 1
9.10115450666 8.57742243851 4.71980710508 0 0 0 1
7.27255169568 8.2072338858 8.33411381257 0 0 0 1
1.49520877234 9.97872078346 1.96900328545 0 0 0 1
-1.79128071416 9.54547628296 -7.63640657661 0 0 0 1
-3.36756455913 0.58393326708 9.59632488314 0 0 0 1
8.18669483891 -6.750310628 -6.32327422686 0 0 0 1
1.03455182822 1.79600161323 -8.6406267218 0 0 0 1
4.35885405613 4.93151588483 -7.07892215077 0 0 0 1
-0.556371412638 -4.63451708645 -5.61749984868 0 0 0 1
5.14003889544 8.79130201436 -1.88017312852 0 0 0 1
7.44680176638 0.56233729109 -9.91030505552 0 0 0 1
-2.17100322679 -1.0384596502 -0.822416821205 0 0 0 1
6.29297676033 8.46040085933 6.22214197786 0 0 0 1
9.98196780393 2.68207543712 1.396534407 0 0 0 1
-7.21880134657 3.73006267111 -0.0203977672113 0 0 0 1
-8.38897827893 0.402643099773 -5.68803001466 0 0 0 1
9.01964592839 2.63333844939 0.916062469067 0 0 0 1
-9.17044781013 -1.27533463485 4.60910401332 0 0 0 1
2.52570325285 6.47743734244 4.12981919434 0 0 0 1
5.81199475336 -2.98012270406 3.38096489307 0 0 0 1
-0.208888963377 9.8265034463 -9.73695096729 0 0 0 1
0.255107170955 -7.51714341588 -3.68693108066 0 0 0 1
5.90623354159 -1.09020486042 -7.53563151048 0 0 0 1
-3.40908746584 -9.52046049046 9.52073862407 0 0 0 1
8.76880797787 2.53920959535 8.70986994268 0 0 0 1
2.40044084407 -4.50084953563 -0.712753616733 0 0 0 1
-3.42180343042 -9.69686013933 -5.17801156233 0 0 0 1
-8.6605188946 8.23099588185 5.41712133606 0 0 0 1
-8.01529087766 -3.00712662567 5.34756126279 0 0 0 1
-7.33798127464 -6.9132378975 -8.70088996738 0 0 0 1
-8.51945287147 8.12114351256 1.82270516584 0 0 0 1
8.64676955684 -0.199579077734 -1.58135341199 0 0 0 1
0.0684226268528 -7.76786540667 -9.53326273193 0 0 0 1
6.512031455 -4.94236264289 9.30353601385 0 0 0 1
5.73828376676 4.56780360214 7.68166341603 0 0 0 1
0.903590508058 6.78382489584 1.22399702477 0 0 0 1
6.44329296818 6.35067031671 5.10610205358 0 0 0 1
-6.38444377211 -5.77827652045 -7.09068369466 0 0 0 1
9.95197760371 -6.87967833947 -1.85156275402 0 0 0 1
-5.11488703428 -8.71179976315 -2.77228343859 0 0 0 1
-3.82145031121 7.12593954212 2.3231284632 0 0 0 1
2.5440747824 7.81012246659 3.21175573834 0 0 0 1
5.32694091225 -4.05670042347 9.65429391428 0 0 0 1
8.45338230034 1.85320385562 -7.16746167973 0 0 0 1
-0.63770789506 8.77870787996 0.581841951289 0 0 0 1
-8.99020429891 -0.0581472896681 -0.0550607280913 0 0 0 1
-0.602685965696 7.7395063211 5.39141769498 0 0 0 1
-9.22511234902 1.87709256655 1.67748770944 0 0 0 1
2.81176659212 6.22354200039 -2.77826591904 0 0 0 1
-7.2071836513 1.6211295349 5.45802220227 0 0 0 1
3.39876043813 -5.30795172065 -8.7031800997 0 0 0 1
-0.858116417244 -6.62885014295 -9.61301009904 0 0 0 1
3.91691749435 -0.411348944364 -4.04090967042 0 0 0 1
2.62518299545 -4.93577791402 6.10135170948 0 0 0 1
-6.671149481 -0.957914650489 -0.591348653428 0 0 0 1
-5.68897904748 -1.07594593541 -1.08374951873 0 0 0 1
7.29507635233 -9.24006227632 -8.51650655369 0 0 0 1
1.21289042029 -8.26808117896 6.79301736899 0 0 0 1
6.29014562059 -3.962716552 3.04479684133 0 0 0 1
-1.34973788508 5.93252708324 -3.29653538922 0 0 0 1
-3.73186041855 5.21183236806 3.7123867473 0 0 0 1
-4.86585682011 1.89405556902 1.11182902661 0 0 0 1
0.911214577452 -1.82730445232 0.0298666049555 0 0 0 1
2.98017224617 3.98124405475 -7.13482192794 0 0 0 1
4.40556510682 9.72802078393 -0.0752341773156 0 0 0 1
7.70640222619 -0.834743567394 3.11357203439 0 0 0 1
6.06469971737 7.76276906623 -2.64653147237 0 0 0 1
-8.25569226348 -9.4599557106 1.83112550573 0 0 0 1
3.62072772195 2.6366954792 5.62056700652 0 0 0 1
4.93644110115 2.10184170618 -9.25129457681 0 0 0 1
-0.62826397281 -6.81694324541 4.1321823809 0 0 0 1
-0.756121904885 8.42078783573 -2.82110962993 0 0 0 1
-0.981736639756 -6.65176633364 1.1485732952 0 0 0 1
9.63053374681 1.3394980811 -2.96881756223 0 0 0 1
-5.03576183996 1.53759886969 4.29544643638 0 0 0 1
0.634492560405 -0.897915715237 9.40963812154 0 0 0 1
-5.55483238545 -1.70894312327 1.31689098069 0 0 0 1
-0.565648084196 5.47653502272 1.0279731624 0 0 0 1
-0.787743440213 2.27595643049 -0.555747427743 0 0 0 1
3.24702830662 0.619077809663 5.87089413363 0 0 0 1
1.31813989132 -3.19207631625 -2.94057491825 0 0 0 1
7.04557336017 -8.93210706825 1.60908224301 0 0 0 1
1.24390131737 7.43466849789 6.23969028233 0 0 0 1
-7.40442154939 8.79623125611 -6.37630331375 0 0 0 1
-1.44794024409 7.09702177565 2.80433036112 0 0 0 1
-9.77775930484 2.13197479075 -1.41687697626 0 0 0 1
-3.05779262267 1.37832716617 -0.182478549541 0 0 0 1
0.934558424352 5.01917060366 -1.73376981058 0 0 0 1
1.88926520773 -0.711774523302 3.33872702989 0 0 0 1
4.02017416422 -4.14979388182 -6.33812374218 0 0 0 1
-1.94885915904 7.04984479079 2.05879942348 0 0 0 1
3.97774847601 -5.1456355476 1.86490357107 0 0 0 1
5.90964428103 8.98852491781 1.42362718513 0 0 0 1
-3.97187712575 -5.82527547291 -2.46021772786 0 0 0 1
-2.14210413296 9.7566945421 2.95665365755 0 0 0 1
6.75057646407 8.0841013226 1.99215693412 0 0 0 1
1.19614210209 2.14497214285 -4.12925369646 0 0 0 1
7.77546726914 8.36270729856 8.15491771716 0 0 0 1
-9.91169657146 9.22304474907 1.38276848497 0 0 0 1
6.44181447007 -1.50102345931 -0.512237535352 0 0 0 1
-4.27008222113 -4.84924720769 -1.92296037807 0 0 0 1
-0.888684157965 -5.12583478642 4.86092127962 0 0 0 1
9.24034396695 7.64911112011 -0.393484458534 0 0 0 1
4.90755490571 -6.82002683334 -7.44312667398 0 0 0 1
8.34400293049 -5.21778637122 -0.744821092566 0 0 0 1
5.79546416026 7.20934854415 9.30821642353 0 0 0 1
5.85486577415 3.30543830579 3.37263888518 0 0 0 1
6.06338808149 -1.8835129245 6.78201141041 0 0 0 1
-8.34940361614 4.73464128507 9.95615267883 0 0 0 1
-3.9139421508 0.521641639602 -5.89821972172 0 0 0 1
4.2784733421 -2.99093763294 1.79020980022 0 0 0 1
8.26393485489 1.98186768943 -9.37843718837 0 0 0 1
5.2238203197 9.37632088731 -5.4705676241 0 0 0 1
-2.09322283963 -4.70699395693 1.05300112091 0 0 0 1
-5.36184911065 -2.4773598053 4.21988562169 0 0 0 1
-8.91774511246 -7.55955270952 8.4603287381 0 0 0 1
1.81151075909 -8.81288021127 7.77167299026 0 0 0 1
3.20211051644 -1.19925894597 -6.72359448724 0 0 0 1
-2.14505580778 -4.7887200587 2.5661771355 0 0 0 1
4.4651515437 8.63769343283 0.877658446379 0 0 0 1
5.84368476953 7.24884834549 -9.75567865045 0 0 0 1
-3.27580517796 -2.00172631795 -3.94506406509 0 0 0 1
1.48637728912 8.6387871676 -1.62474824882 0 0 0 1
-0.309041056653 -3.81408652571 4.0233869689 0 0 0 1
-1.14849218481 -1.1819484644 -7.9297580989 0 0 0 1
-7.34134701477 -2.2315527853 0.208204333914 0 0 0 1
-7.90985064877 -8.82026039663 -2.37921178323 0 0 0 1
-6.36514990836 0.514501519596 4.26058479681 0 0 0 1
-0.811350628854 1.70454515112 7.14306546819 0 0 0 1
-6.26391345689 4.64533905018 2.88866381345 0 0 0 1
-6.30929571638 -7.92539439693 8.35055403278 0 0 0 1
-9.73625620935 4.51498710401 2.67892943554 0 0 0 1
2.28561451075 6.71281372066 3.2290032898 0 0 0 1
-9.36357587488 3.56439564784 -1.04889618971 0 0 0 1
5.11791293721 9.48908763256 0.204116293328 0 0 0 1
9.91115441812 3.25244450578 9.61413069103 0 0 0 1
-7.0872244033 -8.97694756471 6.91544294399 0 0 0 1
3.09179078139 3.19146431834 3.25410043697 0 0 0 1
3.76152621166 0.758488641534 9.70544812701 0 0 0 1
-3.12276964537 -6.8303020543 9.97215024373 0 0 0 1
-3.55415075526 -7.2294048223 -5.44812472228 0 0 0 1
8.66362440114 -1.51275092403 5.75269642737 0 0 0 1
-6.48898172257 -7.02117176837 -9.6842108487 0 0 0 1
-7.83901052674 2.07405688141 3.17842879774 0 0 0 1
-0.658714401904 -6.30984935119 8.60217127094 0 0 0 1
-5.70252442713 2.71901575306 -8.22068888011 0 0 0 1
-7.41401689196 -2.11053766026 1.20167395576 0 0 0 1
-4.78342903619 -0.151097061 1.96257708522 0 0 0 1
-3.91529525165 7.63346916232 -9.67381889643 0 0 0 1
-8.76592954465 4.87469434601 5.09258849512 0 0 0 1
-7.58762488773 -1.52179621055 5.63120273807 0 0 0 1
-3.55374857486 5.82482668376 -3.97450494828 0 0 0 1
8.20694892426 -8.37274878852 -4.27555340743 0 0 0 1
-9.54429257478 -0.955206450277 4.23376222295 0 0 0 1
-4.51243539887 5.3762941815 -8.52501188325 0 0 0 1
-3.08002062423 -8.35721182179 -2.30155612272 0 0 0 1
8.12290229474 -4.31518246431 -2.78500368797 0 0 0 1
4.88585555523 -0.199770649038 -5.41036139391 0 0 0 1
7.58723995319 -7.8085761887 4.12529220227 0 0 0 1
-7.61510669989 9.45067932283 6.46975562255 0 0 0 1
6.82518125214 8.33075903555 -4.19086342636 0 0 0 1
4.8501327266 3.99875999309 -8.28196558115 0 0 0 1
-3.18193166589 3.57432139142 -3.49310024931 0 0 0 1
-3.27806555222 -5.30062757379 -4.97813214793 0 0 0 1
-3.68156179692 1.58986254611 -3.47982572123 0 0 0 1
1.97681397275 -5.10008317084 -8.66684516279 0 0 0 1
5.16860315088 8.38604561855 -5.99876349657 0 0 0 1
-1.54787058262 5.31939349443 -5.34847515546 0 0 0 1
1.77084553663 -7.91298705748 -5.78692593575 0 0 0 1
3.80180765458 1.99784018364 -0.464851623547 0 0 0 1
1.42012730319 -1.7635567366 1.47190115158 0 0 0 1
-5.24275858666 -7.47382062431 9.60333920189 0 0 0 1
4.67027694771 -3.50467326445 8.37143682132 0 0 0 1
7.32860980712 -5.16831249675 -5.19794703848 0 0 0 1
4.35330561034 4.2306231499 5.08682503706 0 0 0 1
9.01759665244 5.29366184497 -5.04090832498 0 0 0 1
1.79834428318 -8.99443178215 -4.28760482453 0 0 0 1
-9.93768822331 -5.57500053369 2.64438383275 0 0 0 1
-2.80909783751 4.3140212173 1.8807463346 0 0 0 1
-4.53445407183 8.66982106905 -3.26320264044 0 0 0 1
-3.50566052435 -9.2574790551 -0.556937463009 0 0 0 1
-5.26559284512 3.36997519785 -9.49691383995 0 0 0 1
-2.69756320068 4.82164387633 -8.99970729672 0 0 0 1
-5.06802633116 7.63218458959 6.08889543581 0 0 0 1
0.435982622709 -1.95498278388 6.80007762539 0 0 0 1
3.04461041866 5.39481538566 7.36899442453 0 0 0 1
3.93260491477 2.14938593758 4.11284473509 0 0 0 1
-5.84406001356 4.1750757545 -4.12536320679 0 0 0 1
-0.84305700548 -3.24437623387 4.99950931147 0 0 0 1
-3.79160155979 -6.31723887063 -7.0299665756 0 0 0 1
0.499362682428 8.29634095704 0.565837568487 0 0 0 1
6.45504587635 -0.735834305898 2.91283687782 0 0 0 1
6.12075763121 6.42728610832 1.92472471741 0 0 0 1
7.85730345645 -2.23094953827 0.509975332309 0 0 0 1
-6.54042429022 -5.00058859497 3.117200577 0 0 0 1
-2.96770044746 -1.61473900537 -7.52118025059 0 0 0 1
3.17671842069 -4.33727370761 6.04955668164 0 0 0 1
4.26614025626 -1.19782126185 -9.24000868394 0 0 0 1
-5.91316911261 -5.13372709021 0.377253749423 0 0 0 1
-0.385788065931 3.31901998786 -9.14621588728 0 0 0 1
-0.63733567569 1.98089446179 -7.62676533718 0 0 0 1
-1.85084298291 -7.55835516731 2.25306113713 0 0 0 1
-0.139269066451 -7.15482905359 1.39473224021 0 0 0 1
3.86726248603 -8.83458134743 -9.27775437498 0 0 0 1
7.11047966128 1.25583685572 7.4690817232 0 0 0 1
-4.95043476702 -3.17235323596 -8.71988501811 0 0 0 1
-2.91123997163 -5.51278015947 9.63124751071 0 0 0 1
-6.88309347023 0.549448112988 4.2081846743 0 0 0 1
9.46972315345 -9.77263554085 2.29817276017 0 0 0 1
-7.62016989216 4.88741133393 -3.85036122862 0 0 0 1
-7.9514439235 6.27730213145 3.7735944716 0 0 0 1
-6.70862225377 6.10550638619 -6.10899063076 0 0 0 1
-1.498959093 1.8791032873 6.27149748004 0 0 0 1
-8.005051415 -6.34062417275 6.73554428747 0 0 0 1
-5.07862182314 -2.17062571543 -5.70131051677 0 0 0 1
7.85372967464 0.128685951072 3.68691969687 0 0 0 1
-9.24627030884 9.84660002995 7.54664134584 0 0 0 1
-2.14565138821 -7.43173991755 -3.75919048466 0 0 0 1
3.23503268746 -2.4715255085 7.01070669847 0 0 0 1
1.73220602163 3.77233307719 8.12198579678 0 0 0 1
-3.79405939797 5.82309177588 9.23564645818 0 0 0 1
2.62280341143 -9.20219505764 -1.07278236443 0 0 0 1
1.28780987461 9.38903659917 -8.98553133341 0 0 0 1
9.24330204193 -3.61431651048 -7.05259774112 0 0 0 1
0.387961929215 3.7605686357 3.39077431528 0 0 0 1
9.79495586834 0.135197710061 -9.60090486271 0 0 0 1
0.635918932481 -2.69276577781 -8.48481202052 0 0 0 1
8.9168493888 2.69273728519 -0.473872037119 0 0 0 1
5.76412429979 -8.30242777866 4.02082777539 0 0 0 1
8.21233462847 -6.37580278986 -7.8771449444 0 0 0 1
-8.3517991736 5.28442605937 -4.64762274958 0 0 0 1
4.65950156464 -3.45714699541 3.75922506534 0 0 0 1
-7.26803217657 2.11423420098 -2.80335922868 0 0 0 1
-0.0363091623557 1.57489607647 -1.33583618343 0 0 0 1
5.18172003339 0.402812966929 3.64689867722 0 0 0 1
-9.44872931852 -6.78442051105 -5.66508304983 0 0 0 1
4.89635290696 -9.17775028815 -8.72381251708 0 0 0 1
-0.427680636293 -3.83106081523 -5.80673079575 0 0 0 1
-8.69345659854 8.79067055007 7.32204418356 0 0 0 1
-1.85633594026 -8.63017738377 -4.90076934016 0 0 0 1
-1.16258900557 -3.24211465398 -3.26115671047 0 0 0 1
-9.59908814668 5.25517739575 -1.49327280814 0 0 0 1
-2.58270118656 5.97058676644 0.802813383243 0 0 0 1
3.25309995602 -7.56749255781 8.88349227066 0 0 0 1
0.513595586681 -3.42577991987 -1.23253058113 0 0 0 1
9.59144175389 -2.11056382398 -5.18879559685 0 0 0 1
