 900 0
 4
 0.E+0,  0.5D0, -.025
 -1.0E-14, .F.
  1.000000  0.000000  0.000000  0.000000  0.000000  0.000000  0.000000
  6.021547 -0.370705  4.337266 -8.818880 -2.808453  3.102009 -9.205243
  3.224666 -8.366204  2.936394  9.780738 -8.281994  1.803495  5.905830
  1.258934  0.547321  2.168481  4.714885  6.904658 -3.733626  1.005425
  9.962063 -1.364957 -4.227737 -2.301016  3.307633 -9.045622  1.173839
  2.699816 -6.114152 -9.406435  3.912284 -5.681268  0.525250 -3.693328
 -9.707738 -6.948031  4.326802  0.123262  6.787355  6.412948  3.609638
 -2.193898  3.790658 -4.084107  1.814597 -2.544164 -0.807944 -6.554526
 -4.515407  8.846234 -7.057186  4.267042  1.574154  6.560097 -1.578884
 -9.653427 -0.616286 -3.149965 -0.165677 -0.795898 -9.569839  5.125860
  2.101611  8.102838 -6.557851 -2.264886  8.517617 -0.058887 -9.850080
  7.020825  2.265982  6.267736 -8.654455 -7.405138 -8.070899 -6.754394
  0.849131 -5.667105  9.930091  2.187258  3.394794 -7.029242 -2.990722
  9.848369 -2.856526  8.995733 -4.347892 -3.856191  0.742206  4.734170
 -0.177967  9.109821 -3.817816  9.613880  1.607721  5.249517  7.369672
 -6.178753  2.036673  9.270607  7.366727  4.806056 -3.382650 -4.796224
  9.805541  6.137450  0.209613 -4.766421  9.141073 -5.273009 -2.432220
  0.402411 -0.231674  6.918828 -7.308541  6.851062 -1.884487 -6.032014
  8.222496  9.765062  0.891488 -5.140876 -6.938084 -8.262806 -8.698753
  0.993293 -9.207320 -1.520486  8.427795  1.272379  9.529230  3.838271
  3.118639  3.472338  1.566178  9.737151  9.754601  8.561805  5.725527
 -3.967409  4.459888 -5.582177  6.961201 -5.828848  3.355866  6.818523
 -3.457083 -8.809215  8.617335  5.366966  7.351183  9.334826 -3.456747
 -6.527137 -8.512975  4.377963 -6.482652 -1.770964  2.525232 -7.581727
  2.910471  7.795751 -5.555633 -4.428123  1.969936  5.292357  8.424338
  2.259510  8.545606 -7.638096  7.053529  9.578732  8.409034 -2.718018
  1.729391  5.851777  4.002254 -4.782737  8.311156  4.777259 -2.626880
  8.345469 -9.117271 -8.499893  1.512249 -9.661444  9.881455 -3.094597
  3.177272 -6.950544 -2.102870 -9.384333  8.035574 -1.696951  1.796432
 -9.802342  9.188305  0.716400 -5.668343 -8.203000 -0.975102 -6.042999
  8.176591 -2.335258 -7.071339  2.713397  2.908276  4.700233 -0.334153
 -8.168905 -5.440549  7.367991 -8.190974  5.952711  3.867913  6.437949
  6.838552 -2.760841 -3.484868  0.463334 -2.722688  2.060662 -5.629173
  4.316864  3.727524 -1.878166 -8.698997  7.006293  1.753302 -9.067882
 -8.766488  5.896167 -4.356447 -8.469179 -8.692106  5.808110 -6.677957
 -0.781596 -3.818794 -6.053111  6.471898  0.361778 -0.467996  4.064320
 -8.538196 -7.347601 -1.009804  3.212629 -5.984724  6.096923  7.789820
  4.887728  9.626218 -5.481010  8.687226  0.272696  2.369529  7.914742
  1.909290  4.292945  2.858306  1.315964 -0.549545 -4.331247  3.599570
  7.991341  9.020480  7.978570 -5.370568 -7.038314 -7.337292  4.673984
  1.920748 -2.720190  8.800717 -1.374184  3.043521 -4.020416  5.521922
  7.647251  3.178096 -5.758879 -7.318728 -2.897222 -3.617712 -8.617222
 -6.581639  1.757656  6.806513 -2.580402  7.968780  4.408617  9.349633
  7.394113  1.623773  6.211274  7.276127 -7.426398 -4.658695 -1.835858
  7.949681 -6.801935 -7.904915 -3.748549  7.563470  6.964130 -9.418575
  0.040044  2.888729 -0.621280 -0.289951 -6.891785 -4.475910  9.866033
 -2.929129 -6.196799 -7.481647  3.811109  2.702924 -2.207615  2.611696
  0.898117 -4.477564 -0.201874  9.219990 -0.557760 -3.583842  2.022647
  3.585613 -4.633890  7.365578 -9.324104  9.020230 -2.952056  3.441150
 -0.051117 -0.001770  8.074585 -8.242273 -5.922505  6.705301 -2.331985
 -2.853884  0.741197  4.223440 -7.465588 -9.660555 -0.700648 -3.476329
  0.117562 -5.506034  4.869666 -9.817140 -0.975204  7.919994 -0.896450
 -1.668787 -5.031015  3.268590 -0.943288  9.997804  1.678411  8.361939
  6.166736  5.438764 -4.214156 -9.615736 -2.475260  8.749215  6.906551
 -9.555846 -6.392955  0.398773 -0.306861  7.993411 -1.013757 -5.709407
 -9.889328 -5.827185 -4.819964  6.786041 -3.505569  3.530415 -2.044545
  1.246339  5.532590  7.233801 -3.141218  2.306701 -1.105172  1.953738
 -8.759865 -0.893855 -4.427395  1.959244 -0.357963  0.562637  8.712999
  1.383830 -4.099447  1.299060  8.740800  7.817757  7.768083  0.937119
  7.044079 -2.167707  0.286286  5.381105  8.425678  3.649707  0.733220
  5.998550  2.246768 -7.323432  9.427022 -0.993292 -6.586075 -0.881943
 -4.903671  0.094150  9.947707 -0.910576  3.648557  5.764091 -5.936021
 -7.659915 -9.291466  7.892602 -1.095650 -1.684280 -1.483851 -0.762782
 -6.040840 -9.293916  3.922085  8.356225 -6.374146  7.644709 -8.559786
 -5.904483  7.071428 -9.462002  9.168836  0.176750 -2.287424  7.105070
  7.136206 -9.999920 -1.228154  6.701414  5.834668 -8.747406 -8.767347
  0.038354  2.953555 -8.180502 -2.234696 -1.189481 -1.188277  5.218851
 -4.511051 -2.691933  4.104371  7.535518  7.124831 -8.385207 -1.720414
  0.726098 -0.048944  8.544019 -0.380860 -8.193052  9.917598 -9.158665
  8.230196 -3.286627 -5.230050 -9.686140  7.578796 -6.151556 -5.246146
  8.286725 -8.548985  2.852205 -3.371143  2.554091  3.517448 -7.957748
  6.268097  8.807374 -6.181415  8.130354  3.931086 -7.336523 -4.993195
 -0.792806 -9.255207  2.349741  3.957196 -6.821568 -6.365582  0.619479
  8.799806 -7.922100 -6.097086  5.079216 -1.698339  8.217359 -2.070490
 -0.968052 -0.317670  9.973900 -4.807021  0.526791 -8.991133 -3.570383
  6.323077  9.811452 -3.046998 -7.186642  2.870670  3.584781 -9.568560
  2.367649 -0.546156  0.061702 -8.817813  8.459884 -0.319139  9.888761
  2.626725  8.436680 -4.587332  1.728474 -0.545737  3.837594 -6.666622
 -8.549407 -6.889174 -2.723666 -6.680697  2.492489  0.351782  9.599390
 -5.381030  2.619747 -0.569809  7.339114  4.106912  3.230101 -7.767951
  9.443902 -8.584024  3.252324  9.236559 -6.393090  1.976217 -9.220507
 -1.409125  4.333017  7.802096 -0.066674  4.365904 -4.481719  8.202836
  6.448439 -6.073927 -5.146414  1.582291 -4.002028 -3.818949  7.903316
 -6.645264 -8.619127 -2.047042 -9.966612 -4.056104 -8.832820 -7.225590
 -6.722951 -3.891273 -4.782960 -7.274908 -8.014228 -6.824222  5.759714
 -3.729660 -8.918789 -3.251856  7.716010 -8.311766 -3.892699  3.613659
  1.098978 -7.088630 -7.860978  6.389341  3.294666 -5.358320 -8.430599
  9.114643 -1.978810  4.979853 -7.122714  8.146637 -8.618435 -3.270964
 -1.970063  3.054249 -4.757446 -9.503118  3.953740 -7.607579  1.634944
 -3.088023 -6.705375 -2.888953  6.520900 -4.770364  8.815923 -0.901505
  1.983458  4.686408  4.744497 -7.809942  5.396914  7.481366 -8.147619
 -3.495034  3.057710 -2.422732  8.279008  2.244045 -0.176742 -7.999608
  8.976605  6.429154  9.321405 -5.630308 -0.958305 -5.809279 -8.733985
  0.583314 -3.312160  4.738566 -2.550753  9.783196  8.250653 -4.602752
  3.207211  6.881722 -9.705912 -4.226371 -6.372984  0.343378 -4.961416
  3.299986  7.765419  3.008801  0.354000  1.423767  9.334665 -2.298856
 -3.580798  9.833123 -3.296198 -8.307885  3.683358 -0.734995  2.960945
  0.237206  5.776944 -4.785611 -0.583487  1.768163 -1.729782 -4.885842
 -1.107788 -7.267184  6.194700  0.993691  5.645825  3.521645 -8.483469
 -0.551248 -8.645016 -4.915288 -5.940881  6.467702  6.201980  5.426903
 -8.247769  0.146695  9.403747  3.013404  2.673121  7.855457  0.483657
 -4.025779  8.371334  2.274902  6.602169 -7.905754  4.697022 -6.719597
 -5.869726 -8.791760  4.207933 -4.430723 -2.384514 -4.125766 -6.379222
 -5.683091 -3.031913 -6.895682 -9.421886 -4.932211  2.174834 -6.585657
  1.950065 -9.208750  8.494894  2.607381 -5.577462  6.789425  3.395943
  6.958726  8.537276  9.132087 -6.663429 -8.914788  5.579058 -4.651263
 -0.310588  3.384588  3.866492  6.778117 -4.365181 -6.167483  2.851609
  2.333348  2.520358  6.197736  5.359393  4.934893 -2.934036 -8.926500
 -0.554479 -7.770774  0.707443  4.442098 -4.457666 -3.401246  6.246537
  9.452063 -1.846631  9.608742 -1.970574  2.226622  8.113183 -2.615446
  8.555983 -9.133227 -0.245339  0.174753  9.045451  4.820285 -0.907126
  7.528944  5.082125 -9.116608 -0.589309  4.987851 -5.614769 -8.997108
  5.471561 -2.313096  6.806618 -6.371379  8.812968  2.381850 -7.081242
 -7.677816 -6.839584  9.312611 -4.086694 -0.637031 -4.215956 -6.167076
  4.150855 -5.309514  8.058554 -6.348419 -3.662471  5.256856 -3.397346
 -0.135009  1.024526 -8.684673  5.547498  6.766238 -8.921708 -5.650977
 -4.603891 -8.859195 -8.947030 -5.615629 -2.450835 -1.403867 -8.870420
  6.614845  8.354724  4.168298 -8.110145 -9.826656  6.852154  6.641681
  9.679342  4.838975 -4.522129  1.677355 -1.260762 -3.580626 -1.192487
  6.264568  0.653038 -4.616331 -8.383661  0.379802  2.967915 -7.370275
  9.425168  8.380192 -9.890691 -7.026567  6.287948 -7.058541  6.285922
 -6.147126 -7.046586  3.735378  1.582291 -4.445245  2.703786  5.327117
 -3.618542  1.533455  6.902379  7.121097 -2.707652  6.321582 -5.348895
  7.976204 -0.792015  0.840819 -7.232012 -0.751096  4.023292  3.235267
  8.074692 -4.840093 -9.622746 -8.133173  8.823201  7.046887  8.215196
  8.157173  5.676056 -1.641389 -4.470568 -1.848478 -1.450967 -9.952239
 -8.576611  8.166577 -4.743336 -2.728118  8.590670 -4.703695 -2.244771
 -1.097528  8.227221  2.972260  0.558358  2.266155 -6.767942 -8.735184
 -4.238641 -9.627553 -5.953736 -0.231994 -6.833062 -4.485614  4.562829
  9.688425 -7.051001  8.496780  5.485765 -1.706743 -0.658523  2.307554
  1.811837  7.024018 -9.439997  1.062421  4.730004 -5.281010 -2.040243
  4.820832 -8.461961 -9.618926 -5.363759 -2.522480 -2.817363 -6.768620
 -5.539884  3.643605  7.964456 -3.813332 -8.795925  7.260944 -0.128099
  2.541247  6.926577  4.973104 -2.757270  0.021985 -6.525094  3.628450
  2.141430  4.334050 -5.116600  9.683638  7.228303 -6.714132  0.989015
  4.887372 -6.463343  9.090792  7.255875 -4.169245  8.927262 -5.678450
 -0.707916  2.543721  3.301366 -7.759312  9.869445 -5.336319 -7.288325
 -5.377088 -4.781640  6.586219 -3.212038  4.745247 -5.101296  7.974803
  5.856971 -3.516584  2.440699 -2.860724 -6.362722 -5.439313  6.916699
  9.776495  7.363108  4.524808  2.412903 -8.600379  4.226572  4.914646
 -1.648988  3.458646  2.336258 -7.129819 -3.975764 -1.040329  2.210369
  5.769984  2.796908  6.375845  3.875284  5.582800 -2.630942  7.314664
  9.708291  4.414429  2.335311  2.817533  4.867941  7.978506  3.826943
 -2.233041  1.558135 -2.754366  9.232365  8.777618  8.133655  1.597228
 -3.310339  4.732810  8.039104  1.503980  9.578302 -2.371338 -4.058527
 -9.618869 -9.712320  0.446671 -3.259084  6.219819  0.335901  3.178724
  9.033159 -0.768074 -1.406733 -8.037875 -5.660993 -4.034015  7.710194
 -5.283147 -2.311122  0.839549  3.821740 -7.053652 -0.364896  7.459473
  3.322457 -2.813812 -8.977683 -8.784986 -8.379473  0.942043  9.018453
 -4.969089 -0.575928 -3.235931  1.776922 -0.094859 -5.422300  1.096677
  9.629677  7.436329  6.974510  0.117732  6.165386 -0.473772  9.712358
 -7.992152  4.014308 -5.606407 -9.560574  7.681717  7.337100  0.539535
  9.151714 -6.007067 -6.898377  7.736684 -9.452414 -8.924745  1.700259
  1.093475  7.311206  1.649512  5.287605  4.357629 -2.395320 -8.977342
 -2.606973 -1.845488 -8.814960 -4.500099 -3.631682 -8.453231  4.728694
 -2.914914 -6.019059  6.048668  6.169261  2.873415  7.477087  0.986134
 -4.045478  1.028999  0.615704  7.339524 -7.066792  8.178560  7.634805
  8.728563  3.381760  1.071505  1.400310  5.007262 -7.692177  6.729087
 -8.094683 -5.014908  0.355195  8.399672 -0.217743  7.808084  7.644487
 -7.344454  6.273159  2.984907 -0.921464 -7.618839 -7.257432 -4.745858
 -9.396508  6.385473 -9.908859  0.911363 -4.333427 -6.035553 -8.885722
  2.679857  3.379216 -5.544989 -1.594289 -0.372822  8.367602 -7.180599
  1.264249  8.497992  0.741868  5.239834 -3.298792 -7.545183 -2.993639
  9.771194 -7.154168  1.763226  3.060821 -4.412527 -6.207419  7.194327
  1.226553  1.591237  5.551407  8.528051  0.531756  9.618718  7.361730
 -7.848640  6.195496  7.165087  4.439559 -4.228686 -4.519682  4.149410
 -8.195124 -1.947619  6.838904  2.357323  4.401617 -2.727618 -2.319147
  4.630857 -8.238113 -7.053630 -0.956049  3.244340 -6.986185  5.711924
 -2.816945  7.779796 -2.871349  0.821321 -4.108340  9.412498  8.470021
 -2.219194  0.324688 -4.356889  3.338293 -0.075758 -7.104967  4.517108
  1.587003  2.645308  5.274886 -5.427910 -5.459712 -2.498451 -2.009055
  2.753757  3.271401  9.870727  1.636776  1.902144  7.567266 -2.096481
 -8.724303 -2.515575 -9.813321  4.638889  9.040957 -8.665479  6.050161
 -5.046717  7.735415  1.215108 -3.147857  2.670319 -6.742335  3.894004
 -5.308864 -2.088442 -4.584315  0.119485 -9.205364  3.854295 -4.359190
  1.086307 -5.246455 -4.444486  0.547120  9.910671 -6.861569  9.712596
  3.829602 -3.399397 -3.887521 -8.989262  9.284321  3.977160 -1.302060
 -1.551962 -5.872191 -1.334187 -9.410648  0.900097  8.469079 -6.498375
  4.588101  6.659776  4.223203  9.867374  3.857915 -3.914194  7.051983
  6.816925 -8.196554  3.455883 -8.168187 -1.840744 -4.861962  7.351125
 -5.428231 -1.697701  5.645598  1.388846  1.921641 -6.905565  5.526680
 -8.238263  9.253768 -8.950422  5.073495 -5.985119 -5.586235 -8.711811
 -3.053683 -6.100380  9.367908  2.987023  7.578180  5.246773  1.129115
  8.019467 -7.929515 -4.830402  3.008032  0.298707  5.029319 -0.989328
 -6.162029 -9.879081  5.734617  7.095180  6.384930  6.576730  9.574967
  8.739222  9.599085  0.568084  3.719694 -8.481113  9.145188  6.695307
 -8.290889 -2.151581 -8.198413 -8.163792  1.895971  3.040813 -3.889230
 -5.688120 -4.512620  4.447732  1.023427 -2.597529 -5.092446 -1.199385
  1.464214  6.939373 -0.394792  2.857906  1.851839 -1.486101  0.569619
 -9.440236  9.187385  7.313137  3.276079  4.024670  5.644813  6.063451
 -1.242082  4.355593 -5.605779 -3.852694 -7.492790 -4.855564  5.835511
  3.147810 -2.317146 -6.552741 -4.905713  4.376661  9.759020 -8.839143
  1.357052  9.768905  0.675013 -7.964757  0.162936 -0.032155 -9.898175
  8.825955 -9.659930  7.669668 -4.334910  5.019803 -5.252726  3.815931
  6.319257 -4.701191  4.308589 -5.425944  5.368544 -7.253105 -5.134998
  2.080193  9.696705  3.009617  9.004551  4.891903 -6.961200 -4.990810
 -7.225362  8.686219 -1.081770  0.652940 -0.946366 -6.566134  1.503172
  1.973089  4.005650 -6.991319  4.754497 -2.297969  7.185888 -5.828833
  7.612434 -9.892698 -5.619959 -4.617810  4.435387 -7.002468  7.504907
 -6.232733 -5.761414  9.618678  6.714286 -2.625718 -4.231262 -8.982239
  5.709422 -1.668345  8.700228 -7.661810 -2.667722 -3.972750 -8.755904
  5.222685 -2.441906  6.875453 -7.969924 -5.813336 -3.581334  2.451928
 -3.970394  5.830341  5.222585  0.425080  9.615796  0.342552 -8.095937
  2.014564 -6.205786 -5.921890  1.080243 -8.048502  7.096505  2.142587
 -0.513263 -7.683622 -1.819296 -4.167487 -2.625408 -3.020272 -5.274361
  6.821772 -5.591607  8.198764  1.043774  8.034261 -1.170460  0.804345
 -8.290076 -2.325721 -8.601121  0.605308 -9.230268  4.159749 -7.293191
  0.404705  8.307455  8.688817 -4.090289 -0.854166 -8.720921 -2.662514
  3.985866  1.804082 -9.134413  5.480825  7.394801  3.294500 -5.315254
 -2.680546  2.159888 -6.060267  4.509781 -7.161385 -0.561495  5.305229
 -0.189275 -6.020671 -9.746189  5.650099 -6.144631 -1.723909  6.753640
  8.581998  8.945281 -8.094727  7.499365 -2.704931 -3.593252 -9.018462
 -2.308639 -2.514677  3.257571 -9.870054 -1.960271  4.007740  7.405146
  4.061509 -1.432118 -2.004196 -8.880667 -9.298644 -4.542760 -3.978858
 -8.892828 -1.350455 -0.926013 -4.670987 -3.055608 -3.291806  8.509305
  1.720088 -0.214129  8.132144 -6.826953  9.540413  4.634323  6.354438
  5.412947  3.156880 -0.333375 -1.245523 -8.329898 -8.355047  4.648372
  0.467872 -8.228982 -8.564136 -5.695684 -5.116438 -2.399222  5.152738
 -7.021100 -2.788583 -2.930655  7.157790  0.952631  7.534517 -5.216300
  8.272925  6.340450 -2.448166 -8.014016 -7.631204  0.741838  4.257038
 -4.241169 -3.152345  5.810108  8.531999 -8.261254 -5.680913  1.535250
 -0.598574  1.036605 -4.425406  2.533758  5.242251 -6.022673  3.271187
  5.221505  3.548639  9.623800 -1.258390 -7.397821  5.302341 -2.764945
 -2.336002 -7.680149  9.138909 -9.880734  5.466048  8.262815  1.675401
  5.605957 -3.700678 -4.032424  1.899208  6.116707  2.486519  8.009358
 -8.230877 -9.594360  4.303107  8.834807  2.893034  1.204701  5.639893
 -8.253675 -4.302676 -4.963666 -8.521584 -8.198260 -4.629347 -3.325305
 -8.893346 -7.348721 -9.915738 -2.210565 -3.991629  9.759332  4.180270
  4.867008  4.607813 -7.755683 -1.439960 -0.195169 -7.364369 -9.593921
 -7.374793  7.015734  0.754785 -4.615924  6.169196 -8.796600  4.007234
 -4.335921 -5.766020  7.078083 -5.848163  8.903981  6.023750 -3.986072
 -5.643351  0.429910  0.611366 -1.650671  7.895909  8.321688 -5.167328
  4.799820  1.293711  1.620527 -6.772936  0.962146 -5.629006  9.198158
  7.271162  3.639126  8.632798 -8.914314 -3.098508  3.403719 -1.524378
 -8.285391 -9.141059 -7.719963 -4.847064  1.472630  6.444130  8.251778
  2.491730 -9.028524 -0.173980  9.314836  9.481453  3.931962  6.232245
 -7.462318 -1.861098 -6.076300  6.280244 -5.462148 -7.534610 -5.065461
  7.968789  6.262250 -7.501976 -2.103599 -2.849231 -7.128152  0.427430
 -2.453364  2.788662  4.584593  1.533434 -9.823506 -6.365405 -7.790543
  9.511727 -3.196618  9.356692 -2.617881 -2.060462 -2.820121 -2.021207
  1.075587  9.675429  0.815958  8.230769 -8.609564 -4.262608 -5.170108
  6.622276 -5.619566 -5.299689  4.003419 -6.184026  1.720362  7.313365
 -5.784224  6.458418 -9.889059 -1.121104  4.875414  1.180878  5.080080
 -4.494246  5.499682 -2.713089 -0.200194  6.162113  1.381930  4.465672
  7.704808  4.973290  6.634427 -7.218146 -2.562540 -6.883561 -6.101266
  2.980359 -0.080097  0.948143 -7.730978  5.345526 -7.489594 -0.861680
  0.850903  8.210043 -3.889056 -0.697226  1.547473 -0.354023 -5.337004
  7.258152 -3.493661  3.682985 -4.374208  2.096259 -9.109653  5.493499
 -1.088859 -9.586973  3.116542 -4.521902 -2.820240  2.547684  3.413286
 -5.030318  9.209267  1.949767 -3.145392 -5.917503  0.517298  4.884879
  2.657260  1.345473  5.905587  1.964818  3.938136 -0.624930  5.289021
 -1.226703  9.606056  2.252013 -4.254407  1.720889 -3.977742  3.331182
  7.808216 -4.150254 -7.229652  7.238486  8.998885  5.754694  5.022343
  8.661646 -7.895178 -1.514363  0.104254  8.056258  3.907046 -6.739797
 -1.307967 -7.748981 -2.981934 -7.618166  3.584204 -0.028682 -3.770326
  5.305326 -5.955276  1.199963  4.993074 -6.889361 -6.165051  5.308541
 -0.800067 -0.582841 -1.323020  6.512546  7.161387 -3.277244 -7.895776
 -7.111119 -8.912261  2.686490  0.719053  0.958835  0.720169 -9.833694
  1.845139 -3.310589 -9.115075  7.195144 -9.508562 -9.539641 -4.790014
  7.089631  9.663156 -2.862299 -0.069679 -2.895707  8.564190  6.428508
  5.003251 -2.440525 -5.086117 -2.406986 -7.580294  2.463793  3.262545
  4.533776 -1.166672 -1.560118  7.097278 -6.081204  7.260401 -5.384408
  1.783830  3.237376 -6.865240  3.865049 -5.797504 -0.546524 -8.006935
 -0.440727  0.331563 -9.985667  7.030215 -1.245377 -2.836434 -4.193894
  0.713256  2.019215 -2.617419 -2.571258 -5.622159  9.356277 -8.364440
 -0.379534  5.096754  9.275314 -6.603197  8.255194 -3.693974 -5.905732
  2.505952  4.590794 -7.453394 -6.995197  0.827079 -5.140952  0.061112
 -7.026541 -3.320393  8.768041  5.423507  0.363192 -7.935175  4.235892
 -2.193372  2.827271 -0.577185  5.648509 -6.982080 -5.978960  8.403940
  5.056672 -5.630816 -3.255501  3.118673 -9.848728 -3.246482 -0.545543
 -1.897354 -6.646422  9.759703  0.083426  0.059589  2.570346  1.264213
  4.340549 -6.427971 -7.282538 -2.611432  1.349471 -2.826595 -4.624328
  9.434121  9.757101 -9.969235  2.212634 -4.005587 -9.541007  0.813069
 -5.398748  9.441500 -7.388728  5.859154  6.690901 -5.017840  0.875821
  4.510633 -7.385426 -7.242802 -4.419417 -4.421272  8.500395 -8.887143
  3.341404 -9.334464 -9.282060 -6.344642  9.438604 -2.372074 -9.810515
 -4.015759 -7.287219  3.172847  4.010769 -2.071664  3.656995  6.419607
 -1.779034  7.504546 -0.308342 -4.314944  5.071546  7.502315  0.988681
  2.568934  0.833647 -6.484343  2.942243 -7.779888 -1.800871 -4.504966
  0.487341 -4.266669  2.592587 -5.583889  6.786037 -8.286047  2.918709
 -0.017224 -2.558763 -3.779976 -7.829386 -5.687281 -5.337991  9.091153
 -4.533577  0.836393 -6.624913  4.547440  6.958161  8.902372  2.113929
 -2.072627 -3.138083 -7.206933  8.086399  7.606336 -4.445509 -2.196122
  9.409969 -6.317863  3.270510  3.816750 -8.218214 -3.884850  0.737731
  1.455544  9.982181  9.441442  5.913979 -6.633975 -3.259319 -7.916497
 -2.338842 -7.973223  9.984122  6.140089 -8.875520  0.434649 -9.835947
  5.155302  1.191988 -8.795963  4.144979 -7.218044 -2.204065  8.418333
  8.501278 -9.513115 -8.439692  0.371994  1.638033  8.490478 -7.598120
 -8.600613 -7.116475  6.653709 -6.043389 -0.396842 -3.810325  7.517503
  7.947790 -0.545840 -1.112245 -4.593527 -4.945345  0.502407  8.049546
  8.381589  6.659568 -3.867265 -7.484040 -2.764665  8.997547 -7.254746
 -4.250064 -6.554596 -2.317101  4.870199  6.213603 -7.884115  3.117691
  6.297959 -2.434028 -3.195934  1.485519 -9.431068  1.860810 -3.971354
  1.471715 -3.703620 -6.565736  6.873217  7.426498  3.724565 -5.212768
 -1.159367 -7.320290  9.223962 -2.247244 -0.534597  3.148103  7.889821
  7.234758 -3.376349  0.572236  9.657957 -2.568274 -8.005746 -5.142282
  3.669319 -4.974676 -5.282488  2.415796  6.996857  7.479279  8.416968
 -5.012232  9.597096 -9.300864 -3.449793  9.294968  9.741844 -5.094290
  3.334512 -2.316683 -6.266252 -4.556502 -8.937512 -3.108219  8.847236
  8.392114 -3.925641  7.077678  4.673396  4.047650  9.606742 -0.579266
 -0.804768 -7.510762  5.859661  5.944847  4.982953  9.034861  3.410443
  3.933548 -8.914847  2.083980 -0.939182 -9.707558  1.377241 -4.792643
  7.720469 -0.462807  0.286578 -5.898832  4.371779  6.694661  7.878456
 -9.802361 -1.794403  4.130697  5.914181  2.796159  5.943588  1.767118
  5.954425 -7.490995  6.232597  0.732035 -0.452144 -2.624005 -1.846800
  1.799089  6.568731 -2.513260  2.716191  4.577421 -8.668640  2.434828
 -7.252408  9.711760 -1.260346  0.805406  3.345349  7.557220 -6.014730
  1.472513  1.335174 -7.224202  7.327026  4.691631 -3.915445  1.428225
  6.993270 -2.951615  1.098162  8.839536  6.597009  5.061938 -8.906823
  0.134445  5.612145 -8.378431  8.224549  1.880419 -7.253823 -6.232937
 -5.221034 -6.448045 -4.847875 -9.257079 -1.686284  5.615567  9.717478
 -8.608044 -0.048689  0.499071  1.859823  5.489083 -5.944138 -2.153002
  8.890506 -4.427348 -7.358809 -8.409823 -3.800355 -7.072765 -6.687128
 -8.784765 -8.856405 -5.727102 -5.593010  3.376911  8.791883  8.702024
 -8.250735 -4.641801 -1.722485 -2.503105 -5.962123  4.297120 -1.710247
  1.396386 -9.398486 -8.949315 -3.058172 -8.705177 -1.787768 -3.556247
  9.595997 -9.301390  4.242533  5.951554 -3.146683  0.301102  4.971346
  3.715632  1.629042 -9.749931 -6.014741  5.478022 -3.699701  1.332443
  0.992585 -3.333239 -7.443236  5.949709 -5.625755  4.228148  6.117218
  3.320420 -2.015199 -6.937318 -6.243013 -1.684320 -7.354745  2.803476
  6.349255 -1.374807 -5.661200 -8.343811  5.602377  2.054815  6.196009
 -9.675864  3.771435 -1.097666  1.748058 -4.474937 -3.528212  3.719521
 -5.949759 -4.197893 -4.514814  0.771537  2.605201  2.064841  8.038348
 -1.456760 -1.624324  3.493139  4.647013  4.231235  1.105691 -9.886590
 -9.362953  8.561781 -4.246804 -3.688144  8.327247 -9.163490 -4.144790
  4.855388  7.970495  6.644689 -3.331775 -7.972306 -9.736293 -5.838453
  0.963588 -5.428202  9.048711 -0.251666  9.860860  2.029503  9.038772
  3.435256  3.463072  4.269392  4.851360 -3.831178 -7.627985  4.451453
  0.885516 -4.228421  0.341923  5.588511  6.407175 -1.224263 -5.858738
  6.619050 -5.666684  9.290852  0.212074  8.793642  7.641374 -8.802178
 -0.173925  1.481997 -6.129845  7.793980  9.979726  0.136568  9.441873
  7.517989 -2.724659  3.548569 -7.411821  7.843305 -0.678976  3.211466
 -5.141233  0.216781 -0.107674 -4.558288  8.077498  3.139408 -4.286364
 -3.583670 -1.784811 -8.382010 -8.180711  5.593396 -8.738448 -4.262567
  6.749842 -2.326005 -9.509478  6.832655 -9.074128  9.975295 -9.840249
  8.853605 -1.536454  2.720271  2.081878  7.827382 -9.518447  4.877076
 -3.030704 -8.056644  8.059158  5.597943  4.532815 -5.437377  2.036874
  7.306832 -5.556033 -3.343966 -1.574702  0.319222 -2.897260 -7.414627
  9.580903 -4.894139 -2.353690  9.588360 -1.216998 -0.983957  7.450719
 -4.847441  3.991640  8.336274 -4.775967 -4.881247  3.412813  4.227030
 -9.870397  2.766763  4.121570 -6.431062 -0.866258 -0.290320  6.146042
  8.385531 -4.170123  4.246990  3.468249  2.087327  1.181565  2.298031
 -8.046291 -9.479682  9.500718  8.740526 -3.215653  2.369603 -9.697064
 -3.038573 -3.945711 -4.619862 -9.609900 -4.142434  1.047218 -0.148502
 -0.029412 -7.937465 -3.167617  2.130339  1.684417 -4.218471 -0.408278
 -1.376603 -4.340146  7.303121 -0.435637 -5.764083  5.674376 -2.315184
 -7.671880 -0.808912 -1.425875  9.472062 -0.077252  4.918098 -4.339250
  8.977638  2.797685  3.559814 -8.352277  1.522486  2.864591 -9.804328
 -8.460895 -5.114273  0.536927 -7.355576 -7.697843  2.576489  7.287212
 -4.702125  8.050616  4.616389 -2.757672  4.648874 -6.396127  0.153416
  6.798297  0.601878  1.125352  9.329085  0.836107 -8.526008 -4.440163
  0.611921  6.063699  1.674579 -7.460073  4.450471  8.434213  1.202363
 -8.438722 -6.658040  0.570788  3.851259  4.267855 -1.880402 -9.126422
  2.534439 -8.999562  9.332985  7.989171  4.321355  0.381442 -4.705738
  9.259545 -5.860501 -9.264283 -4.716269  9.735494 -6.019389  6.615801
 -5.669033  8.700434  3.244308  7.988221 -8.770998 -0.957422 -1.148782
 -2.731314  4.386526  3.007857  9.030516  6.302261  4.428398  2.180667
 -8.950767  3.007552  1.746903  8.863217  7.014752  6.590524 -5.955445
  8.368411 -8.874595 -8.173646  1.035757  5.840096  4.495897 -7.059088
 -9.817554 -3.766735 -1.198285  4.488067  0.219208 -5.997123 -4.790453
 -5.859486 -5.976749  7.789605  7.729142 -6.384137 -1.850311  3.212583
  1.422724  0.011659 -5.895615  9.080536  2.013425  3.515018 -0.506046
  3.449661  3.062182 -4.464216  4.379267  2.574555  8.064022  8.029140
 -6.668880  4.657077 -1.201731 -3.962858 -7.933015 -7.478536  5.982339
  4.255649 -8.271405  0.442425 -5.628585 -1.775015 -3.528388 -8.495447
  6.982373 -1.883598 -5.965390  8.950939 -7.620553 -7.143848 -8.916085
  7.055721 -4.935159 -3.696211 -2.550922 -4.828448  4.344048 -2.711141
  0.918874 -3.272223 -8.674170  4.191035 -4.150623  3.502038  8.704521
  7.936474  0.325449 -5.922976 -0.675554  7.019055  3.799404 -7.286556
  9.645262  1.163066 -3.514802  1.774900 -6.821185 -1.633628 -9.551112
  9.447819  9.515538 -8.000663 -8.651182  2.566362  6.209263 -7.106403
  9.844467 -8.862273  0.161933  3.831995  6.739831 -7.274236  8.639839
  5.251463  2.543843  8.514968 -4.904462  6.731527 -5.914542  8.095356
 -2.697962  0.131052  0.597060 -2.843333  5.655770 -4.088710 -7.327815
 -0.258900  8.117846 -0.702086 -6.135146 -0.440102  9.921249  9.256669
 -5.241312 -4.379885 -2.910335 -1.521916 -5.765440  7.622064  9.910501
 -5.464558  8.538527  6.566434 -8.300277 -9.396134  6.465717 -2.219149
 -8.773434 -9.947096 -3.176622  0.566519 -2.829278  7.824556  7.872847
  5.198413 -3.150585  0.069476 -4.157902 -8.920275  4.006829 -5.107022
  8.387784  7.785660  9.279775  2.288738 -6.111549  5.677884 -5.519599
 -4.370643 -2.526511 -7.326160 -3.753696 -3.980051  2.490825 -0.089659
 -1.634391  1.447215 -8.432471 -9.884588  7.871281 -6.031421  7.069059
 -2.760850 -4.748656 -8.161815 -2.865568 -6.696320  3.485609 -9.922705
 -4.467292  3.199907  7.463258 -7.913937  4.110679 -4.483085 -2.751611
  8.800934  0.570754  7.023466  8.118926 -7.770399 -2.805977  5.194361
 -8.991398  9.490367  2.941575 -1.244831 -5.193872  0.628608 -9.243346
  9.764110 -2.230995  1.351013  6.893939  3.140059 -4.653995  6.656073
 -6.143481 -2.530045  9.931748 -1.781574  7.755192  2.455303  7.734663
  2.898137  0.185252  6.595618 -4.910287 -1.859609 -0.543866 -7.775431
 -1.697332  8.911985 -3.233251 -3.122362  6.564095  7.193235 -6.092584
  8.738989 -3.093390 -0.631461  8.854604  6.463637 -2.973123  8.321218
  3.839802  1.921832 -1.369237 -1.167786  5.537739 -7.333163  0.005546
  7.589155 -6.720077 -4.156878 -6.007378 -8.364732  8.046363  5.877924
  9.224102 -8.538481  0.316023 -0.005802 -1.142941  5.671274  0.110657
  6.401786 -9.968365 -1.640093 -1.367200  2.903105 -0.211926 -5.996603
 -5.538214  7.513807 -3.646085  1.123149 -7.200402  7.252842 -9.497712
 -6.290633 -4.976093  0.705284 -2.393689 -7.831882 -5.502636 -9.176782
 -4.874553 -0.978876  2.608686  2.779554 -5.933209 -4.937523 -6.879847
 -3.888156  1.379784 -8.638340 -9.408011 -0.357741 -2.163242 -3.324507
  4.510704 -2.971985 -4.711180  3.476760 -1.051607  3.647321  5.153576
  2.649707 -8.023605  1.234052  0.649261  6.207681  0.585443  2.310684
 -8.837513  6.310785  2.036424  2.039071  3.797560  5.242003  3.977544
 -6.063519  4.113415 -9.693172 -0.459506  5.160319 -3.964653 -5.233698
  7.741727  9.520263  0.201938 -1.277593  8.993817  5.371209  1.877918
 -8.452666  0.341864 -6.971102  4.117831 -2.049336  7.230223  5.018498
  6.678939  4.259036  5.208967 -5.913761  0.072817  4.093741 -0.774235
 -3.707827  2.228741 -1.947495  1.616052  1.653754 -4.958634  3.392153
  6.169358  6.555939  9.510730  4.689454  6.345104 -0.132421 -4.668859
 -2.133904  6.834742 -4.894261 -6.252188  0.472771  9.594672  1.802096
 -4.137127 -5.544011  8.198469  2.794056 -3.050852  5.843039  6.769884
 -9.446487  1.104224  1.085814 -3.746394 -9.133658 -9.792103  1.942754
  2.336221  0.401712 -9.525865 -8.719281  7.053206 -3.801801  3.435720
  7.596697 -0.498664 -7.928397 -8.375531  8.171664  1.267028  9.489500
  0.889516 -9.811609  1.662164 -9.258413  3.177673  7.288997 -2.546721
 -1.775988 -7.576737 -4.252599 -2.622609  1.607883  7.020842 -4.010415
  4.158294 -0.687641  1.197668  2.128594  7.878169 -3.323911  8.480904
  2.949748 -1.406873  3.403581  5.105061 -3.751692  4.736893  3.193960
 -0.154568 -9.928729  9.964750 -7.100943 -2.727065  0.908418  6.859222
  6.823768 -5.217910 -5.962915  1.468012 -6.856943 -0.200725 -9.095707
 -9.175204 -7.341824  9.368734 -1.670894 -3.167830 -3.234162  8.777924
 -9.981185 -1.404156 -2.239557  2.904476 -2.539961  0.752188 -0.418730
  0.038682 -5.171104  2.480716  5.658357 -9.858585  7.242867  4.602516
 -6.387158  5.900015 -9.604815 -6.778783 -9.188133  8.651236 -1.287700
 -2.357703  7.916298  7.779837 -2.136725 -4.900778  9.806557  4.164374
 -5.802566 -9.361834  0.306643 -5.679054  1.383936  2.269557  6.632608
  2.812850 -5.447661 -7.441818 -9.504482 -7.980088  8.016656  2.297778
  8.498823 -3.574607  2.697307 -7.794056  2.008538  1.192174 -9.274261
 -8.756279 -7.644061 -8.181280  7.493071 -6.277212  8.228563 -6.550027
 -9.887069  2.221490 -2.507118  8.228047  4.469345 -4.297293 -3.170690
  4.276504 -4.748564  5.189216 -2.163503  2.163326 -9.071844  7.002580
 -1.549184  4.422014 -5.199222 -4.246777 -8.630591 -5.177437 -2.453518
  1.608157  7.805383  8.877567  0.107230 -6.596222 -3.196682 -7.355053
 -5.090926  4.315639 -4.543229 -8.268380 -6.395537 -2.347960  4.442891
  0.155164  6.191672  7.738470  2.928133 -7.913277 -8.599411  5.154233
  2.323314 -6.705076  8.861002  1.630583 -8.835924 -8.247189 -2.515424
 -1.263780 -0.462828 -5.984248  5.922939 -6.414503 -2.272878 -1.244792
 -9.500385  5.594979 -2.390878  7.698954 -8.955643  5.736626 -5.871004
  3.485425  7.670845  5.744405 -2.551456 -1.759389  0.592348 -2.715104
 -5.459999 -3.158277  9.557174  0.548982  0.653605 -1.299001 -4.673110
 -4.995472  1.496961 -5.504182 -3.634787  9.133758  5.423859 -6.733675
 -9.941833 -0.622654  1.432704  7.800453 -0.711595  8.919867 -7.314248
  6.426263 -6.811029  5.008552  2.836221 -8.159315  0.261150 -3.888160
  8.217667  3.223093 -6.767069  5.747462 -7.096864 -7.326076  0.267401
  1.067235 -5.193974  0.381282 -5.794804 -9.692033  5.641069 -1.466967
 -5.361817 -2.851430 -8.913902  9.193549 -0.374763 -1.052849 -6.558707
 -4.539172 -9.585080  7.093180 -9.258606  2.487554  6.153780  8.560651
 -0.948592  3.977221  4.009421 -2.360441  0.104554 -8.188972 -7.747060
 -1.254132 -2.736054 -1.056809  9.856569 -4.417844  2.967859  0.026964
  2.191792 -0.625628 -9.987106 -9.838781  3.260000 -9.197979 -6.018794
  1.655793  1.893806  7.893756  2.060245  5.220259  9.549591 -8.069685
  3.533463  8.391161  1.365318  2.402060 -1.912450 -5.434817 -9.157334
  3.480112  8.677717  6.830483  2.519588 -7.435732  4.040208 -6.185381
 -1.900102  7.125831 -1.680009 -1.995058  4.395640 -2.521683  1.178752
  6.896396  9.504340  0.282743 -2.783305  6.949248 -7.917502 -4.679812
 -2.609630 -5.067688  1.909481  6.146993 -7.988225  0.940488  8.133717
 -2.799058 -8.238928 -9.474804 -7.238668 -5.717654 -5.972083  3.726128
  6.445754 -1.333317 -5.090432 -6.427646  2.064932  2.973961 -2.299173
  3.011232  2.131270  5.067094  4.816101  1.413086 -4.956105  1.771124
 -3.713645  3.921577  9.455017  3.616587 -4.917252 -4.020152 -1.157754
  7.021759  1.772199 -2.526397 -3.274218  9.368757  3.593628  4.401296
 -0.248030  3.465363 -1.327854 -9.066017 -7.376549 -9.339486  2.226909
  5.118827  2.483971 -4.932060  8.931270  5.044079 -2.537852 -8.428936
  4.422460  2.122296 -6.745377 -0.017298 -6.361300 -6.177322 -2.727988
 -8.128152 -7.424430 -5.577815 -9.232408 -7.182121  1.037889 -8.046966
 -5.270205 -3.941288 -0.997715 -1.205552  9.144981 -0.779938 -8.256282
  4.702542  4.588117  8.188797  6.017780  7.416345  7.166785  9.368410
 -6.300088  3.678092 -5.833090 -4.879872 -4.196464 -7.761776 -7.785262
  3.471617  0.433163 -7.357602 -2.184138  4.920427  9.344966  2.201716
 -8.947002  0.832925  8.192606 -5.332146 -9.193734 -3.369115  1.202370
  8.154182 -4.463671 -9.297700  6.673415  5.207675 -1.677904 -3.075517
  2.544471 -4.395009 -2.795725 -1.310428  0.511075  4.039755 -4.402881
 -6.388469 -8.988086 -4.527436  8.503999  9.010336  8.481953 -1.812344
 -3.829209 -8.382256 -9.757878  1.469904 -3.958575 -8.527401 -2.779363
 -0.880045 -6.080500  1.073466 -4.778903  8.295909 -4.446721  8.977847
  0.127124 -4.782683 -3.246701 -9.596123  8.279836  2.403174  7.300875
 -0.620530 -2.943076 -2.785893 -1.383621  8.602836  8.009342 -8.902615
  4.594760  5.382950  1.512516 -4.247167  4.093200 -7.354170 -3.617565
  4.669316  5.215892  5.173240 -0.974529  9.178969 -3.860332 -3.947314
  3.480746 -0.119581 -7.817340  7.978203 -3.770014  6.306268  6.491778
  5.558835  8.397658  0.792149 -3.342553 -8.652138  4.315197  0.829432
 -2.136839 -0.971334 -0.119631 -7.262430  6.135883 -9.854149 -9.580144
  1.353473  5.119811 -5.418176 -6.386914 -1.273372 -6.772618  6.091659
  5.699105 -6.338425  8.986135 -1.568842  6.280987 -9.070719  9.761033
  7.775954  1.793272 -1.264008 -0.991325 -6.142979  8.693958 -5.932148
  1.968957 -1.641435 -7.099903 -8.935962  9.906730 -1.771100 -8.217164
 -5.839713 -6.330189  7.304012 -0.827816 -2.092667  8.077498  8.375365
  4.860940 -3.736810  0.780137 -2.462305  9.052967 -8.038810  9.383160
  1.365740  9.777629 -2.439411  4.777009 -0.676546 -8.762983  8.616380
  5.700435 -9.937388  9.394241 -1.268783 -6.858526  8.586332  3.619569
  8.337834  5.754322  5.733343  4.105577 -0.714000  2.426382  6.296240
  8.112556  8.358743  7.016820 -0.390590  8.640021  2.004791 -5.760565
 -6.154744  7.311050  9.839598  3.483339  0.049336  7.616150 -0.906344
  9.204407 -4.971827 -1.712375 -5.573429 -9.835180  8.273802 -0.420757
 -8.691602 -7.979626  1.552862 -7.131058 -4.733306 -7.724437  8.539289
  0.053789 -1.069499  9.204952  9.284260 -4.835181 -6.170456  9.625280
 -6.030345  8.890259 -0.102772 -8.981040  4.247010 -9.035808 -7.702180
 -2.054199 -8.014681  2.554926 -0.663195  0.210795 -8.907338  4.473756
  3.960794 -5.483077 -0.978740  2.850104 -4.271779 -0.448891 -8.856526
  1.433104  1.917599  7.743393 -2.306069 -3.475337 -2.052856  7.629060
  5.057390 -8.124774  3.484131 -5.113283  5.518503 -4.766763 -9.538021
  8.802592  7.799937 -8.616844  3.001292 -8.388870 -4.036749 -3.323581
 -0.622934 -3.681663 -3.853877  8.618177  8.472588 -4.578577 -8.827656
  3.690404  9.002058 -8.876702  9.374733 -7.243548 -2.667834 -1.410366
  7.701081  4.387682  1.836651  1.554618  2.362468 -9.083676 -6.739907
 -0.111756 -3.401676  4.951180  1.838810 -2.503489 -1.665882  6.291236
  0.048710 -9.141903  4.179861  3.127207  5.470835  8.294885  2.261731
 -5.833205 -4.435577  0.504028  4.543519  6.052872  2.751736  6.148477
  3.278523 -0.275907  9.729813 -0.594048  0.811240  1.353568 -5.802024
  6.161181 -5.705595 -3.289146  4.446940 -4.115498 -2.858013  5.569511
  3.198970  2.389333 -8.560495 -1.435927 -7.924799  1.403430 -1.114323
 -5.283135 -1.976885  9.703953  6.617806  2.903378  7.600561  8.395013
  2.413024 -1.364812 -3.755417 -2.751903  7.719329  0.314067  3.871291
 -0.195173  8.259454  1.288706  6.164669  3.933524  3.184917 -2.661790
 -3.800458  0.824313  8.813873 -2.717204  7.369057 -5.822808  9.233183
  3.765738  2.695466 -8.461310  7.660273 -8.540231  4.739073 -2.455933
  8.904876 -7.433345 -8.989670 -1.408893 -3.844707 -3.142260 -8.098070
 -7.691296  4.019386  9.748723  8.592669  0.922273  5.081149  3.982583
 -2.821918  2.352249  2.800801 -1.464654 -4.199020  4.278918  0.510510
  7.408767 -0.906751  5.263971  8.713198  5.955703  0.267594 -5.724603
 -3.256750  4.648897 -4.345239  1.973648  0.583065  6.689377 -5.817043
  4.515391  6.452175 -9.358028  1.625809  2.041209  2.804873  4.229333
  5.211885  8.553147 -1.427429  6.238384 -9.233178 -5.199510 -8.765476
  6.907647  7.509299 -3.612152  0.089211  9.831875 -7.028165  6.055218
  0.063278 -4.705863  5.474122  0.093554  6.880886 -1.978320  5.480249
  9.865430 -4.153374  4.446652  9.583687 -0.589535  3.459338  6.040284
  8.032759  3.301445  0.249182  6.513987  2.313679  5.906322 -4.458824
  3.776939  8.966253  3.262876 -3.704019  9.428009  4.805990  1.337414
  4.968035  2.764275 -9.038279  3.799853  3.881061  2.040562 -2.808859
 -5.044000  0.091954  2.804474  8.146140  5.846201 -1.163488 -4.865409
 -7.841124  9.887662  5.112443 -6.866088  8.256808 -0.946134 -2.512902
  1.129049  2.504068  5.329752  1.721221 -9.541459 -1.687509 -0.483428
  5.812938 -6.387660  0.319063 -4.256085  4.618832  2.120049 -2.465716
  7.399920 -0.170725 -2.146292 -5.143886 -4.314827 -4.672174  9.749677
 -0.549846 -6.161281 -2.779727  2.855297 -8.718562  1.438957  0.704816
  4.211783 -6.419282 -1.685809  7.707031  5.575450 -1.812762  9.907778
  0.666895  9.379521 -0.476497  1.921684  2.247969  4.121870  3.202108
 -5.223023  3.365148 -4.984591  5.034933 -2.693845  6.273369 -4.045713
  3.443720  5.517726  2.973184  0.612579  9.663073 -1.670533 -7.637497
 -1.988039 -9.081610 -6.258465  9.398690  2.622865 -0.547979 -8.940781
  5.328780 -7.677525  4.016613  7.001909  7.169954 -3.060354 -4.609793
  2.894809  8.048041 -7.227131 -6.019731 -8.180763 -4.294885  7.157389
 -9.462903 -6.460606 -3.823942 -4.246685  6.852029 -0.955123  2.124253
 -7.582928  3.878828  6.698575  2.367764 -0.143921 -0.700483 -2.851244
 -6.260443 -8.052147 -7.865042  5.272585 -4.376795 -2.423952  7.971117
  5.381163 -2.697860 -8.850564 -5.549731 -6.897966 -6.082075  8.550221
  2.033239 -1.577036  2.607676  4.194454 -5.124776  6.817039  1.966212
  3.441992  9.345586  2.478633  1.486522 -5.326346 -3.529022 -8.969212
  5.355957 -9.833129  9.084949  1.611724 -6.223531  3.536129  3.276263
 -2.335175 -6.883708 -6.031328 -2.605545  0.710159 -5.807006 -1.851712
 -9.163831  4.953528 -9.181168 -1.172951  8.314041 -0.044393 -5.871805
  7.180590 -1.219849  3.661496 -5.861731 -3.142746  1.682297 -2.997357
 -2.527089 -0.254858 -9.929888  0.587458 -2.647112  3.336482 -0.947864
  4.342726 -9.686268 -0.368780 -6.184771 -5.198758 -8.779857 -2.177234
 -8.859188  6.079653  6.401936  2.476722  0.094201  8.127952 -6.044628
 -6.402592 -6.676280  8.117418  0.338110 -3.158759 -4.327168 -0.594719
 -7.955382  8.740670  9.793145 -0.491008  7.520671  5.733733  6.422737
 -0.932363  0.061519 -4.534089  6.537970  9.602687  7.826682 -3.575741
 -0.073015  7.453257 -0.368038  7.500027 -1.055253  4.815984 -2.540561
 -9.582605 -1.436873 -2.950280 -7.938104  8.754501 -4.879202 -1.116294
 -9.978440  1.285054  8.063844 -5.686769 -0.877842  5.549966 -2.134522
 -7.750373 -5.868671 -0.340211 -1.605622 -7.267091  1.404824 -2.069248
 -3.998952 -5.754715  1.186435 -6.297502  3.103967 -1.181694  1.108438
  2.302453 -7.915521 -7.687667 -6.322986 -7.191325  4.827386  8.166193
  7.013272  4.609589  7.760567 -1.474549  1.548958  5.726205  8.932007
 -8.924132 -2.723900  4.759279  1.404050  8.431812  2.181543  5.367313
  6.149393 -5.602838  2.471232  1.525304 -7.114145  1.198929  7.359470
 -9.344093  4.812745 -3.094922  0.593194  1.783376  7.635077 -8.017639
 -9.890766 -5.411759  3.501214  8.048138 -3.614382 -5.763244  5.129363
 -4.621418 -5.987941  7.076211  2.772539  7.410544  5.305581 -4.008821
  7.016663  3.864388  7.013100 -6.286905 -6.762210 -5.443096  4.237975
 -7.162530 -8.446415 -0.571814 -1.017649 -5.069223 -9.910798 -7.897097
 -4.611130  5.675842 -7.621931  5.808805 -1.043422 -9.092297  2.492961
 -1.015411  0.935027 -6.130404  2.374348 -6.735361 -4.911736  7.478214
 -5.975877  7.114989  1.888281 -5.536108  3.030626 -1.912694  1.106407
  7.953531  6.638156  3.968492  0.221476  0.968884  4.804303 -4.615243
  8.268760  6.567083 -0.582482 -7.929480 -3.020842  9.063867  5.449449
 -1.895491  6.485680  9.051965  7.306888  1.577256  2.192793  9.709279
 -9.672470  4.569989  4.779849  6.562604  6.676180  2.075159  0.827815
 -5.129339 -0.199045 -1.055118 -8.338522  8.335990  4.389750  9.297764
 -7.672601  8.938299  7.501583 -2.397201 -3.468120  6.138795 -0.405557
 -2.399918 -5.272779  3.561628  3.687273  7.973021  4.227313 -4.509362
  6.863116 -1.817605 -7.310879  1.195953 -0.513443 -9.770095 -1.830471
  9.543282 -0.506274 -4.342413 -8.435106  8.019515 -4.683542  8.266917
 -4.526726 -6.975264 -5.878009 -5.400594 -5.576633  4.377025  1.500072
 -4.325776  9.877785 -4.862646 -4.257212 -6.317617 -6.175814  1.886984
 -5.102995 -9.420555 -9.943768 -3.468461 -7.942848  4.032298 -6.862751
 -5.886790 -5.215679  9.844019 -1.260684  3.498179  1.821581  6.639504
 -3.847648  2.195874 -8.325395 -9.268167  2.425057  8.960720 -6.115125
  2.282098 -3.062494 -0.390683 -2.628035  0.539950  1.736242 -1.799212
  0.244697  4.425660  9.296859  5.918946  2.993251 -1.924635  9.024617
 -6.436225  6.492959  8.221316 -0.013077 -3.052642  9.956915  0.429371
  9.779466  9.621602 -9.974941 -2.481254 -2.851878 -0.644766 -6.998706
 -3.837504  4.716973 -3.142695  6.174151  8.437250  5.844463  2.671798
 -5.568145  0.259798  8.370608 -5.844976 -9.427483  2.370595 -2.395986
 -6.823393  1.048237  3.372687 -4.081187 -6.184072 -9.447566 -6.743127
  1.771237 -6.318214  4.373171  9.393328 -2.434074 -6.730335 -0.784617
  0.254541  3.877976 -6.387491  2.370918 -3.694222 -5.592843  8.443414
 -7.636089 -7.242849  6.382470 -4.758446 -6.464529  4.155353 -8.495747
  8.057997  2.460296 -2.274377 -8.375029  0.915421 -9.305134 -2.343498
  1.528251 -3.269047 -0.321904 -8.300124  5.843803 -0.515740  7.898961
  1.423793  3.810606 -3.271460  1.125107 -3.286638 -6.939939  5.120409
 -1.317600  2.084487  0.340546 -7.036190  6.040961 -1.711063 -3.295518
 -3.141202 -2.608627  0.229410  4.876011 -1.721737  2.477047 -6.595508
 -7.104460  9.364414  9.070309 -2.382557 -7.005394  7.847439 -7.799692
 -3.246690  6.381972 -3.167606 -0.840845 -5.641647 -9.481281 -8.912126
 -0.446072  4.236644 -2.527967 -8.157656 -0.199780 -6.393257  1.950802
  3.899930 -4.053491  9.440008 -4.473131  8.016367  2.041166 -7.876747
  8.093518 -4.365102  5.780744 -2.075058 -4.065452  5.781572 -5.149517
  2.816516  2.231148 -2.836195  5.713255  1.098691 -3.411267  0.662640
  8.358255 -4.608539 -4.658416 -1.097500 -8.513272  5.169610  8.459466
 -7.509473 -3.544852  9.038824  7.504777 -2.499706 -3.408015  4.184180
  6.477115  6.225007  9.628376  4.252943 -6.657186  3.440622  4.019572
 -0.407974  2.758077 -7.052088  7.602212  2.977453  8.826048 -4.201829
 -7.887238  9.844150 -7.856750  3.612134  8.034198 -6.297587 -3.341331
 -7.543049 -7.863214 -4.497743 -7.789976 -4.208594  6.029523 -8.051644
 -2.574878  7.984749  2.219967  6.846113 -8.987574 -7.897880 -1.301572
 -2.111994 -8.095704  4.361648  8.945900  9.664473 -7.920487 -7.269787
 -2.417048 -1.117554  5.043245 -8.789208  3.017933  1.901762  5.143112
  5.741926 -6.612826  8.836157 -9.906794  4.798205 -5.984197 -4.411155
 -4.678632 -8.149630  5.516886  5.339858  5.032830 -2.385987 -1.508875
 -9.582230  3.510778  7.006273 -0.011313 -7.552525  2.910791  0.927969
 -8.172488 -3.631260 -7.082716 -6.899396 -2.493986  0.863555  1.112078
 -7.362088 -3.689205 -4.468469  3.973677 -7.635641  9.901757 -5.072380
 -7.088437  7.355825  2.853941 -0.217831 -0.646056 -8.029949 -4.279705
  3.533041 -1.190306  2.289257 -3.567070 -7.238861  3.450630  7.901251
  7.121850 -0.634490 -8.477236  7.612043 -6.392966 -9.923455  4.142552
 -3.612187 -2.636920  2.677950 -9.178225  8.889968 -5.597586  4.376193
  3.561341 -0.425263  5.823265  3.291122 -8.454117  3.504884 -4.481253
 -8.302598 -7.099533 -4.655987 -1.939061  8.984677  5.305988 -6.723245
  7.560595 -8.269662  3.804685 -0.670885  4.978273  3.744345  2.246853
 -1.242305 -2.418742 -7.243870  5.392956 -2.319653 -1.137297  4.271061
  2.523089 -2.125798 -4.536534  7.988492 -8.467333  1.601844  0.274083
  1.797341  9.118993 -4.197234 -0.715685 -5.157781  3.942006  8.792410
  1.732893  1.448876  9.968653  1.293257  0.422087  5.906345  9.111293
  3.979008 -2.227707  8.670112 -8.565399  5.937539  2.224726  0.715266
  6.906951  1.784801 -0.768978  4.658856  3.802485 -0.583683 -6.282995
 -6.825292 -3.507627 -2.774239  3.527248 -0.040611  0.196994 -1.416514
 -0.308539 -9.408223  9.367806 -9.246971 -7.169037 -1.612796 -0.539350
  2.503303  1.062403 -1.910016 -7.230998  0.611694  8.826662 -6.024721
  3.055740  3.201008  4.909358  8.117545  6.666682 -1.702117  8.283701
  8.405732  7.039544 -6.040197 -7.380401  9.749677  9.503959 -9.811597
  1.724287 -0.911867 -1.265316  0.707697 -0.497048  6.376109  3.310389
  0.661186 -2.708650  8.094435 -3.429769 -5.209043  6.919029  4.263994
 -1.097180  1.666617 -8.756295  8.822420  2.772469 -8.338615  6.319384
 -1.402944 -3.089107 -9.819369 -9.240123 -0.623796  4.640139 -5.040114
  5.353600 -9.446889 -3.502111  4.477099 -3.522907 -9.219404 -5.502816
 -7.514047 -8.788463 -4.732243  6.155027  1.315888  1.748012  1.241350
  8.468403 -3.809638 -5.825974  9.973226 -1.459511  7.298844  8.732227
  0.699642 -1.259205 -1.600726  0.228868  4.355118 -6.767490 -3.536178
  7.104695  6.630392 -2.519570  8.506703  9.232011  7.853915  0.503996
  5.510323  0.310003  6.000015 -0.704109  0.948849 -6.377921  8.235115
 -6.076251 -5.659499  5.728589  1.359658 -5.229838 -3.820259 -3.474910
  2.477292 -4.442159 -0.362591  2.504582  3.237684  2.918557  0.957191
 -7.497954 -1.436272 -9.242181  3.396451  1.064897  7.132849 -5.390332
  3.324061  8.475129 -2.076928  7.235875  5.981238  9.490855 -9.197101
 -8.113984  7.534963 -4.516863 -1.758154  2.033214 -3.952008  3.910640
  4.294750  5.647188 -1.647218  3.613543 -2.581696 -0.607575 -7.426356
  1.609230 -5.566940 -9.134171 -0.975401  5.374829 -9.019437  8.761006
  0.331946  8.642224  9.527811  3.676736 -2.661822 -1.065226 -7.890952
  4.992633 -2.165698  4.703124 -5.095783 -0.954461  3.657120  2.947829
  1.518085  4.780785 -8.543464  8.855490 -8.816305  0.608962  9.267976
 -4.512185  9.958895  6.029748 -8.039632  6.441768  0.862192  2.875584
  4.876331 -7.847874 -2.652619 -9.490975  0.390550  0.654667 -8.868019
  3.305084  4.353888 -3.930752 -9.053066 -5.238168  8.072183 -5.688646
  5.139414 -1.169176 -7.092744  9.538309 -1.352775  0.926123  3.275320
 -8.895304  2.997412  5.347718  2.020354  5.659532 -6.740122  1.334662
  8.669230  8.519596  2.943361  0.219239  3.262552 -9.468184 -9.826938
  8.680321 -2.646356  4.043317  6.802808 -2.255695 -8.506114 -3.453609
 -9.443029  3.152009  8.766286  0.691583 -1.580322 -6.246437 -8.106099
  7.084930 -9.876199 -3.147086 -4.908405  0.098920 -6.186432 -6.572052
  7.646308 -3.052090 -2.471815 -0.275188 -7.345345  5.732010 -8.336310
 -2.495182 -3.533096  4.694439 -2.576869 -5.666234 -8.888806 -8.430733
  2.606532  8.194013 -4.290919  9.778864 -0.746303 -3.256744  2.543796
  2.693478 -7.231970  9.488349  2.937870  4.006453 -0.102354  4.707604
  4.951046  8.246947  1.398361  3.426865 -9.084325  8.029564  3.561315
  3.032832 -4.295063  4.390086 -0.100035  4.140942 -7.753000 -9.316894
 -7.948859 -7.561608  6.024193  5.416094 -3.928110  6.767517  7.837339
  3.854283  7.798507 -9.352912 -3.977796  8.825490 -4.392692  0.700315
 -5.540520  6.873092  9.659156 -4.869711 -0.139924  9.417226 -4.706026
  8.019724  2.484420 -2.145621  8.270823 -4.547946  1.645884  9.098563
 -6.333112  7.826561  1.855114  3.369755  3.074958 -6.586624 -0.774392
  2.897580  6.246423  2.986181  4.976939  9.890361  8.888369  5.422107
  2.828870 -7.777704  3.335807  6.344111  3.833196 -2.820353  7.148305
 -7.598780  3.503516  1.866598 -1.047546  8.554871 -4.191708  5.077781
 -1.186148  2.743740  4.466172 -4.748634 -6.078420  4.159998 -4.244287
  6.079693 -4.655950 -4.499467  9.337164  5.003416 -5.484175 -9.020663
  4.906230  7.479706  9.456201  2.189828  2.596296  4.168532  6.339201
 -1.092109  7.755617 -2.331504 -2.473239  5.545640  1.348173  1.336189
  3.312486  6.597617 -7.566201  5.900611 -6.156093 -1.988929  3.475754
  6.731393  9.650452 -5.417451 -1.513078 -7.500974 -9.041750 -9.702562
  1.737189  1.491149 -9.978005 -9.036044  8.562878  5.910013  2.260717
 -7.295129 -7.602567 -5.728987 -2.698814 -1.463733 -5.874203 -8.720384
 -9.435507  3.525003 -6.138550  6.620058  4.418351 -1.896965 -8.175450
  1.935831 -7.046639  4.269742  2.429936  8.341920 -4.495232  5.884902
 -9.193166  9.988492  3.830620  2.642255  4.460184  5.992733  0.800346
 -5.888151 -9.186128 -5.212465  1.412355 -5.079068 -2.888520 -5.760506
 -6.831243 -7.704594 -8.387691  8.440648 -7.872660  4.785188  6.445295
 -2.204978  9.921104 -1.202795  0.054393 -6.870496  2.526484  4.509460
  2.937514 -3.202575 -7.742221  6.934408  6.492679  3.067320 -8.864322
 -0.565263 -3.900328  8.688410  2.081466  2.439311 -9.657698  3.336663
 -7.303816  1.411235  4.344493  6.639997  2.916071  0.430460  3.584123
  2.953688 -1.783036  7.383170  4.381596 -6.681735  8.259456 -0.218376
 -8.443643  4.403302 -2.547109 -6.447059 -7.744935 -5.219262 -4.054931
  7.308000  0.010943  3.040578 -6.960087 -2.797223 -1.122535  9.583273
  4.473026  2.226643  9.670876  4.982639  6.646971  4.937658  6.159028
  0.914599 -2.558456  9.048322 -7.579453 -8.756811 -9.470571 -9.978977
  3.664542  3.767232  3.585166  7.988731 -1.406715 -6.235761  7.136040
 -7.107497 -6.835432  6.734972  8.148015 -5.786968  0.593961  7.592310
  2.863928  7.050938 -9.025169 -8.645301 -3.432948 -0.280293 -3.719810
 -6.495142  3.689764 -2.789611  9.888027 -5.881455  0.549166 -4.556970
  1.026005 -4.792675 -8.740712 -1.528612  8.964866 -8.167480  5.807748
  1.824083  5.278870 -9.743220 -3.836041 -9.445303  6.027636  0.174623
  9.892756 -9.263493 -5.273625 -2.076829 -7.967862  1.753102  4.189155
 -7.263354 -3.665360 -1.097057 -1.489581  4.672691  0.617384 -0.239285
 -1.602053  6.539852  2.933301 -0.855916  4.087175  6.731990 -2.479838
  6.548218  0.182307 -2.792526  8.376714 -5.665169 -6.934516  7.851995
  4.539989  8.646126 -8.469136 -4.843156  4.165684  3.780254  0.930543
  8.314087  8.153226 -1.626431 -6.785344  0.930536 -6.922426  6.075311
 -7.493243  2.317725  4.760791 -9.261499 -6.432330 -8.751786  9.924525
  6.389104 -6.574383  2.364738  0.371617  0.892605 -3.732718 -3.002493
 -2.511005 -6.591027  9.226103 -0.345596 -9.136304 -8.663124 -8.104034
 -3.921047 -5.418552  2.036651 -7.103155 -0.730582 -6.281496 -3.474041
  4.617120  1.286614  3.954408 -8.074376  3.874859  3.994406 -4.787875
 -8.226252 -5.652518  0.875133 -1.095690  4.071814  5.884333 -8.782377
  5.932297  1.178756 -0.253801  5.632116  3.766110 -4.215717 -1.226937
 -1.122577  3.449983  6.626359  5.530271  8.837815  3.210668 -1.433616
  8.019983  6.871385 -2.200622 -4.967194  3.894081 -4.550902 -6.789725
 -7.103205 -6.131588 -1.538263 -9.266307  5.977743 -4.577529 -2.822955
 -7.919161 -3.358998  1.569808 -9.549452 -1.444375 -0.623375 -0.197015
 -0.614044 -0.288563 -2.943859  2.956769  2.445847 -7.255532  7.387287
  9.834283 -8.524239 -6.656322  9.678838 -6.875826  4.834650 -5.090842
  4.749552 -8.179312  8.907827 -5.687745  5.307930  3.761800  3.513490
 -0.377462  7.765814 -6.348969 -0.564035  6.148730 -7.397238 -4.951688
 -2.320134  5.598822  5.291169 -4.301004 -2.329642  5.708261 -8.282902
 -2.382762  0.512482  3.473297 -1.511636  8.132064  0.097417  8.266596
 -7.600845 -9.260214 -9.241529  0.683866 -5.471932  9.200813  4.301673
 -9.266262 -6.377536  7.192727 -8.659729 -3.211442  9.386793  7.805293
  7.518902  1.953447 -2.964708 -8.001661  4.163416 -1.245506  0.710503
 -5.695716  0.296157  7.216537 -6.177680 -9.066353  6.603846 -4.433036
  5.788990 -7.223108  2.561153 -6.296451 -2.605317  2.495675  0.424305
 -4.465004 -8.514762  1.700810 -3.188806  6.282720  8.750996  5.232991
 -5.138993 -9.343518  4.204835 -7.899049 -8.457196  6.052249 -1.455505
 -1.514429  6.308193 -4.732930  2.008919  2.116215  5.486351  1.884038
 -4.544605  5.538326 -1.306322  8.866126  8.787566  6.707522  6.182563
  8.441123  9.589661 -5.221325 -7.213736 -2.525715 -1.171042  3.585974
 -7.875618  3.847116  5.512397 -3.110949  1.039729  6.958190  0.945075
 -7.996269  2.821664 -6.434946  3.497446  7.624837  9.950644  3.467392
  2.876949  5.123770 -4.446499  2.932441 -6.542444  2.177537 -9.337230
 -8.819921 -3.271287 -5.522582 -5.388407 -9.528420  5.151218  3.166814
 -5.902496 -4.660037  1.754229  7.805378 -2.400161 -6.116773  5.390917
 -9.040730 -3.731979 -2.377867 -6.135773 -7.790677  5.537931 -8.787686
  9.278679  7.241916 -5.172585  3.823145  2.695418  4.416221 -7.705460
 -7.705446  0.235046  5.382295  2.707954 -9.926789 -4.093521  8.155331
 -7.878773  7.028188 -5.698960  5.362087 -8.851643  2.440594 -7.105684
 -8.117847  3.603839 -5.808004  8.106830 -5.592778 -2.765878 -9.206481
 -8.426809  9.315433 -1.750439 -4.214113 -3.062847  3.049167  3.768548
 -1.061592 -4.077109 -4.292393  8.901814  0.997971  4.943458 -9.251733
  6.996562 -8.474866  1.411803  8.329507 -8.746036 -5.547166 -0.570202
 -3.148616 -1.430138 -3.804488 -0.550528 -2.905390 -7.969648  5.446976
  1.624511 -5.869762 -1.688557 -0.887409 -6.686959  4.003513  0.594400
 -0.847284 -4.105643 -0.054387  8.186449  2.062823 -2.023532 -0.313095
 -5.129306  4.268005 -2.973146  8.670595  2.371354 -3.131076  4.644581
  3.801394  9.177744 -4.144030  4.451143  9.766986 -9.615042  1.151933
  3.308067 -9.164609  2.738703 -2.514580  9.064615 -3.636997 -8.143520
 -4.594782  9.259723  4.060622  1.191203  9.611607  6.043767  4.234537
 -3.319589  5.044790  8.372842 -2.951676  7.407679 -0.390362 -9.788819
 -7.424605  7.355972  1.733757  6.575308  6.714634  8.413864  8.400421
  0.155043  1.832604 -8.571979  3.600273  5.005135 -1.560415  0.620926
 -6.205359 -4.725606  4.720353 -1.250182 -9.889185  0.760239 -6.658516
  5.737202 -7.667439 -8.061227 -3.590899  1.528251 -5.808005  0.629226
  1.087818 -9.745420  0.600703 -0.041466 -4.892906  6.878797 -9.368304
 -0.390494  5.092315 -1.736384 -2.007153  7.740512 -9.521067 -5.232714
 -1.196225  4.766108 -2.468355  3.494548 -8.071478  0.157556 -1.171721
 -4.514920 -5.093374  3.726351  5.248972 -4.240882 -2.533166  4.955458
  7.073888  4.459154 -3.061340  1.142880 -3.402310 -5.233924  8.011723
 -7.907950  3.392262 -4.176823  0.871264 -3.293626 -7.281150  6.162600
  8.520665 -8.849490  3.930529 -5.071485 -6.941551  7.218814 -5.003197
  6.968615  5.719703  9.884279 -2.729284 -5.548410 -8.932324 -8.180836
  1.657840  5.688289  6.805987 -6.308623 -5.221086  5.308286  7.393435
 -1.897516  1.903260 -9.661936  2.432586  6.089080 -8.017409 -7.578172
  4.577955 -7.649139  0.172695  5.579738  4.423879 -2.873893 -6.286236
 -2.657930  2.867019  5.247917  5.317587 -1.663390 -3.142247  1.361501
  6.721368  4.259221 -6.704392 -1.054968 -4.849812  7.751793  4.293249
 -4.109978 -7.546966 -8.968021 -0.553008 -9.325264 -9.130466  4.501041
  8.604278 -6.773300 -6.156258 -4.695486  0.902427 -4.968295  3.954571
  4.659752 -1.882133  0.251199 -3.628885 -0.322297  2.083919 -6.437690
  5.417217 -4.352038 -0.467996 -8.709801  0.254890 -8.370539  0.056322
  2.885673  9.741318  2.475461  4.998024 -8.766942 -9.942084  7.309356
 -4.403956  1.040909  5.607695 -3.433535 -5.128558  3.705646 -6.435872
  7.231987  4.324696  2.798399  9.120372  8.364236  7.239386 -4.059260
  0.930001  6.616418  4.996710 -2.105654 -7.916725 -5.926344  2.016491
 -0.725789 -7.701049 -8.157228 -4.333480  3.135781  6.991489 -9.419444
 -4.272511 -2.917192 -1.439119  9.787352  4.939301  8.267455  8.338178
 -8.096671 -0.803119  3.686479 -1.235325  8.850804 -7.415578 -4.794604
 -0.245005  0.335888  7.907839  0.088527 -8.022493  8.231516 -2.271038
  0.569007  4.974535 -6.025931  3.225102  0.417364  1.045840  3.592934
  7.317342 -7.677462 -5.519678  1.451707 -7.750018  3.902285 -8.705610
  3.473657  6.455955 -9.013644 -4.824183 -1.677134  3.182770  9.509023
  6.815976  4.605867 -2.121819 -1.486484  5.598742  2.277006 -6.131847
 -7.061014  1.566181  2.535989 -3.474740 -6.790959 -7.941760 -4.258107
  7.288619 -2.279069 -3.643917 -4.630802 -3.877024  5.515939 -8.929525
 -4.372116  7.757383 -1.701479  6.437631 -5.748170  3.562532 -4.563416
  2.663295 -4.024107 -6.615296 -4.764676  3.904977 -7.828571  4.265781
 -9.164907 -9.361210 -0.194994  5.159239 -8.904360 -2.557151  7.247341
 -4.128679 -2.913565  5.494861  7.049913  5.452892  2.246370 -2.071218
 -7.311094 -9.982907 -0.913282  0.594950 -5.215115 -6.918191 -6.710619
 -9.535498  3.756618  9.279911 -6.868549 -8.492527  3.905114 -4.570314
  3.541171 -1.257606  8.293391  0.076422 -2.310327  1.522633 -6.330427
 -5.015176 -6.927496 -1.414238  7.184416 -9.627135 -7.352137 -0.313771
  4.794433  4.394059 -7.841240 -0.044754 -1.593350 -5.320939 -4.232547
 -8.110347 -0.167080 -6.283574  6.251897  9.576462  9.023887  3.574073
  3.393919  2.022717  2.873050  0.468666 -3.992088 -5.063360  4.262854
 -6.517692 -9.348377  3.771906 -9.847393 -7.830139  0.495563  7.589133
 -6.844584  6.537559 -5.287829 -8.038731 -7.531230  5.365674  0.955156
  1.481778 -0.085813 -9.931353  3.810637 -8.293818 -6.179312  3.649596
  8.313269  7.509640 -1.921241 -4.089672  6.769607  3.070637 -2.524298
  8.534089  2.341607 -0.795169 -7.584347 -3.422718  0.928305  9.251499
  6.362489  2.570597  2.983599  7.790461 -3.312477 -6.033915  6.619915
 -1.976688 -7.117568  1.252960 -7.734941  7.083563  9.229313  2.728406
  7.880498  3.431009  3.759891  1.945473  0.564451  4.822728  8.323371
 -5.166878  7.462078  2.242741  6.048097  1.237210  6.560124  9.463459
  5.781282 -7.618694 -9.097205  5.008006  4.099999 -6.977833 -7.250820
 -8.474249  0.260857  0.583695  1.598509  3.241415  5.324259 -5.011291
  2.460114 -3.491897 -7.448715  5.671685  4.458547  4.254311  4.203354
  5.006773 -2.387912  8.752099 -0.525772 -0.343011 -7.375531  4.182135
  5.934912  7.939238 -0.307269  3.561275  0.338974 -8.181878  4.471102
 -0.359496 -3.120812 -2.300227  4.288110 -0.330218 -1.140839  8.745958
 -7.360630 -4.133691 -1.448201 -3.015409  3.586447  4.955772 -7.034051
 -1.336545  2.685942  9.273684 -1.293811  8.037995  3.180244  7.179231
  9.226768  1.405226  6.737383  7.579668 -2.389025  7.843232  8.811714
 -0.954065 -5.925086 -1.490239 -9.178630  0.157861 -7.142487  2.453344
  0.126129  0.998582  4.947444  3.744405  5.195424  4.109680  9.577636
  5.508665 -2.618923  0.378252 -5.492369 -0.188784 -9.749894  9.924747
 -2.772147  4.151654  1.802813 -4.262339  8.514649  3.334140 -3.438174
 -8.270799  8.656200 -7.857728  4.642718  2.872558  2.592586 -2.804058
  7.258594  2.988481  3.426419  8.984174  9.062528  2.532801 -1.889085
  4.142569 -8.054806 -5.602092 -0.120731 -4.433848  4.332912 -4.419588
  6.001562 -7.702425 -0.751740 -5.766341  5.268924  4.675622  9.481007
  9.206943  5.753978 -7.046053  6.488810 -8.747243 -8.310726  0.699578
  4.309316  6.618984 -1.661486 -1.569428  2.889405 -0.388015  5.930407
 -0.299200 -9.604434 -7.721790 -2.117390  3.481916 -9.340798  5.955007
 -8.739964 -7.961424  3.542271  0.745536 -1.527130 -6.364336 -4.381842
 -8.198377  5.638002 -1.927828  9.222990 -3.822104 -7.378021  2.121951
 -5.659462  7.684776 -6.520336  6.184198 -0.108169  3.445392 -8.814365
 -2.191347  6.142947  3.860863  3.869757 -1.196487  2.567504  9.202428
 -0.394477 -3.489868 -5.022027 -2.669091 -0.640497 -9.873218 -7.048107
 -5.643182 -7.293879 -9.511598  9.989132  5.006041 -3.438898 -9.135754
  5.474814 -1.085788 -9.044480  0.728295 -4.854877 -1.450140 -4.894471
 -2.050523 -2.770915  7.518435 -8.126908 -3.136643  3.057299  6.343624
  2.842158 -2.211674 -7.191738 -4.587275  3.171787  2.392041  4.819822
  8.222524 -6.870333 -3.477490  3.598870  9.366631 -6.252430  0.191064
 -7.009730 -2.870753 -1.817172 -5.925886 -6.322241  7.128597 -4.090285
  2.669564  6.387288  4.832390 -8.812641 -1.329226 -1.080943 -9.234465
 -6.280722  1.337948  7.358527 -4.710802  0.369631 -3.535222  1.663015
 -3.479653 -9.380126  7.504033 -6.012883  9.808843  7.639263 -5.841705
 -7.733688 -3.810810  3.436795  3.385134  4.927170 -6.953833  4.651629
 -4.859499  5.292697  3.720574  0.710495 -5.138628 -8.102829  8.334192
 -9.127036  1.006135 -4.883321 -9.494198 -1.503156 -9.733300 -8.302851
  3.478233 -5.413664  0.196627 -0.464008  3.990466 -3.665597 -5.663053
 -5.614383 -5.287944 -0.303051  8.399441  0.953500 -3.017881  4.737507
 -2.456760  9.662562  4.625778  1.750554  0.977183  9.069702  6.727474
 -0.781313  3.237195  7.581661 -9.871869 -7.395014 -1.233537  4.936051
 -6.865274 -8.033876 -5.573079  3.337991 -4.423069  1.278731 -1.826203
 -0.965713  7.534005 -4.952692 -3.643722 -4.652533  3.980973 -3.752848
  0.257058 -9.860122  7.231649  0.109841  7.560088 -5.522132  4.062917
 -5.249526  9.465749 -3.810066 -8.080565 -2.633454  6.792711 -9.136182
  8.424349 -0.696494 -3.929086 -5.826544 -0.609228  0.203662  0.076984
  7.599642  2.989174  2.890896 -1.408241 -9.750219 -9.800399  5.814497
  7.277862  2.203859 -2.506284  5.255145  1.889343  2.012651 -1.101500
  8.089995  2.131134 -8.771808  7.855182  1.110854  9.658197 -9.618675
 -2.635247  9.991053 -3.019802  6.421423  2.912749 -6.436114 -3.770321
  6.799504  2.688751 -0.250003 -4.935839 -8.584852  6.490726 -2.611922
 -7.918871 -5.773442 -2.790893 -5.332067  3.925009  6.221574 -8.460878
  1.440830  6.327355  9.748703  3.345768  9.336358  7.504571 -7.076158
  1.125499  5.608905  2.746117  9.172689  0.013255  4.060413 -8.458747
 -1.118408 -5.364640 -4.259995 -8.088035 -1.757036 -1.455023  1.724180
  1.395722 -3.213209  9.679815 -3.211791 -0.726524 -1.128137  3.086752
 -3.689794 -3.506474  9.471595 -4.306688  6.652571  9.234263  6.783643
 -7.934458 -5.422671 -7.376261  8.330203 -3.123598 -7.372549  1.218045
 -3.906208 -5.645719 -7.707070 -7.953043 -1.795020 -1.805440 -6.506150
 -7.127857 -1.575735 -6.056120 -4.536406 -8.397336 -1.716567 -7.100397
  4.789822  5.463420 -6.200412  7.867112 -6.583466 -1.820452 -1.986006
 -9.338509  8.915524 -4.876144 -8.911745 -8.678810  1.866981 -8.639945
 -3.281411  8.520536  4.094100  4.948259 -3.884747 -7.314540 -1.715743
  8.501447 -9.325828 -2.668384  0.281284  7.608319  2.630729  6.414888
 -7.940245 -8.298601 -0.004028 -7.748434  6.770945  4.070351  0.025647
 -1.157526 -0.999458  2.670773  2.887705  0.341492 -5.872847 -9.247213
 -0.957322 -7.005355  4.125932 -7.983168  5.640251 -3.443724 -9.371682
 -9.117738 -0.804472  8.888501  6.446443 -5.557583 -2.627132 -7.533779
  9.401417 -2.428181  1.276587  0.753417 -5.833773  7.898273 -5.785104
  5.298468 -0.736421  8.540923 -8.980050  8.185388 -4.913304 -8.461028
 -8.534006  8.911163  9.285995  7.364547  2.615700  5.479536 -5.022967
  8.821393  2.206788 -8.454616  1.235851  6.211176 -8.393738 -0.942741
 -5.478241  6.084640  7.710077 -5.958079 -5.658461  2.260947  0.881920
 -6.573542 -0.717111  6.988359  1.080037  3.259339  3.299791 -9.854238
 -3.965386 -8.988440  3.953944  1.993847  0.925079 -9.578066 -9.387839
 -1.188892 -4.705915  3.498207 -2.077286  2.023087  6.622050  3.082033
  8.233301  5.872899  5.309573  8.054151  7.926009 -3.616861 -4.485566
  2.569524  4.458924  8.980803  8.063091  6.504114 -6.889271 -1.869823
 -4.634713 -9.279694  4.308137 -7.943359 -6.944790 -3.371328 -5.811990
