1 0 0 0 0 0 1
-6.53891415269 8.96829936567 -5.67668877501 0 0 0 1
7.34470797367 0.171178013609 -8.95077605027 0 0 0 1
3.11623722806 -6.88473316079 7.14300572808 0 0 0 1
1.36746651962 -5.2811724449 3.46610075787 0 0 0 1
1.87836230757 7.96557652439 0.791755549779 0 0 0 1
2.51895215596 2.53395491135 7.27601484319 0 0 0 1
3.55540339807 7.69989423677 8.06107852079 0 0 0 1
-0.148395780959 4.82978328773 -1.91577836346 0 0 0 1
-8.26091222108 -8.79811248939 4.94236693928 0 0 0 1
-1.08646475632 0.723152430535 8.80091774519 0 0 0 1
8.04836536744 -8.52426877386 6.00275943821 0 0 0 1
-9.38436043632 -7.34906073369 5.98950296764 0 0 0 1
8.70755763501 -2.09165571445 -2.20709635114 0 0 0 1
-9.94762167858 -4.87768252446 -3.25598192231 0 0 0 1
-8.31280515222 0.608296811508 -1.2514190838 0 0 0 1
-0.5911264204 1.37700153328 0.758732366177 0 0 0 1
1.59970234682 -6.32414283419 2.18013745582 0 0 0 1
-0.705573392091 -5.82847112605 -6.80309850174 0 0 0 1
0.635638573721 -9.2243061078 0.233257852499 0 0 0 1
-1.13670567752 -5.81724486649 4.58709944156 0 0 0 1
-4.75383074838 -5.58289963633 6.08150252056 0 0 0 1
5.17756263816 -9.91695621947 -8.00593378995 0 0 0 1
6.19588094345 -9.72680967668 -2.65279340777 0 0 0 1
-0.179717868124 2.11501334231 -7.00981794046 0 0 0 1
-0.672095888283 9.76926107844 -5.80318471713 0 0 0 1
-2.57285520797 -4.1300621016 3.02873334429 0 0 0 1
-6.22903169564 2.75973108297 7.79609961236 0 0 0 1
3.04988416408 2.04321187606 2.44987662485 0 0 0 1
-0.145706053618 5.44060977812 5.50590319326 0 0 0 1
9.42369001335 6.37017082299 5.85317892716 0 0 0 1
5.76605325307 -7.89484554407 1.24562463345 0 0 0 1
-9.01889079085 -6.60032235094 3.56077314054 0 0 0 1
-0.167484792031 -2.15211386867 0.507046522653 0 0 0 1
-3.34964009263 -5.77405204556 -3.76775430395 0 0 0 1
8.95917103007 6.01709349804 8.41893666107 0 0 0 1
-5.78966311915 7.59566620333 8.13812469134 0 0 0 1
-5.98900797943 -7.52795692801 3.80833585833 0 0 0 1
-7.72075119724 4.82566960722 0.261746309914 0 0 0 1
9.32334584313 9.93081857107 6.16423920251 0 0 0 1
5.19255924765 2.41382163812 7.08643309362 0 0 0 1
0.282416549597 2.47117859203 -1.33695865654 0 0 0 1
4.23000345045 9.55942027768 -0.75986732965 0 0 0 1
6.84189156374 9.22120332498 9.20794224667 0 0 0 1
-6.35612523522 -3.79308747416 3.06852158133 0 0 0 1
-7.77087654873 -2.17404362608 5.21635896573 0 0 0 1
0.956128675129 7.29532988208 4.07813724254 0 0 0 1
4.79020781654 2.75355985695 -0.435743657757 0 0 0 1
-0.885240381795 4.43238924596 -8.54100908092 0 0 0 1
-5.72951889221 2.92176176933 0.176578776903 0 0 0 1
4.02310980099 0.0770256261467 -7.57514620848 0 0 0 1
-5.77657234968 -5.07219520304 -4.42481981545 0 0 0 1
9.06872007006 9.63488868504 -2.85718947037 0 0 0 1
-8.58416481767 5.11469804134 -4.84077790032 0 0 0 1
-3.87109307774 -7.86196912065 -2.18241656835 0 0 0 1
3.16951968419 -8.1559636152 1.65282235753 0 0 0 1
3.67487375334 3.323770169 -9.22514324145 0 0 0 1
0.792571509875 2.63615341946 -8.20560608617 0 0 0 1
0.0679447832859 4.91092053812 -0.355884655477 0 0 0 1
0.241351168636 -8.47206060075 -9.17571008145 0 0 0 1
3.1466415361 2.18056153986 -8.23922787578 0 0 0 1
-0.246394167098 -8.04421626803 1.70860551842 0 0 0 1
9.16985530184 -7.37717113937 8.02565414402 0 0 0 1
-0.422027761662 5.86064508786 -7.40343832608 0 0 0 1
-1.91411368912 8.05626452341 8.7107185822 0 0 0 1
9.62621659244 -0.484054266051 1.04452177277 0 0 0 1
-0.865386453263 4.95448424818 4.48783229606 0 0 0 1
3.15716470016 3.81243144253 -1.40621738195 0 0 0 1
3.29136443707 8.09153576918 -7.08422052912 0 0 0 1
6.01475497958 -5.18877354796 -5.54139513614 0 0 0 1
-0.278443615847 3.19329733372 0.299236214434 0 0 0 1
-3.55253935769 4.4008945507 -3.11812387865 0 0 0 1
-4.31483951185 -9.3789296821 3.56502751108 0 0 0 1
-3.82760171191 5.70597931268 -3.86783808576 0 0 0 1
1.31598251616 7.06380023614 9.66363064802 0 0 0 1
3.46723131535 9.4988495528 -8.19765057925 0 0 0 1
-8.84619492592 -4.21877752437 -5.89618631546 0 0 0 1
-1.5191871316 4.90675856897 1.9340176291 0 0 0 1
-4.02007897733 -9.39384823152 -9.70896669603 0 0 0 1
5.87752487851 1.09871527318 -5.71745769087 0 0 0 1
-4.44697567659 4.79850030869 -2.49131983163 0 0 0 1
-7.94678931403 -5.30709073056 1.19160928315 0 0 0 1
1.88725511456 3.03328472067 -8.01528533982 0 0 0 1
6.27196250878 -1.3289409996 -3.09836627536 0 0 0 1
2.56276766927 -6.52768068382 -5.78638230937 0 0 0 1
6.61405382537 -2.45385565936 -4.58976855765 0 0 0 1
-9.40593236075 4.16254230784 -3.81457425299 0 0 0 1
-4.84459776587 3.63270133232 6.59480236817 0 0 0 1
4.98374068179 -0.919778338796 -8.57890175415 0 0 0 1
-4.96746061341 -0.709573811644 0.829090622367 0 0 0 1
-1.38870150388 -9.87458310885 -5.48404903756 0 0 0 1
-2.38997657782 -8.8626882087 -6.13852759692 0 0 0 1
7.48594998124 -5.69512330196 6.03545810502 0 0 0 1
0.72211239711 -4.50668178432 -0.230730032827 0 0 0 1
1.74758028671 -2.08515446167 -0.961553937869 0 0 0 1
2.63218214047 5.43621211861 -7.9851530423 0 0 0 1
4.88079590753 -1.20173440518 3.00249906503 0 0 0 1
0.50652440074 -7.95838271919 -5.5244482282 0 0 0 1
7.22673902213 9.63743161774 -3.01049951937 0 0 0 1
1.48129735651 -5.96024741011 -6.33245532834 0 0 0 1
6.54885468827 8.42778289723 -0.66103748852 0 0 0 1
-6.26193331342 0.333718351803 2.29843272982 0 0 0 1
-8.77547184463 9.34378785012 9.78464846709 0 0 0 1
-5.89103915589 -1.66291071557 -8.82439668029 0 0 0 1
-7.29278499152 8.67860411249 6.44215417527 0 0 0 1
-0.0828862127304 -7.62843460972 -1.85538778983 0 0 0 1
5.51364469081 8.81544629751 -4.16056700136 0 0 0 1
7.12303182413 8.20955285479 7.63287287649 0 0 0 1
-0.563761394091 3.01448611185 -5.45813470591 0 0 0 1
7.16358456234 -7.70576888125 -6.90578314968 0 0 0 1
2.34895763961 7.26124479572 -6.60282804609 0 0 0 1
-4.53124876621 5.53754539446 2.67189803894 0 0 0 1
3.16763332881 9.55260428304 -9.08514607124 0 0 0 1
-1.50376256208 -4.34731431709 6.74674367848 0 0 0 1
6.14678204423 -9.98496816043 7.85005097006 0 0 0 1
-0.36776501244 -1.49000981403 -5.14721291884 0 0 0 1
-6.2021934045 6.65379858795 7.58304985597 0 0 0 1
-1.9654752708 -8.90944868216 2.88063461639 0 0 0 1
-2.53633331654 2.22222439479 -7.87923735507 0 0 0 1
-6.16195088489 -5.63265613201 4.56649648298 0 0 0 1
7.31617888243 5.70573959788 -0.858129154548 0 0 0 1
6.99281160089 5.01822239087 -5.91740822107 0 0 0 1
3.9083005452 8.89395029384 9.19840402456 0 0 0 1
9.10132833932 -0.999998133075 0.971042771739 0 0 0 1
3.75797403946 -1.11355068096 -2.68916930254 0 0 0 1
1.37425193333 -7.59651639234 7.19807188306 0 0 0 1
8.80457907577 -3.68246837854 -4.4180218794 0 0 0 1
-4.68275591609 3.67943810086 -3.57751873291 0 0 0 1
8.7266650523 -7.55312959074 -3.55358421275 0 0 0 1
-0.392475014343 -4.86043173953 3.81426124809 0 0 0 1
2.15549911278 -5.70769659128 0.0550679450116 0 0 0 1
-4.30460214113 6.14022288143 3.86471085988 0 0 0 1
1.38539617781 7.74685141881 0.793114593032 0 0 0 1
-4.65269703941 -4.30569178528 -1.78523363712 0 0 0 1
2.44803351496 4.44467463245 4.26168002261 0 0 0 1
4.08524138374 9.76430761042 2.25419294002 0 0 0 1
3.20201033549 -4.56360549857 -3.91428224516 0 0 0 1
7.12649679263 -5.68399341155 9.55332916413 0 0 0 1
-4.43905692254 -8.40062208473 -0.536083263798 0 0 0 1
-3.34828957724 8.87495086548 8.04746972312 0 0 0 1
1.26477416486 5.53967102566 3.45678331661 0 0 0 1
0.43041775108 -2.34554113147 8.29231678903 0 0 0 1
4.36307046639 -2.46220624324 4.227544746 0 0 0 1
6.80573551945 8.23332956745 8.6880502265 0 0 0 1
8.4969161513 -5.23754033803 -4.04996936818 0 0 0 1
3.07811161549 5.07445241323 9.09145998696 0 0 0 1
-9.71953141664 -2.87383424901 3.13688630794 0 0 0 1
-9.16777707612 2.3653563819 6.71573479297 0 0 0 1
4.98070410782 5.19791248824 8.90971016528 0 0 0 1
-2.23010932883 0.923049640842 4.36256035452 0 0 0 1
9.33706230386 7.39043429381 1.88497970923 0 0 0 1
-1.18452002831 8.0709136414 -2.93934788381 0 0 0 1
0.474428522904 3.58082056621 -2.084236479 0 0 0 1
7.70883139052 -5.50073799855 -4.35249257124 0 0 0 1
4.93912889727 -6.30534988384 5.79915770655 0 0 0 1
-3.62924823281 -8.78948538398 5.92416667385 0 0 0 1
-7.02444404782 0.123910534764 0.800642346135 0 0 0 1
2.62182153467 1.01497331227 -9.86179034832 0 0 0 1
-6.96890949496 3.18574574514 1.05270700237 0 0 0 1
4.07652870677 9.49264541302 9.33299015158 0 0 0 1
-3.40493797243 -6.41220506502 7.9398193412 0 0 0 1
-3.78311443453 8.64512345648 3.80470890853 0 0 0 1
-2.13015798568 5.98192411467 -5.30070564516 0 0 0 1
7.80007100048 4.54038987986 6.93059081555 0 0 0 1
7.66901228875 8.96978096289 8.80631219129 0 0 0 1
4.08614917608 5.10145696983 -7.91647938134 0 0 0 1
8.14936726596 -5.00068316636 -8.02861478976 0 0 0 1
-0.698112024218 5.73589222067 7.91207224964 0 0 0 1
-5.35654812291 -9.63670588077 -3.82020965136 0 0 0 1
-5.99809400067 -3.88438012222 -3.67303151158 0 0 0 1
0.67513270216 0.737233941063 -5.99872087582 0 0 0 1
5.93821425532 5.28934869155 1.73236455277 0 0 0 1
2.69785892083 8.00148706562 3.74925812108 0 0 0 1
-2.66353554705 4.468113404 1.08156356595 0 0 0 1
-6.52971930584 -8.65956559769 9.07553505828 0 0 0 1
-4.85535380412 4.19551195049 -3.78388652643 0 0 0 1
-7.5516696162 9.84342596629 -0.556201600133 0 0 0 1
8.31485736875 -0.408214314616 5.87019966634 0 0 0 1
-5.45129011438 5.23534665569 6.32903552304 0 0 0 1
-8.59584640551 -5.87827358789 -0.192535086299 0 0 0 1
-2.70313009741 3.44658496628 6.49018915004 0 0 0 1
-4.95492007722 -0.479162451709 -8.74967234194 0 0 0 1
-6.81639186674 -4.73751160612 3.85226179195 0 0 0 1
-5.46163222776 4.69855916956 -9.24616152452 0 0 0 1
-8.00736651841 6.99334142707 -1.72081313326 0 0 0 1
-2.18174957296 2.94937492108 7.69516034634 0 0 0 1
7.52271391742 -0.484258884144 -5.3780033739 0 0 0 1
-0.612785552533 1.71262868604 -1.46357226877 0 0 0 1
0.20156828355 -3.06467597879 -5.21353116165 0 0 0 1
6.16707123738 -2.00781190107 -3.1826898432 0 0 0 1
-4.53782234072 -1.64131033437 -9.7877143552 0 0 0 1
1.47499913963 -9.6356914676 -1.25661328016 0 0 0 1
3.67427329432 -3.3838178628 4.26929884596 0 0 0 1
5.50913234152 -1.96842982719 -1.95497884959 0 0 0 1
-7.1863679385 2.43760079045 -2.56948371443 0 0 0 1
-9.31479725495 -5.36887707509 1.98491170003 0 0 0 1
-3.90812297991 0.988226875967 9.01520996966 0 0 0 1
1.00874977138 -8.95401228872 7.3523391309 0 0 0 1
-1.3266970577 7.47527581879 -2.07914824889 0 0 0 1
2.38140287305 7.85141979056 7.04481646074 0 0 0 1
2.45719658707 -2.5260904906 -2.34461336878 0 0 0 1
-1.50268707027 -3.67374747231 4.084311143 0 0 0 1
-3.01437657522 4.1808688149 9.96379705566 0 0 0 1
8.89478747317 -2.48317804795 -6.33739520202 0 0 0 1
3.25653549409 -2.05565513072 -2.8679148427 0 0 0 1
-0.403400741684 0.471125777695 0.0586278281508 0 0 0 1
2.61176284861 1.19648196319 -3.02419265195 0 0 0 1
8.92222852388 -1.18624735656 4.6625496441 0 0 0 1
9.09821597359 9.19235901833 -9.88859792209 0 0 0 1
-7.64862739694 9.89705277043 3.83714139971 0 0 0 1
-6.57976923078 -4.20269625916 -4.39253474032 0 0 0 1
5.64603034839 -3.13117516075 -8.5240137766 0 0 0 1
6.28745188057 -3.45295589208 7.74432117945 0 0 0 1
7.79155946451 4.89108174996 2.11856603585 0 0 0 1
0.5153511328 7.42527792877 0.84809034233 0 0 0 1
7.04208299552 -6.09103954721 2.296326258 0 0 0 1
7.68987102707 -3.01879659272 -7.92845966266 0 0 0 1
5.36854731142 -1.37730864613 8.46984530286 0 0 0 1
1.3802475872 0.321955004446 1.36944713376 0 0 0 1
-2.65662395711 -1.16693221422 9.67898257499 0 0 0 1
1.19538612427 -9.74597396346 -3.12258605887 0 0 0 1
-4.31331626812 -7.94681961625 -5.24175676753 0 0 0 1
9.00833778903 1.66368971968 1.50278023267 0 0 0 1
8.58748631703 9.59106670027 -2.603123204 0 0 0 1
-1.96881034078 5.41470602754 -2.4747790208 0 0 0 1
-5.46809000665 -2.18252311226 4.44161131337 0 0 0 1
-6.2000737487 9.46838365167 -0.877971324543 0 0 0 1
9.33742925704 1.35333122489 6.57275549599 0 0 0 1
-0.516906718215 7.9167509382 1.88840531922 0 0 0 1
-9.49577598453 -1.82194513762 2.92332827017 0 0 0 1
7.44250628082 0.978567003114 -1.0433940327 0 0 0 1
8.57470578644 6.55854917253 -5.94187787923 0 0 0 1
-3.22359330091 -8.21586577365 -1.90487956509 0 0 0 1
-8.13630704951 2.71734381034 7.5038175688 0 0 0 1
-6.9892035365 -5.82195838371 -9.75095371528 0 0 0 1
8.22925334618 -1.46144527944 6.13413285016 0 0 0 1
6.79192413943 -9.9306104244 -1.87794197041 0 0 0 1
5.37141529551 -1.24563472962 0.634199377057 0 0 0 1
9.15149294363 3.08368174321 3.9348492737 0 0 0 1
-1.97186722193 -5.99301120281 -5.46871600811 0 0 0 1
0.551875372295 3.49382073185 -3.41432144059 0 0 0 1
9.56099932084 9.9188172739 5.22925317374 0 0 0 1
-2.67871030327 8.45249708726 -4.77794827053 0 0 0 1
7.92468051179 -0.898291194448 1.41926561548 0 0 0 1
-6.97982582608 2.96635048894 -8.95457887096 0 0 0 1
-4.52377442985 -2.14495415983 -3.62137878976 0 0 0 1
-2.94006440642 -9.0414586379 9.5943872467 0 0 0 1
-9.19603758297 5.70121920738 -2.98304368758 0 0 0 1
5.67257085258 -2.90198639887 7.77241256841 0 0 0 1
7.65671876953 9.24005988797 7.4337233038 0 0 0 1
-6.94322540254 9.29750843143 8.76662093937 0 0 0 1
-8.97550013306 7.40751771637 0.183043512572 0 0 0 1
7.28735781823 -8.78169744732 -0.448119605103 0 0 0 1
-8.42149918238 -5.05135512194 6.95043709825 0 0 0 1
6.00554858291 1.6476846296 -4.21463525628 0 0 0 1
-2.82590191779 2.81931427571 -2.6793498435 0 0 0 1
2.90190036053 -5.8414457309 -0.026361546179 0 0 0 1
-1.81142146261 -4.7836024153 2.34749624996 0 0 0 1
7.91636501562 9.09110033365 7.4489849426 0 0 0 1
-1.50887657632 7.93891127248 -5.28689352473 0 0 0 1
4.98280305191 -5.06264386055 -6.7432974899 0 0 0 1
7.77340538194 3.97818972456 6.95147102356 0 0 0 1
-3.6498190332 -3.39905922206 5.03832041271 0 0 0 1
8.5139747657 -5.75438911902 -8.88170599969 0 0 0 1
-9.52548203079 7.74748891626 0.341594658782 0 0 0 1
0.633014392145 3.46244375409 8.83296937311 0 0 0 1
-8.44746084821 4.47099231906 -6.73123086796 0 0 0 1
7.59698641296 -8.70587487827 -0.979572393867 0 0 0 1
4.0564240886 -7.73797420687 -8.55158043877 0 0 0 1
-4.17733224605 -3.37477884473 -0.057512536071 0 0 0 1
4.0450756601 -5.53453605406 1.43483827658 0 0 0 1
0.545020340753 1.99118481533 -0.757227952355 0 0 0 1
7.90262682531 5.97915030837 2.27590428921 0 0 0 1
9.43954593741 8.65597877028 -0.777349407972 0 0 0 1
5.196360425 -6.31474012683 4.4917865865 0 0 0 1
1.35320293035 9.14283397323 5.22072716349 0 0 0 1
9.9724018282 -5.71983449941 -5.96070609249 0 0 0 1
2.54383911105 0.655193301077 3.87235172226 0 0 0 1
-8.71203302399 -1.89169586717 3.40760221599 0 0 0 1
7.14366390747 1.10198885291 1.10695770025 0 0 0 1
0.264181894601 -8.91894699305 2.39042508545 0 0 0 1
-6.01397653136 -3.95857961291 -5.42418688554 0 0 0 1
7.77394618092 -8.30313796068 7.49202763926 0 0 0 1
0.0964136597663 3.84453841673 7.51463934627 0 0 0 1
-4.99051968985 -8.95955103509 -4.58064281995 0 0 0 1
4.8042588108 9.68010997287 -9.55582770667 0 0 0 1
4.96847283156 3.27018850629 -6.51456754366 0 0 0 1
7.0433791763 -2.37604685434 -9.22092641302 0 0 0 1
6.61977667253 -6.61628195679 -6.18123769448 0 0 0 1
-1.25073627092 -1.70520075096 5.91527224797 0 0 0 1
1.79992825639 -1.22538988131 1.81649560786 0 0 0 1
-1.11299594817 -7.58857687488 -6.36901746817 0 0 0 1
5.68450318167 2.4381368375 1.34685791117 0 0 0 1
1.76160520512 0.207337104009 -0.271930399323 0 0 0 1
-0.242542773651 8.84541654997 -4.15024805079 0 0 0 1
-2.46541293637 -8.06534768448 2.1852239695 0 0 0 1
6.35974462237 1.50183077529 -1.59699351225 0 0 0 1
9.70948100201 3.76937287365 -8.78587006773 0 0 0 1
-4.40371108681 6.33331130338 5.41414826843 0 0 0 1
1.61238834899 2.72610106665 -2.12499254019 0 0 0 1
-4.66779889108 -1.7528059331 -8.65646815798 0 0 0 1
2.62203116288 -7.79365025906 -6.23570294938 0 0 0 1
-2.75980767727 1.69951737795 -6.37807122077 0 0 0 1
1.09673309408 6.21050879315 6.32039946869 0 0 0 1
1.84027578189 -5.45163161991 -0.122724178751 0 0 0 1
9.20158303189 -4.78685671964 9.46362614151 0 0 0 1
-1.28845575523 2.63937657341 6.75035441694 0 0 0 1
-7.26763629679 -5.80463032105 1.44659153811 0 0 0 1
-0.0520932150624 2.93547428987 -3.32526568849 0 0 0 1
-8.17544922301 0.5813427149 -0.537898196393 0 0 0 1
-7.64450200154 1.30171822708 -6.17009247033 0 0 0 1
-3.73681014106 -3.99690894852 0.704191851664 0 0 0 1
-2.84288029259 3.33262069488 -1.63314801335 0 0 0 1
-7.64834230948 -4.33136321288 -1.65849050223 0 0 0 1
9.6749758113 -9.10722670036 6.72576379079 0 0 0 1
-6.96705622726 -0.444802416254 -5.37045194043 0 0 0 1
-7.49898483406 2.86416365244 5.55504273677 0 0 0 1
5.16420931714 -1.92494297195 -5.75446062434 0 0 0 1
5.69058405622 -5.71804773072 8.21658122794 0 0 0 1
-5.44680414161 -9.02446366412 4.1280490046 0 0 0 1
9.08136408067 -6.04056300234 2.74562111088 0 0 0 1
3.35912745222 -9.17894174402 7.37803319711 0 0 0 1
-6.4496374079 -3.64267654659 -9.03047393771 0 0 0 1
-9.14447988099 -4.44612346188 -9.32636024104 0 0 0 1
2.763646614 -2.53684728635 4.6631864189 0 0 0 1
9.87245570119 5.47859882399 3.58181241775 0 0 0 1
9.38593063609 -3.73066573796 -6.42840693081 0 0 0 1
1.88851692513 9.56130085683 3.7220167998 0 0 0 1
-9.28974903869 4.42263070366 -7.69040900787 0 0 0 1
-9.98203552512 4.14820923947 -4.9266220708 0 0 0 1
-2.64247196456 9.10128120892 -2.68816741906 0 0 0 1
7.52752601715 -2.91622453992 8.26280609123 0 0 0 1
8.68018385385 6.06078320936 2.84841731491 0 0 0 1
7.5340582503 1.26730523399 -7.00923626552 0 0 0 1
-9.86431711967 1.33488290222 -7.60454061836 0 0 0 1
0.472271741724 8.24747812646 -0.418268758615 0 0 0 1
-2.65423514346 5.99872326497 -4.84902241394 0 0 0 1
1.86460303381 4.18865511314 -1.0058905622 0 0 0 1
3.75744540815 -1.41128493324 -7.95711945448 0 0 0 1
7.40553521291 2.1097111501 4.8733146242 0 0 0 1
-7.69485276507 8.69236952688 -5.91405320071 0 0 0 1
1.5054910133 -5.58875513007 8.10084191351 0 0 0 1
-6.75954252405 1.94032775199 -7.53278022893 0 0 0 1
5.24328936026 -7.91016431785 -1.45695662224 0 0 0 1
5.69541186205 0.977444367347 -5.21193044987 0 0 0 1
-1.27117774746 -1.5791351853 6.3092712523 0 0 0 1
-5.13569086499 2.9892668525 1.93074899819 0 0 0 1
6.05256470712 -1.3888909594 -1.75264563749 0 0 0 1
-8.65764409301 -1.64266295813 2.39407049847 0 0 0 1
-9.84542905361 2.74376463732 6.77481168019 0 0 0 1
2.19385585727 7.06442944462 6.35934192792 0 0 0 1
6.28798696814 7.72307603959 7.53836297878 0 0 0 1
1.00715171959 -9.27566939901 8.79085248799 0 0 0 1
-4.55861843174 3.07099059789 -1.32789874553 0 0 0 1
6.58545467925 4.31241320407 5.312944456 0 0 0 1
-0.828670116501 -3.01754230667 7.2945239367 0 0 0 1
-1.2535506264 6.60894256388 -3.05944004692 0 0 0 1
7.03449781924 -5.95543862904 -2.79634499374 0 0 0 1
7.74028661886 0.237976703522 -3.72948664918 0 0 0 1
4.17237168067 -3.66997868778 6.35934912654 0 0 0 1
9.16803001679 7.5655731555 -1.83082612043 0 0 0 1
-0.256018290118 -0.385643638852 -9.38875714823 0 0 0 1
9.23739419738 4.05385845761 -9.08613342011 0 0 0 1
9.99097017764 9.42294994776 2.48445093698 0 0 0 1
-7.53442020362 -7.7166473303 7.21816723256 0 0 0 1
1.50475391772 -0.867714930505 -1.73241829405 0 0 0 1
-4.09262194679 2.73823727944 -8.62034180522 0 0 0 1
3.97997640358 -2.88751951668 -7.69041874125 0 0 0 1
-0.317137950683 0.0179604992643 -3.94490781519 0 0 0 1
7.01449914403 -2.77596923776 1.25596006652 0 0 0 1
6.48808880598 -3.99280806832 -7.17932716497 0 0 0 1
0.748874777927 7.73118237781 -8.60821622796 0 0 0 1
-2.0866907235 -5.8820324572 -4.54564909324 0 0 0 1
9.65031501095 6.69377206171 2.41848412086 0 0 0 1
0.451059112092 1.325087939 -5.1553722331 0 0 0 1
-8.55318219557 5.28892944515 8.62531398534 0 0 0 1
-7.10250633126 -9.63905696574 7.6049886691 0 0 0 1
-3.26612329922 9.02094953232 -5.39020393089 0 0 0 1
-7.35146637317 -6.92961242673 2.09641565334 0 0 0 1
8.28743147354 1.45112212161 -1.65177080012 0 0 0 1
-1.36178377168 2.55485281835 -9.69987046503 0 0 0 1
6.45917984431 -5.641798845 -3.98246818822 0 0 0 1
8.28488455298 -1.9235102678 -0.987180887303 0 0 0 1
9.23820461781 0.27352705299 -2.11903022275 0 0 0 1
3.81466799263 -7.65900543092 -3.74409946109 0 0 0 1
1.19462037916 -9.83468244203 -9.16797064403 0 0 0 1
5.63201182729 -2.45107860705 5.95978715243 0 0 0 1
-7.1366818284 5.54786126091 0.164208548659 0 0 0 1
-5.74068309115 9.26662357822 -3.35031725544 0 0 0 1
-2.43466924723 5.75102866004 -9.70639799902 0 0 0 1
-5.60564182549 -9.83462042557 -7.03845580008 0 0 0 1
-8.8999258411 4.36560466631 -7.22325191049 0 0 0 1
9.43430125772 -9.16302283395 -3.40137499791 0 0 0 1
8.29065535869 -5.21193077375 -5.14115960078 0 0 0 1
-3.14153706614 -4.67088450925 -5.51134698587 0 0 0 1
-0.915809721726 0.98055942731 5.73046903527 0 0 0 1
4.24418879085 -7.23358980365 -4.82159142132 0 0 0 1
-4.7588540186 1.80946951636 -9.10103876618 0 0 0 1
-4.63407352749 -4.13669496731 8.44217921492 0 0 0 1
-9.03062193388 4.55343770009 -4.37801798654 0 0 0 1
7.51049467412 2.33713772888 -9.42393623515 0 0 0 1
8.98907020417 -3.85222724308 -9.0124160811 0 0 0 1
8.32238592576 2.80505790532 9.09003556954 0 0 0 1
3.35379480239 -2.16453123775 -4.02131329491 0 0 0 1
5.22797314807 3.54061572209 6.40060983498 0 0 0 1
8.08412129815 5.2974486264 -0.0908510749424 0 0 0 1
7.20072252054 -2.97174768799 -1.33448547731 0 0 0 1
-7.44116817693 -9.20333645637 -9.22479652687 0 0 0 1
2.65624605036 -2.68320891638 9.48032217122 0 0 0 1
-3.25070834829 -0.828383977877 -4.02793685584 0 0 0 1
4.14013667847 -5.22068444244 4.08470318107 0 0 0 1
6.88615699969 3.32031529909 -6.7416340539 0 0 0 1
3.33352751542 8.6715107516 -6.16112775792 0 0 0 1
5.46440522327 -0.314605208531 -7.76027733761 0 0 0 1
-2.35840680179 4.64176417113 4.13706889087 0 0 0 1
-3.89776892587 5.33999405573 5.54257864656 0 0 0 1
-1.12806447171 -4.88749413481 -2.34408435696 0 0 0 1
-3.26380762384 -9.78931108282 8.53781595296 0 0 0 1
4.58525454024 -1.8984438458 -1.13484049702 0 0 0 1
-6.23361421363 -1.68578970067 0.716896392054 0 0 0 1
-2.05889125521 5.88087072006 -4.82778651725 0 0 0 1
-5.80313726222 0.709653782847 -6.02151542663 0 0 0 1
9.30730331686 5.7605757672 7.18471909747 0 0 0 1
1.24069835225 0.244521939404 -6.3112952357 0 0 0 1
-8.30908214988 -3.68803810924 -7.79591971377 0 0 0 1
2.50287796262 3.46563643323 -0.212041875041 0 0 0 1
5.35595921931 2.70456567016 2.17547279883 0 0 0 1
-2.34650525075 8.55634430856 3.35757739455 0 0 0 1
-3.31572774222 2.77069824017 3.43602550628 0 0 0 1
-0.0254498614672 -7.69822225057 -9.69056972992 0 0 0 1
-3.58937063205 8.20511800115 -5.13916216229 0 0 0 1
-8.07583432135 0.378252800807 3.5260932665 0 0 0 1
4.71440618929 -4.04558903828 6.74278221931 0 0 0 1
0.529421273576 -1.29910961242 -0.0381656531733 0 0 0 1
-4.6282699745 5.1255344253 -3.26655453607 0 0 0 1
0.525551485943 4.60087039344 -5.28667182411 0 0 0 1
-3.94093509673 7.97329441124 8.12383925856 0 0 0 1
-4.32329359347 -6.91645433037 -1.00955246939 0 0 0 1
0.0456583286444 0.463287844603 7.88651635212 0 0 0 1
-3.91563050899 9.02591365068 -4.51663733882 0 0 0 1
-2.14761996672 9.59704561162 -9.28011748075 0 0 0 1
8.51809948567 -2.49320534189 8.9797090456 0 0 0 1
-7.56857875288 3.23554417905 1.62461575195 0 0 0 1
-0.79333891023 -5.49703841083 2.71390835806 0 0 0 1
1.0778578249 -0.874032295716 8.41351767314 0 0 0 1
-5.94698388115 8.32433723947 -2.92019365397 0 0 0 1
0.451504976493 -5.48528613798 8.61244858414 0 0 0 1
8.58596237837 -4.43316233193 -0.637494743293 0 0 0 1
-1.86404315994 -1.63523834169 -9.74213550586 0 0 0 1
-4.75922519574 -2.40171961691 3.07204849056 0 0 0 1
8.23029594272 0.591929119959 4.20551021166 0 0 0 1
7.71668932624 3.59000000933 0.532984807946 0 0 0 1
-2.6901978053 3.07566148775 8.65636102588 0 0 0 1
-7.50529512562 9.43706782495 4.18314802084 0 0 0 1
1.16879853229 -4.93040335581 3.69428397113 0 0 0 1
9.55626153864 9.78305889859 -1.27930650728 0 0 0 1
-8.45427994401 2.52044746819 3.38823964443 0 0 0 1
-4.67787266918 2.71476571972 1.03765721392 0 0 0 1
8.31025742838 8.19519818113 8.0427979012 0 0 0 1
-3.72282219123 -3.92779061717 -8.14770581127 0 0 0 1
-7.55234305286 -7.75586455727 -8.53537085261 0 0 0 1
5.69644130929 -1.25491409921 3.92384890865 0 0 0 1
-2.20514159125 -2.90412642996 3.22693657925 0 0 0 1
8.37603520282 -6.35732010822 0.0213892334992 0 0 0 1
-9.85545812097 4.17488415565 -7.08264937261 0 0 0 1
-4.8599849381 -7.11866788389 1.65396107515 0 0 0 1
4.89717283459 5.36636090288 -4.82263401604 0 0 0 1
-6.82524198205 8.08939765675 -0.238624095868 0 0 0 1
-4.79425920755 -7.37381516356 7.17087686867 0 0 0 1
2.60829835856 -5.02630005553 -5.44826397163 0 0 0 1
2.37041578146 7.22200191012 -2.68166661427 0 0 0 1
0.986502110315 -1.84958406176 -9.29859370515 0 0 0 1
-1.19214755533 1.37687305465 -5.41626904349 0 0 0 1
7.10330635068 4.06372651949 -4.52957010622 0 0 0 1
-5.29682581549 9.32463483992 1.41592775266 0 0 0 1
-6.48942222203 -8.02851754747 5.5217723854 0 0 0 1
-2.12758642875 7.72503864217 9.7117885526 0 0 0 1
8.99353811986 2.05082894215 2.76351317659 0 0 0 1
-2.17653897298 -1.3068677724 6.15517940456 0 0 0 1
1.2657447357 -0.11032922836 -0.485036925543 0 0 0 1
0.18345745305 -5.48694686958 1.20008970522 0 0 0 1
-5.12400907315 9.02365068488 0.342907059144 0 0 0 1
4.45135166594 6.92985950794 3.23271181835 0 0 0 1
-3.91555047778 4.41816621497 9.07949568239 0 0 0 1
8.47962465372 9.29803533384 -1.51927946345 0 0 0 1
-0.58162870488 -3.0223227213 2.06785627676 0 0 0 1
9.7516954243 6.06423031383 6.89066846612 0 0 0 1
9.35065117175 -0.414967244342 5.35327388436 0 0 0 1
-0.731607925164 8.32977203987 -3.22762445604 0 0 0 1
-4.20508735969 1.55535482592 -1.74537945877 0 0 0 1
-1.79219559193 3.66857880285 -5.57359331722 0 0 0 1
-2.6372331922 -9.95056442055 -8.01817079201 0 0 0 1
-5.91466345068 3.25898246716 -8.08106967696 0 0 0 1
0.513142542742 0.305205916976 6.7389823934 0 0 0 1
-3.40385920313 -7.14507785902 -4.95465454676 0 0 0 1
-2.50333418248 -2.2913352989 7.44260855848 0 0 0 1
3.56487816745 6.53891970791 0.0837293693313 0 0 0 1
-4.71851068073 6.42713461852 2.30789221926 0 0 0 1
-7.61794736988 -3.87527996137 8.24674904872 0 0 0 1
8.11227630621 9.65173746986 7.02158510936 0 0 0 1
-2.00260334197 8.46619849245 -0.0199591593283 0 0 0 1
-4.52956887094 1.11118321291 -1.31877337551 0 0 0 1
2.67071684874 -9.02409924151 -4.32682944991 0 0 0 1
-1.20404000113 -9.8268451753 -4.21050514811 0 0 0 1
9.30019036688 -4.33491066739 -8.73202776029 0 0 0 1
8.61989592284 7.33331480893 -3.03645372709 0 0 0 1
-8.22867420257 -2.79143090447 -8.86465278129 0 0 0 1
3.75662784822 5.45704184509 0.0245297543637 0 0 0 1
-5.83019592361 1.37832591732 -3.57310153976 0 0 0 1
6.27644245587 -1.72133663645 -2.90167696929 0 0 0 1
4.81189514645 9.72912636935 8.80876998637 0 0 0 1
9.62911309853 8.18772753458 6.22488977554 0 0 0 1
5.19375196172 3.1725326736 -4.32415722539 0 0 0 1
-8.53266660075 8.45570821338 0.349579750718 0 0 0 1
9.44623761375 7.8988071804 6.04163291473 0 0 0 1
-9.37959426238 9.84291458355 7.7539342549 0 0 0 1
6.57477404953 3.33961378251 -6.19465607402 0 0 0 1
1.69536607728 -8.32816571928 -1.31869265476 0 0 0 1
-1.87765988789 -9.38114012715 -6.04288983518 0 0 0 1
-6.59217277114 -5.28219978577 -8.09302356915 0 0 0 1
6.63083640969 -9.28489908627 9.33679544095 0 0 0 1
6.57382287272 -9.2096848725 -2.93261228441 0 0 0 1
-6.51565666482 -7.3532711304 -3.74214185072 0 0 0 1
-6.90118482228 8.10755536021 -1.85889353595 0 0 0 1
3.87497379696 9.76787551691 -8.28249392902 0 0 0 1
-8.61317752185 5.33425951496 6.73020016537 0 0 0 1
-7.68371730192 -6.98963199878 -1.22545640969 0 0 0 1
9.63684147784 -8.9486111191 -3.19098129011 0 0 0 1
-9.14301569687 -7.10027684842 7.10919269716 0 0 0 1
-5.56571343677 -2.63252830348 -6.29716679729 0 0 0 1
-2.17147262231 0.317564216489 3.81432974163 0 0 0 1
-2.83034352127 0.0873670467802 -2.39843098515 0 0 0 1
-5.40023422113 -2.72364932568 -2.04398221435 0 0 0 1
-5.89894647193 -3.04436619784 9.11073195538 0 0 0 1
-0.306350748565 -2.8426542177 4.80475263814 0 0 0 1
-5.51052158772 -6.68058346397 -7.88271236973 0 0 0 1
0.819579355527 -2.66898919283 -3.63316939224 0 0 0 1
3.29955177709 1.32132352365 -9.12265375215 0 0 0 1
-7.15628876247 -9.46679821727 -3.39898738755 0 0 0 1
3.33308831225 -7.17475089485 -2.22065535788 0 0 0 1
2.94887107628 -6.78910314694 -1.54998305816 0 0 0 1
-8.09558242355 -7.73073329614 0.16081829644 0 0 0 1
-2.7922895294 8.69677636765 0.163038671524 0 0 0 1
-7.46616191712 6.64391876443 0.990353047894 0 0 0 1
4.50376591557 -3.10190989098 -8.09429982929 0 0 0 1
-7.98250730848 -4.09684629482 6.9251360433 0 0 0 1
8.44549948646 7.8975662191 3.7499333615 0 0 0 1
-4.31171320254 -5.18000131955 -9.28610915149 0 0 0 1
-9.31925130554 -4.62022452004 0.407515817359 0 0 0 1
-4.01305176529 3.82152804261 8.44725909502 0 0 0 1
8.50784341167 -3.70092389273 9.42184138516 0 0 0 1
0.00293550744306 2.57915311389 -0.0712951691573 0 0 0 1
9.89395232392 9.03728284317 4.13138274835 0 0 0 1
5.9557151774 9.7414301187 -0.424912963496 0 0 0 1
-7.19597898424 -1.91717291294 3.30683165379 0 0 0 1
-1.14534855846 -9.80279102296 2.35267097385 0 0 0 1
0.34032718413 2.32125574903 -8.24877821264 0 0 0 1
6.0771017604 -9.64751147936 -8.46343855183 0 0 0 1
2.44499600492 -5.81883212012 3.80844715363 0 0 0 1
1.41844192845 -8.51353122049 -9.17901093822 0 0 0 1
8.17306119588 5.90125586721 8.88987557503 0 0 0 1
5.58315342547 1.61317093887 6.5864713462 0 0 0 1
-1.45580022991 1.4041945243 7.90472179511 0 0 0 1
5.3432796965 -2.28296145499 7.6739922072 0 0 0 1
0.60619116386 -6.75865378098 -7.53400030098 0 0 0 1
9.28781956822 -3.18440308932 9.5985182851 0 0 0 1
3.3256389223 4.11119623314 -8.552393249 0 0 0 1
3.50237760719 5.07820969575 2.56571645835 0 0 0 1
0.152430866801 -0.736223842571 9.27573218898 0 0 0 1
0.324682555073 5.75369976306 6.12082454428 0 0 0 1
3.76442364978 -0.998984722156 1.72776409432 0 0 0 1
7.84851769903 8.11254242792 -3.06646578429 0 0 0 1
-7.45597113505 -1.58637986067 -2.51571510621 0 0 0 1
-0.341577957016 -1.29304396633 5.27247156539 0 0 0 1
-0.248349251158 -7.7251899511 -4.62980547804 0 0 0 1
-4.09896572428 1.04958305931 -0.560654876301 0 0 0 1
0.241276355403 6.84781261125 -7.87801056738 0 0 0 1
5.12353905957 9.34169184994 -0.163659866918 0 0 0 1
-2.09412706592 7.26478762145 6.51379504167 0 0 0 1
7.19819498361 4.51250125906 -1.98422990858 0 0 0 1
-1.58205915612 3.68291554291 -5.03382251793 0 0 0 1
5.73928439155 3.74789705022 -7.37752203423 0 0 0 1
2.22949260035 0.100712893123 -3.59050367073 0 0 0 1
5.10159588382 7.85884598863 7.47800435602 0 0 0 1
8.03869349159 -0.367974413397 7.43014721739 0 0 0 1
9.60604453772 2.10990960125 7.73527103698 0 0 0 1
-6.05265110569 -7.65381278068 9.1767067613 0 0 0 1
3.65489058558 -9.78331837516 6.15759189453 0 0 0 1
3.55397821434 -4.40397483334 0.525001990576 0 0 0 1
4.92276194951 -1.2248546621 -4.448672196 0 0 0 1
8.35179448156 1.58471225455 8.65771620297 0 0 0 1
-6.96599352359 -2.76743684869 -3.35085186845 0 0 0 1
-2.6338598706 -0.504337488796 6.17746460979 0 0 0 1
-9.40813862629 -7.82256779226 -8.79137708614 0 0 0 1
6.1565680697 0.184762186208 4.85760058984 0 0 0 1
4.02236701887 8.51446229841 -1.92862154995 0 0 0 1
-0.272289589438 -2.44960906291 -4.91727698283 0 0 0 1
-3.59663367132 9.86820987953 -9.51954155963 0 0 0 1
1.89208417265 -3.88297216943 -7.35128839896 0 0 0 1
3.46816265962 0.937418720085 -8.23446701001 0 0 0 1
-6.32327761926 1.1921238478 3.86839161262 0 0 0 1
-9.57499064246 9.20950015348 3.38194011016 0 0 0 1
4.52858738069 0.367606455779 2.72126907936 0 0 0 1
-2.11482132538 6.76814990451 4.28409993002 0 0 0 1
-7.02761165447 -3.21115514989 -5.453285771 0 0 0 1
-5.24819851885 7.81165456 -3.03820774884 0 0 0 1
-8.96708086528 4.51455303087 1.94346672232 0 0 0 1
-2.58884575836 -9.29217740161 5.49500534663 0 0 0 1
-7.60472891043 2.02417295779 8.81452150085 0 0 0 1
-3.37557610603 5.63285887281 -6.06427232317 0 0 0 1
-3.16368952431 -1.08624217793 -9.36481320405 0 0 0 1
4.22054879266 -1.90658331143 -2.31352388931 0 0 0 1
-8.045091389 6.25518780018 3.25209128029 0 0 0 1
1.22703180518 -4.77283333848 0.063265085769 0 0 0 1
1.81953119887 -7.44545838979 -5.85047753642 0 0 0 1
2.18750251119 5.22571323665 -3.84344297172 0 0 0 1
-3.71297608759 4.96107502847 -8.36880796816 0 0 0 1
-0.964378979806 7.31276063134 5.9421558884 0 0 0 1
1.58448972287 -2.06424550952 1.079393494 0 0 0 1
8.32467266818 0.079785169645 0.874414985633 0 0 0 1
-5.9263546306 7.86671822726 -3.39108937058 0 0 0 1
7.06084183033 -1.35274560799 -5.9590051402 0 0 0 1
3.23096451024 -9.86306366865 -8.12689080774 0 0 0 1
-4.04783099345 -7.4884646797 -9.108153557 0 0 0 1
-0.526400682896 -8.63204870367 -0.0555498746462 0 0 0 1
3.25279436269 -9.0854393817 -2.83409075126 0 0 0 1
9.73922235054 0.243434727553 -5.63715123817 0 0 0 1
1.60146324701 -7.19965725451 -7.75028833291 0 0 0 1
-0.240174590611 -7.23096485255 -5.80216920803 0 0 0 1
6.86578380773 8.23852750544 -5.81918748971 0 0 0 1
0.784524287115 -3.45139705502 -6.16451815036 0 0 0 1
-8.53965602724 -2.09986737214 -8.33333000719 0 0 0 1
-9.26581794176 -7.9842840884 0.967371476126 0 0 0 1
8.85328400828 -9.3864076029 8.94161144589 0 0 0 1
-2.47495905307 -4.59424117763 -4.6706340085 0 0 0 1
-5.14711641695 5.46837939868 -0.612775167036 0 0 0 1
-1.22524479433 6.35600500965 8.95773573828 0 0 0 1
5.11391834553 4.14212648942 -9.32227628164 0 0 0 1
-6.03142748442 -4.51859605763 -9.76074039319 0 0 0 1
2.71794266144 3.73977174835 -2.85558653168 0 0 0 1
-6.82777870096 -7.086951123 -0.303715310069 0 0 0 1
-4.49246555351 1.22231383431 -5.26793482275 0 0 0 1
4.79295952463 7.75264847865 -7.77298757778 0 0 0 1
-7.00343207922 1.85204342911 5.07896169688 0 0 0 1
9.7143816858 4.44279724124 9.84845498364 0 0 0 1
-6.90836729037 8.11477656886 -7.71555135108 0 0 0 1
-7.45886961671 8.56735193166 4.33751910225 0 0 0 1
9.4058632515 -5.47708012572 -1.7100580624 0 0 0 1
-9.42532064425 -1.40003927695 1.4659139943 0 0 0 1
-6.7169429132 -7.56205530318 7.15738109176 0 0 0 1
-7.30120509084 8.53585938467 -7.42931546791 0 0 0 1
-4.26454747017 9.42934530229 2.56932103148 0 0 0 1
0.973704180622 6.97504348068 -8.10686308054 0 0 0 1
6.14653076726 9.39334350046 -4.13054697221 0 0 0 1
9.01577639949 -0.419607335738 6.61515559645 0 0 0 1
-4.30869362466 4.06521259238 1.88259437161 0 0 0 1
9.31164566546 1.97099740384 -5.64576442607 0 0 0 1
4.99085330149 -0.501229996404 2.11386564289 0 0 0 1
-5.37344449256 -5.65066836885 -0.303514953748 0 0 0 1
-4.59510149877 8.70032587651 -5.22859193949 0 0 0 1
-9.32510243874 7.3268678056 -3.03525593366 0 0 0 1
-1.76904211412 -5.34541120403 -7.99790499085 0 0 0 1
-9.78529942363 0.265422009289 -8.73005190529 0 0 0 1
-1.3629487116 -7.70425227744 1.91650177184 0 0 0 1
9.84033281472 4.36067209039 1.27316799701 0 0 0 1
8.12964928854 8.4752657671 3.96942710024 0 0 0 1
-9.78870502044 6.77627630734 -8.72021319166 0 0 0 1
-8.05431290062 -3.52066179763 -3.78265298808 0 0 0 1
5.21831475998 1.02167170302 -7.75045336708 0 0 0 1
0.687573893203 3.32168689442 9.01077328735 0 0 0 1
-1.67697273497 -5.00865511735 0.428123095126 0 0 0 1
-0.297534515506 -2.41563298543 5.61385173091 0 0 0 1
-2.43252579273 -5.35825349844 -1.81360131345 0 0 0 1
5.82865898603 -5.85452594775 9.18596332222 0 0 0 1
8.60664201103 -8.77034624084 -7.11063796655 0 0 0 1
5.30713897081 9.87673617653 0.316581567825 0 0 0 1
4.950126714 4.24215599296 -1.17707883616 0 0 0 1
-4.37142844468 6.84501472944 -6.22154218573 0 0 0 1
-2.10664495192 1.73895634852 6.8223876329 0 0 0 1
2.37970369655 1.79441223206 4.54303684119 0 0 0 1
-5.75624926987 -5.71276797252 -4.78763956809 0 0 0 1
3.36224904607 1.48564745032 8.52048367485 0 0 0 1
-1.60951610659 -4.94261555455 -7.31859494879 0 0 0 1
-9.13742847916 3.54513231162 8.97186492535 0 0 0 1
9.37142041646 -4.06496844719 -7.14857215669 0 0 0 1
2.57499736238 -6.19288150427 0.232424098697 0 0 0 1
-2.61596943952 -5.00509119611 1.53943394522 0 0 0 1
-8.05906097822 -5.4601923351 -6.59912477982 0 0 0 1
-5.862804546 -5.81135150314 8.97195516675 0 0 0 1
-6.94272201505 5.89515213335 9.1437471341 0 0 0 1
1.68120370935 -0.961467767582 -8.76407053913 0 0 0 1
-6.62372151881 1.55416293623 -2.50735282653 0 0 0 1
2.45845116927 6.83509228013 7.00888756825 0 0 0 1
-2.49686942527 -9.24169245933 -7.35549583383 0 0 0 1
6.0532844999 5.00888471047 -7.1034681959 0 0 0 1
2.31201672305 -3.25792302092 -6.26456921367 0 0 0 1
-9.01410628351 6.25243673539 3.73125858884 0 0 0 1
-7.84921479673 1.31823187737 -1.25038211338 0 0 0 1
-1.16920246752 -0.199338361291 5.23098744493 0 0 0 1
7.47360979597 8.7488903959 8.52629282694 0 0 0 1
-8.42341831545 7.63753022069 -8.7888894277 0 0 0 1
-8.82064534777 4.91506807136 -8.9058747215 0 0 0 1
9.52297251498 3.69004597584 -0.687863374244 0 0 0 1
0.710778893253 2.75146655464 -0.404264917676 0 0 0 1
-9.6687000346 -1.35327135823 0.378456063214 0 0 0 1
8.35543398298 -7.39379143442 -6.37546264443 0 0 0 1
1.15812082466 -3.98598750065 -4.78578901029 0 0 0 1
-4.39374371019 6.75512508904 4.9812755216 0 0 0 1
4.05902656991 -7.81549151192 -9.19545897599 0 0 0 1
1.96184456849 5.57053880457 8.63342892519 0 0 0 1
5.8852288087 -6.30687181601 6.99428513168 0 0 0 1
-2.20593943678 -6.48546732042 -5.9052800097 0 0 0 1
8.21687795326 -6.83419557626 -8.79329719388 0 0 0 1
0.854677717951 -2.67052554728 -8.48998368366 0 0 0 1
2.10638227376 9.69266480248 6.76741612872 0 0 0 1
-5.9364478516 6.79371842785 -7.8486415567 0 0 0 1
-0.236220625531 -8.9638807589 7.30340958165 0 0 0 1
0.941104848241 2.00967330247 5.65951916862 0 0 0 1
9.66068154227 -8.64453430056 3.62917102107 0 0 0 1
-4.54970156078 -6.58545807873 1.37179600515 0 0 0 1
-3.30664028646 0.542360766069 -1.62668297785 0 0 0 1
-6.01502223852 -5.59017327796 2.68725931898 0 0 0 1
-3.61703659205 -6.86821357759 -3.66734016797 0 0 0 1
2.53920891123 -5.69202137912 -7.50810894489 0 0 0 1
-6.60769102634 -3.6681603007 8.7958129818 0 0 0 1
9.10109567963 8.33538558488 5.78091030559 0 0 0 1
5.51856241149 9.56708595915 -0.862766102183 0 0 0 1
-9.71351641815 -3.63926263998 5.44692747218 0 0 0 1
7.50815872686 9.41295080605 3.36909485081 0 0 0 1
-7.26335093305 -4.39636978207 -0.845158981454 0 0 0 1
8.08911143361 0.450615999534 0.62838542137 0 0 0 1
-6.48270160701 -8.57883803531 3.60287979253 0 0 0 1
1.15388236465 8.34211477284 -7.00162899169 0 0 0 1
6.58996966416 -2.14980221976 0.798387560858 0 0 0 1
2.08925182769 4.13893294222 7.60014179581 0 0 0 1
0.91154101677 -8.67475804086 6.44134508615 0 0 0 1
-8.22459154073 8.05702603226 -4.79079915393 0 0 0 1
-5.92978911984 0.0462246359596 -0.533198492298 0 0 0 1
-8.07493494079 -6.4836636918 0.501245937733 0 0 0 1
-9.67626461618 -0.415537420761 -6.78285854419 0 0 0 1
9.17926494353 -1.39022796159 3.78102968703 0 0 0 1
-3.78916030178 -7.49931118278 -4.11446523479 0 0 0 1
6.06950250165 -0.178349598303 -9.89284859832 0 0 0 1
2.62130050124 -2.23677602269 5.56765465613 0 0 0 1
7.04144638776 -3.98385027109 -6.66759476584 0 0 0 1
-8.20044093525 1.90904165872 -4.93491158406 0 0 0 1
2.86881364633 6.50638960624 8.40853654933 0 0 0 1
3.764658711 3.73034249649 4.41440478751 0 0 0 1
4.10853967363 -3.03303283118 -1.97905074422 0 0 0 1
5.92504415984 2.18051476932 7.52552348342 0 0 0 1
7.40984242906 3.96010895516 -1.28492494729 0 0 0 1
-5.42389231313 6.45476959525 2.20002059837 0 0 0 1
-8.30956641341 -8.85439002396 -4.605645151 0 0 0 1
0.313229093758 0.30641466103 4.50420078108 0 0 0 1
4.88797762637 8.49741428297 4.50211746814 0 0 0 1
9.64402165101 -3.52992089297 -8.98941916695 0 0 0 1
2.94978237797 -6.60120363769 -6.543608528 0 0 0 1
-5.12455238898 1.71480919767 8.41489915146 0 0 0 1
6.93715954019 9.23737572936 -3.87620596012 0 0 0 1
5.13108759498 8.08358354588 -9.73866543788 0 0 0 1
-4.34019880338 -8.24527212027 -6.61304490834 0 0 0 1
-9.43068066117 9.18685647231 4.77589759122 0 0 0 1
4.15104651849 9.16922367051 6.04167379368 0 0 0 1
-8.41414281653 -1.61806875794 4.11249620912 0 0 0 1
6.31334980274 -7.1524853359 0.0602450040555 0 0 0 1
-0.572628921197 -0.591622054015 0.684774907297 0 0 0 1
-0.324495617587 7.38544915112 2.23180770232 0 0 0 1
-2.89229561898 -5.6998478502 2.88067961407 0 0 0 1
3.88307024562 2.484912977 8.97724971023 0 0 0 1
1.20455799233 -4.71402063736 -1.15043951861 0 0 0 1
3.21163553465 0.191176387084 -7.93349896919 0 0 0 1
0.522229270054 4.6199993881 3.80023901883 0 0 0 1
2.75994254989 8.72603531266 9.70162752855 0 0 0 1
-9.14296383178 4.10469583188 -5.30541178317 0 0 0 1
7.94518677693 2.19822291282 -8.48800539029 0 0 0 1
0.681288903732 -5.1268122273 3.55767678876 0 0 0 1
1.8853165782 -1.55295204854 8.71372307703 0 0 0 1
-4.38272852654 6.85011379193 7.23342345243 0 0 0 1
4.79679536775 9.93048778081 3.32641539362 0 0 0 1
0.325297942012 1.91035651265 -5.82316741512 0 0 0 1
3.83439900289 -5.79135020691 -8.66212917302 0 0 0 1
5.32635527686 8.81625312407 -9.19727006481 0 0 0 1
-3.56571319417 -9.34307962928 9.02434836483 0 0 0 1
-1.2412670087 -5.55060167223 -1.36576592951 0 0 0 1
-3.74190753996 5.2546915928 -0.53971573888 0 0 0 1
-0.153669519176 8.54465570587 7.32662300203 0 0 0 1
4.23774050107 8.6273610181 1.94068335135 0 0 0 1
2.73364215932 1.61443499682 6.09787091638 0 0 0 1
9.96009764765 -3.00832714232 -9.83947582341 0 0 0 1
-0.760795458159 -4.11537484245 -7.81744781519 0 0 0 1
-7.24978810726 -9.68121487722 -0.273095453542 0 0 0 1
6.69058816408 3.694061445 -0.673482151553 0 0 0 1
0.687880038717 -1.84624492331 7.78367685718 0 0 0 1
-7.79597181871 -8.25140171003 -0.0713544841796 0 0 0 1
-1.46304722967 0.474273544963 2.66149997251 0 0 0 1
9.50558186887 -2.36694126546 8.68329664706 0 0 0 1
-6.19632700346 3.36413724797 -0.745756152631 0 0 0 1
-7.56723901092 9.12273668828 -9.22534635813 0 0 0 1
3.99393941517 4.59695284289 -2.01836554819 0 0 0 1
-7.72121720407 9.21321368873 9.43481691428 0 0 0 1
-0.609766880279 5.33054534352 -4.49303415187 0 0 0 1
-8.04286798035 5.13269282815 -3.25105042305 0 0 0 1
8.77450830645 -9.25793876833 3.96752720237 0 0 0 1
-6.25752445213 0.617797167648 -0.587938248033 0 0 0 1
7.56116417559 7.45300027564 3.30401017107 0 0 0 1
-8.1217625155 -9.92213297381 -9.98159855221 0 0 0 1
-6.39638375892 1.6319731389 -1.06358237407 0 0 0 1
-4.90528632011 8.7338632474 -4.19918598257 0 0 0 1
7.3342286799 -8.36713344701 3.60970506221 0 0 0 1
-5.36549133235 -8.06266634005 -2.67078986688 0 0 0 1
-3.72745691639 2.6213870105 -3.0622856805 0 0 0 1
-5.08057295268 -0.494360367931 -3.6738973442 0 0 0 1
-8.64574617896 7.58132743282 -4.99670977321 0 0 0 1
-6.00420042854 8.4243237964 1.49372849988 0 0 0 1
4.49448068645 -4.78569929223 -8.34654851722 0 0 0 1
-5.52946374788 -0.792877576055 -4.02326229162 0 0 0 1
2.59988390723 8.53668308816 -6.29582567555 0 0 0 1
-2.89137279468 -1.20289808389 0.791028079119 0 0 0 1
2.31597208386 -7.16230866081 -8.48748714104 0 0 0 1
7.72532361364 -3.30774971106 2.80197283009 0 0 0 1
-4.48422660366 5.38436572599 4.1534752675 0 0 0 1
2.29760041846 9.60988941111 -5.57442959094 0 0 0 1
-6.06777326741 -5.50947690499 9.63003093011 0 0 0 1
-0.469312797077 -3.95551820478 -4.40076458262 0 0 0 1
-9.32319326279 -0.715156449157 -8.26633703342 0 0 0 1
3.65235794448 1.01723428127 4.63452756879 0 0 0 1
-7.137415644 1.78898108704 -7.75484503152 0 0 0 1
-3.20014084306 -4.53139435502 8.21477225229 0 0 0 1
7.05435675202 -5.13707543438 2.04978952729 0 0 0 1
1.67841119145 -2.17229680874 -8.08291526195 0 0 0 1
-7.56965471162 0.757706806685 -1.35561101612 0 0 0 1
-7.02472469113 4.23500119935 1.67701692254 0 0 0 1
6.42780297995 5.25703064398 6.50602835835 0 0 0 1
-1.11649016518 -2.76671306183 6.06836054407 0 0 0 1
5.06302100076 -9.23313862346 -5.15057398511 0 0 0 1
-3.1483336417 6.61031063957 5.85275727666 0 0 0 1
-5.35635073336 -5.78765370657 6.07728455006 0 0 0 1
-0.0639889958063 6.66562887955 -2.55548233139 0 0 0 1
-7.33253499022 6.34313920011 -8.86458829716 0 0 0 1
3.36336844126 0.973106642391 -0.556172936379 0 0 0 1
1.54856328507 5.72597916178 -4.52695322564 0 0 0 1
3.78671608884 2.3994934561 -1.98997735462 0 0 0 1
9.00156830612 -5.30895901175 9.89445487258 0 0 0 1
0.421401154709 -3.27075766645 -1.4066897265 0 0 0 1
0.273618975834 1.29626812269 -7.21026555633 0 0 0 1
-9.36852648107 0.179860284228 0.788434049304 0 0 0 1
-5.89560264368 -0.769823862749 4.77220802243 0 0 0 1
6.89437059163 -1.99155218714 2.96326813706 0 0 0 1
7.01118991501 -1.57936343602 1.6587720182 0 0 0 1
-8.15201703764 -3.75993547736 3.04113933034 0 0 0 1
-2.3352054777 9.69514605705 -7.82659636647 0 0 0 1
-3.28370293183 4.90620090991 -6.99897583931 0 0 0 1
-6.97739498866 -0.324464301165 0.594630802855 0 0 0 1
5.08361146253 -9.16620488084 8.16313345189 0 0 0 1
-2.39990645029 -2.09878242236 9.72169072474 0 0 0 1
0.433910018574 2.35320147007 1.84437271189 0 0 0 1
7.39227014477 0.0695917019851 4.66618579948 0 0 0 1
-7.61272192038 -5.13308150263 0.136524143919 0 0 0 1
-7.07440190611 -7.11991851069 8.94657727784 0 0 0 1
-1.927342919 1.33298107755 -1.12757257631 0 0 0 1
0.347609029617 7.53573144739 -3.38733979376 0 0 0 1
8.83219144118 3.16772498975 6.16692431448 0 0 0 1
0.916393357207 8.35497118863 2.02108650871 0 0 0 1
2.75852632575 -2.40411376411 0.114542048205 0 0 0 1
-5.68385155305 7.16158628271 4.66140037289 0 0 0 1
-8.18655602739 2.91253615414 -2.41250648962 0 0 0 1
-6.71975603434 1.74352214119 -0.921944498752 0 0 0 1
-3.99615170924 1.04954144606 3.9690709181 0 0 0 1
5.20596669259 -1.58099455096 -7.27695352929 0 0 0 1
-1.31909469796 -5.70029660856 8.21657826381 0 0 0 1
-8.96159651406 9.42497153151 -8.33760480839 0 0 0 1
-2.94098027098 -8.72594525974 5.67302512533 0 0 0 1
0.237674370835 3.08013300439 8.46501642481 0 0 0 1
-0.87972994524 2.55533091749 6.93088891117 0 0 0 1
0.635082058207 8.11781654025 -3.94959212391 0 0 0 1
2.65808204072 -3.11720980506 -1.14490661501 0 0 0 1
3.17998789852 -8.12205354222 0.819170750539 0 0 0 1
-7.98733871733 -4.01491592356 2.81770147681 0 0 0 1
0.962045873908 5.46505526392 0.00321573037567 0 0 0 1
-0.944624693925 9.52797947251 7.24841401988 0 0 0 1
6.52099345652 -8.52912103562 5.12504954199 0 0 0 1
3.57829270788 5.78642588304 6.7467119633 0 0 0 1
-5.53400659584 2.87696542164 5.10275187469 0 0 0 1
1.33377979268 -8.54348421153 -4.63984671214 0 0 0 1
4.63121221141 3.02428197837 -2.47890786157 0 0 0 1
9.99578484312 -2.48633174357 9.18795750839 0 0 0 1
3.42863144159 -3.36592823889 -9.12713776318 0 0 0 1
-5.53790928701 6.83694137589 1.34494949078 0 0 0 1
-4.47953204724 5.44707886896 3.76912538995 0 0 0 1
5.15482298671 9.03772551321 8.50652051174 0 0 0 1
8.97697313505 7.55783876971 3.35298529643 0 0 0 1
9.09881920576 7.43663810767 -7.44178190293 0 0 0 1
3.83841912597 -4.69878310586 -9.56558289499 0 0 0 1
-3.16912828975 -2.32438467682 -3.01486801252 0 0 0 1
-8.25066321786 -9.6117490835 -6.95272461424 0 0 0 1
-7.25489611822 8.63895087438 -0.653863058442 0 0 0 1
-6.43051931444 9.82768855974 -6.76721974867 0 0 0 1
6.53409643705 -1.29869231301 7.05756360882 0 0 0 1
0.0640216821717 -2.38118019831 -7.44315587881 0 0 0 1
-0.0259513088538 -4.92866560249 -4.51196137966 0 0 0 1
2.47626803726 3.86859114056 6.66879734674 0 0 0 1
-9.24175397633 -1.78358723303 -4.16592877095 0 0 0 1
6.8617702787 7.55961852758 1.48945061808 0 0 0 1
6.49147491415 -9.47033166788 6.10533943166 0 0 0 1
7.79559073667 7.54960187907 0.588232995382 0 0 0 1
-1.93371835566 7.20183372682 4.24224920424 0 0 0 1
5.46159493538 8.55182405266 5.96494998862 0 0 0 1
-5.94926900801 -1.34511691752 9.47458138655 0 0 0 1
7.52719850846 -6.29969025829 -8.1438493876 0 0 0 1
-4.92200163317 2.03259378979 -0.798660043389 0 0 0 1
-0.19637699321 7.63573849866 -8.00548803034 0 0 0 1
4.78233270478 -5.11977159122 4.83104539697 0 0 0 1
1.51930457658 6.37006474612 -9.29138499606 0 0 0 1
-3.74750543391 2.34493504791 -0.328996570556 0 0 0 1
4.40853635625 3.58052217478 2.67334200196 0 0 0 1
-2.45688462371 3.09410344904 -1.86993091846 0 0 0 1
2.87276667294 8.79111542956 5.89805219706 0 0 0 1
7.09148548472 2.42161890583 -6.63945581031 0 0 0 1
2.36329840672 -2.90922746509 -7.9750110749 0 0 0 1
3.71656996758 8.10550876503 6.64704586783 0 0 0 1
-0.534129413571 -1.96900394866 -7.83270225747 0 0 0 1
2.39472594157 -0.953306781428 1.11520123913 0 0 0 1
-9.76567295501 -3.58901925964 8.4371122203 0 0 0 1
1.78498595072 -0.861471319521 -0.887299111059 0 0 0 1
5.94842748502 -4.05036154479 8.09526059964 0 0 0 1
-3.11877166923 -1.34372320288 9.02279852609 0 0 0 1
7.73820855849 -0.632733292765 -3.16757993378 0 0 0 1
-0.939128556727 6.44988973589 -4.29186806246 0 0 0 1
4.64458129525 -3.60256324359 -4.49055116405 0 0 0 1
-6.6837971989 -6.13194767784 -1.05088502239 0 0 0 1
-4.2039112212 0.918183588852 -5.62132675858 0 0 0 1
8.1854256435 -0.165481098257 5.91316396503 0 0 0 1
6.76024970614 -9.77788696191 9.37296643156 0 0 0 1
6.12245217402 -3.27011232217 -3.80962714412 0 0 0 1
-0.284072200083 2.14139788521 -6.67540514942 0 0 0 1
-7.77458500617 7.61103271191 -5.55647374729 0 0 0 1
-4.59866904285 7.12393083947 -3.11602729187 0 0 0 1
6.48637613105 7.71833192982 5.86414365137 0 0 0 1
3.33252523864 4.60080324753 -9.30994942879 0 0 0 1
-4.70535878102 -4.45951346639 -3.35870859871 0 0 0 1
-9.222966673 -3.78738927073 4.60327956954 0 0 0 1
5.28732714933 -1.59497004 2.08477501929 0 0 0 1
-2.1248290482 0.962470256669 3.7807333191 0 0 0 1
3.75538801803 9.30849287223 -4.96780479634 0 0 0 1
6.34464999378 -5.68794329767 1.69647063686 0 0 0 1
8.26576410441 -3.71288351483 -3.55074644858 0 0 0 1
-7.13326164136 8.3068725416 -8.30847537285 0 0 0 1
4.83790533198 -5.94179502843 8.45809518139 0 0 0 1
-8.63193012072 -4.35209625415 1.55552360813 0 0 0 1
6.38527749942 4.6663400876 -9.00554766407 0 0 0 1
-4.2512838212 -6.05582935311 9.87105981664 0 0 0 1
-2.88885742504 2.81944115545 7.71454921691 0 0 0 1
-3.08654697597 0.183609179338 -8.44640374524 0 0 0 1
-0.358909930331 -9.71300673774 -8.72292842635 0 0 0 1
0.03553805661 6.95718138977 -4.58732162272 0 0 0 1
5.88693031101 -0.664264507355 -2.86861940065 0 0 0 1
-2.55580288243 0.58721658026 -6.80850738173 0 0 0 1
-0.449599823835 -4.66663185102 3.3250569325 0 0 0 1
8.41358543269 8.22180883021 -1.0815244188 0 0 0 1
-6.50909643652 3.24160113898 8.8271765393 0 0 0 1
-2.48860510741 -9.30583518765 2.92667665036 0 0 0 1
-7.54345336616 8.57611842688 -1.4588808747 0 0 0 1
9.10977914636 -2.64497716952 7.74896814938 0 0 0 1
-3.11936388282 -5.31292886416 6.17595066846 0 0 0 1
7.17667778427 3.0333134302 -0.156789544518 0 0 0 1
1.78434811532 -6.7358168536 8.82369116758 0 0 0 1
9.00303799834 -6.7981647116 3.57409134897 0 0 0 1
1.27752715897 2.28592093847 8.48148029389 0 0 0 1
-6.5307196153 -4.76320576762 -9.65832965333 0 0 0 1
7.70119698923 -0.588810931376 -0.713189870364 0 0 0 1
-6.04558037955 -8.1234194683 -3.6200151154 0 0 0 1
0.945915499214 3.04385071532 1.94257329625 0 0 0 1
9.5289112644 -0.898413974337 9.71394338604 0 0 0 1
5.6935736325 4.72628770946 -5.78880234889 0 0 0 1
-5.749554878 8.40979221815 -6.56011120527 0 0 0 1
-5.44491709437 8.37608159113 -8.77376339058 0 0 0 1
5.44112776575 -8.83599101461 0.642961929284 0 0 0 1
-6.20506523018 8.1880249753 -5.67587735609 0 0 0 1
-5.45960548306 -8.24130595146 0.10535111423 0 0 0 1
1.02589749635 -6.73926286173 -0.863997985946 0 0 0 1
3.35203565243 7.31312390571 8.40077862823 0 0 0 1
-3.460082336 -4.23131159384 -1.60007941481 0 0 0 1
6.77958397126 4.77147147969 7.12350654617 0 0 0 1
-5.46516779254 9.02782165503 -2.07304681454 0 0 0 1
1.91221503045 0.551854314866 9.42433061114 0 0 0 1
3.28730215226 -3.44598325879 -0.10912016523 0 0 0 1
9.53567259988 6.15655582901 -8.87655024339 0 0 0 1
8.22506779174 -8.6022203285 -7.79409868767 0 0 0 1
6.88684232152 -6.01965517415 -8.78006411037 0 0 0 1
4.2989644893 -2.65560654001 9.86083696995 0 0 0 1
0.573977441092 2.75091784697 -7.32174509155 0 0 0 1
7.62895855177 8.9419235001 -1.56777122175 0 0 0 1
-3.99124825678 -8.34590543251 -3.32927245644 0 0 0 1
9.04129558827 2.75223791896 -6.11633286768 0 0 0 1
0.70892571507 -8.86813332946 -7.61551847843 0 0 0 1
4.03162646607 3.42843247283 6.34503733473 0 0 0 1
-7.59720973849 6.50302963812 -9.74609576203 0 0 0 1
3.14901992807 1.91858722704 -5.60489079147 0 0 0 1
-9.00177465689 -5.87744345255 -4.84295451091 0 0 0 1
2.23406777028 -3.26742043175 4.82541615906 0 0 0 1
-7.12868259858 -8.80821187537 -9.05984560198 0 0 0 1
4.13999810913 0.966387809804 8.35683519571 0 0 0 1
1.11245603496 -7.96083435767 -5.37622518484 0 0 0 1
-3.17148504613 -8.87609577148 -5.62674200708 0 0 0 1
2.41373513544 3.33457107244 6.21529077519 0 0 0 1
-1.04074968404 5.94509079308 -9.62749147719 0 0 0 1
1.43880236192 0.570060805363 -2.52414559907 0 0 0 1
-8.53730532096 -8.06925623201 -8.95628080442 0 0 0 1
8.27398822435 7.24947313384 -2.04200475169 0 0 0 1
9.52911146833 -5.35912418036 -7.02688979033 0 0 0 1
6.35984025121 5.93740500002 -8.80421745767 0 0 0 1
4.39706027445 -3.85558102901 5.84436797525 0 0 0 1
-5.65094909279 2.06496142664 -1.46510386358 0 0 0 1
-3.57763442184 8.25733866929 9.73446107739 0 0 0 1
-9.77985509661 -5.88188811502 4.58621983187 0 0 0 1
-2.342499537 7.61106551717 -0.184582353305 0 0 0 1
-5.26586009393 7.1841914767 3.06721887733 0 0 0 1
-5.78616697334 -2.10089864518 3.58776339736 0 0 0 1
-7.02116138341 -3.45926688727 -1.59462291022 0 0 0 1
-8.14020154007 -6.10192581396 8.76179015689 0 0 0 1
-6.10682727103 -3.51808273069 7.21652941533 0 0 0 1
4.99828179818 -7.61390249672 3.01662129817 0 0 0 1
-2.85157373385 -0.340970414512 5.97964988343 0 0 0 1
0.21340947979 0.587390373717 7.98543944847 0 0 0 1
2.97637073968 7.32445942788 5.90599369598 0 0 0 1
6.7776735297 2.5443649314 -0.179868922514 0 0 0 1
0.526083778847 3.079026533 -1.88309897957 0 0 0 1
3.60393249691 -4.52871199878 -0.764760390662 0 0 0 1
4.90193581148 -5.21431865927 1.98869539494 0 0 0 1
1.91883578977 -6.90145003925 1.37892322577 0 0 0 1
3.95731884996 -9.27569676417 -4.34835367975 0 0 0 1
3.74101812079 -8.95617945164 -2.23542992018 0 0 0 1
-5.91454188379 1.51126783641 8.99296430584 0 0 0 1
-5.80308492733 -6.56540641418 -9.65798934228 0 0 0 1
-7.8309749142 2.24586125369 -0.234325178919 0 0 0 1
-8.06808047564 -8.08586936776 -6.33177966471 0 0 0 1
-3.48168049523 -9.06923157663 -4.14459250384 0 0 0 1
7.81781717997 -7.67435545796 7.95838113475 0 0 0 1
7.8973831495 0.634725023007 -0.296111465996 0 0 0 1
-5.47182240824 3.99714203657 0.887526815788 0 0 0 1
2.84196606421 -8.62680253102 6.89610641683 0 0 0 1
-5.59494455635 1.02304540401 1.62145299358 0 0 0 1
-6.20480395984 5.27968052116 -9.31521234705 0 0 0 1
4.11304019821 8.79304012936 4.81640725911 0 0 0 1
5.62991116047 4.9005520891 -9.06042167187 0 0 0 1
1.46180361704 3.54980313867 -1.88489559619 0 0 0 1
-7.11560467596 9.72725190171 -6.13193664703 0 0 0 1
-9.49672021728 3.12117766823 -2.77317796603 0 0 0 1
-4.14896477121 -4.42264451595 4.92580111684 0 0 0 1
8.38282940178 -8.87664718376 2.03519061662 0 0 0 1
8.58572583703 2.86457839674 -2.95065963976 0 0 0 1
0.457355351287 1.05113488896 -2.79010996006 0 0 0 1
-5.2220244552 -1.3516745826 6.0043042439 0 0 0 1
-8.61156055626 8.73275856188 -5.50872448362 0 0 0 1
1.00959956378 0.205308468018 -2.79994854566 0 0 0 1
-5.78491821872 2.2471935909 -0.868544401597 0 0 0 1
3.26589610491 7.04541420654 3.0010126174 0 0 0 1
-1.67276321217 2.24240022149 9.52324321792 0 0 0 1
-9.35898311846 4.89041640147 3.00413526145 0 0 0 1
-1.92303326654 4.54828883171 6.23439888288 0 0 0 1
-6.68973110719 0.774095591597 5.8357487204 0 0 0 1
-4.12856748298 8.53298366779 8.75730414466 0 0 0 1
-1.92958859182 -9.54091442278 -6.84426488842 0 0 0 1
6.31570868002 9.68358981848 -3.27592345981 0 0 0 1
-4.10116977517 -5.01657933667 3.09983521433 0 0 0 1
-7.39726247406 -8.05436872954 5.74559673692 0 0 0 1
-9.57491758039 -7.8438118571 6.47990463516 0 0 0 1
2.48757295692 8.09327023776 -6.71821642119 0 0 0 1
0.788135677188 8.48197360392 8.24608788571 0 0 0 1
0.155936614219 -8.00704266347 4.41043113422 0 0 0 1
-0.235710541704 7.05521214802 -2.3467851412 0 0 0 1
-5.74458768263 -5.51395556475 -7.51926001489 0 0 0 1
-6.19981684328 5.61174533287 -7.77210263245 0 0 0 1
1.47062965858 -9.76610676801 -4.0965384983 0 0 0 1
6.41921159976 4.18174654851 -5.45828821468 0 0 0 1
-4.70323249425 -1.31095221277 -2.98448686346 0 0 0 1
5.64520749661 -8.85110332206 -5.96988591316 0 0 0 1
-5.90901317025 3.56119625552 2.2494849102 0 0 0 1
-7.77858331842 -1.44118586691 -0.0664564924512 0 0 0 1
-4.47674053626 3.38617832573 -8.50880702778 0 0 0 1
5.0579791598 7.58124531381 -0.667216673949 0 0 0 1
6.0745806481 -3.25950429428 -5.48531800614 0 0 0 1
-1.04135040884 -0.68643967104 4.13753849873 0 0 0 1
0.813487617748 0.595498612459 -4.14263492181 0 0 0 1
1.37198045433 5.99624582339 3.77743837903 0 0 0 1
6.95184238905 -0.662992626082 -5.87820263304 0 0 0 1
3.68000567172 -0.500836242008 3.16902151867 0 0 0 1
-2.17930741644 7.73216959623 4.5891930968 0 0 0 1
2.66668745314 1.17273413066 3.01951615131 0 0 0 1
-6.81603300101 -9.23216498127 4.90149260436 0 0 0 1
-1.70827993584 3.75622794447 7.32110877963 0 0 0 1
8.62724246322 -2.23650268717 6.06283429855 0 0 0 1
6.59364873494 0.881122033862 -7.00151545562 0 0 0 1
9.84585288872 0.587244941021 -4.9064791463 0 0 0 1
6.51439686562 -0.640172847547 0.48093777955 0 0 0 1
-4.8918622793 -7.8724866922 -4.11974241643 0 0 0 1
-3.55369367741 3.44922939628 2.23213024416 0 0 0 1
-2.05101001393 6.03342107651 -5.6157383645 0 0 0 1
9.16735573939 7.38000915527 -9.20423102843 0 0 0 1
6.24211685923 -3.56518104821 -9.74910766988 0 0 0 1
1.44986675088 2.09866695572 -9.73181804767 0 0 0 1
-7.62742196395 -6.6869600691 -4.59270927871 0 0 0 1
9.53744686326 0.894341145324 -6.97823261405 0 0 0 1
-0.371281445479 8.45432786935 -3.01708408238 0 0 0 1
1.18747238823 3.48378208751 1.14676016017 0 0 0 1
7.77265501866 2.47379478316 4.40797819585 0 0 0 1
2.07971993631 -8.46969464868 5.5774298796 0 0 0 1
-6.92754538427 6.46226899111 9.62836025334 0 0 0 1
3.00225939692 -6.70154220493 9.17759002926 0 0 0 1
7.13400454352 -3.44744946825 -8.64642045468 0 0 0 1
4.13842933869 -2.8755324997 0.567817378883 0 0 0 1
7.89577576779 0.939186296002 2.54036894729 0 0 0 1
-9.78038564151 -8.43044495724 -6.03046056679 0 0 0 1
-1.39229923557 4.64418423699 2.76679297527 0 0 0 1
-3.58010621707 9.97748391392 -5.51607345258 0 0 0 1
9.29027460372 9.02654926646 6.23804143302 0 0 0 1
-9.38132493922 2.33592161708 9.24618293931 0 0 0 1
-9.42641995822 -9.4898093291 6.3216274658 0 0 0 1
6.87523271681 1.84331062304 -8.98116341466 0 0 0 1
4.525674701 -9.19140446674 -0.955889884067 0 0 0 1
-7.80934142774 -4.52647685668 -6.9542791628 0 0 0 1
1.21114243063 -8.89289822517 -5.37510351788 0 0 0 1
-4.069805965 5.08410815972 6.93559540444 0 0 0 1
0.444042279064 3.2414383938 -5.82939210533 0 0 0 1
-1.7256445969 -8.12845358327 -4.55694605587 0 0 0 1
2.25663068043 3.20272882093 3.43229651913 0 0 0 1
1.93562586738 -0.477108564999 -4.12285765434 0 0 0 1
-0.0435780402191 -7.04402696276 0.984053828691 0 0 0 1
-8.74843198273 -3.06873953664 9.97039735021 0 0 0 1
6.38163122791 -0.539289112606 -1.97126439274 0 0 0 1
8.27179119343 -2.23834402025 -2.3797032549 0 0 0 1
-5.80764788154 3.35776293022 3.84040886096 0 0 0 1
7.31193798738 8.23785830134 -8.43721010972 0 0 0 1
-8.60541431437 4.89805069645 7.76081376341 0 0 0 1
-1.67037422112 -0.616096792654 2.38995414666 0 0 0 1
-5.95723524025 -3.55868329594 0.380926172024 0 0 0 1
4.92020084245 -6.19447072709 6.43238754865 0 0 0 1
-2.50204334155 -5.5733318325 8.71517474033 0 0 0 1
2.86258436504 -9.92041921273 6.96042086037 0 0 0 1
2.17051874608 -8.86479375051 -0.381570466486 0 0 0 1
-1.47577553382 4.69136360339 6.02807749587 0 0 0 1
-1.29923357703 -3.85607558188 6.12827998064 0 0 0 1
-3.09898458492 8.83329422433 8.04943166288 0 0 0 1
-1.63436541919 -8.50517881661 5.32676769115 0 0 0 1
-5.82116846353 -6.51584387567 -4.33377862687 0 0 0 1
-2.90924054019 -1.80621953402 1.23431712962 0 0 0 1
-8.98544103138 1.9728152978 -1.72523958977 0 0 0 1
1.55767928125 -3.89013910561 -5.71984029829 0 0 0 1
-1.85082278723 -8.59268224588 3.55601155984 0 0 0 1
7.50127618906 3.6990302442 2.69633314466 0 0 0 1
-8.44098198377 1.02884414168 1.74913064075 0 0 0 1
3.1621178723 -4.74465861912 7.55917700401 0 0 0 1
-9.10348204251 1.44077312854 9.91969729175 0 0 0 1
5.54572045076 7.93917071309 -5.24556436172 0 0 0 1
3.55735546097 1.10784629475 7.00215274177 0 0 0 1
-2.32269907363 -9.37244855255 8.86304042214 0 0 0 1
-1.03749194262 -3.05366818974 4.45726932507 0 0 0 1
1.26391192944 -0.589623501279 -2.88012683045 0 0 0 1
2.51471412122 7.20341922601 9.53606554367 0 0 0 1
-1.95593275957 -6.41277125812 -1.33932801526 0 0 0 1
2.66327033659 8.46206590379 -8.88213803191 0 0 0 1
-3.26591764515 9.95059044367 6.03534562729 0 0 0 1
-8.8967596802 -7.77728308659 9.12806341572 0 0 0 1
8.13079022655 7.14227871785 -9.2958246661 0 0 0 1
3.44629936947 5.60754317913 4.57618645449 0 0 0 1
1.74597222986 6.00400355805 8.72652332948 0 0 0 1
6.84869234725 -0.558352361321 -2.94467027675 0 0 0 1
-9.01001955572 -2.21339776097 2.54427017415 0 0 0 1
-5.25769338344 -6.5443322305 1.62759303105 0 0 0 1
-6.06356740777 0.652039894239 -6.811593765 0 0 0 1
6.24701341881 8.9576764189 2.64791379742 0 0 0 1
-0.84990544855 -8.47642942814 -7.27880000245 0 0 0 1
5.13841986606 2.15302649373 -3.53610119161 0 0 0 1
-5.0837454753 2.50123382252 0.91885345758 0 0 0 1
6.06675343103 2.44290174701 -3.16661084839 0 0 0 1
-3.01214375275 -9.46413390896 7.0261615688 0 0 0 1
-2.28118805251 -2.66755515293 2.45099336261 0 0 0 1
-4.4803044365 9.63611102768 2.75426594425 0 0 0 1
1.05813009691 -8.43106737035 7.80458839232 0 0 0 1
9.00244861856 -7.02324534858 6.8212403536 0 0 0 1
-9.28078458828 -1.08305374576 -8.43848006006 0 0 0 1
7.20278998149 3.59250568158 -4.09928775176 0 0 0 1
-8.74275899193 7.53274148047 9.12374450974 0 0 0 1
-7.3153566511 1.40549329606 9.79526607964 0 0 0 1
-8.72344569969 0.422351288236 -8.90614663986 0 0 0 1
7.68778880529 4.91094891866 -9.77998797065 0 0 0 1
-3.39635342317 9.98098700874 -6.21401307852 0 0 0 1
2.90139924945 8.67918407419 0.659007509603 0 0 0 1
-4.48191745727 -9.00938190562 -7.39481528179 0 0 0 1
-3.79898912963 -9.61925294681 2.22733327441 0 0 0 1
8.08699421845 3.23566944626 -1.53625006415 0 0 0 1
-0.974486380088 2.1330215916 -7.25379021969 0 0 0 1
-3.37587100296 7.17796367639 -6.35839403826 0 0 0 1
9.88332545121 9.95802664417 -9.15040464202 0 0 0 1
2.85852726184 5.46932913811 -7.72697617381 0 0 0 1
-6.90463814424 0.28976706564 4.75242169657 0 0 0 1
-0.2037346073 -9.73932290109 -3.12530030349 0 0 0 1
-1.4305973478 -9.22042731964 4.40078525361 0 0 0 1
-3.46809268655 6.75011437764 -2.77034475761 0 0 0 1
2.23831572284 -8.51667192591 -8.95367391492 0 0 0 1
