 200 0
 4
 0.E+0,  0.5D0, -.025
 -1.0E-14, .F.
  1.000000  0.000000  0.000000  0.000000  0.000000  0.000000  0.000000
  5.460795 -4.371838 -4.205120 -5.464506 -6.889489  1.582904 -3.338858
 -4.029320 -2.463895  8.623071  0.960260 -1.233014 -0.375377 -4.395527
 -9.029064 -1.899119 -7.530204 -6.479555 -7.746100  5.980450 -0.465527
 -1.657230  7.571546 -7.743784 -5.490220 -9.120757 -0.943403 -2.490168
  1.542078 -2.156555  4.255704 -2.617797 -1.933428 -3.806326  8.752292
 -5.513323 -4.518653  9.653556  0.123999 -8.071301  9.215660  0.019394
  4.478193  8.350715 -4.571557 -1.100343 -1.961390 -9.954802 -9.086310
 -8.888168  1.277664  9.991057 -3.380876 -8.468775  7.239411  5.237670
  0.896760  2.817459 -6.453309 -7.097356 -7.913700  9.496434 -9.586619
  7.718347 -1.924139  4.578508  9.645290 -9.733725  9.804504  1.544543
  7.324356  0.844796 -6.102704  8.292329 -0.808487  4.106784 -4.148722
 -2.125676  0.690937  8.350835 -3.879185  3.916431  6.380141  9.207061
  5.028819 -9.959103 -7.239984 -5.195394  1.622737  6.547160 -7.416640
  0.128251  7.587771  4.580780 -7.053390 -2.792572  1.020124  3.282469
 -6.652802  2.033811  5.482838 -9.276528  7.631033 -0.796037 -6.213142
 -1.583301  9.664914 -6.863385 -9.406985  9.390485  2.968530  4.533756
  2.703377 -6.468140  6.714888  6.583398 -5.800812 -2.344745 -1.007534
 -2.894882 -2.318564 -1.034525 -9.578171 -1.641322  6.610832 -6.159407
 -3.327080 -1.653478 -3.489895 -1.394911  1.864174 -0.369554  8.813273
  5.332762  3.567131 -8.740849 -0.946177  3.963368  4.779015 -3.518842
  0.220250 -5.795105  9.583485 -8.682689  4.075501 -5.655911 -6.800104
  9.218102  8.549895  8.574865 -9.440159  0.620283  5.147537 -7.300742
  6.955284 -6.502705  6.984100  1.900683  0.141492 -2.481131 -9.775603
  0.902461  9.133155 -6.045047  1.394577 -5.638000  6.266232 -6.050656
 -3.577497  8.379503 -0.443482  5.783182 -4.198200 -0.604760 -9.034783
  9.411414 -0.757284  7.604752  9.175582  1.225282 -5.035524 -9.154610
  3.097546  8.814199  3.738490  0.317473 -5.225864  0.359240 -7.793559
  3.901099  6.125504  4.046525 -0.539472  5.703949 -6.115969  1.225369
  6.106833 -9.053804 -7.276750  3.916608  8.066546 -2.469389 -0.608599
 -4.539247 -3.275911 -2.030797 -6.174028 -4.801209  4.483005 -8.691776
 -6.187345  1.942722 -9.097094  3.348142  7.271306  6.986553 -2.249190
  5.661518  7.268272 -8.344863  6.225417  8.821877 -0.655256  8.640586
  6.028247  7.733182  2.362456 -4.707056 -1.912586  1.515327  5.379148
 -3.641715 -9.108341  5.177940 -3.748705 -7.285754 -5.698896 -2.633124
 -4.739752 -8.304487  2.884673 -2.567584  0.923094  8.072143  7.343687
 -5.455171  0.153490 -2.220086 -4.810060  9.906702  7.885147 -7.198682
 -9.162122  5.582259  4.427899 -4.181140  3.751035  0.412956  8.036489
 -1.318730  3.424277  8.744236 -0.791448  6.194053  6.104540  2.817427
  5.993525  3.468147  8.150922 -4.987361 -9.864361 -1.858085  7.130193
 -4.542841  0.670004 -0.312203 -9.106926 -1.076005 -9.148954 -3.546912
  3.367186  1.207435 -4.064011  7.875613  6.091625 -3.919365 -4.798685
  7.953081  3.395562 -3.068692 -8.031158 -2.060957  0.653175  8.125222
  5.608142  3.673355  1.016264 -5.821681 -8.554346  5.678640  9.768134
 -2.672913 -2.076311  3.692712  0.655401 -9.621921 -3.660112  9.370239
  7.272682 -4.435567 -1.427891  4.324701  5.663027 -7.772514 -6.048854
  3.959793 -8.191852  3.532705 -7.332992 -6.183953 -2.786130 -9.776007
  8.548606 -7.575140  0.970886  4.408426 -8.094710  4.970158 -8.260617
 -7.282157  8.502051  5.371838 -9.749166 -6.922906  6.721520  9.052869
 -7.833761  1.998789  0.987146  5.128125  5.506928 -5.927911 -9.208958
  7.938092 -4.026966 -9.338944 -9.728067 -8.932288 -1.959176 -3.404698
 -1.247809 -4.276881  6.728161  8.867292 -5.590813  6.445259  1.815716
 -7.233288 -6.991015 -2.532654  7.867538  5.318182  2.552514  1.721447
  3.448666 -8.417084 -2.803491 -9.091070 -5.676506  2.374485 -9.521559
 -1.420031  1.139453  5.193525  7.885626 -8.153782  3.195182 -6.580371
 -2.536305  9.060110  6.482873 -6.268079  6.690086  2.009807 -7.405472
  5.120634  6.578974 -7.047923 -5.399176 -4.901911 -7.059268 -7.471416
  4.957131  8.897584  5.443724  6.110621 -5.134624  8.828893 -1.525974
 -8.664582 -7.926042 -7.095209  7.923545 -8.992337  3.130862  5.294280
 -3.555324  7.879543  8.712520 -2.995797 -3.104312 -6.891569 -6.728153
 -9.102271 -4.004485  4.716470  2.659030  8.906548  0.600880  4.229545
 -5.725555  7.226221  1.653983  4.034305 -1.924251 -7.494892  0.028582
  1.720808  9.118356  6.161235  9.452089 -8.171095 -0.454860 -0.590191
  0.937538  8.061783 -7.855383  2.607152  3.621584  9.438723  9.461667
  9.796514  8.170747  1.327817  9.888143 -7.246986 -5.942012 -3.756256
 -0.592513 -8.707785  1.996862  3.998595  6.472043  5.916032  8.789087
  7.900312  2.847962  0.786661 -1.470470 -0.433673 -4.657690  7.937621
  1.541554  0.628908  2.612521  3.768062  1.158497  8.273949 -3.317121
 -6.170061 -2.610569  7.344475 -0.603591 -2.001073  4.613532  1.788995
  2.506089 -1.604027 -5.583596 -7.443591 -3.882693 -8.112917  9.136195
 -7.223972 -5.092373  5.408871  8.731795  9.656374  1.736887  7.894792
 -1.864423 -1.899644 -8.746457 -3.201858  2.804933 -1.335605  7.526836
  9.219083  1.158431  4.109436 -0.677032 -5.292669 -6.874307  8.102280
 -8.538324 -3.632520  8.756390 -0.075468  8.618624 -1.985460  3.229206
  7.318451 -1.968607 -8.704498  4.616334  8.987363  6.718542  5.836737
 -5.866115  0.107651  7.817497 -6.642763  0.221137  3.788322 -9.065736
 -9.252729  1.891338 -9.862222  7.368325  8.938322 -3.317418 -5.452196
  1.571522  3.807046  2.298007 -9.872499  8.020073  3.498586  0.311594
 -8.982225  2.373712 -5.246907 -1.310979 -4.359943 -5.139496  2.441701
 -1.386398 -7.596398 -6.507323  0.735240 -1.033262 -6.170219  3.257929
  5.821816 -7.369388 -2.771620  1.457173  1.217635  7.113525  8.460656
 -6.796630 -1.475387  4.425671  6.400968  8.124590  5.298382  5.310630
  9.712071  6.662820 -1.030801 -7.362801  2.325027 -3.410379 -3.352340
  6.095552  4.417974  3.102720  9.221851 -5.597884 -8.438066 -1.853334
  8.923083  3.556541 -5.408284 -2.558060  3.667815 -1.600899  9.947531
 -8.828120 -8.263274  1.888745 -9.703600  7.817224  9.308663 -5.780892
 -7.165336  3.238097  4.562525  3.286676 -2.458886 -5.093589 -6.863256
  2.355803  4.376319 -7.677652 -9.686172 -2.297079 -4.168293 -2.473388
  7.143207  1.323773  4.377706  1.531607  2.450970 -4.751917  3.757938
 -8.524182 -2.147208 -0.743729  2.544332 -2.169021  4.677586  5.587447
 -9.893598  6.894252 -4.979247  3.108645  7.552249 -1.859933 -2.478583
 -9.485136 -8.400846  6.784227  4.072032 -2.047591  2.610716 -4.545598
 -8.921148  7.231341  6.036543  4.717457 -7.016704  1.582651 -7.051923
 -9.887009 -9.258247 -3.286833  5.186216  7.184217 -1.093880 -0.094559
  6.356275 -5.400483 -6.605361  4.540684  7.951172 -7.815470 -5.611766
 -2.781949  7.547988 -8.904114  5.338627 -9.915307  2.693918  7.462980
  7.201128  8.216846  7.539608 -7.910910  6.222314  1.762737  9.567968
  5.571869 -0.074375 -0.003958 -6.947677 -2.389327  9.314349 -5.414115
  6.367170 -0.664412 -4.108797 -9.200572 -3.275039  1.714958 -0.997395
  0.584037  5.279215  6.397123 -9.799948  2.536512  7.304201 -4.561221
  1.458409  7.464624  8.124662 -0.164582 -6.688965  1.671446 -2.665518
  2.870178  4.728505 -5.484837 -9.844230 -4.118431 -2.180124  8.602300
  3.530233 -0.368473 -1.312554  0.106495  9.320436  0.628732  6.291311
  0.444120 -9.056785 -0.077894 -7.893093 -5.267259 -6.101617  1.500233
  1.695070 -2.655816  4.097565 -3.481871 -3.025578 -8.151612  6.849239
  1.900780 -9.577487 -5.284052  6.214505 -4.639116 -2.698959 -9.928227
  1.355159  7.826895  0.128689 -2.002429  2.636441 -3.534503 -6.491759
  4.667014 -1.998899 -7.495072  1.158300  4.322343 -1.184977  8.032981
 -9.224012  9.348119 -2.836100 -8.594079 -9.183418 -2.740664  0.222725
 -8.364673 -8.741680  4.879203  5.422970  7.118211  5.024170  6.428953
 -3.821119  1.120564  1.894475 -1.284353  6.503929  8.295192 -8.824635
 -6.688420  4.404924 -6.379814  0.152126 -7.880257  1.004310 -3.613154
  3.278133 -6.549722 -9.173138 -0.812884  6.670523  2.921961  9.783495
 -9.996631  4.770957  4.539199  5.322151 -4.719246 -7.984783  5.603550
 -3.095157 -2.629730  4.072838 -8.736289 -2.661021  4.312259  5.717811
  5.777788  6.515597  5.932681  4.928515  9.483344  9.125841  5.915889
  0.028732  8.880802  6.218341  7.397373 -0.518103  0.224535 -0.890507
  5.717221 -5.507674 -2.083053 -1.410971  9.971909  1.474723  3.385421
  6.406658 -9.229796  7.624858  8.033879 -0.269805 -9.053545  9.883418
 -6.369301 -0.516966 -1.409622  7.835320  4.276916  7.041661 -0.110715
 -1.729762 -1.727559  4.710505  8.639236 -8.124410 -8.672686  0.595977
  5.519024  6.881536  9.925689 -5.640876  2.299439 -6.837752  2.999043
  2.335355 -5.095140 -7.486463  3.864116 -3.093179 -0.780082  0.916893
  4.044150 -4.979875 -4.726216  0.321851 -6.660292  8.841980 -5.386826
 -2.521344  4.192637 -3.337108 -9.583735  5.726497 -0.965925  2.422050
 -4.217081  9.951167  1.271258 -9.748393  4.160056 -0.948335  0.024936
  0.606471 -7.652062  6.494481 -0.252267 -5.005908 -2.099595  9.011191
 -2.938479 -4.187104  1.586809  7.696330  6.029138 -5.823314 -5.846274
  8.614736  3.048147 -8.580424  5.959927  0.941056 -3.275933  4.458748
 -5.524781 -2.209145  5.696867 -5.103364  3.753184 -3.677603 -7.604904
  8.432279  9.194410 -5.662888  7.167207  4.668729  2.462835 -2.871889
  3.967977 -6.624338  1.240920 -6.415174  0.933234  3.813257  5.948120
  7.626211 -0.859636  1.452761  8.942295 -3.769236 -1.288463 -4.985523
 -9.097261  9.331250 -8.151650  5.487835 -2.343971 -1.039531  2.466515
 -1.324473  4.313623 -7.528465  3.159267 -9.516486 -4.909871  8.850520
 -8.963373  8.125160  0.455062 -4.293086 -7.346881  7.384546  8.773103
  9.582757  0.307616 -8.401985 -0.499975 -9.892607  4.174006  6.040065
 -6.631556  8.091970  8.202748 -6.940482  0.066413  0.051228 -6.168573
 -1.695526  0.728104 -1.535690  1.481822  4.490399 -6.154390 -8.568196
 -5.868584 -2.708766  2.015661  5.605869 -8.530846  7.009067 -1.949037
  6.556166 -1.993742  1.907155 -1.398911 -8.381310  3.280086  9.032565
 -9.633646 -6.573025 -6.450855 -7.463312 -4.583081  9.863943 -4.547229
 -8.120515 -6.043661  4.262317  0.632667 -3.578128 -0.451175 -4.699369
  3.685757  0.387119 -7.973721 -0.219627  6.175754 -7.876614 -4.242089
  1.411678  9.314247  5.896613 -3.973670  3.322365 -8.368271  4.368005
 -7.175063  9.794423  0.114372  4.609452  3.781204  2.544275  9.238322
 -1.942671  8.494713 -1.674978  4.189212 -4.679538  4.610856 -4.863412
  8.969676 -9.474890  3.982177 -3.686392 -7.133845  9.925203  4.557656
 -5.134877  9.206314  8.225776 -5.929931 -5.089919 -4.698471 -4.221612
 -4.813485 -7.064287 -3.329080 -8.738698 -5.268241 -1.211808  6.493190
 -5.129763 -6.459111  2.446888  9.845791  0.213572 -8.996846 -8.015074
  3.817263 -9.185940 -8.360116 -9.030534  6.705575  3.549329 -1.684748
 -6.964116 -3.335764 -5.945670 -8.460502 -8.748509 -2.522447  2.597086
 -9.163691 -2.699459 -5.906529  3.816144  8.391795  5.722319 -7.706859
 -5.711395 -7.990784 -6.507144 -6.436038  0.419762  8.543407 -1.262503
  2.568384 -8.400547  5.147784 -4.313656  7.537147 -2.943789  4.615586
 -4.988383 -3.356941 -6.680443  9.661469 -6.505334  0.881055  7.415008
  3.483868  6.894011 -8.876429 -3.464080  9.108445  3.330929 -0.583832
 -9.258154 -4.272077 -0.789968  8.023196 -8.412647 -7.382117 -4.350409
  7.059360  6.193619  4.425034 -9.878493 -4.869869  5.876300  4.467298
  6.623273 -8.416458 -4.527861 -8.506869 -7.622879 -4.748780  9.911200
  9.174636  2.327623  1.597302 -4.764061  2.765514 -1.771371 -6.179972
 -1.523681 -4.430456 -3.386724  0.590289 -1.170902 -2.258826  0.429168
  7.187937 -1.238250 -6.485981 -0.397778 -6.221101 -7.436039 -0.970163
  2.393990 -5.985682 -0.550316  8.444811 -5.202161 -3.306220  9.050226
  0.918948 -1.285442  3.319856 -5.716662  3.860311  4.393490 -6.710007
  6.173585 -0.314390 -0.263689 -8.157574 -8.770513  1.218893  5.052735
  1.863883 -3.600991  7.987684  5.520748  5.821935 -2.891620  8.467402
  6.971913 -2.917368 -8.836921  4.128975  5.203981  4.062862  4.525958
  1.104172  3.588488  8.029327  6.475654 -1.451334  1.309170 -0.871099
  9.784592 -6.114136 -8.915830  7.278397  0.505112  0.827897 -8.894592
 -6.362794  9.642512  8.048730  6.636367  4.810912 -4.274145 -3.752629
 -8.637898 -2.623735  3.865737 -3.614411 -7.591062  2.518252 -0.467028
  6.603088  6.036204  8.917071  6.363417 -2.044334  1.663475 -4.813390
  1.077296 -9.846661  3.859254 -6.045566 -2.870193 -2.781894  6.936494
 -8.908308  4.511724 -1.997508  3.368950  3.820724  1.171500  6.707821
  1.906487  1.710839 -6.283879 -9.981856 -6.546634  5.403621  9.470720
 -8.934574  6.526820  6.852765  7.478110 -9.960482 -8.104441 -2.571411
  0.652175 -4.309709 -7.936109  1.581769  1.992431 -9.585626  4.128804
 -6.462115  3.204730  6.259738 -2.377181  8.997434 -7.865012  2.725768
 -0.335539  9.168511  2.244942  9.588150  8.998999  8.192019 -7.866214
 -3.047015 -8.931051 -7.339493  7.554558 -0.354444 -1.777770  7.958653
 -3.002817  5.823281  4.877188  0.196653  3.404665 -4.563405  0.043911
 -2.129069  4.335838 -5.788385 -9.881298  7.598843  4.332549  5.081357
 -5.536610 -5.631086  5.291493 -6.315048  7.640695 -0.573459  4.572370
  2.057236  6.424995  7.550992  7.037734  8.514114 -9.193667  9.803456
 -0.253083  8.128345 -0.477392  6.155894 -0.076924 -1.895246 -5.996793
  5.066926 -2.919897  1.738396  8.132625 -7.867957 -6.839186 -9.104013
  9.555061 -6.070047  1.186760  6.300980  9.399335  5.011671 -8.410722
 -7.261146 -0.880083  0.618911 -8.613366 -8.519100 -4.069127  1.827141
  3.183357  8.678611 -7.572264  2.728065 -4.262316 -6.599219  9.471642
  7.729477 -8.696243 -1.193277  4.674195 -6.644939  7.828435 -7.510244
  0.855357  6.847343  7.902229  8.464680  5.948805  4.855549  3.216908
 -7.256917  1.842831 -0.880481 -2.697532 -6.956285  3.990704 -1.574356
 -7.620799  0.631930 -5.396536  3.841220  5.500062 -0.945746  3.621399
 -6.738854  1.545607  0.066132  7.291300 -2.289111 -8.286213  3.829446
  1.891067 -1.128837 -0.029452  0.546671 -8.303495  5.862147  7.143004
  9.100526 -3.056636  4.843971 -0.331652 -2.945105 -3.752621 -2.032918
  8.707512 -6.566428 -1.076369  6.888724 -3.237325 -6.090947 -0.763229
  9.725677  6.477576  0.267619  5.769961  3.394928 -6.711786  5.691062
