 600 0
 4
 0.E+0,  0.5D0, -.025
 -1.0E-14, .F.
  1.000000  0.000000  0.000000  0.000000  0.000000  0.000000  0.000000
 -0.964398 -3.339359 -7.668231  8.695090  2.633804  6.205663  1.593690
  9.024309  1.577235 -5.283515  2.096164 -1.884381 -0.957323 -5.068366
 -0.068516 -0.048146 -2.321714 -8.741149 -6.343280  7.513521  2.907407
  1.396033 -2.409196 -0.797929 -4.326307  0.627750  5.143848  4.744113
  9.803255  5.446203  5.599402 -1.872535  4.609667  2.694107 -1.685392
 -2.966747  4.578362 -3.807178  6.185761  9.640652  8.224638 -7.638592
 -7.322092  7.775527 -4.641598  3.267848  1.576627  3.335059  0.593503
  0.245204 -7.423618  4.855036 -5.187285  1.579099 -4.452611  5.829520
 -9.074268 -0.793254 -0.410492 -1.131117 -4.732423  2.572556  7.733065
  7.109203 -7.009315  5.308335 -1.017329  2.577774  1.258259  7.873908
  4.122990  6.022080  0.225017  9.707123 -1.834402 -9.627719  0.083869
 -2.348637 -8.936907 -2.636401 -6.515218 -6.619402 -7.386929  7.737896
  4.414164  1.209587  1.858238 -1.917689 -1.800310  0.910040 -1.063792
  3.733856 -4.802463  1.698110  0.664488 -4.912780 -9.759863  5.498211
 -3.079414 -1.676186 -6.258160 -7.203471 -0.364000 -0.120028 -2.148172
  6.381121 -9.644950  0.321550 -1.923783  2.313161  1.251127  9.979687
 -9.342846 -1.829085 -5.042053  2.663821 -5.976598  1.341415 -5.582736
 -0.656928 -9.710911  3.730401  5.423483 -2.833836 -8.695301 -1.765330
 -0.283317  6.622356 -9.000323 -1.220577  8.499285  5.483072  7.126348
 -4.280060  3.398905 -7.612505  0.680165  5.297995 -8.423302  7.624145
  0.015180 -7.145151 -0.823590  4.785564  4.274954  2.787489 -7.703899
 -3.669565 -3.211754 -6.412065  6.464817 -4.065863  7.670123 -5.240446
  2.875024 -2.748675 -5.714913 -0.509474 -5.979517 -8.825491 -4.912934
  9.979206  3.970232 -5.617140 -8.106659 -2.158738  1.646978  2.069107
 -0.421188 -4.901793  7.163970  8.854306  2.781334 -2.433130  6.852273
 -0.826275 -6.540615 -6.473965  5.774646  6.424162 -7.660969 -6.983178
  3.715522  8.512962  0.364046  4.207012  8.427575 -6.634877  8.761434
 -5.214878 -1.308754 -2.707497 -0.012112 -3.425301 -4.486764 -9.570123
 -9.945992  8.340551 -6.646831 -0.250507  8.385889  0.553397 -0.865111
 -2.483640  8.815326 -8.896908 -4.750520  1.935163 -9.071767  9.784496
  1.958750  9.150754  4.797725 -6.616553 -1.401125  6.770416  0.857249
  9.905498 -3.624543  2.298379  9.545821  8.984796 -4.861989  5.911173
 -4.593159  4.219154 -7.584187  0.745477  7.523452  3.372211 -6.589843
  7.018362 -5.334906  1.403698 -4.426206  3.572708  4.459624  7.786150
  5.379323 -8.489538  0.108385 -6.241431  0.110184  5.012477 -8.146415
 -9.945005  5.944105 -3.019995  5.510648 -4.818206  2.739430 -3.234518
  5.740420  9.185409  1.246821 -3.433285  7.425680 -4.586249 -4.919331
  0.408580 -4.182276 -3.397150  3.862556  5.644786 -9.606045 -2.290343
  4.916979  5.790644 -8.540792 -4.744617  9.457400 -7.722136 -4.326201
  1.553655  0.335383 -5.600064  7.929666 -6.434226 -9.178789  6.532696
 -1.571607 -6.622833 -6.605740 -7.838526  6.447629 -6.004037 -7.275102
 -7.720699  9.249989  2.903531 -5.034629 -7.158217  1.681105 -2.412610
 -7.747614 -8.419644 -5.333480  7.757706 -9.012602  3.273928 -8.588358
  1.930753 -9.154012  6.441776  2.698733 -2.030178 -0.100771  7.834719
  4.954412  7.166482 -6.115829 -0.458890  0.869484 -4.321196 -2.753059
 -2.651345  7.417994  7.231724 -3.074177 -2.573276 -4.602934 -0.310474
 -0.545126  3.777321 -4.446573 -0.662335  4.017868  0.181241 -6.255363
  0.495410 -0.423867 -7.223500 -2.884979  0.890490  8.298930  2.293146
  5.134543 -2.052711  1.389971 -8.986820  3.937115  0.219461 -7.820912
 -7.628199  0.640019 -7.852996 -3.285327 -5.391544 -6.136475 -2.320603
 -2.795125 -1.750184  7.616812 -1.320644  4.942387  3.361776 -6.135037
  5.326109 -5.784816  5.693578 -8.826023  2.269360 -9.700547 -0.391823
  3.782097  8.720336  8.208053 -1.483373  7.570761 -1.422236  9.182624
 -4.873794 -2.616669  3.617501  6.888408 -3.968630  3.907737 -2.762125
  4.896474  4.113528 -5.035773 -2.959292 -6.447169 -4.911819 -1.592669
 -5.085291 -5.730069  8.029763 -5.581639 -6.720280  4.832607  7.271643
  0.247487  6.810161 -9.724195  4.199459  7.315654  5.478628  1.669216
  2.335115 -7.216635 -2.325404 -9.799431  0.853016  7.135513  8.161593
  7.795720 -1.476198  2.625028  0.819392 -9.810999 -0.261156 -7.676079
  1.923412  4.492967  5.125356 -2.571559 -3.763697 -0.392241 -9.943544
 -4.803970 -4.304084 -9.194659 -8.246657 -1.809199 -5.366339 -1.757153
  2.876419  1.364140  6.820096  6.312947  8.469799 -7.001056 -9.440397
 -9.175105  0.880134 -8.874278 -9.987900  2.255758  2.505933  0.646575
  7.715607  6.124898  3.582427  2.910192 -0.088459 -1.856701 -2.041447
 -8.763854 -1.997138 -0.415542 -6.441046  2.233657  2.414010  8.564375
 -5.274148 -2.995024 -1.975487  7.510041 -7.240799  2.288262  2.773530
  5.681578 -0.362373 -0.808151  0.730673 -2.709389  6.745052  5.437236
  7.319572 -1.356512  5.101348 -4.092105  2.474223 -1.346383 -3.319704
 -2.033631  0.455781  1.643499  3.766846 -0.934936 -3.540692  3.606052
  6.465898  4.343339  3.958374 -6.396309  4.345395  1.124983 -5.224112
  5.283146 -5.103589 -7.210953  9.527267  0.849134 -0.795896 -0.505755
 -0.088306 -1.049084  3.197314 -1.789294  1.015243  0.660818  4.001058
 -4.994988 -2.802007 -7.894786  9.496611 -7.073179  1.832850 -5.522443
 -1.121946  5.832865 -8.497250 -0.335546  4.854657  9.135118 -4.759368
  8.798936  7.158398  0.170987  7.717349  0.655116  3.569563  0.003271
  1.602755  5.112731 -6.864814 -7.666639  7.875174 -7.040729  4.447177
 -7.493737 -2.275599  7.378426 -8.859786  1.973420 -7.749148 -9.729567
 -5.605282  7.663532 -6.516805  2.648203  2.661090 -3.552869 -3.409567
  0.882199 -8.819224 -2.468992 -1.555514  9.759824 -4.719878 -3.452298
  6.556867 -3.736482 -5.426785 -5.472169  9.008989 -6.419860 -6.783258
  4.033426 -4.633201  1.510476  4.539168 -4.241037 -9.430929 -8.272362
 -3.061978 -9.251107  3.270264 -1.334630 -1.852981 -8.515979 -6.925410
  7.756226 -7.235503  2.482230 -8.840060  2.777701  9.465972  7.297903
  6.577831 -7.546549 -0.838209  0.227539 -0.447920  5.652080 -9.478626
 -6.721746  9.789090  2.849316 -4.749171 -3.868824  2.262305  8.615155
 -0.576141  5.715678 -9.683349  1.708605 -2.842222 -3.937519  8.862747
  9.149607  5.044028  8.264520  6.668947  6.029800 -0.269993 -8.832745
 -9.608848 -1.759417 -6.329524  1.008199  7.467433  7.992035 -2.476678
 -3.122658  3.449719  1.838151  0.004047  7.748084 -6.022900  1.188969
 -8.909328  1.819519 -0.860853 -6.004698 -5.930376  9.643116  5.386460
  9.308267  5.111305 -4.009659  0.741262  4.805129  8.278564 -9.126921
  6.402027  6.005799 -5.912851  8.142141  2.458583  4.171787  9.032529
 -1.349809  6.461379  5.267663 -0.080290  7.256013  5.675509 -3.348259
 -5.733261 -3.587244  9.455114  7.728387 -5.691522 -8.369392  1.955961
  8.674142  5.638604 -5.058746  8.827299  5.539333  6.586068 -5.653599
 -7.393499  0.344040 -1.404325  7.278841  2.818002 -6.657003 -5.974346
  3.707232 -2.481258 -8.180621 -8.122221  4.096365  4.049156  2.762311
  4.184557  0.176733 -5.581456 -3.156399  5.331780 -4.838997  1.511309
 -0.035475 -6.613791 -6.892429 -2.290026  8.922579 -6.781522  8.757480
  6.698725 -9.532449 -8.606770 -8.291960  9.861468  9.459443 -0.540451
 -9.104743 -6.374964 -8.190628 -8.789817  4.115413 -5.958976 -3.227785
  3.006530  0.403998 -7.287910 -9.923748  5.187597 -7.999739 -1.816908
  8.503312 -9.717796  1.966507 -9.963319 -6.413271 -5.083971  9.498375
 -6.179867  1.370598 -9.949984 -0.087486 -3.096977  1.720159  6.757436
 -7.706482 -0.548865  9.224032 -4.210063  9.214307 -9.959655 -8.267132
  6.647840  5.421563 -2.810257  8.566983  5.818429 -4.709908  9.386984
 -5.414490  9.967622 -2.304550  1.660199  1.776556 -9.748628  5.044990
 -0.787355  2.343508  9.840254 -5.106484 -4.638287 -1.895817 -0.640085
  0.643425  2.005351  6.684801  4.844769 -9.893569 -9.881703 -1.115148
  5.961653  3.798844  1.430160 -8.552606 -5.283756  1.214549  2.764612
 -7.963234  3.898213  5.422295 -7.968264 -8.676881  6.816085 -4.610295
 -5.402085 -9.604353 -6.056210  8.942916 -9.641108  8.519630 -1.178352
 -0.158478  4.964592  0.395469 -1.197431  4.300995  2.554913 -6.167575
 -5.350570  8.840758 -5.075414 -0.722297 -0.988307 -6.907155 -8.624033
 -5.691299 -8.754832  6.239510 -5.671802 -7.656704 -7.847028  7.829635
 -2.799352 -5.748757 -8.815367 -3.955996  6.120549 -6.925902 -5.163133
 -0.206845  8.856948  5.605582  5.628055 -9.729549 -8.509708  2.493202
 -3.820855  1.577780 -0.257359  8.211897  3.872006 -6.061762 -7.378465
 -8.725449  1.421480 -9.494967 -0.438523 -8.961676  9.149045 -3.978100
 -2.820796 -0.549831  6.480985 -1.600645  3.733652 -2.941233  8.845364
 -9.464977 -9.230128  2.973057 -6.634040 -8.427458 -7.026704  6.583778
 -6.797842  3.225027 -7.186136 -7.539570 -4.467042  8.630926 -3.606619
 -8.253565 -3.492047  2.421930  0.385515  3.139253  7.264513  0.612447
  4.690799 -5.729340 -6.934367  6.919091  0.809177  8.903763 -5.932800
  5.489459 -7.457728  5.584373  2.476358 -6.164333  2.002005 -2.261677
  5.552769 -7.066787  3.365536  0.582740  2.307025  7.733501  6.787410
 -6.034560  6.106086 -9.089985 -0.157645  8.266586 -8.316729  2.698390
  8.389198 -2.313035 -6.484609  3.913109 -7.396411  3.178371 -2.260580
 -7.672687  6.542899 -7.365450  0.331647  3.881263 -9.568703 -7.567214
 -4.052345 -7.155078  8.561179 -4.743150 -9.115278 -7.135595 -8.098098
 -3.022867  7.849023 -5.856633 -5.578563 -0.320959 -2.637781  7.768150
 -3.980371 -1.930314 -7.816346  8.750906  6.354915 -0.002254  2.751200
 -6.719873 -4.898058 -0.019805  2.691617 -8.041693 -3.315095  1.444556
 -6.917293  0.468175 -0.635520 -0.421148  1.474792  4.376257 -6.256214
  2.727953  2.922905 -0.816295  8.357498  6.075112 -6.185259  0.266873
  6.406539  1.092999  2.902914 -4.736736  5.880979  0.974115 -7.531272
  6.011198 -3.983006 -4.057256 -5.788631  4.645612  1.923814 -5.030306
 -7.681660  3.036552 -7.755292  2.946401  3.075856 -9.385985 -4.088217
 -9.500161  5.744163 -9.560944  1.465184  2.585451 -8.963290 -4.642064
 -5.736648  1.378396  0.854903 -6.927333  1.963163  4.147168  8.929982
  8.762854 -0.740481  2.804575  7.105466 -0.321237 -2.948391  2.254422
  1.252564  5.595590  3.182395  1.593372 -0.048122 -6.266142 -5.562698
  2.823683 -1.421472 -6.831798  0.354619  7.019447  6.085474  8.614117
 -4.425147  0.216514  4.104735 -1.858424  2.533107  5.252414 -0.955026
 -4.017140 -1.847894  8.197278  7.525363  2.571743 -8.944640  7.953297
  5.229478  8.506328  7.223518  3.530363  2.194831 -3.156137  7.215464
 -9.041937 -2.568627 -7.118874  1.339875  0.079207  1.140002 -2.651654
  5.891092  3.938554  7.667696  5.269864  6.348832  0.521299 -4.289659
 -6.998735 -6.101531  5.922836 -8.086992 -3.043794  0.220995 -4.776984
 -8.944957 -1.244664 -4.838671 -6.605355  6.962703 -1.363205 -3.174251
  4.454052 -3.454333  1.612172 -2.415255 -7.650070 -7.020253  4.824606
  1.374831 -9.204364 -3.677689  0.852001 -0.630801  8.809198 -5.308395
  3.573634 -8.717591 -7.659856  5.661088 -7.240557  4.718386 -1.500663
 -2.597796  4.148324 -8.498198 -7.723254  6.985328 -0.895694  9.374036
 -7.679112  7.067849 -7.688024  6.654633  2.829114  9.090336  9.237539
  7.684518 -3.964045 -4.015185  2.266880 -6.061954  3.627403 -2.598911
 -3.435250 -2.500445  2.902169  5.788238  3.386170 -1.938880  3.179916
  2.988846  8.825632 -2.457607  6.370262 -5.116472  3.231000 -9.888689
  9.631860  6.751140  8.085492  9.796412  2.502679 -7.528230  2.703384
  3.206194  3.496700 -3.863391 -8.542578  9.703526  2.675559 -3.841940
 -3.709838  9.713349 -7.194934  7.417362  3.235153 -2.622706  6.001896
  2.281148 -8.677662  6.841046 -8.790172  2.641740 -8.749887 -4.080078
  3.725061 -3.803461  1.208741 -9.891895 -9.025729 -5.211764  5.119066
 -9.951094 -1.681681 -7.436641 -1.362072 -9.336617  6.221151 -5.510810
  0.368403 -0.810305  1.062376 -9.714994 -6.909098  0.781709 -9.967125
 -2.949120  5.180574 -9.756435 -9.984589  6.824255 -5.573682  2.056971
 -3.935537 -6.771758  2.323291  9.561493  6.244025  2.263693  6.329775
  9.916384 -2.161034  3.147535  0.861972  8.664745  3.769735  6.056281
  1.802963 -2.117674  6.327912  4.020194  0.449722  7.023707 -5.483785
  9.257605 -8.773509 -0.322871 -6.260744 -2.354002  3.927840  9.776110
 -6.222557  9.225264 -1.748069  2.187605  4.326459 -8.873512  5.773284
 -3.316091  6.690091  7.248587  0.537016 -7.770853  8.428154 -4.127756
  9.000825 -5.752844  0.613813 -4.928660  4.731038 -1.672437 -3.327707
  6.952649 -8.474314 -0.515253  9.559663 -0.572989  3.464850 -6.888701
 -6.816474  0.812494  0.367638 -2.814748 -3.924650  5.899232  2.465073
  2.587756 -9.322858 -1.566297  9.700315 -4.685285 -0.697935  0.855418
  6.998307 -0.333706 -4.544970  2.419576 -2.408575  4.045420  6.790038
 -1.892919 -1.680915 -4.900829  8.249719 -1.400746  4.729784  2.533342
  7.912665 -6.423278  6.542802 -2.273829 -0.542875 -5.941719  1.681544
  1.559862 -5.040737 -4.333766 -8.342167  4.513338 -7.702205  0.625728
 -4.745949 -2.439507  0.380765  0.960132 -8.909818  2.931570  5.302462
 -6.958178  3.126155 -3.866332 -4.988063 -5.367504  6.132886 -0.265412
 -7.919615 -0.123267 -8.621832  9.703386 -6.127009  1.721127 -9.253572
 -9.863990  2.543364  0.245866 -2.243745 -7.809841 -0.168262 -2.368715
  4.737521  1.950680  8.945406 -5.500677  5.948210  3.692346 -8.577984
  6.012029  9.997400 -1.356782 -6.100982  5.809972  2.440241  8.870915
  5.984716 -3.000217 -7.095248  9.171412 -0.325900 -0.169981 -1.410745
 -6.478757 -8.309273  3.948814  6.768490 -8.677844 -3.403211  4.479742
 -2.008850 -0.133828 -7.215300 -2.911406  3.825426  6.542579  8.964289
  5.432890  4.620122 -3.475756 -4.125410 -5.520339 -1.213060  6.420152
 -2.314384 -1.703626 -6.928546  2.004197 -6.219875  0.136418 -9.413878
 -8.243756 -9.058897  6.821527 -5.555676  5.650883  8.169925  2.537251
  0.319726  2.886833  0.528774 -8.962772 -1.021979 -8.320056  4.938393
  6.097563 -9.310252  0.601374  3.949360 -8.715491  5.126077  7.503169
 -6.766285  1.282178  6.376506 -5.663400 -9.131048 -5.099765  0.764033
 -2.956145 -6.777574 -5.611849 -7.007563  1.554518 -8.561939  9.271696
 -7.548231 -9.373991 -4.961081 -8.801637  5.698367  5.980835 -9.039502
 -2.906227 -5.899670  0.336823  1.787701  3.435002 -2.022496 -2.300767
 -6.364795  3.878175 -1.968844 -7.944567 -4.387865 -7.561518 -7.457594
 -5.628262 -3.093420 -0.451524 -9.375137  9.965114 -4.609751  5.377020
  1.544459  3.319229  1.438894 -3.599848  6.377857 -9.842162  3.740062
 -0.832166  8.445965 -7.617111 -0.109590 -9.387278  5.655930  6.513493
  4.655166 -5.330801 -2.087229  2.320884 -9.576691  3.147931 -1.532116
  4.107457  7.760600 -1.755397  6.795143 -4.695477  9.362656 -0.698386
  4.175119  2.748359 -7.548033  6.383851  1.274894 -6.713591 -9.512996
  3.076233 -9.406170  3.238338  4.490342 -1.952407 -8.305349 -4.145395
 -3.558499  7.069565 -4.220281  2.474019 -4.783723  6.022809 -5.871694
 -9.146228  3.882130 -2.026281  5.089730  9.738436  4.434291  1.019366
 -2.853633 -9.300506  7.283538  8.302952 -1.354444  2.179459  5.843018
 -8.909660 -8.896703  6.391909 -8.360447  8.690941 -3.703526  1.959784
  4.708261 -5.177380  0.534520 -0.609043 -3.073920  8.456665 -0.258053
 -2.247797 -9.736951  4.074416 -6.717543 -6.877003  7.507465 -7.944604
  7.252802  8.592311 -1.987651  2.978995  4.529159  9.277370 -0.472689
 -7.311502  8.246769  8.264744 -9.891884 -2.167281 -8.925214  2.266717
 -3.767757  1.604652  8.003123  7.392911  4.668984  8.934745 -0.490381
 -5.619967  2.864546  7.241099  8.751922  7.506465 -5.993987 -7.768874
  6.187506  0.674270  4.465343  0.532058 -3.457475  3.778597 -2.851375
  4.894056  1.552251 -8.739610  6.780411 -6.872009 -0.966846  0.651359
 -5.749826  2.119255  6.629679  9.529893  6.141524  5.426626  1.811138
 -9.900515 -9.274379  6.549455 -8.671974 -2.626590 -5.110705  3.149121
 -8.041414  2.728384 -3.848414 -3.645692  7.065166 -7.880837  8.982575
 -8.106587  9.523432  9.164422  0.290610  7.296378  1.437381  9.958967
  7.739517  0.583458 -4.126356 -1.697078 -2.912392  2.421311 -1.506548
 -6.057715  2.047476  5.439425  5.091429 -7.451253 -2.088403 -2.602564
 -1.081585 -0.788125 -3.867341  7.334321  3.734271  5.110248 -7.915608
 -1.177690  5.460948 -3.160953 -0.444260  1.724744 -9.494015 -5.726682
  3.372598 -7.232434 -1.932359  7.843133 -0.918988 -7.634970  4.413796
 -0.070169 -5.672359  3.972920 -0.047130  4.993679 -4.867230 -0.040749
 -4.609452  1.478236 -7.323365 -3.582666  0.454954 -4.268303  0.093874
 -5.341163  5.502453 -6.238066  1.364282  5.692011 -4.489389  0.170724
 -9.470233  0.562439 -6.539450 -3.786673 -0.447652  1.925391  4.271863
 -2.446383 -4.844285 -9.126736 -4.177370  2.461783 -3.240325 -8.946631
 -8.954268 -7.357930 -2.204402 -2.508316  8.617915 -4.279613  1.601130
  7.391679 -9.943365 -3.744219  4.382131  2.353662 -5.075902  5.359961
  8.341014 -4.579008  9.552753 -3.972960 -1.792827 -6.246811  9.696176
  8.416406  1.657772 -7.814813  8.943373 -3.341019  9.776581  7.395355
 -2.777883 -6.978674 -8.393204 -3.093726  8.377727 -2.239224 -2.004379
 -5.060781 -0.399847 -6.879808 -8.719270  5.288281  7.339758  0.355690
  8.485311 -3.326401 -9.976740 -7.715690 -6.967955  1.503701  5.584258
  6.266336  5.148812 -4.514599  6.299438  3.756296 -2.934404 -6.294711
  1.852230 -6.125350  1.947934  1.283335 -1.174118  4.896636 -5.964240
  7.106241  0.722697 -9.013506  4.113507 -8.440386 -3.918553  9.549764
  1.140831 -0.169502  6.912627 -2.248710 -2.793616 -7.488855 -9.747402
 -1.927490 -9.819397 -3.869386 -4.620711  4.220460 -8.254096  8.772100
  2.040150  5.330518 -5.812571  0.287364 -3.214140 -4.496279 -7.427488
 -4.299600 -9.683046  5.026482 -0.720659 -5.431288 -5.630496 -0.094946
 -6.243378  6.722436 -2.193419  9.592656  1.782772  2.440074  5.562360
  7.543453 -9.886261  5.532566 -0.951202  4.296181  4.444411 -7.732258
  4.695860  6.542355  1.163352  9.781660 -3.278536  1.950090  1.507651
  3.085351 -3.010268  2.193766  4.218705  6.797668  4.134612 -6.011360
 -0.754953  8.451049  0.107549  6.534603  3.198282 -7.928151  5.312511
  6.945141 -6.048823  3.773272  7.501387 -1.802473  3.762597 -2.344219
 -5.222940 -0.181004  4.529162  3.765755  9.791554 -8.200209  6.051068
  9.396186  7.065534  2.773376 -8.337567 -7.638154  5.031225 -6.986969
  9.514866  7.371275  2.009227  5.590901 -6.374592  8.038309 -3.146107
  1.044473  5.908348 -2.607968 -9.183495  4.232903 -0.637606 -8.344913
 -0.267284 -2.268512  5.963807 -2.924285  3.982981  1.678972  5.931252
 -6.154130 -9.944527 -2.907037  4.437432 -0.059216 -5.256673  2.054289
  0.444254 -8.844376 -7.176970 -7.676994 -2.876876  8.597592 -6.462929
 -9.763548  9.101594  4.111137  6.357648  8.392357 -8.564882  8.712564
  8.146736  0.464303 -7.293656 -5.930547 -1.410036  6.677680 -6.350311
 -9.034796 -7.604573  7.908565  9.148513  6.395363  2.929319 -4.983679
  1.849523 -2.067754  4.257447  2.918127  3.977623  2.352256 -6.556070
  4.833581 -1.175087  4.063467 -6.583021 -1.984750 -1.145030 -2.424656
  8.209889 -5.642278  2.228994 -3.250501  7.515093  6.353585  9.118871
 -7.919917 -0.960716  6.995874 -2.224600  9.617193 -0.662005  5.224684
  3.879214 -3.153254  4.946047  4.340129 -3.333478 -4.221981  5.491124
 -6.499011  0.716971 -8.181067  7.663489  8.949868  1.541612  1.611068
  8.757054  1.041797 -7.483448 -5.159183 -8.768432  8.390839 -1.473940
 -5.508269 -8.821630  6.372256 -9.261091  9.384905  3.008814  8.799531
  2.696424  4.000638 -8.967811  0.412427 -7.179359 -7.352983  7.099621
  0.776461  4.452975 -5.910202 -2.963135  8.102631 -9.167181  9.468234
 -1.314011 -2.324428 -3.074160 -2.962655  0.466427  0.373258  7.120272
 -2.992992  2.041076 -9.953642 -8.154352 -2.723061  8.994516  5.712463
 -2.956541 -2.781226  5.542883 -4.827884  4.125347 -7.166532 -4.881464
  0.669164  2.109151  5.972319 -3.661104  9.542438 -5.486187 -7.835895
  3.301351  6.531296  8.844524  5.160856 -3.892602 -2.574753  0.136014
  6.508437 -9.488363 -4.837201  2.950466 -5.744309  6.327797  8.311001
 -8.001606  4.534406 -3.314503  9.000777  7.296944 -7.948286 -8.164328
 -4.241675 -8.674943  8.551500 -1.799065  1.362221  8.960129 -8.903694
  0.941194 -2.082526 -8.585413  5.243284 -2.269452  5.020932 -7.169450
 -4.673232  4.867001 -9.441262  8.136649  0.958498 -7.233268  2.972446
  5.885546 -5.393391 -4.783624  6.497758 -4.827172 -9.211627 -1.201430
 -1.926034 -2.889377 -7.824388  7.407467  0.571366 -9.982697 -7.469784
 -0.908751  3.370975 -5.844905 -8.818416 -6.982491  4.298765  9.908053
 -6.634019 -6.603234  6.819793 -9.847490 -7.591493 -3.388860 -3.060942
 -5.907380 -2.267450  3.490765 -1.010046 -9.050304 -0.455169 -0.511759
  6.189270  6.550038 -1.248461  3.296284 -8.617328  1.227904  6.973910
 -0.417073  5.467080 -3.963024  0.225589 -8.076580 -5.897694 -6.611351
  6.204379  8.720058  8.073646 -3.823497  9.197178 -5.813532 -7.953141
 -7.315329 -4.099647 -4.116575  1.222927 -8.685890  4.997377 -9.103377
 -0.854765  4.210742  9.616556  9.095280  5.528450 -6.217899  5.074177
 -8.920834  9.349092 -3.060828  6.402581  1.172354 -0.622705  6.082936
  2.416742  3.564237 -2.118718  0.147047  5.713529  3.201135  4.243237
  8.077191 -5.950515  1.239573 -7.393090 -8.525424  8.672882 -4.563698
  1.882724  3.149624  7.921145 -5.362195  5.125121  9.946826  2.780264
  8.732409 -1.720101  5.100423 -6.799899 -7.684089  5.336587  3.446624
 -0.034384 -1.551048  7.831813  4.271519  0.933203 -0.869501  6.739609
 -5.413405 -4.635251  3.610197  1.865765  6.125598 -2.555294 -9.764570
 -0.012864 -5.425775  9.232019  9.176163  7.567463  9.757869 -0.492451
 -8.392544  6.172688  8.375136  2.785784 -6.006787 -0.147971  3.652195
  8.245171 -9.277361 -0.267557 -2.172125  6.953185 -1.593563 -8.596233
 -4.772826 -7.277254  2.849083  3.018548  2.832048 -8.502220  1.911419
  4.786443 -9.490760  2.300795 -1.200812 -7.405943 -9.869946  2.538630
  8.151240 -3.109960 -5.384343 -0.443119  9.329346 -0.559191  2.530023
  5.707218 -2.637046  3.080205 -0.502683 -5.535280 -2.371426 -2.633611
  3.473621  3.163572  6.400256  7.967278  6.419879  4.518162  5.646234
 -9.837972 -9.172078  9.782894  2.606673  7.193425 -1.691968 -8.689197
 -8.093830 -3.547162 -3.793092 -9.109790  6.885856 -1.090360  2.544974
  1.520057 -2.216684  9.971624 -3.049527 -4.780618 -0.056561  8.674493
  6.166761  4.755456 -3.201223 -0.994771 -4.465709 -5.613326 -5.373389
 -9.154530  5.230799  2.730234  4.118365  8.585197 -2.598585 -8.876317
  4.370716  0.624714 -5.465063  1.473611 -4.074749  1.263522 -2.954410
 -4.763623  0.230038  5.842614  2.137372 -9.566020  4.306782 -9.277255
  2.368209 -5.964632  0.053124  4.426804  1.248540  5.512212 -0.695708
  7.953843  9.661105 -4.047557 -5.934283  9.171614 -8.523956  9.924041
  7.523899 -2.932398  1.717814  0.817169  5.617855  3.696303 -4.050114
  3.332828  1.867316  7.003635 -8.639012 -8.060864  7.192896  1.975625
  4.836050 -9.003105  7.704698 -6.012268 -8.557910  9.677896  6.914873
 -2.227902  1.542846 -9.904335  2.597836  6.398465  4.269550  1.677647
 -0.373125 -6.643242 -8.817655 -9.893281  3.767756 -5.832242 -6.846500
 -1.991542  9.922483  6.945112 -9.305107 -5.860271  6.647035  4.257332
 -3.350471  5.454852 -8.250405  4.056706 -2.023974 -3.346326 -2.946086
 -3.269127  4.596408 -6.084282  0.166239 -2.966016  7.217569  7.014604
 -7.122234 -5.071363 -5.143165  0.920459  4.044964 -8.372359 -0.698162
  4.805017 -5.442951  6.132080 -0.724687 -8.692941  2.993753  7.366825
 -2.745632  9.060168  3.840685  0.100916 -6.153136 -0.108405  4.492426
 -9.271521  1.373323 -0.706823 -8.890548  2.218547 -1.729983  2.914388
 -5.102932 -4.696253 -3.012768 -4.408614  0.476772 -4.843338  8.400339
 -4.906750 -5.468266 -0.738864  3.607862  4.291161  5.266649 -0.918717
  6.601725  4.325297  9.174637 -5.192999 -1.100286  0.439706 -7.655599
  3.284768 -3.374135  4.094250 -8.774617  9.805005  2.928775 -7.227264
 -9.380323  8.006120  8.700879 -6.805379  4.096324 -8.560896 -9.972755
 -1.885337  7.332010  5.017118  2.375016 -0.769477  3.327420  8.888745
  0.182860 -3.870363  4.874201 -7.908831 -4.531147 -9.634182 -8.863011
 -9.137335 -7.339494  6.606594 -0.335735  6.859426  0.530801  7.176281
 -7.155542  8.427581 -0.359897  2.084320  5.105981  8.461139  7.128642
  4.903001  3.995942 -0.508862 -2.561590 -5.915569  5.508652  3.707103
 -2.688676  5.663233  2.857424  9.378657 -8.105935  3.954784  4.618772
  5.746453 -5.564653  3.516499  1.474602 -1.579752 -9.262118  6.905139
 -1.178144 -1.845229  3.784208 -2.826375  4.920638  3.685742 -0.332487
 -5.412465 -0.928458 -6.130456 -1.809403  4.564517  4.038685 -6.024697
 -0.997685 -9.844824  9.307449 -0.940993 -2.695457 -6.513992  5.772215
 -4.967012  7.455880  4.452715 -4.996802  8.209754 -3.763082  8.500566
  4.817054  4.232647  5.732643 -9.425055  8.589124  2.361224  2.546807
 -6.784203  3.496525  1.183329  3.099632  0.576570 -7.258446 -2.578756
 -7.838253  5.916307  1.317111  4.541109 -5.515221 -8.798717  5.046727
  2.979844 -3.169797  8.425536  7.456483  6.714037  9.215362  1.966218
  2.046038 -0.292531 -8.170107 -6.291113  7.268741 -5.221340 -8.784985
  7.373056  7.342184  7.502419 -2.921570  3.979532 -4.091134 -2.963981
  1.694328 -6.640897  9.134150 -8.966943  2.937934 -9.006653 -9.347401
  3.071878 -8.110289 -7.726065  4.123656 -2.502718  3.281775 -2.956320
  9.397152  7.075162 -2.040960 -4.690203  1.763922  2.253203 -5.130052
 -4.213561 -7.972877  3.413677  1.604848 -1.437434 -6.460614  8.926193
  3.856096 -9.306786  8.873356 -5.867869  4.911286  8.164838  9.328624
 -3.571535  2.067302 -0.663798 -7.299802  2.242322  5.514142  9.755463
 -8.925958  6.232079 -1.617090 -8.415379  3.178700  0.968855  6.513349
 -8.597431  8.440982  6.867737  8.228761  5.768139  5.795627  5.069119
  3.503015 -7.396608 -0.657021 -6.865518  0.225099 -6.066551 -4.746533
  0.531663  4.668722 -2.336820  7.688741  0.819679  2.637241 -1.132669
  3.457159  1.503420  0.250256 -0.621197  2.691353 -4.611068 -0.489905
 -0.502320 -3.872569  4.873658  1.896773 -9.641628  6.586483 -9.116217
  1.631892 -4.956818  8.833011 -3.278389 -4.807105  1.659064 -1.626921
  7.369071  4.402339 -8.674451  1.326345 -0.370385 -0.122449 -7.614874
  5.444785 -8.548545  6.352639 -2.895100  1.998229 -9.779946  7.927435
 -1.597179  9.005933  8.077046 -0.811623 -5.538450 -1.255652  6.639027
 -0.167165 -3.718261 -6.060312 -3.841384  1.126174  0.648713  8.581278
  1.533418 -1.870986 -2.878435  1.932783  4.790852 -3.954068 -2.797160
 -1.092337 -8.958960  0.970175  0.860509  9.194281 -4.479822 -9.895830
  5.162212 -3.501440 -1.761825 -9.149772 -2.849098  2.437613 -5.931015
 -8.365485  1.974628  6.830604 -7.289735  1.913423 -7.330928  2.627831
 -7.735179  9.491019 -7.734469  3.953802  6.743408 -6.945114 -0.681149
 -4.290073 -2.155180 -5.902669 -5.976239  9.341339 -5.901930  1.744580
 -8.044949 -5.391301 -1.657861 -3.251034 -4.609286  0.575261 -3.613854
  7.872758  6.711837 -3.086824  3.104409 -3.071680  7.184065  9.276213
  2.760697 -8.895345  3.679989 -9.321733 -0.775625 -6.794848  9.658921
  9.260437  3.229255  7.862923 -1.544826  6.069710 -1.569003 -4.541483
  8.441720  7.786376  5.367526 -9.649636  6.404122  4.597278 -9.964294
  9.073608  6.238884  8.824309  8.022682  3.402663 -7.921594  1.231251
  1.206322  4.237872 -5.792693 -2.253679  6.602337  6.058053 -2.679203
 -8.153248 -2.066350 -2.579900  0.145087  5.073986  3.992796 -2.421329
  1.297582 -5.198368 -6.411346 -8.183727 -5.895046 -8.006521 -0.040091
 -9.373524 -1.040042  8.687310  5.345013 -1.015448 -8.314697 -4.936184
 -7.193098  3.227143  2.477996  9.241935  8.021597  5.458841  7.637428
 -3.661093 -5.088736  7.912617  2.440196 -2.063525 -2.230446  6.140687
 -3.415158  0.024928  3.415135  4.070945 -9.410069 -6.379355  6.088302
  5.684249 -6.859149 -3.616346  4.625733 -3.315513  6.348576 -4.016813
  5.464423 -6.461959  9.943051 -3.560114 -5.207422  8.097764  4.376360
  1.353323 -9.635091 -0.526500  7.453623 -4.152558  1.595167  6.570825
  8.734496  8.175448  6.972075 -1.034574  9.909995  2.907551  3.430458
 -9.954051 -4.796798  4.196072 -0.746270  4.592647  0.642224 -1.849448
  9.349396  5.995668  2.060173 -2.092187 -6.370518  3.165265  2.666591
  6.454604  0.043351 -5.769611 -8.109500  1.592528  2.790081 -7.076998
 -7.816358  1.630048  0.561746 -5.435228 -4.172582  3.290084  9.170010
 -7.778992  8.079577 -8.760557 -1.947360 -9.361873  2.504149  5.517849
 -8.937978  7.705597  7.729957 -3.064234 -0.297208  5.857230 -6.753164
  9.088154 -9.496796  8.021320  1.248248  5.703378 -7.991762 -3.858710
  7.679750 -8.855845  2.042887  6.803129 -8.029651  1.036094 -7.182694
 -3.642503 -4.782443 -5.570000 -2.972876  3.327103  9.895631 -8.095339
  7.188697  2.500613  8.089904  8.479517  9.331652  5.547267 -3.655478
 -3.740138 -9.246189 -3.102034 -9.061293  5.463948  6.137218 -9.583032
  8.817502 -7.959737  1.625345  0.126846 -3.443506  6.911916 -8.784434
 -6.269090 -2.437108  8.342239  0.158144 -4.077738  2.187525 -1.745837
  3.696946  3.843136 -6.809895  4.614207  9.907347  3.958314  6.847096
  4.367384  5.559126 -6.827630  1.046325  3.990522 -0.697612 -9.688791
  9.919566 -9.483474  5.308173 -2.575482 -5.323419  9.067227  9.390119
  4.603773  3.892893 -4.341132 -7.163725  7.088659 -2.499719  9.748522
 -4.813377  1.464855 -1.167508  3.710249 -4.285381 -1.552712  1.947899
 -0.492994 -4.001430  2.143186  8.682988 -9.404170  0.182305 -3.947321
 -4.473791 -4.950270 -5.792808 -1.481761 -4.923539  3.858614 -1.999354
 -8.761397 -0.957772 -5.418494 -4.075753  9.273012  7.208612  1.191252
 -4.799231 -5.935891 -2.071189  3.816773  6.262083  0.349531  6.642538
 -6.161928 -7.086308 -9.603184  3.161763 -7.578927 -7.756785 -8.304497
  3.041113  1.684218 -1.589068  3.943779  3.941537 -2.239073  5.004094
  7.828732 -3.406511  3.510803  0.740264  2.274697 -5.542044 -2.116968
  7.186401 -9.163930 -1.722539 -0.692254  9.596403 -1.221928 -0.068228
 -8.898747 -9.455142  1.078684 -9.511632 -1.262249  3.427815  9.990289
 -6.004603 -4.572121  6.429276  5.691047  8.774794  5.856399  7.281409
 -5.528671  0.396402 -3.907934  2.785837 -9.332923  7.161482  2.643245
 -6.170178 -1.326851 -7.002426  6.741470  4.248801 -6.394897 -5.867265
 -9.526083 -8.078833 -3.678630 -9.825829 -2.093312 -8.628839  5.489938
 -0.748803 -7.042045 -6.663748  9.705505 -4.212467 -4.319062 -3.192522
 -4.321847  9.185968 -0.684855  5.754512  6.605238 -1.941435  5.013506
 -9.434716  4.716117 -2.199171 -7.758727  9.898463  8.397119  5.833152
  4.113161 -4.666913 -5.469027 -3.211934 -8.002086  1.829088 -3.318786
  7.217409  2.184695  1.658796 -4.180630 -6.422364  1.980720  1.571392
  0.793128  6.484030 -6.018656  1.224722 -6.676112  4.615157 -3.667080
  9.946146 -7.904665  0.584375 -2.895899  4.008325 -7.085343 -9.231662
 -1.711133 -4.603217  3.907739  4.255733 -1.603497 -7.618067  0.130305
 -0.800636 -6.307631  1.166589 -8.130844  7.895187  1.544412 -6.485315
 -5.454123 -2.096851 -7.916925 -1.009414  6.812930  9.049805 -2.917435
 -4.847005  1.295429 -3.590752  2.370565 -8.841903  9.836600 -1.345288
 -8.014192  9.781747  3.697110  2.115468  3.608408  6.610847 -4.999066
  7.479681  5.985271  7.876671  9.807055  5.921593  9.073847 -4.262226
 -3.999034 -2.015979  2.392703  1.891162 -1.179026 -2.911880  5.307191
 -9.100671  2.188409  2.703371 -6.874433 -1.860234  1.625741  4.632821
  3.411538 -1.625522 -8.500255 -2.725921 -7.108181  0.863847  8.518826
  9.285473 -9.878833 -6.256406 -2.305113  3.349659 -5.739032  3.381669
 -7.572580  8.699594  9.622317 -5.389332 -4.299154 -9.531343 -8.697323
  4.889731 -9.729928  2.196144 -2.340457 -6.843045  6.664959 -9.490335
  7.430493  9.632020  4.571943 -3.234477 -9.486157  8.144351 -5.755547
 -4.982812  7.827622 -9.068565 -9.038389 -2.166782  7.355134  6.534125
  4.165868  0.642373 -5.347023 -5.248375 -0.884794 -5.402508  9.805894
  7.206849 -5.950934  6.491469 -1.699839 -6.058633  8.160363  1.712352
 -2.427871 -1.747169  9.225218 -6.295693 -6.722127  9.952268 -8.369377
  0.002734  8.039752 -1.189160  6.069440 -1.423105  3.520399  7.516714
  3.282804  4.665582  7.421869  0.577298 -4.724027  4.046474 -3.109103
  1.658511 -3.955855 -5.990133  1.372223  3.433046 -2.158473  5.452753
  3.590668 -1.281216 -0.973870 -2.780600  1.744828  1.439456 -5.191706
 -5.950607 -2.032506  6.675623  1.861994 -0.556791 -3.959030 -6.098332
  1.605844  4.210571 -4.158222 -2.891699 -7.799356  1.139973 -0.265680
  2.615464  1.715998  6.849491 -5.355978  2.442355 -6.413046  2.394576
  8.917419 -6.563149  3.396981 -8.732328  8.776543  1.620128 -6.568113
 -0.131847  2.699427  7.430952  3.375835  5.054236  4.715123  0.172752
 -7.790352 -6.934433 -9.505670  2.619406  0.877040 -4.270159  2.575694
  5.418175  5.670145  4.660318  4.935076  9.637931 -4.922802  4.795336
  9.046150  0.114131  1.964032 -1.962542  9.582802  0.382151  6.547575
 -8.206797  5.826897  8.583123  9.061563 -5.996773  8.575273  2.391777
 -9.226196  8.809498  9.189702  8.351126 -2.435480  9.883830  6.865385
  0.706612 -9.086068  5.508704  5.699973 -6.856749  8.563821  7.542495
  7.322152  3.834189 -3.078517 -3.334847 -6.035445 -8.005363  5.937108
  0.069222  1.097372 -7.555519 -7.267003 -5.092071  3.199958 -5.365833
  2.990710  1.297842 -0.233595  8.614003 -8.967020 -0.938311  4.845121
  9.928847  4.632850 -0.230108 -2.767052 -2.306201  5.159393  5.523228
  3.537725  1.825484 -9.399502 -5.484316 -9.325409  1.717240  9.906962
  6.000423 -1.940800 -6.058926  0.593676 -2.776816 -5.954357 -8.004850
 -3.473572 -3.695515  9.092240  5.427633 -7.819273 -1.593310  6.467407
  9.388274 -8.357491 -3.834106 -2.980569  3.936336  4.344255  4.533719
  6.367772  2.396120 -9.684564 -9.280844 -1.120144  4.205059 -0.072170
 -8.250679  7.892927 -0.949903 -1.976622  1.293928 -7.362685  1.576574
 -6.424217  2.403339  8.048279 -6.359531  5.762652 -7.704355 -0.913758
  4.957432  4.252370 -0.223639 -0.225151  7.293283  2.370692  1.553645
  4.939628  3.245936  2.680447 -1.412289 -7.913340  2.444427 -5.450588
  4.632769 -8.983425 -5.906301 -8.359881 -0.596250  6.148920 -6.324115
 -5.956979  4.456230  2.889081 -9.647314 -7.348753 -5.777080  2.021303
  7.610354  7.983865 -4.623363 -1.454014  3.576041 -5.084205 -4.859133
 -2.032854 -5.202400  2.664588  6.730712  5.383182  4.459248  1.437657
  7.983373 -4.228206  7.205097  2.805084 -0.894855  2.329852 -4.940724
  4.318898 -5.498341 -8.072147  1.417919 -5.791528 -4.593951  3.489247
 -9.076790 -9.297720  4.887263  6.060833  8.102988  2.821636  0.806617
  1.914587 -4.069012  3.688578 -1.241047  6.353705 -2.781919  4.901657
  3.594712  2.490194 -9.067200  3.123172  1.668259 -5.560395 -0.567691
 -3.640024  2.109218  8.559106 -0.922281  7.755733 -4.228603 -0.045863
  1.075529 -5.864006 -2.467520 -0.630633 -6.047877 -2.335153 -3.738200
  3.156165 -0.925811 -9.793607 -6.663370 -0.076274  6.042333 -7.040588
  0.973578  1.035383 -0.700901  6.500508  7.647487 -7.225527 -3.446304
 -8.248339 -4.715443  8.470013  1.304376 -9.504641 -9.286540 -5.843183
 -9.527501 -7.146855 -1.701590 -9.613973  5.219949  7.479916 -8.974189
  9.164120  7.126710  6.752163  3.371287  1.101545 -7.702712  5.994106
 -0.565013 -5.768420 -3.661201 -6.146597  8.368706  5.796418 -8.943552
  4.705704 -5.859865  2.952642  4.333820 -4.636056  3.521717  4.621099
  3.513499  9.736254  4.138876  8.226300  8.338902  2.329150 -0.370776
  9.495384 -7.545002  1.026669  5.385921 -2.990512 -9.147495  0.532635
 -8.349502 -1.297978 -9.844326  2.676837 -6.467764  9.339519  6.483273
  1.029169 -3.789105  1.281334  8.579188  5.750129  9.765060  6.868711
 -0.930962  3.329062  9.726893 -2.481982 -4.953433 -4.327144 -3.923693
  4.374801 -5.225010  5.935001  2.391309  9.188405 -4.573595 -6.172469
  6.397160  8.226174  7.179600  8.095761  8.010712  9.720506  2.436448
  0.353880  6.271072  0.365779 -2.171209  8.333008  9.824713  4.403531
  9.610478  5.290012 -6.007957 -3.154789 -1.414765  0.019474 -5.953866
 -7.777220 -8.222157 -6.368728 -6.611265  5.466891 -5.373965 -9.771714
 -1.782721 -6.692059  2.020468  2.624618  8.212438  2.052951  7.654826
  4.067591 -1.311619  1.558045  4.113889 -0.916639 -0.123530 -5.956540
 -3.689043  1.906740  4.629655  7.301848  5.946919  6.904187  0.337486
  1.910523  2.470286 -1.559314  6.835037 -7.823447  5.047896  0.606026
  3.375808 -4.582277  5.207466 -1.257474  5.402105  0.752517  6.613069
  2.445152  1.308752  2.741795 -2.448274 -0.527716 -7.337381 -5.596388
  8.634134 -6.249999 -1.702933  7.336567  8.469693  8.964354  7.904539
  7.465841  5.521524  6.757713 -0.644563 -4.241918  7.950311  1.233120
 -9.381848 -4.390732 -7.496452 -4.171712 -3.455914  0.381468  2.755736
  3.815619 -8.402956 -5.397756 -5.950479 -5.799586 -0.487704 -4.209323
  8.321812 -6.951862  7.620467  0.372773 -0.719685  9.899390 -9.977847
 -8.816834  9.392014  5.151588  0.497107  8.280433  4.428354 -2.061285
  7.478196 -4.975537 -0.006202 -7.131464 -4.821671 -8.792285 -8.497257
  6.173806  6.691571  8.937840  3.936641  4.511941 -9.245061 -2.035647
 -5.566594 -0.098797 -1.102310  5.747013 -0.199773  3.120496  9.231445
 -3.296740 -7.024453 -8.840763  5.203235 -9.466618  5.763509  3.407878
 -5.267346  1.505545  2.832012 -5.841262 -5.640581 -7.401099  1.087705
 -1.500336  5.776166 -6.958441 -0.395088 -4.302117 -0.494145  8.829361
  3.376834  4.743095 -9.709035  0.647625 -7.007057 -0.134280  6.215538
 -9.396653  7.718516  1.744500  8.867798 -9.072546 -6.542078 -0.149881
 -0.642857  4.812175 -0.677910  6.096302  3.114823 -5.156974 -7.238384
  7.496580 -2.764752  4.949099 -3.776201  7.909514 -3.960864 -6.287432
 -9.300024  6.587105  1.658993  0.443398  0.408931  5.582128  3.360680
  2.016856  2.056892 -1.573856  5.160857  2.029538 -7.548184  1.889710
  9.816816 -0.837034 -2.800838 -7.668626 -7.568685 -8.083900 -0.269066
 -2.063735  7.291376  2.360807 -3.831878  0.656946 -2.309475  1.765553
  2.591495  2.100309  1.020277  4.560264  2.912140 -5.387638  1.501350
 -2.096558 -9.556365  3.713910  3.502469 -1.182703  5.510233  5.710471
  7.567091 -9.976994  5.040124 -1.080691 -6.085100  0.539252  8.517881
  4.083869  0.750507 -0.715822 -2.992482 -0.504226 -7.056523 -0.278872
  9.096598 -7.024663  4.903525 -6.931928  7.079587  5.643474 -2.438548
  8.064080 -2.213336  5.170496 -4.387090  5.161321 -6.298257  5.931584
  2.145733 -7.455315 -3.636472  5.856736 -4.415714 -2.604159  9.342730
 -0.414044 -7.066341 -9.636004 -6.935264 -0.495302 -1.689923 -6.048466
 -8.364104  6.524362  4.882675 -9.410293  9.525095 -4.511227  4.422732
  3.238344  8.609085 -6.005001 -3.211437 -0.647570  2.543578 -0.755065
  0.584629  5.287655  2.032161  4.046846 -3.265987  5.615294  2.865839
 -5.901052  8.602751 -8.832092 -5.495152  1.956629 -2.110306 -2.012067
 -8.189902  1.660302 -9.052790 -4.564301  0.363693  6.417823  4.104815
 -1.663741 -2.753149 -9.624110  9.779716 -0.866528  8.789238  9.107265
  4.407840  6.093870 -8.021007  7.685933 -5.016622 -3.727170 -7.256752
 -0.105338  8.439388  5.001317  0.578678  7.237383 -6.991780  5.553701
  6.711264 -3.268773 -8.929177 -7.677964 -1.479170 -2.865225 -4.611382
 -5.897853  6.226019  9.386001 -5.449555  6.581489  2.827329  4.339359
 -3.941595  2.434436 -9.789295 -9.110284  2.431622  7.249479  6.899082
 -1.218748 -0.537394 -4.024670  0.711270 -7.847545 -0.201890 -8.057426
 -1.686655 -6.230098 -2.982061  8.818117 -6.733770  7.356647 -0.544296
  8.929696  6.705407  5.482170  9.025617  4.605583  7.544344  0.366041
 -1.145704  9.537649  7.213724 -6.615100 -0.106074 -0.997541 -6.345002
  9.199269  6.149150  6.181763 -3.727592  3.886828 -3.954337  2.644135
 -3.019141 -6.432674  9.455000 -9.436397 -8.710344 -9.094721 -7.379359
 -5.026100 -2.498918  2.608474  6.269096  2.781700  6.195119 -6.929776
  6.224332 -7.919690  2.736850 -1.354198 -3.159202 -9.030403  4.271406
 -4.669466  4.332516 -9.957336  0.148317 -8.077970  6.103823 -0.456214
 -1.973070 -8.623829  8.726328 -5.297803  0.114300  4.724499 -9.656980
  3.985560  5.646316  4.118964 -1.489184 -0.136707  7.996184 -1.265733
  7.874089  6.801784  3.140034  4.081140 -0.585543  3.763228  7.022599
  7.487210  6.350912  5.558450  5.551339 -2.649770 -0.015267 -7.648189
  6.303477 -2.386149 -4.999286 -2.869375 -0.544386  1.548221 -3.382850
 -5.260977  1.615056  2.561911  8.362611  5.682799 -1.009967 -5.867790
  9.262442  3.765692  1.885458 -8.182945 -2.206781 -2.773549 -8.496414
  6.398393  7.489701  5.059094 -8.811647 -1.802461  2.968028 -9.265468
 -1.988342  9.789606 -2.488691 -8.218613  8.491772  7.017559 -2.797034
 -5.476994 -1.213753 -0.462772  3.180518 -2.526099  9.399229  0.250992
  1.073379 -2.350038 -3.994482  7.649739  5.428389  4.488744 -5.138067
  4.937782 -9.272494  2.344404 -0.366364 -2.335530  9.462687 -6.715758
  0.070755 -1.580604 -7.545114  7.661962  3.428804  9.921861 -6.928651
 -9.621130  0.749195 -5.496852  6.604353  7.473459  7.345904  6.574088
 -1.864257  6.100837 -4.193909  7.261020  4.319810  2.033504 -7.190045
  8.729748  6.654242 -7.999243 -6.496529  8.878645  2.219278 -3.066623
  9.354093  1.992493  3.898544 -7.596385 -7.023112  2.824119 -9.143130
 -3.908965 -3.311850  3.242398 -1.492097  0.119950 -1.306540  1.587680
  4.915143 -0.446488  5.524135 -0.700080  2.225697 -2.157849  9.315907
 -1.898391  7.050105  4.921305 -9.885661 -1.979642  8.744448 -3.739748
  5.047612  6.052779 -5.651317 -2.522935 -9.449407  7.763922 -3.765995
  7.562252  0.192982  7.599277  7.758604  1.262901  0.512776 -7.511758
  6.312965  5.311737 -3.150627  2.213704 -9.708788 -7.741282  7.555859
 -2.869282 -5.722463 -7.978372 -3.818031 -4.295981  9.421733  3.485952
  1.899843 -5.925150  1.413535 -3.906341  1.312405  1.173921 -0.521839
 -1.072584  5.652597 -6.729686 -7.810131  9.419854  1.206256 -8.519728
 -2.152570  4.314462  2.628309  9.620078 -0.846353  5.596446  1.484640
 -6.127555 -7.371833  9.659519  0.221840  9.023294  1.248795  1.350059
 -5.371566 -2.798735  1.422487 -9.985063 -6.144338  0.976228 -0.968596
 -1.057992 -6.087868 -0.516659  8.512748  0.560160  6.672448 -5.623227
  7.913901 -4.938216 -3.820191 -9.416142 -4.949221 -6.537413  7.087757
  0.090577 -4.521397  7.105503  8.871668  3.481968 -5.318799  5.937091
  4.308409  2.451706 -0.318634 -3.172718  0.956943 -5.644989  6.029973
  2.592540 -6.236319 -3.845945 -5.294458 -3.541291 -2.684158  2.859268
  9.642742 -9.564293  7.400733  9.416901 -3.654934  0.714940  2.577987
  8.471877  2.724409 -9.332910  6.333323  3.363741  7.941878 -6.598876
 -7.721162 -5.121638  4.477856 -7.714379 -4.421197  4.681287 -3.281015
  6.036568 -6.561650  7.135770  2.133266  6.770196 -6.819047 -6.996610
  8.651411  7.298068  3.980424  9.802015 -1.384401 -6.744213  7.931812
 -2.859150  5.653913 -2.837601  8.915536  3.521034  1.342477 -1.150944
 -0.454419 -0.144975 -8.860571 -7.772738 -3.738460  8.507782 -1.745800
 -3.126103 -6.354881  0.242384 -9.109149  2.708580 -6.375503  9.070146
 -5.980697  0.872272  5.202876 -2.827627  3.716004  9.000912  0.888464
 -0.329899 -3.106518  0.794919 -6.419559  0.417318 -1.334557  1.099602
