 700 0
 4
 0.E+0,  0.5D0, -.025
 -1.0E-14, .F.
  1.000000  0.000000  0.000000  0.000000  0.000000  0.000000  0.000000
  6.770602  4.477539 -0.236433  1.479087 -2.497491  4.751748  3.010124
 -7.998750 -8.018156 -0.806674 -1.567473  5.463120  2.728831  4.971855
  0.876531 -9.864013 -8.012942  2.984909 -8.061279 -8.696509 -4.609663
  0.129862 -2.656531  3.679752 -3.003832  5.424710 -3.161888 -7.838733
  7.282421  8.556638 -0.953263  9.145918 -7.951919  9.519359  2.015450
  0.110636 -4.056169  6.850343  0.931900 -4.320291 -0.831047  6.117478
 -6.707072  0.216421  6.539036  1.672284  5.776006  7.523292  7.270057
 -0.144977 -7.892189  5.044526  5.453317 -7.792224  1.647229 -6.181957
  4.922424 -4.367817 -3.371321 -6.322064 -6.348393 -5.427629  2.042637
  1.409359  2.001703 -2.406417 -7.966074 -9.431592 -2.859842  7.874090
  6.245778  6.028882  6.881955  5.813694 -1.255854  0.757097 -4.313865
 -3.409170  9.196737  5.364188 -3.277902  7.256590 -1.413000 -2.950506
  4.196265  7.255418 -9.946800  4.653133 -2.706381 -9.568279 -2.967507
 -0.830034  5.392703 -0.142216  0.429562 -1.192848  6.662444  2.885538
  6.854947  5.237993 -0.395247  6.323243 -4.189411 -0.255742  3.974241
 -3.557597 -8.211381 -5.092933  6.911796 -8.731664 -3.903944  8.330919
 -9.632878  0.090923 -6.885259 -9.375225 -0.950093 -1.971815 -9.332067
 -9.282548  8.617075 -7.519019 -3.047067  0.292796  4.803138 -9.269200
  7.354245 -2.687708  0.565988  0.290467  4.716058  2.024682 -3.675045
 -0.941367  5.463272  9.839237  5.175322 -7.123589 -7.941322 -8.036319
 -5.176533  7.926920 -4.358421 -5.096093  0.498698 -4.414389  9.027021
 -8.453792 -2.232589 -7.218040  0.641112 -3.242263 -7.856851  1.008374
 -8.341093 -7.207509  1.352771  7.225300  6.316700  0.686960  3.707155
 -9.156670  5.807178  0.143547  2.976522  4.954563 -3.536916 -6.385922
  3.715553 -7.637661 -5.440603 -9.640255 -5.195498 -1.991016 -1.033428
  1.687370  9.991705 -3.093801 -6.576023 -0.491998 -1.581099  3.663455
 -5.326284 -4.455744 -4.152782  2.410713 -4.573704  0.692466  8.665881
  8.548187 -5.657426  2.450493 -2.835634 -9.432468 -0.222252 -5.228892
  9.559362 -5.309976 -9.158080  9.900889  0.989136 -8.580143  8.511823
 -8.769129  7.200143 -5.851613  0.122674 -0.601931  7.723086  8.806910
  5.213564  1.458961  4.720584  8.668374 -4.304983  1.825343  0.193874
 -5.484770  0.461325  9.949682 -4.014092 -6.533892 -6.874286  0.447375
  6.499981  8.479068  9.436439  7.598823  3.848663  4.322671 -5.188226
 -5.715215  6.364519 -3.310902  6.981869 -8.790853 -4.525625 -8.660840
 -1.378986 -5.972628  1.029193  2.462702  4.713162 -9.100822 -7.019489
 -3.122756  6.552137  4.356566  8.319882  2.501377 -1.355608 -1.721066
  3.203960 -0.816866 -0.146910 -2.461519 -6.877100 -8.725744  3.802329
 -2.685331 -3.865101  6.202395 -4.773093  2.146334  6.216417  5.815660
 -1.985859 -1.662566 -4.930851 -6.068672  8.735806 -0.022510 -1.081956
  0.773445  2.358531 -1.134799 -4.957096  2.802269 -1.473889 -2.997404
 -4.103249  5.900672 -7.686335  1.068591  1.699600  2.563069  4.143771
  8.258985  9.758090  2.847362 -1.978705 -4.209947  2.464888 -0.461440
  9.949558  7.711866 -2.800436 -2.989947  7.187163  1.242180  9.930902
 -1.245950  6.023751  7.261489 -7.216665 -3.422252  3.085214  5.211840
 -4.631873  7.813117  2.873055 -2.815730  2.305690  8.675519 -9.350660
 -4.062400  3.572526 -2.716599 -6.559935 -7.813954  9.090765  7.905891
 -4.354517 -7.538968 -5.220469 -2.058864 -7.318605 -3.417703 -9.287208
  9.855064 -8.619635 -0.894814 -9.803794 -9.003482  4.327572 -3.398767
  1.225358  9.265995 -8.236454  4.203288  3.809705  1.546625  7.318966
  2.477889  9.494949 -1.201435 -9.671270  8.516143 -2.070523 -0.786268
  6.648744 -4.806165  7.545121 -3.529129  1.931881  5.125495  0.751772
 -0.236701 -5.321873 -7.164792 -8.056781  2.519890 -5.057270  2.836300
  4.497999  0.771557  9.177046  0.944090  6.358197  5.564894  9.797296
 -9.288132  9.285860 -8.209559  9.184002  4.298549 -1.512432  5.229751
 -1.711324 -5.748309 -2.702171  3.428678 -7.918387 -1.558347 -6.449603
  1.138943 -8.123923  8.116262 -8.196706 -0.329262  2.493742  4.849291
 -2.954316  7.218557 -1.546300 -6.371677 -9.070793  2.776188 -3.085195
 -8.219506  6.611702 -4.810093  6.280762 -8.658247  0.010598  3.794723
  5.601976 -3.226539  7.548186  4.917338  5.109397  3.218747  4.513552
  0.492387  9.120207 -8.834021  7.101668 -6.655515 -4.825669  6.142787
  6.919577 -1.765111 -3.703318  2.811738 -1.306951  0.136112 -8.337230
  3.253410 -9.939642  4.624487 -8.212318  4.009532  7.559003  3.060433
 -2.399349  6.029333 -7.378061 -3.949997  8.360291  1.971919  9.784021
 -5.269947 -7.290309 -6.342278 -5.352676 -6.260608  4.535064 -3.405591
 -8.763402 -3.738546  7.771773  6.719725 -4.040519  7.423611  6.065426
  7.503306 -3.748048  0.699617  8.258322 -1.938782 -5.737133 -4.655055
 -7.461301 -1.572878  6.419125  9.582872  1.848824  9.579017 -8.201276
  0.486518  0.820941  5.913373  7.172275 -9.020486 -7.256934  2.985707
  3.835235  1.659045  8.983927 -8.493737  4.053616  3.424086 -5.461080
 -8.008846 -4.079632 -7.967986 -9.771656 -6.827103 -4.107461 -9.236950
 -1.846769  1.998300  5.768415  4.424323 -4.106780 -4.009238 -5.246100
 -6.352131 -6.196141 -9.193941 -8.337765  5.351082  9.756677  1.259019
  7.035688  8.627432  3.591960  0.628151  4.828375  2.495269 -6.338871
  7.141346 -1.254817  8.061346  7.177555 -2.137766 -4.051757 -4.425602
 -2.835392 -5.236962  9.892935 -0.692651 -3.670617 -9.027217  6.531111
 -8.561703  1.905756  3.004375  5.735013  2.085095 -7.070497 -3.858702
 -6.713480 -5.990817 -8.685747  9.606315  4.173661 -0.224898 -1.249468
 -9.708496  6.398017 -2.086705 -6.205904  3.420879 -9.954205  1.843163
  6.732628 -1.736508  4.552487  3.917982 -8.276437  7.218016 -1.674989
  5.668374  8.054872 -8.844529 -9.022357 -5.309806  2.654650  3.711124
  6.109918 -0.121210  1.437986  6.936379 -2.120277  5.309445  3.160274
  0.592998  2.953399  4.134015 -8.514257 -7.288002 -8.864904  9.599265
  5.958976  2.257580 -5.584115 -6.851520 -6.265351  7.669630  6.008572
 -8.727970 -4.993174 -5.053299 -3.323321  9.760608 -0.183530  6.117395
  9.499056  7.991725  2.231270  6.927069 -9.389913 -2.189793  0.240862
  3.714533 -7.693771 -1.185566 -0.638631  5.985894 -7.622001 -4.897857
 -1.081784 -4.314237 -0.441774  6.034688 -1.961785  5.376849  5.689941
 -1.234303  9.363267  6.364743 -5.223516 -8.561344 -0.111907  3.614467
  9.564054 -0.002118 -3.237510  6.254919 -9.783256  0.328637 -5.174686
  8.340642  9.827437  8.425676 -6.439380 -5.318874 -3.429813  0.697918
 -8.310541  2.448870 -6.989569 -8.038240  0.704359 -3.427210 -2.848525
  6.170103 -8.899646  2.073707 -3.422035 -1.000484  8.655327 -2.573913
  8.411318 -0.278655 -6.538018 -6.361405 -9.514166 -3.281273  5.613346
 -0.063734  7.952428 -3.903779 -2.589758  7.165506 -5.683772  6.429676
 -0.959635 -4.958012 -7.570038  3.651993 -2.564604  8.905442  0.710722
 -5.315730  7.814582  7.501836  7.839400 -3.688896 -7.393778  8.356424
 -4.150225  3.061625 -1.857004  1.508712 -3.762096 -2.424915 -5.204482
  0.166425 -6.967722  8.399069 -3.194704 -0.093300  9.097137 -2.450121
  3.928820 -2.258524  6.996716  5.987111  5.170888  9.501519 -6.672914
  0.616602  1.260783 -6.426406  3.953169  1.061322 -7.806113  1.714590
 -9.946195  8.209739  7.830835 -5.717664  0.497692 -5.975023  7.310689
  6.395416  2.309721 -0.365938 -2.413553  7.334828 -4.106780  3.066896
 -4.456967  6.185513  8.554633  3.105504  9.363264 -4.065069 -4.762447
  8.285327 -6.493914 -8.516699  5.669978  7.495062 -4.954768 -0.696270
 -0.614596 -2.492849 -7.371701 -5.310641  1.707848  3.462077 -1.132348
 -2.675763  6.132056  5.268780  6.344237 -1.571633  3.506549 -1.370630
  8.396833 -6.210042  1.425366 -4.687071  9.290919  0.488928  4.614803
  1.972645 -9.477789 -8.497854 -4.627709  7.343739  8.341347 -9.848031
 -6.412863  6.211738 -7.516859  1.960594 -1.692647 -6.777068 -0.216400
  1.638995 -6.355612 -6.576626 -9.810673  7.570898 -9.184049  2.921258
 -0.164852 -1.338549  9.716049 -5.147254  5.997017 -1.222432  7.134772
  3.297918  4.400000 -8.072632  5.133469 -6.888083  5.667913 -5.660174
 -5.161810 -1.925862 -0.805289 -2.653162  5.854187 -7.399440 -2.135547
  7.874904 -2.347267  9.828663 -3.796336  3.816277 -7.377747 -9.254879
 -4.311535  7.322681  3.619706  4.821902  2.784519 -6.139706  1.228963
  6.808743 -0.070747  3.506676  0.906688 -8.982701 -9.336302 -9.280885
  8.086218  4.637410  3.036760  8.531900  5.615832 -2.468284  7.852533
 -5.582528 -1.445867  5.183246  9.074514 -5.853094 -2.635925  0.127967
 -3.592409  0.314879 -3.999714 -8.337325 -8.162560  9.032907 -4.621875
 -8.658372 -6.875827 -8.982277  7.137603  1.294262  3.389430  3.703435
 -0.008538 -9.018205  2.274231  0.252563  3.111599 -6.667301 -5.378180
 -1.496078 -3.039779  8.151607  5.257101  5.478910  6.384429 -8.205291
  8.403699  4.680572  8.758640 -3.286731  3.709701  2.872373 -0.722096
 -8.173159 -1.640447  6.392976  5.651193  5.744046  0.823695  3.408021
 -2.651574  8.559136 -5.518656  1.290226 -3.647913  7.595060 -0.425268
 -5.539156 -2.080021 -7.785553  2.154500  6.393973 -5.004959  6.645739
 -8.366788  7.917991 -6.662856  4.263649 -1.941949  4.280627 -1.940130
  4.702261 -6.239641  8.687145 -0.505778  6.047232 -7.751711  6.961630
  2.793748 -4.963298 -7.093128 -8.914961 -2.069805  3.074601 -4.458048
 -6.099762  9.729835  4.106612 -7.542172  4.245847 -6.398207  8.079127
  0.430797  8.871298  5.743955 -0.318971 -8.391727  9.609738  3.250103
  5.584666 -9.893225 -4.791641  6.518118 -8.108670 -3.861271  6.663620
 -0.407180  6.060607 -8.568227 -2.763747  8.553426 -7.532186 -3.429379
  7.934647  2.307351  1.413389  8.032601 -5.751326 -4.945143  2.983513
  2.821540  9.949149  5.963401  4.279406 -4.877453  9.915131  8.488464
  6.192954  9.006012  2.266505 -7.157050  3.355949 -7.545152 -0.965757
 -3.289571  0.820726 -3.667954 -4.921986  1.792775 -8.233301 -7.868994
 -9.360985 -9.324785 -5.712540 -4.269534  1.493592 -8.128843 -4.345619
  3.194891  6.673975  1.326772  9.211334  7.006219  2.895273 -1.725147
 -4.310386  5.531479 -7.908766 -0.828574 -1.216289  7.031590 -5.798530
 -2.113486  5.404956 -4.928073 -9.445448 -6.893161 -3.938721  1.598385
  0.526347  9.818756  7.327656  9.215887 -9.864267  3.849570  2.083118
 -9.025083  2.376149  9.399439 -1.582257  2.141771  1.983446 -2.441161
 -9.685976 -6.293657 -7.834202  6.724428  0.004856  7.388547 -8.453107
 -1.382983 -6.628461  3.486880  5.522684  9.762252 -1.813966  0.996064
  3.684387 -8.455295 -3.063674  5.378188 -4.611717  5.275276  2.859666
  1.706601 -4.985167  5.113899 -3.972068  3.231081 -2.428107  5.997327
 -0.731468  9.518387 -5.776178  2.092728 -6.152124 -5.780000 -2.928733
 -1.953585  4.678634  7.126304 -2.708665 -6.666373  9.980564 -4.298678
 -2.873503 -8.016663  1.129407 -4.673134 -7.052405 -2.201506  9.784512
  5.040240 -6.396040 -9.701675 -7.029005  5.387306  1.931863 -0.911091
 -0.154993  1.152947 -8.503733  4.291295 -9.429292  3.538786  8.767975
  9.821023 -3.748675  5.266141 -1.340765  3.814398  6.181701  9.100025
  7.365061 -8.566852  4.033369  4.870917  5.412346  7.476304  0.937255
 -2.121872  6.259194  6.308491 -9.962186  2.832947  7.765184  8.738597
 -8.500784 -9.097074  7.718717 -3.254185  7.661879 -9.712649  4.751997
 -2.847234  5.132779  5.167721  6.125079  5.533814  4.640679 -7.938432
 -2.081342 -0.938685 -4.988679 -7.028670 -2.781733 -9.838077 -2.461931
 -4.728219 -0.057394 -1.954241 -4.277583  4.792333  9.220336 -3.490982
 -9.757393 -5.108671  8.670307  4.590964  7.272836 -8.754240 -5.040728
  8.140668  9.442016  0.431704  0.689890 -5.533973 -5.236116 -4.484989
 -2.020991 -2.154938  2.002105  4.461412 -6.692893 -6.018547 -5.338691
  7.915489  2.014753  8.983277  8.760732 -7.713328 -6.492939  2.338601
  2.492202  9.271862 -8.312286  7.489656  2.094358  1.731806  6.138417
 -3.670480 -8.414670 -9.553110  4.701428  4.810930  6.487844 -6.370548
  4.818757 -0.900724  9.415361 -8.447159 -5.679619  4.869511  3.810896
 -7.659660  6.135476 -3.307653  8.550346 -4.544753 -7.793381 -2.280348
  1.493951  2.787489  7.283235 -3.200994  0.586338  5.194509 -1.078467
  5.528970 -3.336609 -2.176367 -4.790337 -4.497354  6.123618  1.446115
 -2.231209 -8.552495 -1.095474 -1.678875  9.270288  7.661042 -9.564463
 -6.315218  5.829304  3.041664 -8.360924 -7.841639  0.585798 -7.231394
  6.578511  8.049403 -6.292987  7.452006  3.646906 -2.599060  4.733275
 -0.849389  1.560157 -0.840026 -4.081115  8.451242  6.812645 -1.035181
 -8.725195 -6.025830  4.885270  2.188366 -9.711265  0.072130  2.189125
 -9.095947  6.236453 -1.110807 -1.137538  0.358977 -1.310975 -2.155791
  4.311495 -3.333206 -6.705380 -3.433999 -3.983834 -1.524547 -8.671951
  3.074186  7.925092  9.252808  1.359147 -3.787897 -3.154238  7.183413
 -7.965695 -2.892159 -1.024286  2.278359  2.549625 -0.065294  2.184085
  0.617458  6.649766 -3.328956  9.733636 -3.141326  2.287570  2.958172
 -0.499585  2.157730 -3.290306 -3.639360 -9.132472 -9.893505 -9.584447
  8.030396  4.882366  8.615205  7.005508 -3.327578 -2.021489  8.473875
 -2.489576  7.225187 -8.826485  6.946812 -4.670558 -1.780232  4.957604
  7.017309  9.648076  2.339687  1.683032  8.578488 -3.347594 -3.590274
  2.037146  6.504266 -5.478368  6.857779 -4.854652  3.894231 -0.669427
  4.343087 -3.830505 -9.023945  3.624675 -3.552082 -1.668790 -1.907626
  5.784499  6.602758 -7.301722  0.978225 -0.811240  8.676240 -1.954570
  3.000687  5.429249  1.580883  0.027466  5.844939  8.770339  1.159980
 -8.389659  3.823372  1.168771  0.222742 -6.000496  9.711849  9.527592
  6.851475  4.241405  7.986052 -3.395067  7.461998  4.684509  1.784343
 -9.486049 -1.138361  1.377842  4.948394  3.155315  4.561056 -3.622328
 -8.353846 -6.995904  5.053683 -0.680612 -8.695505  3.052306  6.163852
 -9.941290 -7.401962 -9.792568  2.833044 -7.779599  9.075689 -4.466768
  8.885009  7.070415 -6.968883  9.918923 -8.310138  0.963983  8.828032
 -4.880736 -4.257425 -8.908602  0.113261 -9.919081 -1.119854 -8.074442
  5.090797  1.530352 -8.389092  7.818463  7.401620 -8.599543  6.551626
  3.229184 -2.728784  6.746237 -7.974012  8.655555 -5.714103  4.287104
 -3.037080 -4.335944 -1.341259  2.735937 -3.852464  8.869813  2.425020
 -2.421921 -5.401457  7.933578  6.745758  8.338565  5.709906 -3.855160
 -7.601582 -6.027913 -9.522061  8.985487 -5.650094  8.179364 -9.137197
  5.412829  0.359701  2.927647 -2.271545 -5.472189 -3.400093 -5.499899
  1.037650 -8.348676 -1.727620 -6.938818  5.786120  6.523894  4.139284
  0.773489  9.490081 -4.584420  1.519230 -6.968913 -2.988451 -3.047797
  1.637572 -4.454639 -0.072094  6.872545  9.274880 -0.574647  9.496201
 -4.651364 -9.652759  8.086493  8.603029  3.536311  5.427041 -2.508453
  5.791550 -8.391582 -2.878752 -6.932313  7.414029 -0.724254  1.530216
  1.216277 -5.151232 -2.104938 -5.266004 -4.444309  6.322449  2.021202
 -2.562348  6.421678 -7.646366 -2.567625 -6.777307 -2.369249 -7.636553
  8.578748 -5.741158  2.543550  9.909282  1.046802  7.785641 -6.625023
  2.023544 -8.360257  3.274721  4.384991 -0.909643 -5.457627 -5.162799
  3.831532  7.261370 -7.912085  3.409824 -9.834539  1.385836  3.782373
 -5.951610  0.532956 -3.955027  5.838034 -9.147166 -0.196264 -7.836783
 -0.854487 -1.999412  9.490901 -4.037478  5.667807 -9.592328  9.574469
 -8.639085 -3.521953  1.133311 -6.791882  1.868550 -0.977798  6.312471
 -6.791246  4.421457  0.583947  4.704967  8.031416 -6.495584  5.886944
  2.669677  3.852741 -7.244143 -5.943603 -4.803441 -5.210912 -7.495135
  5.126371 -2.006632 -1.804368 -0.243937 -3.575069 -7.862617 -1.435143
 -1.179706  8.620035 -0.165877  4.950427 -2.155519 -9.579528  9.386892
 -4.504121 -3.214728  8.613038  3.342046 -5.086915  1.009717 -0.463959
 -0.663787  9.752178 -9.411852 -3.535104  7.302092 -4.360041  6.310715
 -8.150362  9.965585  5.806427 -6.516822  3.556624  1.886153 -9.209608
  0.242482  9.575102 -9.956194 -3.693566 -8.348575 -9.117720  5.088487
 -6.731049 -3.150521  1.834203 -3.569109  0.574192 -9.987738 -3.510758
 -8.976769  6.376294  5.956997  5.838062  7.127825  0.215774  5.301938
 -1.455403 -7.668022  5.918529 -4.581200 -3.229951 -9.600600 -2.455329
  2.879914 -3.634592  9.721316 -4.751913  8.241720 -1.848585  2.119242
  0.078996 -2.709308  9.854753 -1.555635 -9.629300 -6.110968 -3.381766
 -2.514472 -1.929997  1.263077 -5.490694 -0.142974 -4.186235 -0.722999
 -6.806231  4.540986  8.305562 -5.038858 -0.855030  7.095581  3.286642
 -0.648477  1.906373  6.677174  3.764609 -9.247920 -7.608350  0.890824
  0.242003 -1.681440 -6.707134 -5.380701 -7.722395 -3.079088  1.617478
 -6.475344  5.804263  6.755531  7.270398  7.857276  0.119983  9.558369
 -0.205689 -2.438863  9.220672 -0.437101  2.857571  2.975557  6.029521
 -4.734091 -5.264983  2.727097 -9.720495  1.652562 -9.620720  2.690331
 -0.322689 -4.845220 -2.264376  0.773465  5.210020  4.988941 -6.726381
 -7.278625  0.915296 -0.323924 -4.448155  7.042294 -8.988030 -5.786745
  8.863193  8.500353  6.775500 -4.922048  5.365233  3.207155  7.252090
  4.941027 -8.948133  8.308965  7.819404  1.859337 -6.303028 -5.039685
 -2.388462  3.591462 -5.468582  6.693561  9.194779  4.640728 -9.345753
 -3.934423 -7.058513  0.721647  1.341646 -1.303673  2.960300  3.248050
 -1.933752 -1.727151 -1.753027  7.539091  5.176542 -6.041785 -4.737507
  4.451191  5.837722 -9.064849  4.096244 -2.159572 -1.903732 -5.945306
  6.761124 -0.377988 -4.078432  8.380137 -4.466100  0.296742 -4.384755
  4.707330 -3.486411 -7.446182  1.761313 -9.887295  1.154495  2.621538
  9.501163  1.377119  3.446499 -7.434620 -1.736201 -9.816728 -2.393395
  7.026290  0.183054  4.153892 -7.687589 -9.711519 -2.821748 -8.330822
  1.728598 -9.719798  4.142188  3.406512  1.818218  7.047287  1.484798
 -8.743792 -7.033985  6.022444  4.847989  0.375978  1.319034  9.078555
  6.809806 -6.979216 -1.144109 -1.875633  4.499248  8.986543 -2.505698
  3.853591 -0.793101  8.754058 -9.448040  8.906633 -6.385065  7.050912
 -7.624785  7.866829  3.388749  8.129800  3.968769 -4.244766 -5.027649
 -5.641384 -1.381103  4.398372 -7.338806  8.223528 -8.723459 -3.371616
 -4.525442 -9.556145 -9.012595  0.831561  1.852517  0.331667 -6.219716
 -5.841860 -2.027533  7.312941 -3.124502  1.728217 -8.957392  9.474218
 -8.356748 -9.360826 -8.762881 -4.593242  6.029425  3.448662 -1.004016
  3.453556  3.391690 -4.545164 -6.761882  0.354616  6.529608 -7.976262
 -9.863088 -7.057610  4.185395  8.072400  7.991533  0.674630 -9.851544
 -6.458344  9.549171 -1.234781  9.622277  0.243402 -3.529387  0.871061
  9.458897  5.139167 -2.341487  6.690000  0.138950 -4.415255  6.118510
  0.499841  5.617130 -9.201309  2.219491  0.676520  8.351643  3.143380
  2.764343 -9.834499 -0.362755  6.871360  8.010823  9.698112  7.382218
  7.010128  1.783859  3.536136 -2.801290  9.589031 -5.697955 -9.550821
 -5.432250  3.511207 -5.916218 -8.183649  6.157208  1.885636 -0.354312
  5.987444  2.260188 -1.238755 -1.291133  4.205824  9.738652 -8.963464
 -7.739297 -7.001143 -0.882814 -5.551874  7.911571  1.831778  3.937878
  9.461465  2.558486 -1.952884 -1.837529  8.569833  3.980543 -6.431729
  6.213233 -7.030970  7.334012 -1.515676  0.762981  7.206160 -4.313740
  5.068331 -7.785530 -8.297794 -8.055253  3.302798  1.006299 -5.989553
  0.269544 -4.636934 -2.264077  9.160755  6.083986  1.203694  2.784750
 -2.367828  4.758423 -3.416119 -1.168287  5.766713 -8.630808 -5.164167
 -1.599084 -9.031199 -0.862766 -6.417228 -6.099113  0.770064  5.116168
 -8.979385  6.480319  4.085350 -5.204163  6.263580  6.717790  1.896670
 -9.546802 -0.125632  1.535739  6.221542 -7.097610  3.607379  7.156864
 -4.104840 -2.807218  0.994672  0.411404 -5.877610 -8.242368 -9.730015
  9.356824 -3.413761  1.218209 -6.278938 -2.574730  0.691465 -2.125578
 -8.854874 -1.557612 -4.642885 -6.785393  6.971039 -9.663769  8.876713
 -7.106941 -1.029956  7.303798 -5.671222  6.074187  8.420186 -4.396553
 -2.701270 -2.017032 -8.892401 -9.088627 -9.530832  6.786458  0.136107
  3.991737  5.209440  9.967753 -8.475805  0.715866  2.731879 -6.021285
  4.988235  4.185079 -1.614325 -4.608248  7.343337 -8.055339 -3.794994
 -6.743172  2.937013  4.284651 -4.965056  7.689743 -3.930661  7.416744
 -1.158962  9.168018 -9.573675  5.226332  4.136654  2.443953  0.067481
 -7.731638  5.368511  7.362328  3.540259 -5.910801  1.792668 -7.950520
 -3.059506 -5.614664 -9.623728  9.500878  7.872725  5.809286 -0.763930
 -3.449224  4.670461 -0.941223 -7.900851  2.738627  6.384337  1.550703
 -3.862099  7.995691  6.342268  5.614988 -8.786137  2.641679  4.987237
  8.214343 -6.504027 -9.153502 -6.697970 -2.209563  7.890491 -8.515688
  4.843550 -0.815852 -9.759000  5.374370  3.378380  1.589238  6.562966
 -8.086943  7.214915  8.045123  4.227035 -9.858171  4.608071  3.852995
 -7.609940 -8.766056  6.086138  6.028991  1.637072 -9.721410 -9.025625
  7.595241 -8.244487  0.335825 -3.991424 -0.740784  2.757964  4.205219
 -2.088833  0.605992 -6.817496 -5.049890 -1.115990 -7.648094  3.206825
 -2.150399  2.111814 -8.330542  3.967612  9.123415 -8.585130 -1.263972
 -4.421721 -9.874496 -4.457527 -4.951210  8.097439  0.380607 -0.566278
  7.282477  5.546452  0.753113  9.797566  5.953928  1.286456  7.557507
  1.756032 -4.555692 -0.175533  6.997595 -3.477287 -1.361610 -2.758262
 -2.548226 -6.601022 -1.974450 -5.987536 -4.370460  8.021547 -5.784478
 -1.871196 -9.192672  6.995489  3.742115  8.655375 -9.593907  1.422177
 -8.512459  1.993406 -0.088308 -6.940814  5.359426 -2.844331  0.019067
  7.420770  6.543929 -9.955438  8.057473  0.021255  1.478011 -1.930443
 -6.309092  3.915307 -1.588858  9.237951 -5.915645  1.163347  1.633968
 -1.157638 -7.009740  9.168907 -9.424679  0.843334  8.821802  1.132994
 -4.035726 -7.640971  2.751716  1.368523  1.484231 -7.785703  6.253818
 -9.629777 -2.536778 -8.489971 -6.255766  8.790572 -9.985040 -9.039554
 -8.866977 -9.045025  9.723769  4.129863  3.644296  1.686620 -5.070271
 -1.889698  7.272291 -6.875624 -2.102662  1.535089  8.917671  8.457360
 -9.971579  4.422925 -3.770694 -5.629060 -4.207776 -0.393489  5.600558
  6.704638 -9.451815  4.668361  5.384507 -9.709758  4.426870  7.611260
 -6.822690  4.936080 -7.729538 -7.195747 -1.522892  9.959591 -6.732730
 -2.845478 -7.224128 -5.913017  2.657815  9.343532  7.558033  7.926379
  3.779382 -4.399856  8.525552  2.045285 -3.818988  0.550849  6.789009
  1.749038  8.112889  3.248919 -5.608937  4.776485  0.895085  5.167741
  9.092498  2.455063  2.761723 -3.645487  3.451406 -5.484907 -7.141312
 -4.188130  1.506033  6.268097 -9.329210  4.613577 -3.911498 -2.506614
  3.706523 -3.835311  9.959560  6.591102  1.797744 -9.904361  3.231708
 -8.139231  7.704540 -5.622640  7.997556  1.186179 -9.909809 -6.109798
  5.276791  2.200366  4.941807 -6.239587  5.070815 -1.020160  0.921006
 -2.062434  3.299190 -7.027567  8.139170 -1.948402 -8.238066  2.862662
 -2.000700 -2.672489  8.339101  2.281488 -1.789085  8.792041  4.473185
 -6.823946  7.449419  3.396976 -4.553976 -7.117599  9.777231 -6.158279
  4.780103 -5.869619  5.033227 -1.054524  5.387036 -9.463510 -5.954668
  9.976558  7.782029  9.212095  4.932692 -1.476792 -4.782966 -9.139689
  0.980317  9.015030  4.834557  1.431029 -6.549997  6.691699  9.510634
  0.347606 -5.019627  8.621125  3.709702 -3.650051  7.596937  1.255961
 -7.420726 -9.663859 -0.215769 -0.512754  0.940467 -5.457415 -3.901582
 -0.378237  4.393354 -9.036858  0.541085 -0.282935 -6.458037 -1.508850
  0.564967 -6.687166  2.931820  8.535865 -2.258120  4.802122 -4.646386
  3.767714 -4.132998  4.384406  2.965817 -8.742177 -4.092741  3.447202
 -7.555290 -6.045615  9.096584 -7.632702 -4.918280  3.211785  1.536985
 -3.511917  3.915817  3.413202 -9.911376 -7.438133 -3.638467 -3.933099
  1.485686  6.727937 -9.226204 -5.380774  1.582580 -3.606625  7.724348
 -3.787516 -3.012708 -0.573960  7.072336  0.512160 -7.374933 -6.988740
  6.324558  3.404111 -7.394306  1.929294  0.553507  2.160750 -8.249958
 -1.854241 -6.934179  2.742351 -6.305775  2.606407  7.626809  3.425373
  5.347480  0.923280  7.698977 -0.090432 -9.752109  3.982067  3.076568
  7.587831  8.307000  7.236421 -3.163022  4.954351 -1.874553  6.057967
  6.575463 -9.595317 -4.313162 -3.530424  6.604905 -4.687440 -6.407015
 -2.869607  1.654005  0.122131  9.875061 -6.411515 -7.647494  1.502401
 -4.483229 -8.912956  3.899951 -8.519111 -7.337447 -0.388887 -9.848432
  3.741416 -1.530585 -0.697379 -3.906841  6.708696 -3.568104 -1.577677
 -3.601222  6.958846 -1.357035  4.860948 -9.045939 -2.751883 -1.263090
  3.082396  1.839157  0.935176 -3.690175  8.752529  4.885171 -7.004521
 -4.987166  7.855958  3.468921  9.132593 -0.101920  0.418048  8.830705
 -4.043929 -9.394086  3.377092 -1.302643  5.696030 -3.549769  4.943248
 -5.040039  9.227266 -9.528647 -2.967985 -9.766856 -1.755994  3.643193
 -5.514642  6.576014 -1.880972  8.737515  2.385593 -1.047890 -6.740793
  7.786055 -2.134048  1.960320  6.821859 -9.396813  3.897499  6.598805
  6.995759  3.915733  7.238821 -5.331742 -8.352942  5.290639 -9.435577
  7.917675 -9.155268 -4.193208  6.738827 -1.945131 -2.233333  7.199442
  5.390259  5.601590  2.056426 -4.532740 -9.882948 -2.260146 -3.282300
 -6.691790  2.530947  9.159625 -8.153923  9.422447  9.896819 -0.058757
  6.394068  5.594540 -0.283539  4.427201  4.114966  0.432664  8.298593
  1.960850 -3.005453 -8.864673 -0.196828  1.289266 -7.594331 -1.466534
 -0.696441 -9.558220 -6.723956  6.666137  2.039728  5.955797  6.508353
 -1.874083  4.176695  2.941694 -7.146507  9.207796  8.986860  7.561283
  0.153020  9.425794 -5.039955  3.009732 -1.474769  2.329558  4.702158
 -4.526535 -2.616861 -4.158599 -0.868334 -0.623998  2.923769 -0.003567
  4.332860  7.788539  5.041856  0.598251  1.536249  7.817358  3.743544
  9.270558  9.206770 -1.333049  6.300474 -0.047318  5.906856 -3.709440
 -3.437090  5.559215  4.285395 -2.409470  4.204196 -6.830318 -7.201236
 -0.212728  4.881274  9.353478 -5.314970 -8.147617  9.219226 -8.769023
  8.861081  9.750493 -4.878456 -9.281445 -6.606359  3.006313  9.764157
  8.648085  6.929872 -8.016416 -9.170923 -1.645286  7.622982 -5.782940
  9.963094  1.145510  7.977328 -2.979090  6.213628 -7.791208  4.878347
  5.156850  6.762130  4.655054  8.542620  5.139276  7.625910 -8.178460
  0.663549 -3.792577 -4.868772 -2.057375  8.155374 -4.222986  6.104905
 -7.704297  4.527111 -2.815951  1.174182  5.081315  8.660713 -1.425902
 -4.798583 -0.812051 -9.485017  0.707105 -9.510442 -9.301433  1.625997
  7.187423  9.577914  3.801410 -8.829981 -3.117710 -1.704673 -2.949764
 -9.177512 -7.624153 -1.337174 -7.337433 -0.564784  4.156381  4.835986
 -0.855520  0.007147  5.948401 -6.927266  0.981483  6.099886  2.585809
 -7.808734 -4.552983  5.814631 -9.182116 -8.571838  9.533530 -3.619116
  5.367406 -7.812586 -5.948295  1.234349  7.538806  4.156120 -9.580533
 -8.229100 -4.724124 -3.072367  3.653607  3.913412  3.270544  7.503878
  6.949987  1.260891 -1.833486 -7.666751  4.930587  5.855779 -5.368489
  8.645030 -3.058596 -6.683503  1.863453  6.365340  1.176728 -4.783468
  3.967768  1.396974 -6.234707 -8.464844 -4.269938 -3.366243  2.867821
  9.659547  3.263977 -1.397813 -6.418972 -9.359935  1.045147 -0.087528
  4.343941 -7.831551  4.655510  3.689313 -5.002453  5.326208 -9.235209
  5.049177 -6.476012  1.728100 -8.124330 -7.757321 -6.777404 -0.237317
 -9.026099  9.971902 -5.159985  4.412630  2.240412 -2.689641 -3.063228
 -7.999250  2.293119 -8.715359  6.367909  4.948625  7.496632  5.710588
  3.566469 -3.825688 -3.617638 -5.284597  9.638768  2.248332 -6.433970
 -0.829390  0.893411 -4.072402 -2.862071  7.595995 -9.086774  0.373235
 -7.999546  5.965181 -5.800992  4.238489 -0.446008  5.875658 -7.943508
  1.349265 -0.420452  8.721939 -5.836879  7.677918  2.873464 -6.261753
 -3.694783  5.681363 -2.292774 -8.908448 -1.102711  9.287233  3.737401
 -2.987774  3.455667  3.885256 -3.978780  2.624149 -2.540898  6.855572
 -6.360804 -0.391745 -0.633631 -1.491224  1.916061  5.200386  4.294607
  3.182043  3.344005 -8.682640 -9.104872  5.995743  2.224566 -3.573399
  9.333740  0.181237 -6.712637  4.950659  0.145335  1.430585  8.564018
 -5.005624  7.727663  0.526194  2.446580 -5.868034  8.652380  8.590749
 -3.114488 -5.994133  4.590084  1.893347  2.318040  2.445199 -5.049387
 -2.090586 -6.739428 -3.534892  5.163055  2.825338 -5.818118  1.443881
 -5.912735  4.019747 -1.343794 -9.953676 -7.851734  7.865064  1.698558
 -3.658982 -6.564394  9.521665  5.128684 -1.365253  9.761181 -0.580606
  2.461766 -6.363129  0.802116 -3.335058 -5.138753 -6.655377  1.658326
  7.928996  0.014546 -0.106990  7.839039 -9.522677  8.893544 -9.721251
 -5.765073  1.675888  7.573024  3.955976 -4.285911  7.474291 -4.596441
 -0.161513 -7.882862  1.127181  4.652060  7.576700  2.315984  9.285616
  1.644288 -2.445746  7.059945 -8.033846  6.620282 -6.247063 -7.592292
  2.691525  1.793796  8.654474  6.668185 -8.976509 -3.039837 -1.980523
 -0.077940 -2.376868  4.707115  9.517520 -0.489769  7.788093  9.048033
 -0.971339  3.060251 -8.248029  1.744552 -0.278406 -5.664277 -3.418606
 -9.307139 -0.796965 -4.030499  5.586162  5.206449 -6.914971 -7.398737
  3.827772  0.823606 -0.527627 -4.023287  4.281708  9.329185  4.078466
 -6.021219 -6.716645  7.070441 -1.288351 -3.272837 -0.075769 -5.269772
 -6.136282  5.855502  2.502379  6.286896  3.826307  5.415331  3.403501
 -9.249952  4.325245  4.225753 -9.122915 -4.760141  9.803073  0.135860
 -4.446321  5.058085  2.938282  8.009422  2.201687 -9.519016 -4.544992
 -1.845014  5.461728  8.466569  2.146504 -6.789482 -8.231714 -6.710195
 -3.503122 -1.511217 -8.530963 -2.319400 -2.230289  2.515481 -9.280093
 -6.249923 -0.009109 -7.724084  3.711106  2.285496  2.905903 -8.812615
 -7.410918  8.076994 -5.216958  3.740634 -6.378389 -9.673231 -4.467785
  2.595677 -1.025766 -5.819682 -2.938267 -0.923903  2.006941  0.542430
 -8.962119 -1.001986  4.723351  5.009120 -8.791034 -3.578906  8.754155
  7.077496  7.185176 -5.252889 -2.743605  3.483822  6.714263 -6.028227
  5.064731  0.368776 -3.440932  4.862829 -7.591794 -9.529421  5.729677
 -9.268377 -4.008885 -4.128286  7.122071  7.317766  8.929586  4.401151
 -5.992741 -6.320707 -5.932942  7.972660 -6.503946  2.916512  5.881865
 -8.682797  0.372676 -1.865022  0.720135  9.487608  5.107171  1.730326
  1.464109  6.409010 -8.090691  4.529199 -8.693035  9.476189  4.653915
 -2.053791 -4.620578  5.533328 -1.448626  9.937145 -7.663821 -5.957888
  5.814321  6.033988 -5.655699 -1.100011  3.773817 -4.742723  0.504517
  4.610593  5.374631 -5.031248  5.723968 -5.366381 -9.084490 -5.740723
 -1.394230 -3.282456  3.850141  6.346389  6.168966  5.708618  5.156720
 -5.992730  6.072292  8.980216 -8.247875  0.306940 -3.175721  4.884692
 -8.563561 -1.380302  2.784357  8.938801 -3.147294  5.052944 -0.238608
 -0.433081  4.436899 -3.585048 -7.741972 -5.909311  3.989592  0.998459
 -4.715674 -0.379682 -7.794579  5.530240  4.468670 -5.339705 -8.171151
  1.292947 -7.316496 -9.669990 -5.054391 -2.028280  3.478214  2.929168
  2.829221  8.652299  2.967371  3.038138  7.544740  9.964413 -0.268275
 -6.257371 -0.056784  0.923643 -6.841060 -0.321304 -8.772766  8.667560
 -8.945903 -7.180974 -0.561451 -1.733519  0.647453 -5.110940  3.132419
  8.546542  9.431832 -7.508399 -1.227685  0.594205 -7.283869  0.406017
  2.987473 -1.438370 -0.351075 -7.209047 -2.520900  5.999336  0.687524
 -9.304570 -5.343233  8.283265 -1.316687 -1.883742 -3.253678 -8.522523
 -4.668892  2.558338  7.468123 -0.242079 -4.732286 -9.389444 -8.940537
 -0.973416 -0.681240  7.143042  4.357564  5.832419 -4.589399 -6.192964
 -4.066082 -4.889236 -9.122380  7.566304 -0.968033  2.828506  9.550620
  8.933662 -4.354626 -7.490454 -0.262067  8.579490  1.356829  4.522490
  7.681148  4.281405 -4.942059 -3.936994 -0.066347 -2.338723 -8.291421
 -4.822637 -6.381187  8.513989  9.379762  1.024264  3.152919  2.417070
 -2.978459 -0.864239  8.023344 -0.613277  5.962186  7.663126  1.579518
  1.136605 -4.764228  7.317598  3.866234  9.280249  3.101671  8.710344
 -4.426988  8.095175 -5.405021  9.343627 -9.465623  6.668785 -4.063729
 -7.848926 -7.120346 -1.537335 -0.193357 -6.863584  0.308036  0.011876
 -6.077742  8.146868  3.038256  5.960554  7.182064 -4.901439  9.495403
 -3.660017  4.719886  6.907296 -8.891810  6.499546 -7.983009 -1.585481
 -3.714899 -6.788681  4.569876  6.750848  6.276174 -4.230580  6.080917
 -7.778843  8.814494  2.531372 -6.970719  6.882431 -4.823477  4.508457
  6.368894  2.590651 -9.182606 -9.907976 -1.763494 -2.812259  7.120842
 -0.883612 -7.015984  3.358898 -7.276548 -2.235728  3.766902  8.352027
  0.049461 -5.181106  7.406851  2.147711 -8.879652 -8.235745  3.493265
 -9.070542  2.324613  7.216027 -8.735769 -9.318776 -9.216398 -6.893612
  5.353696  3.552117 -9.157918 -3.635930 -7.232491  5.905256  3.775533
  6.857697  9.893698 -5.436766  0.791528 -5.537879 -0.787429  3.468184
  7.622653  8.539936 -5.830436  4.013041  9.361444  5.563259 -0.387203
  0.334819  1.847145 -1.344710 -1.278257 -3.085621 -3.443268  3.778342
  0.380780  7.124013  8.135993  4.688999  6.436202  8.475882  7.966059
  3.527988  1.079271 -4.212121  7.531148  4.612019 -1.762047  7.995401
  9.923558  1.472623  3.887533 -5.236332 -7.205349  3.470192 -6.486619
  2.459651 -5.958411  0.865077 -0.231916 -5.197061  4.391097  4.713528
  8.620721  2.377104  1.130484 -5.657723 -7.733580  1.204421  4.002595
 -9.753743  7.506269 -4.545523  8.644761  7.662190 -4.310809  7.335642
  2.735822  8.384143  8.981718 -9.183875 -7.664676  8.492357 -4.712743
  7.578211 -5.969697  4.013189 -9.172378 -6.030482  9.453172  6.145927
 -2.342178  8.540233 -8.061118  8.610710 -4.136115 -2.416306  4.049618
 -1.761825  2.400353 -6.039289 -6.094249  6.537858 -9.840372 -7.020149
  0.473541 -7.183473  2.309152 -2.466906  2.471380 -0.896668 -6.406151
  4.723231  0.153069 -0.075454 -4.530378  4.194778  6.734734  0.517840
 -1.999746 -3.505764  0.068195 -4.304028 -5.035421 -5.208738  3.338045
  5.275969  8.701870  9.687277  0.095588 -3.057863 -8.205077  6.679070
  7.998674  4.344302  6.302745  9.095502 -2.889980  1.027669 -8.326529
  6.115027  3.957600 -3.726229  8.369279  3.555376 -6.669648  0.364688
  7.293759 -0.234929  8.379321  9.028922 -3.901174  8.368436  9.075231
  5.898142 -7.127433 -9.684160 -1.522118  1.277958 -3.874021 -5.998746
  6.472757 -3.650525  0.636191 -1.523502 -9.866230 -0.421854  6.680698
  4.614439 -9.219172 -2.797831 -9.455958 -2.749497  5.294074 -2.526060
 -6.723068 -2.917463 -9.610811  9.359746 -1.414612  8.325935 -1.250958
  0.043143  0.301319  6.957484  3.728904  5.770922 -3.028278  9.646044
  2.977720 -8.876242  6.964998  6.908923  8.917950 -3.325432 -2.344860
  4.597213 -4.225187  0.966437 -3.876034 -5.216769 -9.611377 -6.592990
 -4.466334  5.524495  1.058236  1.680137 -2.911329 -6.066442  8.660150
  7.593407  9.420873 -2.806392  4.444839 -5.509777  7.063058  6.998906
  8.612182 -4.559703  8.797060 -4.723510 -6.238478 -9.666821  1.449586
 -2.700572  2.385594 -2.443433  7.303153 -8.999026 -8.884023  8.532650
  5.389743 -5.940824  8.324260  4.020846 -1.840578  9.397534  3.804537
 -3.578361 -2.476214 -4.312313 -7.490513 -8.858031  7.974592  1.855982
 -3.593096  1.019855 -1.018222 -6.307165 -1.452551 -1.377506  9.886276
 -5.287233  7.519174 -2.885208  7.736355  2.914212 -2.778661 -6.554950
 -2.872408  9.080329  5.528111 -4.576082 -0.689598  5.632417  2.618888
 -8.509671  4.893255  7.575762 -5.232740 -2.821795 -8.226041 -7.992824
  0.581724  3.656345  7.004368 -1.795785  1.947900  3.402000  3.594675
  5.497534  1.551531 -4.184585  6.582186  9.220059  6.334169 -8.996248
 -2.614323 -0.678267  3.384200  0.582931 -6.094637  5.913070  3.668421
  7.391084 -4.980842  3.483665  4.849923  7.049729  9.022490 -9.248200
 -4.893226 -3.016298 -1.798410 -9.151129 -4.599161  9.979375 -8.179830
 -8.788706 -5.352957 -0.804789  4.137119  6.383680 -4.178914  0.410666
 -0.455521 -4.603385 -5.303014 -8.239516  0.183329 -6.380733 -4.689871
  5.604637  3.348868  3.866409 -1.908069 -6.241485  0.041548 -2.451652
  4.955303 -3.808105 -5.042231 -5.112387  1.013060  9.585010 -5.472771
 -8.279737  6.993184 -4.251068  4.375233 -2.960318  5.271307  1.951146
  0.651810 -2.382133  9.506100  6.245721 -1.029390 -9.097742  4.533457
 -7.564750  0.723759 -7.130819  4.901035  8.187100 -1.102815 -6.585180
 -4.636747  6.065740 -8.118036  1.621549  4.879620  3.222277  7.954893
  8.379049 -2.928445  9.223622  9.460702  8.435622  8.800479  3.054111
 -6.278929 -5.525106  1.350954  5.955363 -3.395529 -3.109681 -5.720466
 -9.345318 -4.226877 -4.344365 -7.231049 -5.496481 -5.146453  1.648640
  1.313892 -3.242307 -0.156946  0.890613 -4.816332  4.068887  4.357686
 -0.765613 -4.251863  1.623773  4.971330  1.543439 -9.815230 -6.487266
  5.865279  7.689539 -9.521653 -6.470695  1.340988 -5.259237 -6.191561
  2.741758 -3.315952  8.353484 -6.985661 -0.914994 -4.522020 -9.606948
  1.626392  2.509985  7.867621  7.405672  0.511671  7.084299 -2.513822
 -0.327608 -6.575095 -2.822537  3.868184 -9.389220  8.752363 -5.610508
  3.527021  7.493643 -1.695546  9.522433  2.122535 -7.986683  0.997748
  8.763927  6.711980 -1.294832 -1.360927 -7.165059 -3.812604  5.579305
  0.114319 -8.750993  8.427417  3.771647  4.304400 -3.521938 -5.274459
 -5.827115  0.571299 -6.880002 -4.136090  9.537026  5.974982 -4.723367
  6.460488  0.000458 -0.460227 -0.381163  3.592107  5.610314  1.909890
  5.496171 -2.253459  7.408134 -1.692614 -6.735147 -7.748570  5.362024
 -3.023918  4.693467 -1.693957  9.633206 -5.157333  3.138616 -0.156759
 -5.795720  1.879527 -6.778885  0.152840 -5.793529  5.830910  2.482264
 -3.892073 -6.484989 -1.111334 -9.980639  6.393626  8.094796 -6.200023
 -9.516411  0.514672  0.429448 -8.171591 -3.989889  3.742207  5.174045
  0.624698  6.121395 -4.907008 -8.208206  2.185212 -8.291693  4.924454
  3.914579  6.508177  7.103693  6.654856 -6.278329  2.045025  9.872781
 -0.590837  3.582069 -5.062229 -5.393976  2.239888 -4.161872  8.087782
 -2.615479  9.041555  4.862521  9.659074  0.413212  7.886685  4.758758
 -9.845807 -1.094455 -7.956406  2.894212  1.790793  4.182828 -1.065408
  6.588555 -2.280028 -2.069707 -4.847418  6.233366  9.290004 -6.184532
  1.421082 -4.271298  9.158959  7.621780 -5.202131 -7.654461 -7.057161
  6.364511 -2.150944 -5.643046  2.046435 -6.543328 -1.683291 -7.586431
 -3.636865 -3.761300 -6.463331  5.698972  8.130431  1.796746 -6.270394
 -2.235003 -4.492541  8.526937 -7.060735 -4.414145 -8.669399 -9.571900
 -9.987785  3.404246  2.443568  2.042421 -8.362682  0.771819 -9.675621
  4.421703 -1.846196  7.075838  4.137363  4.019256  9.954953  9.521952
 -1.944309  6.841036 -9.421146 -8.329692 -2.316820 -8.141683 -2.093685
  1.760427 -5.979501  2.176863 -3.509362 -4.097932  0.453251 -3.609977
 -6.506583 -3.003370  2.952224 -8.481764  2.239347  2.923742 -1.870354
 -3.792284  4.603834 -3.404624  9.353801 -7.884496 -8.093311 -6.230733
 -9.569546 -3.670623  3.099236  4.918214 -0.489962 -2.574408 -4.124130
 -2.661645 -8.230547  7.468619  6.335578 -5.529344 -1.416260 -8.276898
  5.631388 -7.492528 -2.260871 -0.166225 -1.121471 -6.382644 -0.731871
 -4.676444  7.456395  2.966691 -2.602713  0.068084  2.366771 -3.059839
 -9.368624  5.528008 -2.770049  7.577494  6.049087 -1.719414  4.919233
 -6.587310 -5.605752 -5.478486  3.667056 -2.577817  8.068041  6.589004
 -4.897268 -9.703626  6.670911  7.962521  4.028363  4.042509 -3.017650
  9.727928  0.928860  9.124059 -5.494626 -8.621754  3.118363 -8.064117
 -5.253321 -5.907245  2.670266  7.806738  2.445353 -4.424125 -5.339262
 -5.619664  6.960114 -6.123801 -2.635463 -7.241284  1.234890 -7.773525
  8.938234  6.067613  8.277813 -4.094376 -6.501077  3.509494 -9.925819
 -3.942203 -2.446799 -0.701177  4.191262 -4.878710 -8.984539  1.875580
 -7.800855 -0.388247  3.182705  9.643646 -5.407639  9.339155 -7.151882
 -0.996759  9.840956  4.690913  1.048252  1.097815  1.617627  3.545625
  6.729252  1.409910  7.016949 -4.294855 -7.643534 -2.348186  0.124731
 -4.287697  7.705910 -8.820708 -2.756294  3.293171  8.019558  0.105525
  8.889527 -7.385381 -4.432936  3.998278 -8.792075 -0.909075 -0.620329
  0.138679  1.426465  4.485876  8.958208 -2.138186  6.857937  6.174529
 -3.298591  4.364571  0.948879  3.705792 -1.697074  8.601955  4.665454
  7.389266 -1.525672 -0.228127 -5.172609 -6.856753  1.363226  0.014150
 -1.348294 -4.160697 -5.296324  5.686790  3.912950  6.489470  5.580340
 -2.441579  5.626843  4.954700  1.632221 -9.003205  2.320183 -9.070569
 -9.698266  2.821806  3.342687 -8.009357 -3.980604  0.652505  9.556902
 -6.333716 -9.899030 -2.702166  6.034775 -2.197513 -2.294947 -8.568724
 -7.311684 -2.231410  7.839085 -3.639378 -1.932888  0.007601  2.494166
 -6.829803 -3.623555 -5.403106 -5.639595  8.419493  9.045238 -9.946084
  3.754728  0.218449  5.911152 -8.861339 -5.913173 -8.549186  5.655125
  6.857672 -1.699175  5.710756  7.661552 -0.015678 -7.053253  6.368256
  6.843123  9.285032  3.016925 -0.858816 -7.616546  5.374699 -3.983678
  7.270970  5.983561 -0.736739  9.887773  6.585068  6.179314  4.585839
  4.358902  2.882107  7.215219  7.911711  7.807313  4.191769 -2.356374
  9.109879 -6.237923  6.812656  7.124635  1.224086 -0.282449  7.846655
 -1.656936  2.729014 -1.834893  3.389917 -2.110538 -3.822585 -2.086738
  0.143297 -2.789130  8.526991 -5.615133  6.851926  2.460577  2.356226
  2.224391 -8.309569  7.877185 -5.149547  7.916336  4.072432 -9.727435
 -6.128649  4.123835  0.496380  5.279135  6.375808 -1.271189 -1.922216
  8.291814  6.198430 -2.697661 -8.371609  9.548912  0.013015 -5.908743
  4.111152  5.923271  5.949949  2.407347 -4.375272 -1.109311 -1.852409
 -4.211590 -1.018510  0.272808 -5.254607  8.950211  9.252330  5.556256
  0.803917  0.361450  7.874634 -9.107807  4.853429 -7.118295  6.653100
  3.627979  2.565647 -3.095900 -9.957200 -9.432427  4.458781 -8.029887
 -6.134915 -1.730849  9.514172  1.845683 -7.912936 -7.104502 -4.014716
  7.903186 -0.163026  4.530775 -6.752442  5.956838  6.291842  3.860363
  2.150475 -0.248478  2.892805 -3.114861  8.212933  0.443105 -0.387439
 -3.909946  2.883573 -1.826626 -9.585902  4.187349  3.952913 -4.890689
  7.298805 -1.596174 -8.727871 -0.347080 -5.188629 -7.135460 -5.675471
 -3.873397 -3.821226  4.724864  1.415592 -2.251020  9.073516 -0.603664
 -6.660419  4.913841 -5.033473  4.987280  3.150346  5.337322  3.132724
 -3.895423  8.206949  8.466744  6.657366  0.779201 -7.794648 -3.206791
  2.317953  9.926601  1.733177  7.965258 -3.820498 -6.290057 -9.437016
 -9.618786 -3.728132  5.048109  6.049163  8.597234 -5.697355 -4.275008
 -1.346901  9.892948 -1.342988 -0.461763 -5.359920 -7.067486 -8.899022
 -7.459131 -7.768670  4.395813  7.080604 -0.292464 -5.654801  0.342287
  9.109542  1.666252 -3.823091 -1.223860  0.361681  3.511657 -3.567592
  9.172811  8.202691 -9.034595 -3.531785 -1.893119  6.349428  1.955300
  6.913038  2.139560 -2.006888 -0.016302 -9.998429 -9.960987  7.772471
 -9.746642 -0.114848 -7.366778  2.045556 -0.127555 -3.689075  5.413226
 -3.620420 -5.889233  7.333020 -3.348895  3.901692  8.723845  7.255660
 -9.907732 -1.914053  4.952917 -5.844037  4.379922  9.011515  8.468703
 -6.488595 -8.308225  5.014953  4.828433 -6.871650  5.921928 -2.215674
 -3.454325 -9.237756 -6.213546 -0.274206 -8.159876 -7.122066  0.680340
 -1.965001 -8.052489 -4.162454  2.851713 -5.605572 -2.906498 -6.021423
 -6.532745  6.212031  7.904248  6.166038 -4.967002  3.846261  7.005423
  7.435568 -0.081287  3.622302  3.849133 -9.064769  7.159632  0.767781
  0.711898  0.340772 -3.225136  4.317863 -2.996783 -8.953751 -6.570145
  8.331342 -1.102655  7.054795 -8.067012 -6.761554 -0.971215 -0.858023
 -7.728825  8.162344  4.996811  1.506129 -2.817879 -4.564468 -1.788340
 -9.650676 -1.787739 -4.872021 -9.215093  7.732798  3.094459 -8.565263
 -3.054072 -0.417359 -5.422768 -9.510107 -3.479468 -3.753403  4.640829
  4.433434 -6.372478 -6.557030 -7.951720  8.136174  0.817622 -0.444388
  8.405411 -8.542208  7.480014  3.648528 -7.332388  2.574091  1.188488
  2.665270  3.922699  8.133850  5.595206  3.230171 -5.298710 -9.988188
 -0.640576  8.647807 -7.361966  1.410037 -7.210231 -7.870829 -8.820962
  5.431807  4.941168  3.831785  1.756268 -7.932060  9.601326  4.063778
  1.706960  2.930752 -0.709141 -7.411882  5.569905  9.183483  8.585955
  6.067794 -0.601780 -4.253662  9.123424 -9.461377 -7.990324  0.561312
  1.000467 -0.445611 -5.227732 -3.450817 -0.955023  8.303884 -0.004890
  0.253486  3.238469  2.264649  2.522998  0.768380 -2.279795  5.070251
  4.654714  5.171064 -5.196255  5.505040 -0.606074 -5.116567 -6.603234
 -0.235460  0.652286  6.369130  1.666736  2.175555 -2.900636  2.819176
 -7.569208  6.263565  3.882032  1.747728 -3.464041  4.711471 -8.024953
 -7.264002 -8.357278 -2.488236 -3.294201 -4.792340  6.970588  0.511574
 -0.496607  3.956832  5.491989  6.278173 -1.099387  6.669308  3.702418
 -1.214827 -3.789703 -9.522208 -9.639944 -3.312045 -3.759152 -1.281249
  8.502645 -6.678533  8.909867 -2.857831  0.089626 -3.800706  1.780713
  8.955576  6.084983 -0.206587  1.265237 -3.698179 -2.186522  0.608557
 -4.238760  8.720999  8.891765 -0.786669  1.369973 -5.662851  9.684920
  1.305396  1.585680 -7.699844  9.036565  7.948414 -0.494945 -8.801244
  5.926669 -6.557399 -7.162166  9.203003  9.697527  1.356466  1.338790
  5.109897 -2.797047 -0.966918  9.128839  5.440243  1.593865  4.686507
  5.908925 -9.364100  0.561072 -4.337304  0.920169 -9.956629  9.932536
  1.235672 -2.252014 -3.727443  3.033539 -2.615716  2.764410  2.058534
  1.470894  3.196714 -5.319693 -1.437582 -4.438357 -7.159515  8.821760
 -1.272423 -6.503766 -6.761110  2.756279 -5.428861  3.399334  4.197765
 -2.180017  1.768504 -6.362363 -0.303020  7.132878  8.056236  6.875422
 -4.055524  9.633781 -9.021404 -0.947031  2.023653  5.271481  2.479978
 -2.614822 -0.814980 -6.707883 -1.677757 -2.674247 -9.280236  2.767692
 -2.263393 -3.202188  6.672792 -9.184239 -0.392616  5.707778 -0.191310
 -0.629202  2.908183 -8.884265 -7.254877  4.736443 -3.828521  2.098817
  8.201857  1.464482  5.695768 -7.277669 -7.100173 -0.506080  0.084159
 -8.845623 -9.271621  9.006624 -5.529172 -7.734317  8.220311 -9.151392
  2.109477 -4.325343 -5.529354 -0.958858 -5.682014 -6.915866  9.139408
 -3.553360  1.492714  6.091501 -5.917704 -1.089726 -1.660380 -4.838855
  6.869070  8.301229 -0.679918 -0.636578  1.539317  2.180476 -2.287486
  8.783362 -6.227164 -0.205467  0.847635 -1.783725  5.545248 -1.980472
 -1.543010  5.323123  7.950317 -0.900279  4.940181 -0.154571 -8.939818
  5.218389  9.415879 -4.729908 -5.747483  0.930208  8.821783  8.984806
 -7.785842 -7.421902 -3.941640  1.227868 -3.443527  3.680526  5.271562
  7.339498 -6.659734  5.027022 -4.421114  4.092719 -0.433388  1.816381
 -2.545889  1.944170  4.328787 -9.711770 -1.431320  6.769942 -9.752008
 -4.341000  6.539810  9.321545 -6.178682 -9.306516  0.439984 -6.046074
 -0.640207  5.720865  4.584335  9.645227  2.627256 -8.317742  5.654173
 -0.102960  3.563450 -1.499217  1.229214 -5.103604 -3.415015  9.718617
  0.928337  4.976978  9.183247 -7.400246  9.688778 -2.369259 -9.397603
 -9.447486 -5.180277 -4.354418 -2.428154 -2.415017  3.232572  8.125984
 -6.945853 -1.571842  8.588174 -1.965150 -0.045205  9.077336  8.285693
  9.964123 -9.392448 -6.631385  8.094692  7.677104 -5.952114  2.325748
 -9.569189 -5.339726 -7.983679  0.233400 -7.704200  4.170234  9.581137
  7.243380  3.511023 -7.181818 -4.244256  5.545151 -3.073741 -2.238201
  5.202450  8.520005 -1.109848 -4.143622 -2.276055 -5.929837  7.554843
  7.892328  9.348416 -5.865819 -2.699968 -0.043421 -8.696898  0.230669
 -3.561681 -0.002708  5.203850 -6.194847  0.891224 -1.382503  3.521799
  2.695998  6.161713  7.811889  6.469500 -3.489402  4.589679  0.020839
 -7.250083  6.827376 -8.067325 -0.565612 -0.271525 -8.950256 -7.452854
  7.448001 -3.105177 -0.701557 -3.016857  0.397712 -8.329152 -3.925464
 -2.007043 -1.906697 -5.336737  6.913767 -5.954958  5.750935 -2.159126
 -6.692830 -1.017878  6.684814 -3.373943  6.940312 -1.970870  8.302214
  7.248102 -9.979721 -8.912989 -3.312478 -1.138049 -8.936543 -9.780894
 -0.764243 -5.282235  5.553284  8.203836  3.494997 -8.660150  6.258964
 -3.753419  4.883723 -3.647596  2.668901  8.582647 -1.017915 -4.863211
 -2.860600  7.479934 -8.010018 -1.375625 -2.956847 -2.862252  7.392319
 -4.520553 -6.223980 -2.837186  9.137996 -1.785545  8.304198 -7.311342
  4.961818 -5.414727  3.810053  7.141754 -6.297894 -8.237407 -9.728977
  2.100107 -0.162194 -0.377485 -3.437769 -8.736608 -3.120253  5.281981
 -0.547249  0.709721 -6.885223 -0.476564  3.639144  1.686115  3.291555
 -3.227686 -4.820118  2.458703 -9.852357 -5.022457  8.459980 -8.482466
 -4.957312 -6.003495 -1.855765 -2.443483  3.539649 -1.181270 -4.312370
 -4.477530 -1.340108  3.675359 -8.784057 -8.800839  7.157247  7.742748
  5.461719 -3.050991  3.858621  6.686607  1.977101  8.570130  1.690949
  8.185353  6.142277  0.944845 -2.368272 -4.083817  1.564344 -5.816993
 -8.864943  5.185028 -7.874166 -6.851787  4.399684  4.781456  7.816146
  9.584163 -9.823179 -2.932261 -8.665981 -7.068485  6.908606 -3.120484
 -4.130985  5.649888  2.950787 -9.331021 -6.814331 -0.749356 -2.631072
  0.297638 -1.105524 -6.172435  6.073093 -8.476583  6.342927 -7.660033
  9.579773 -1.082911  1.539888  8.090466 -1.280790 -2.507889 -9.275016
  2.278792  0.434869 -2.560152 -7.257481 -9.749483 -1.322195  4.519718
  5.191591 -8.196947  7.947579 -9.116761  2.741000  3.708750  1.710610
  5.181821  2.708946 -9.609326 -8.609134 -6.543122 -6.690249  0.855538
  9.528875 -1.393191  3.683848 -4.576371 -4.875975 -6.033664  8.307756
  4.288924 -5.183895  1.932089 -1.205231 -4.384849 -2.399361  4.253117
 -7.960746 -3.143919 -3.529118  3.767193 -4.550940 -0.136657 -1.310743
 -9.685418  6.266988 -4.763278 -3.103058 -7.238328  4.091328  9.881611
 -0.898686 -0.000253 -5.011702  2.314583  4.296979 -2.679653  2.147748
 -7.498987 -0.100897 -0.801290  0.222626  0.247764  1.792972  6.467283
  6.527129  2.242149 -6.043898 -8.818867 -3.371911  1.419690 -4.757238
  7.445763  7.743649  3.537190 -6.362849  2.400327 -5.500283 -8.247387
  2.141369 -2.465983 -2.445099 -2.280773 -1.044583 -9.351705 -8.449677
 -9.592729 -6.823018 -1.044547  3.965825 -9.523249  8.327965 -3.843999
  6.577350 -0.317927  2.115145 -1.148267  8.181544 -2.129601  2.581868
