 1000 0
 4
 0.E+0,  0.5D0, -.025
 -1.0E-14, .F.
  1.000000  0.000000  0.000000  0.000000  0.000000  0.000000  0.000000
  5.103338  0.683181  6.999672 -1.312065 -2.325881  6.992633  5.700088
 -6.296309  3.299583  7.664669  4.110099 -3.694299  9.710343 -3.102676
  2.135462  3.641126  6.877367  0.879211 -3.907107 -4.609676  2.580456
 -4.538959 -0.616003 -7.514803  4.740566 -6.619595  7.349200 -9.692832
  7.783337 -4.841264  1.595363 -0.480351 -3.926478 -7.892917  1.697141
  9.068131  9.263482 -2.263155 -6.797470  7.292905  8.425688 -5.904883
  2.241755  5.396599 -8.038035  5.431757  3.739214  0.023530 -6.878891
 -8.980186 -9.352280 -8.850317  6.740314 -7.838973  4.443192  0.054664
 -4.551362 -7.090479  3.723896 -3.045093 -3.281487 -3.106218  4.528486
 -9.673692 -7.223512  8.557555  7.737089 -7.746205  3.999066 -6.084019
 -3.864972 -5.437508 -9.969518  9.103208  7.747562  3.951692  4.526388
 -8.334374  9.882209  0.362178  3.322549 -2.081312  7.726580 -0.460153
 -3.466562 -8.367671 -4.755209  5.654287  0.539051 -4.885989  0.819513
  7.589585 -1.768643  4.542162 -3.518985  2.665612 -9.233071 -7.709410
 -9.852754  5.396421 -9.402332 -8.195810 -4.227814  0.229670  0.520244
  6.352501 -7.854265 -0.290816  2.580063 -5.808883 -0.198417 -0.319147
  5.441409 -2.627824  7.789041 -5.168780 -1.908088 -0.061730 -8.910971
 -5.535316  3.096855  5.745769  1.495653 -4.266990 -5.831272  2.613528
 -9.643411  4.167805 -2.984707 -6.616465  9.640565  3.469513 -1.747302
 -6.591173 -8.923361  7.281133  0.126596 -2.112618  5.584921 -7.669781
  6.293400  3.210939  9.343436 -0.129300  7.406478 -3.974757  1.029901
  9.822139  9.827524  0.062853  3.957899  5.327762 -0.927757 -0.593620
 -8.300490  7.993279 -8.905818  8.713382  3.942581  4.317648 -6.119844
 -7.927471 -7.476480  3.734852 -5.480312 -8.757802  8.902855  2.836215
 -2.204150  7.679354  9.270099 -9.926720  7.682992  7.201086 -2.282630
  9.200557  9.464709  0.673411  3.784411  9.162576  1.604872  9.761700
  6.035994  4.520165 -3.695104 -3.679034  1.778747  9.056754  8.028671
 -8.285480 -9.662154  8.371470 -0.499826 -1.213436  1.622072 -8.635660
  0.464694  1.814867  8.472014  6.098191  9.534032 -5.470499 -6.525220
 -9.699204 -7.471061 -1.893329 -7.520618 -8.692770  0.374627 -8.352509
 -1.398647 -7.355844 -8.909721 -9.399896 -3.065601 -0.686414  9.614943
  0.272342  9.072445  4.980111  4.559664 -7.754653 -9.146177  5.894053
  6.516787  6.174090 -0.773751  8.648367 -2.275117  6.996347  7.694840
 -4.502535 -5.390076  5.449965  9.093362 -7.829891 -9.625611 -5.609690
 -4.000656  2.277211 -7.936706 -8.095203  5.758303 -6.851315 -0.867565
 -0.927247 -7.045859 -3.245276  9.442981 -1.517806  8.273432  6.860749
  1.101286 -5.812809 -9.178792  0.107331 -4.500344  1.348646  6.466797
  8.182289 -1.044569  4.631573  2.405657  6.809229  1.513645  1.026950
 -5.338849  3.800098 -2.456734  1.217449  1.571876  9.559970  6.122412
 -8.701136  1.469169 -5.397373  7.169124  9.921266  2.625888  3.700583
  7.839872 -2.780350 -2.548078  0.108834  0.297443  0.056580  7.403474
  4.224860 -2.819056 -2.271430 -3.182781 -6.847806 -4.030490 -6.997034
 -1.899670 -1.882266 -8.021168 -9.324291 -2.991189 -4.782714  5.852211
  5.882623  7.984172 -1.326354 -0.171059 -1.528874  8.010264 -9.835292
  3.888582  1.141652  5.019513  1.599665 -1.117433 -5.439246  8.675043
 -5.985131 -4.999698  4.544664 -3.800238 -2.873345 -9.337499  7.378981
  2.223563 -4.189813  1.607906 -1.692665  7.675943 -3.352293 -7.328984
  2.806603 -0.437301 -4.987389  2.926026  0.198182 -7.399144 -9.771019
  5.404368  5.951121  0.283409 -3.481934 -7.171168 -2.436369  6.859021
 -3.266507 -5.990674 -6.695433  3.378701  9.436662  9.130699  0.539689
 -3.847411  9.381312 -0.325136  7.396030 -4.057512  1.613310 -8.057846
 -0.348947 -4.564426  1.107242  0.762656  8.976295  0.820781 -5.568247
 -8.759573  8.319487 -2.938741  4.298517 -2.847470 -9.820611 -2.842636
  5.985169 -7.346559 -9.289578 -2.447271  8.552111 -1.258967 -6.603604
  9.051605  2.848742  5.706969  6.496666  0.567451  0.905075  6.386267
 -9.221418 -0.672814 -2.676346  2.061722 -9.433113  1.606201  4.211305
  4.186667 -1.231946 -9.022271  5.175084  0.328720 -3.589896  7.509303
  2.321082 -3.655078  3.003152 -2.508578 -1.946920  7.748517  5.250681
 -7.046928 -7.982958 -3.036888  9.364746  8.557865 -2.613749  6.024029
  6.836090  2.546044  8.365807 -9.620417 -5.040981 -1.720669  8.386739
  6.032910  3.287689 -1.245003  3.719553 -5.328680  3.638249  5.006677
 -5.677072 -8.791645 -4.362795  7.176523  0.442415 -2.706455 -2.187093
 -9.648980 -6.517194  0.951338  9.020607 -1.741146 -7.267491  4.748473
  7.142706  8.245560  7.837008  3.512405  7.812277  2.737104 -5.616899
  9.591289 -4.741918  9.187621  2.846711 -1.552042 -7.526856 -6.056975
  2.193347  9.574589  2.657605  9.526112 -7.842718  8.063398  1.535506
 -4.759240  4.777040  8.135249 -4.262221 -7.234829  0.307657 -8.584255
  9.987370 -3.588778 -8.212293 -3.646269 -6.240503 -7.124413  5.222114
  9.431316 -2.505652 -4.164970 -6.998573  5.422338  4.346529 -0.347917
  8.094839 -7.969385 -0.629081  0.012433 -9.100490 -1.341175  6.350041
 -8.328721 -1.683291 -2.369649 -8.116921  3.277358  5.396027 -0.935170
 -9.783408 -7.904972 -9.479197  4.803408  0.076533 -4.303722 -2.328946
  7.668897  4.410223  9.813108  3.717146 -3.119003  6.869618  2.669026
 -6.079165 -5.025643 -8.238697  3.417635  5.251456 -3.454537  9.417693
  9.795574 -4.114387 -9.403614  1.880901  5.832011 -5.500088  3.798115
 -5.340934 -4.418494  8.089467  1.950198  1.903371 -4.322897  0.631130
  7.015149  5.486690 -4.113638 -0.168488 -5.760616  4.525489 -2.017112
  6.936571 -0.628631 -8.245008  5.833377 -2.615606  9.158946  2.135970
 -7.978538 -1.425946  2.726934 -3.588541  7.922524  6.742599  9.129756
 -5.274200 -5.621553  0.976786  1.492073  0.459541 -6.933645 -0.240898
  0.128678  6.604400  1.136131 -0.598697 -6.639486 -0.424188  4.753782
 -6.770500 -9.875975  9.275810  8.245673 -4.197351  8.325359 -0.291295
  5.016656  5.373419  8.650615 -3.052892  8.643273  9.627490 -6.355196
 -9.673228 -3.060845  3.154816  3.263213  4.013634 -7.380552 -0.261596
  6.158366 -8.238997 -4.936488 -3.254684  8.094581 -3.830763  1.550221
 -3.204848  0.057473 -0.344070 -9.595612 -1.937512  1.150829  8.868735
 -3.121790 -8.332881 -8.861513 -0.096217  4.584055 -6.088963 -1.874972
  2.033681  6.877363  0.607863 -9.198129  1.914342 -0.584191  3.482216
  1.467843  9.586648  1.327926 -6.648074  9.204674 -8.931742  7.951041
  5.870013  6.131971 -8.323240 -8.332252  5.528422  1.372572 -2.346370
  5.966239  1.678867 -1.024658  8.509049 -0.690434 -1.816605  0.398462
  5.259668  6.904057 -3.533000 -7.797461 -0.764594 -6.479372  1.838151
 -5.285710  0.338610  3.152538  7.494295 -5.282254  8.253510 -7.774086
  5.264904 -3.017674 -8.615810 -0.245853  3.958682 -2.849679 -3.679007
  4.032270 -4.719607  9.137927 -6.880266 -9.595352  8.001883 -6.961376
  0.856270  2.065099  6.259674 -5.045856 -0.766871 -6.045769 -7.634418
  3.003604 -2.920756  3.791085 -6.936593 -6.054329  0.471339 -5.851011
 -6.852234 -2.156523 -6.160633 -6.429019 -1.225232 -1.497440  1.089405
  0.443732 -8.249055 -4.835239  6.102978  1.146213 -1.157943 -9.331069
  5.908148  3.117352  6.231928 -5.572835 -9.919955 -2.509687 -5.188692
 -4.758108 -8.755129 -2.413457 -8.653495  7.116678 -1.267203 -2.975904
  9.171231 -0.323657 -4.877015 -1.620212 -6.250479 -7.634633  0.867960
  4.369689  6.905665  9.884150 -7.408656  2.889781 -3.897663  2.748234
  2.058529 -5.775101 -9.627078  6.062230 -8.116852  1.701970  7.861404
  5.971210  2.762658  9.492027 -5.883393  8.969775  3.411836 -8.034775
 -2.137941 -5.305330 -1.337770 -4.001393  2.708647  8.595803  8.802068
  6.903008  3.042808 -5.614630  5.135834 -0.521227 -6.395496  0.125139
  1.786217  3.568559 -5.949180 -0.508550  2.892458  2.158330 -2.958343
 -5.350156  1.480386 -0.838534  0.464558  2.553332  3.897996  1.159867
  0.150574 -3.472408 -8.196897  3.276541  1.695431 -6.899211  4.399090
  0.669338  2.056713 -2.998298 -0.724873  1.142351  1.068787  8.228712
 -4.780923  0.524046  1.295231 -9.504669  7.321460  0.642756 -5.595855
 -2.776954  4.772073 -9.557353 -9.543502 -7.709455  4.401776 -9.294793
  6.797874  0.487443 -9.953153 -0.767611  4.762409 -1.325607  6.302318
  9.859083 -8.905765  7.700643 -3.464108  4.235040  1.960948  8.297868
  6.918921  8.007012 -5.300232  3.867356 -4.693675  4.823275  9.339186
 -0.116451 -2.969841 -2.748662  8.569166 -1.404469  6.451553 -0.270246
 -4.612999 -1.458160 -5.412759  0.574584  6.987414 -4.954368  8.672482
  2.122854  5.173559  5.860111  6.934809  3.568288  9.310773 -8.755197
  1.770767  5.744741 -4.127433  1.715463 -2.414194 -1.571422  4.230544
  8.833825  7.832468 -2.060752 -9.185516  3.591201  2.936528  0.971546
  3.685115 -2.557605 -2.535039  9.173570  2.217332  1.422490 -4.350153
  1.913077  6.309217  7.373765  2.375165 -1.737525  3.832523 -8.687737
 -8.396994 -7.478666  0.495670  0.097048 -5.414156  9.892590 -3.409877
 -9.742291 -7.054296  3.198752  1.834501 -5.225683 -8.962987 -3.301638
  5.146215  1.837455  7.699658 -1.819987  5.138712 -3.903216 -6.250395
 -7.889243 -0.121779  4.532164  1.665378 -8.567642 -2.850826 -9.083733
  1.599170 -1.688938  7.830168 -3.738337  0.713588  1.322073 -9.612035
 -2.660790  4.766186  9.219213 -5.321921  1.365114 -5.666532 -0.127729
 -1.616492  7.323150 -8.359381 -4.077541  1.238278  6.140026 -9.164941
  7.902311 -0.130146  3.054396 -5.761172 -5.872575  9.629485  9.118182
 -5.897363 -5.474580  6.499259 -7.293864  6.239072  1.905536  3.683696
  5.673344 -6.919281  6.803025 -8.909701  1.948349  5.808914 -9.474476
 -0.553860 -2.257065  3.168207 -7.559879  2.182116 -9.900871 -1.247879
  1.734051 -9.198090 -4.711398 -8.881175  7.602716  9.493653 -7.196867
 -2.120033  1.622145  7.901336 -5.339725 -8.329366  5.827875  7.296033
 -7.356074  7.111383  9.487823  0.401883  3.354107 -7.492884 -8.350816
 -2.180915  4.903807 -7.574529 -8.279054 -0.458575 -7.350060  1.097640
  1.682036  4.163444  3.035682  3.005545  9.852262 -6.476322 -6.936651
 -7.224750  4.162121 -5.167131  6.685139 -3.545287 -7.494892 -2.164971
  3.437631 -1.307736  3.054481  7.236380  3.563113 -0.778613  8.349591
 -7.000483  4.424564 -7.600241  5.999422 -3.277649  0.523751  7.489878
 -2.622699  2.787989  1.934590  3.361200 -7.268703  8.157325  3.308872
  3.214901  8.889771  2.661035 -7.530337 -7.042991 -5.213881 -9.688911
 -2.551792  5.317675  5.098937 -1.014227 -3.198719 -6.301127  2.805339
 -9.077965  6.162315  9.345555  5.689280 -1.382383  6.908065  5.922424
 -0.317023  4.504257  1.549943 -2.697388  2.773966  2.478916  8.446719
 -6.138383 -6.148744 -8.745764 -5.471103  9.685744  4.710485 -2.805709
 -6.603030  4.059449  7.947281  6.568437 -7.692173  0.736060  8.948982
 -9.809054 -3.861589 -9.232646  6.283461 -4.314723  4.071869  3.549102
  5.813763  2.208721 -8.479026  5.863242  7.946654  1.588116  3.544899
 -2.810230 -4.387747 -5.555750  5.379038  0.079552  9.004329  8.097770
  4.312397  1.342746  5.263349 -9.888195 -9.974360 -4.360146 -8.828165
 -4.254178 -8.931373  5.848519 -1.912599  7.923698 -6.172387  7.719890
 -2.484590  9.346837 -0.260105 -9.766161 -3.473584  5.228984 -8.974254
  0.006925  1.501753  2.663808 -5.579435  4.604152  7.625177 -5.369356
  9.532289 -7.895982 -3.081591  8.730389  7.173339 -8.214647 -1.009741
  6.665931 -9.013488  5.468024  2.541457  3.080397 -0.056309  6.936883
  7.876824  2.384690 -7.346159 -2.868297 -0.394715 -6.282487  9.795837
 -3.026564  6.391324 -0.229965  3.071811  9.212909  4.407765 -3.911859
  0.406310  0.304830 -8.759466 -8.291723  5.024717 -1.504866 -0.607122
  1.767626 -0.609135  5.191321 -6.339538  1.119175 -6.020281 -9.810635
 -8.681917 -5.648597 -5.452567 -9.516270  8.727199  3.085530  5.783939
  0.049137  9.817299  6.853179 -8.484918  1.345142 -4.025195  1.684638
 -4.028962  8.758803  4.401940 -9.381600  3.493929  6.166387 -8.433158
  0.897376  9.959823 -4.000692 -2.835772 -9.499005  4.412548  8.072662
 -6.688304 -2.958112 -4.298139 -9.493278 -9.436366  0.081577 -6.054261
  9.838000  7.785911 -5.714296  7.230960 -7.403199  5.199233  5.962900
 -5.852998  4.139501 -9.591375  8.962926  6.166892  1.522327  4.777551
  1.877477 -9.205070  4.293704 -2.322528 -3.821395 -5.798091 -3.815773
 -1.002028 -3.919974 -0.885331 -7.837718 -6.748986  3.609511 -7.046830
  5.413315 -4.260001  5.700244 -4.911883  0.723475  8.127573 -0.227603
 -7.432881  7.064701 -0.202564 -1.514520 -5.757233  7.699962  7.777424
 -2.000495 -9.870472 -0.587292 -6.760306  3.406276  2.793726 -9.245462
  2.176810 -9.031213  0.026455  2.889642  6.814470 -2.356808 -7.245537
 -2.064429 -9.089974  4.008373  3.579916 -2.898135 -3.714689 -6.617177
 -0.832383  2.895944  2.856640 -1.865241 -8.013946 -4.158817 -8.408830
 -6.014075  3.137043 -6.770110 -6.839248  4.219992  5.734733 -9.601219
 -9.885695  3.071758  5.292386 -5.883981  3.311438 -5.195139 -5.601156
  0.797949 -7.550627  9.848217  2.936972  5.096293 -9.285672 -0.362892
  6.013141 -7.181722 -8.610973 -9.791580 -0.253962 -3.638446 -1.009119
  4.242057  1.233706 -4.955758  7.189593 -1.924739 -2.220109  0.529489
 -1.853299 -3.147607 -4.620376 -2.765837 -5.826872 -9.867660  7.041780
  9.310737  5.418327  2.465666 -0.768730  2.898770  2.408294 -1.401285
 -0.492574  8.998524 -3.030841 -0.769181 -6.512262 -2.597793 -7.089270
 -4.615550 -1.729379 -6.106752 -0.421996 -8.384743  6.654493  9.993097
  3.684369  0.517681 -7.486187 -3.661222 -1.143109 -4.986897  9.100776
 -9.530327 -4.400346 -8.460290  4.953509 -5.613202 -5.469021 -7.241231
 -2.123193 -5.788202 -8.091317  9.653560  4.030784 -1.347306 -0.752271
  6.801524 -3.439274  4.318392 -2.652431 -7.052235  2.322512  8.975500
  5.621652 -7.085223  8.235092  3.240888 -9.348893  8.942598 -6.607146
  5.912734 -1.023071 -1.109537  4.771109  6.096751  2.425099 -7.647160
  5.561157  6.083305 -5.784945 -6.193560 -5.217952 -2.955963 -8.838687
  8.825216  8.885062 -4.216455 -6.241052 -9.945857 -5.295792 -0.489609
  7.781845  0.255383  6.481140  9.157459 -3.868086  4.003840 -0.537741
 -6.752385  9.930282 -2.773943 -0.395148  2.592011  6.169273 -2.368525
 -2.771471 -4.765716  7.608190 -4.714333 -5.893745 -6.572901  7.292924
  6.153749 -5.249612 -2.712660  4.530958 -5.674951 -6.849594  4.771473
 -0.963241 -8.720444  8.904614 -1.526891  0.086143 -3.447822 -6.644434
 -0.232779  7.448198 -7.477118 -5.992612 -0.649832 -0.753937  7.931402
 -9.874561  6.624864 -2.864988  4.809064  9.353024 -1.076828 -7.333154
 -0.240149 -7.018296  5.821639  4.071102 -1.637123 -2.874450  6.261152
  5.170263  0.216261  1.822551 -1.087649  9.235967 -9.167129  1.619462
 -3.203231 -1.246656 -3.973409  2.068013  3.352930 -1.949746  1.695739
 -9.795187  7.746394  8.488339  7.312005 -3.834443 -7.056778  4.954500
 -7.325519 -7.998329  8.800306 -4.305004 -1.366188  7.834221 -7.012838
 -8.994336 -0.967347  6.388716  4.697213  5.349490 -1.954139  3.059900
 -3.526196 -6.126378 -1.770232 -1.955348  7.136370 -5.292747  7.389384
  7.286839 -4.059909  9.834951  5.048777  6.161036 -1.397965 -3.393071
 -5.849299  8.386039  8.541730  8.208955 -4.665692  5.116205  0.120300
 -8.950665  6.530415  1.308173 -8.602148 -2.857360  6.899280  6.941111
  0.224180 -5.262570 -1.822061 -4.035510 -4.395903  0.170037 -7.492680
 -0.093730 -0.499019  1.249494 -7.431370  4.308517  0.302347  9.317522
  0.235287  0.283167 -5.255445  8.580270  8.108328  0.860614 -2.412212
 -3.215233 -6.726515  1.077751 -5.334988 -3.934073  8.720742  3.176098
  0.089722  2.658120 -9.578552  4.258873  0.428890 -6.233281 -3.637816
  3.625842 -0.901967 -2.314712  1.563070 -2.048832  4.238554 -0.255501
 -9.632239 -9.630587  1.165210  3.874252 -2.020131 -8.581528 -5.515391
 -3.864303  5.180572  9.287043  9.795177 -2.156815  2.164541 -0.965432
  1.208942  1.542802 -5.538959  7.178879  9.681394  0.682222 -4.755389
 -1.208265 -6.718683  8.019168  9.340379 -9.142699 -1.163223  0.250823
  8.392805  0.219345  3.675551 -9.617397  7.645208  2.951722  2.120406
 -9.832088  7.385480  1.186463  3.441385  4.704842  1.736864 -9.272471
  3.753267  8.574585 -7.132716  5.397119  2.997373  1.841128 -5.125647
  3.209780 -4.194813  2.168847 -0.556087  9.277812 -9.146727  1.231961
  2.516027 -8.033718 -7.003300 -4.032922  7.542235 -6.351311  7.616473
  2.125299 -2.886774  6.525695 -8.025836  3.165069  6.329268  6.093856
 -2.155706 -6.179419  4.256365  9.389124 -2.326199  3.303070 -8.468669
  5.113802  4.895450 -5.155373  6.000863  0.724388  6.255707 -2.886203
  5.781885  0.386406  2.519084  1.538580 -5.277819  5.834999 -2.161534
 -4.340309  9.436282 -0.936515 -4.908289 -8.909941  5.036695 -8.077535
  4.572584  3.050280  6.083878 -2.843467  9.345549  9.465617 -9.912336
  1.423913 -8.553637  1.085584 -9.582377  4.214313 -3.796663 -4.140412
  6.277293  0.980986  5.343348  6.699379 -8.878743 -4.830324  6.596411
 -8.284784 -0.489371  4.378567  7.874930 -7.850411  4.719374 -4.797421
  3.048613  5.669220  0.629439  3.499640  0.425394 -9.573493 -5.929545
 -6.535957 -9.246162  8.360122 -3.316817 -5.439425  8.200035 -5.265944
  6.496019  7.938604 -4.380893 -5.405610  8.782939 -9.319516 -3.812479
  9.364657 -9.448524 -5.879793  1.280908 -6.852796 -6.987208 -6.824076
  5.299685 -0.584026 -2.350266  5.338676  0.082206  2.796110  3.995565
 -2.639046  9.438043 -9.294806  2.848287 -3.733291 -4.290752 -5.519471
 -8.243361  4.281154  0.553678 -5.274254 -4.043908 -5.001415  5.541137
  6.921883  2.287821  3.069602 -1.893599  4.704230  7.747134  4.903305
  2.057998 -6.788997  5.727007 -5.533300  2.938258 -4.512636  7.300809
  0.094467 -0.394998 -8.307384 -6.130513 -5.348535 -7.356956  3.796813
 -9.756906  1.802891  5.797716  3.272429 -6.946875  0.652954 -2.289433
  3.728919 -5.202753  0.524438  2.885702 -3.955860  2.193637 -0.944695
  0.187408 -8.525978 -9.181515  1.691015 -1.531630 -8.528394  3.675569
 -1.287414 -8.556207 -6.947775  8.067408  8.858555 -4.006137 -0.443767
  6.150618  1.052783  6.810087 -6.460913 -3.539122 -6.341730  3.267394
 -1.293736  0.346713 -7.729796 -6.168896 -6.428956 -2.777845  2.604059
 -9.804668  3.826292 -7.453012 -6.337940  3.554295  0.977994  9.570885
 -7.101798 -9.159963  3.687730  1.059981  3.714045 -2.551412  2.581793
  9.969521  4.928383  3.336780 -3.925588  2.730568 -2.720221  1.790480
  9.009688  7.207551 -3.341309 -0.091750 -5.989629  1.428557 -2.058844
 -1.995833 -1.898036  2.103031  2.529876  1.659470  9.748745 -1.555350
  1.197063 -1.012114  9.675257 -6.400259  4.988114 -6.267797  5.064390
 -7.555354 -7.470370 -1.173864  7.992695 -5.380201 -2.878997  8.163637
 -0.121216 -0.962930  5.149006  5.978939  6.354194 -7.807784  6.347073
  8.929112 -8.831177  8.345539 -2.294197  5.250716  2.264601 -2.499231
 -7.063134 -9.866121 -3.574533 -7.159063  8.559119  4.556579  1.527464
  4.997208  9.253942  9.229836  2.458432 -5.463797  7.173415  9.228840
  3.953827  7.735876 -6.130095  6.928299  0.033093  2.236802  4.299058
  0.127225  5.444346  5.518344 -7.057661  0.229124  1.103792 -1.145870
  7.990103  9.759024 -8.738710  4.046795 -1.467760  4.334137 -1.673507
 -2.085251 -8.378134 -2.300397  3.598639 -7.926947  0.371271 -9.979749
  6.687887 -5.658527 -5.409432  0.481962 -0.635005 -2.907113 -2.087163
  0.436709  2.659642  9.991835  6.934116 -3.768561 -9.096579 -6.789252
 -2.139147 -2.304832  1.489065 -7.151012 -3.814531 -7.099698  4.523677
 -3.480168  8.213791  6.621572  0.569333  2.758258 -4.755308  5.798348
  5.318448  6.654925 -1.160229 -3.085772  9.070646 -8.650045 -3.573704
  2.245068 -8.875452  5.636379  4.542201  8.209464 -3.898967  4.436990
 -2.685319 -9.978678 -2.717555  9.875701  3.188984  0.486601 -6.043556
  5.110658  8.147042 -6.139087  2.716510  0.716183  4.545131  5.077377
 -7.845733  5.272740  3.042417 -7.308090 -4.023296 -0.778422  2.537443
 -5.676108 -0.856256  5.934890 -9.989488  3.705415 -5.591048 -2.920400
 -8.816850 -1.620229  8.406996 -0.888438  6.767240  4.060636 -5.015414
  6.586449  5.482180  9.788950 -2.911920 -1.546321 -5.970983 -2.007741
  6.824760 -6.488357 -1.468658 -6.457688  2.117224  6.342899  4.070797
  4.704530  1.067977  8.471661 -1.278911 -1.127806 -0.338973  1.688887
 -0.377729  6.514048 -4.713146  5.807642 -5.290465  3.206810  2.011466
  6.796903  5.400533  8.544925 -6.294469 -9.944812  7.311771 -4.294286
  8.446165 -8.674756 -4.550148  3.538981  0.025494 -6.547173 -3.922135
 -6.764107 -7.440656  6.107921 -3.895854 -3.884571  3.271309  2.682211
 -3.705528  2.125411 -8.873568 -1.816768 -5.394888 -7.322353  9.932397
 -7.945454 -3.347430 -2.575300 -3.070976 -3.961416  6.697243 -9.515624
 -1.804012  2.388706  0.031614 -1.002244 -9.677701  6.417780 -6.027961
  4.326670 -7.553606 -8.006933 -6.892572  9.643374  0.018767 -1.077987
  6.543506 -1.510368  8.284803  7.289972 -6.342887 -1.066486  4.776221
  0.858178 -8.498419  1.499473  9.658036  8.168520 -0.995641 -8.539812
 -4.034739 -7.660719  9.162312 -9.717140  0.553135  1.131319 -7.789294
 -3.721886  3.672475 -8.353747 -9.294072 -4.002296 -0.333305  4.550161
  4.059052 -2.731185  5.530635 -4.264198 -6.752312 -0.701243  4.643478
 -3.666630  1.115490 -1.493028  4.911550 -9.857717  0.229493  9.276874
  7.781667  8.938929 -5.468407 -1.685010  4.484303  9.476952 -5.588142
  6.080081  9.570244  2.951919  4.177643  1.046474 -9.522312  7.090072
 -9.881855  0.355647  0.139016  7.828076 -5.409714 -3.392013  5.129297
  0.819546  0.105925 -6.647182 -5.129966 -8.697711 -2.984586  3.828854
 -7.774592  5.941047 -9.521522 -0.433606  6.404140  8.411515  2.154095
  3.974027  6.863689  1.798128 -4.058018  1.381481  4.934718  2.130753
  9.262738  4.080542 -3.666639 -0.005423 -8.685564 -8.878487 -6.769876
  6.623266  1.399206 -9.886847  7.410419 -1.972038 -5.343982 -6.928326
 -9.025172 -3.861413  8.076156  0.488435  3.961971 -3.541593 -3.830572
 -6.843948  9.594509  6.990098  8.731806  7.890133  2.088882  5.521660
 -2.153333 -2.692473 -5.087873  3.533502 -1.761902  9.139807  7.367584
 -8.196632  9.123121 -7.534816  5.101318  3.908917 -8.797679 -8.614994
 -3.643288 -5.224526  8.684775 -8.112535 -6.504893  3.023576  2.832395
 -5.732676  7.173639 -1.293059 -6.987862 -0.447593  3.809513 -1.163047
 -0.018582 -7.385447  6.104341 -0.181788 -0.807272 -9.252674 -1.252925
  6.118181 -3.641491  3.988605 -5.135992  5.750890 -2.124605 -5.904137
  4.100898 -8.334214 -7.859702  8.094450 -1.571881 -1.531821  7.560518
 -9.556237 -9.954851 -1.678476  5.094142 -5.180476  4.702136  8.233444
 -2.570534 -2.646752  8.289262 -4.373909 -8.233596  6.312489 -4.955280
 -5.049130 -7.653764 -1.557253 -7.937211 -7.927559  7.710423  4.593289
 -3.249158  1.237306 -4.999139  0.520662  3.608621 -7.346396  6.968123
 -4.364964 -9.775371  2.025474 -5.455900 -2.091843 -6.386349  1.522885
 -4.732276 -7.592890  4.770981 -8.201085  3.666354 -0.176129  7.920239
 -4.268591  8.775400  7.953668 -0.872665 -2.302000  5.755697 -8.466008
  6.803843  6.434742 -4.065141 -0.833136  8.922468  0.701761  0.038222
 -4.696592  8.362262 -4.627360  8.549965 -4.441765 -2.062549  6.671362
  5.527924 -9.773703 -8.214235  0.039794 -1.515936 -3.289571 -2.831686
 -7.237743 -2.616623 -0.803344  4.685156  3.511383  8.124371 -9.820037
 -5.340659  2.670085  3.340182  8.562529  5.000579  9.772321 -4.395485
  8.342685 -0.126121  4.696360  3.779346  1.904460 -4.565766  7.974922
 -3.436435 -5.176551 -6.652638 -8.949610 -5.764841  8.570555 -7.805771
  3.606138 -6.410152  7.106595  5.302283  5.865905 -4.568457 -9.436727
 -5.436660  9.889092  5.038918 -6.309676 -4.826188  3.624737  5.968548
 -4.568547 -9.444915  5.989056  4.489566  0.716603  5.947801 -9.998776
  1.423146 -2.767323 -0.985603 -9.931542  7.705433 -1.333405  5.472770
 -4.120334  9.449187 -6.245737 -3.101415 -0.842263 -5.126334  8.904787
 -3.229049  1.799071 -2.804854 -2.325381 -0.250141  7.543826 -3.822663
 -2.547981 -3.876341  1.655516 -1.681930  0.030308  7.958593 -7.270674
 -9.634235  1.380124  4.194979 -4.025248  5.878781  5.802285  9.274605
 -4.099423 -5.830969  3.090366  1.659382  6.609904  2.146928 -7.297567
 -2.529713  1.635667  3.006993 -2.463356  8.785280  6.620443  1.394958
  7.302981 -9.740500  1.769653  0.607686  3.127921  6.651584  5.295389
  7.201150 -6.230031 -3.395223 -2.428474 -9.526886  8.477688  2.103210
  9.303554 -0.222352 -2.468616 -7.476041  4.147506 -1.473369  4.739165
 -3.070962  0.911438  6.743728  3.699088 -9.416553 -1.495303 -4.103871
  2.353768 -7.327567 -2.637914  4.439305 -5.554318 -3.240329  0.532728
  9.806892  7.387672 -5.719830  0.519662  9.350130 -6.123439 -8.679682
 -5.329707 -0.642280  1.127898  3.010964 -1.039474 -1.226084  2.213153
  5.903268  0.015397  1.157082  1.784187  9.318276  1.676319  8.558191
  8.010793 -3.382065  3.819690 -0.185153 -9.686604  6.665295  7.649320
 -0.626124  7.018241  7.041800 -7.109684  5.283525  6.764826 -2.274834
 -4.426546 -9.993954 -7.815171 -9.436753  5.599521  3.074164  7.918194
  9.639104 -0.644461  9.239139 -1.038921 -2.838793  7.552782 -6.294370
  5.034746 -6.537277 -7.901373  9.844029  4.521077  1.620590  7.506023
  1.771141  1.117895 -0.081122 -5.517107  6.403201  1.080669  6.831476
 -3.171730 -4.976148 -3.618383 -1.503763 -8.297003 -0.360693 -6.578236
  9.805479 -1.014572  2.337640  1.145774  9.859240 -6.516737 -6.031060
  7.971763 -2.268212  0.541173 -1.379837  0.220862  6.922620 -9.266539
  2.687200  8.437892  3.660898  9.376593 -8.515266 -3.490166  4.896432
 -9.175365  1.065862 -2.615426 -9.321001 -4.141964  3.851148  4.273566
 -2.260444 -9.165818 -9.058944  3.087107 -2.177425 -9.571360  3.327707
 -0.109507 -6.695681  9.998685 -2.416339  3.918244 -6.349393  3.754967
 -4.427739  8.835685 -8.737021 -5.886677  9.355886  1.856464 -5.161712
  0.197874 -4.692333  4.839010 -6.428966 -0.790996 -5.055579 -5.640272
  8.561930  0.077364 -0.056971 -6.551256 -0.112486 -7.856510 -7.998458
 -5.272365  7.324489 -9.575699 -7.205744 -0.995618 -1.698857  1.900037
  7.556850  7.918927 -9.192239  6.749024 -7.483624  2.842306 -9.541742
  8.900869 -1.038787 -7.079618  1.387085  9.883172 -7.224506  4.164255
  8.892900 -7.038876  2.312680  9.048672 -2.292744 -1.963322  8.388801
 -0.542207 -0.857295  0.122946 -5.599088  9.274131 -8.660660  7.143368
 -4.532442  0.749128 -5.488370  7.186495 -0.704594  2.049897  3.347468
 -4.468301  8.751993  1.584052  4.470682 -3.137671  8.174582  7.439464
  1.549381 -8.907190 -7.914322 -8.907880 -7.328191 -4.706060 -6.014386
 -3.624196  0.819694 -7.086650 -3.587999 -4.532024  5.491365 -5.318610
 -1.399435  6.940104 -8.692263  6.120199  3.837519 -2.318177 -8.667393
 -3.744870  8.235141  9.424582  5.771994 -3.611079 -7.148890 -3.593120
 -5.006588  5.251613 -5.993834 -6.116537 -0.259452  7.453618  4.950705
  8.008566  0.643739 -8.099232  8.115284 -5.475482 -3.165632  2.438821
 -7.109043  8.177464  2.288196  2.700862  9.603487 -3.588463 -8.371231
 -7.883265  6.088174 -4.919912 -0.865046 -6.538426 -8.909284  0.979484
 -6.601156 -0.643808  1.161048  4.661726  7.171152 -2.443367 -3.993209
  8.334056 -5.467363  6.716798  6.096619  9.631843  9.830078 -4.497765
 -3.732802  2.684264 -7.057620 -9.481796 -8.003626 -6.095231  0.757654
 -6.738854  5.766934 -5.966883  0.624420  4.269892 -6.048222 -0.383442
  6.857923  3.055723 -2.506801  2.126504  2.111861  4.254568 -4.425397
 -0.321840 -2.050320  3.772882  1.776114  0.381369 -4.693442  2.432296
 -5.481773  5.510552 -0.273187 -3.948418  0.824285 -4.542228  4.365865
  8.345320 -8.316171 -4.893888  4.499363  7.671994 -0.025223 -8.423519
 -2.408144 -7.109904  3.118187 -2.696711 -4.389756 -9.778797  2.167858
  0.812447  3.014928  9.263320  1.597108  5.547326  9.622967 -1.064539
  4.379312  9.789017 -0.641380  7.197627 -8.360083 -8.995619 -3.186212
 -1.544976 -7.849135  7.674645  9.752350  4.889093 -2.996259 -2.417279
  3.029996 -2.332971 -0.449796  0.740314  4.159097  2.431979 -7.603098
 -9.872103  8.613740  6.448607 -6.745915  2.220824  1.724554  9.263042
  9.406300  1.602352  4.770445 -4.639738 -1.317202 -5.152559 -2.972691
  1.193404  6.561758  1.105999 -1.874527  6.840843  7.510855  8.954988
 -6.357955  0.056586  9.501857  5.336066  8.079924  3.482320  4.589593
  6.182959  1.234303  0.853169  1.415813  7.959928 -8.828226  0.962203
 -6.861142  4.124790 -1.132364 -7.330717 -2.261942 -2.512600 -1.672808
 -6.071318 -3.396284  5.236642  9.437775 -0.510341  1.244794 -3.840313
  3.588697  2.307170  9.093041 -2.376987  5.045429  8.019980 -9.273968
  9.647489 -4.988837  3.838618 -9.206396 -5.386230 -0.472167  0.592286
 -9.725388  5.010750  7.187154  4.369113 -5.554943  4.786109  1.735865
  8.907347  7.888511  9.469622  5.873329  9.236057  0.894389  6.547945
  3.836396  7.492327  3.787016  3.058579 -7.628005 -0.685700  8.364192
  1.790764  1.606254 -9.281983  9.637291  3.663001 -1.278124  1.005477
  5.192295  7.814539  9.045482 -2.419855  5.844569 -8.652246  4.934809
 -1.657382  2.938144 -1.075372  9.388515  3.334180 -8.311341 -3.091662
  8.227492 -6.669296 -0.850946  1.133124  8.768097  2.995570 -8.248406
 -5.873084  7.976796  4.655009  4.440449 -6.918796 -9.040392  7.776019
  1.861495 -1.195496  6.729983  5.981415  4.337205 -0.012635  9.633076
  0.406314  9.447485  8.329439 -4.840125  1.545904  5.635344  9.130819
  5.525936  3.427858 -6.575589 -2.562632  4.109904  2.874540 -1.327740
 -0.901599  7.545238  5.951995 -6.052836 -4.909724  8.441313 -1.020399
  0.833608  1.464655  8.791995 -0.461606  9.545465  5.046045  7.048800
 -5.823580 -3.734248  4.967203 -9.995386  1.542413 -5.360483 -5.222049
  3.215720  0.948019 -1.244369 -1.776906 -2.598937  5.561349  3.435013
  8.367006  9.726188 -9.289213  8.588997 -5.517920  5.164292  9.629293
 -5.990647  1.954988  5.208810  6.434601  5.653698  0.427422  5.341640
 -3.566377 -1.507167 -4.090952 -6.409094  7.817698 -7.066414  2.573023
 -8.079570  0.915119 -9.713620 -3.736410  9.003814  5.683024  3.279170
 -2.675199  5.091813 -8.436300  6.922222  9.243296  2.532335 -5.007259
  8.178801  7.994196  0.784875 -0.898177 -2.386839 -6.301280 -3.634474
  3.794201  1.771642  3.891145 -0.136747  6.615702 -7.008959  3.822497
 -5.139806  9.122661 -9.594286 -8.809936 -3.922392 -8.652875  4.473457
  4.750703  5.585112  2.556025 -7.423703  6.614998  6.441157  6.430715
 -1.945045 -2.848540  6.823583  4.399709 -4.487857 -5.615382  6.634257
  9.726669  3.637071  7.792186  7.435919 -8.360712  3.342373 -4.910854
  6.489673  4.553712 -9.057028  2.756543 -8.767765 -2.852095 -5.193674
  9.811305 -2.155671 -2.593378 -9.359902 -2.904582 -8.275562 -2.605859
 -4.288587 -1.791462  9.526611  4.101281 -0.792296  8.328299  4.345747
 -4.813788 -3.617896  4.134395  9.602637 -7.167404 -5.766327  0.424912
 -7.257446 -5.188445  5.282857 -0.226746 -6.857163 -6.832980  4.337607
  4.253479 -6.291478  0.980303 -4.877819 -6.710089  8.546445  0.291097
  2.044677  7.021851  0.673831  8.242895  9.698036 -1.409152  2.884989
  0.766811  6.035455  6.226522 -6.251130  3.031763 -9.710122  7.778606
 -7.913928 -6.049639  7.868332  1.517061  8.612950  7.817029 -4.170166
 -0.217687  8.274139  6.687228  8.031074 -1.193577  0.274154 -0.713494
 -8.859101 -9.325346  2.778900  3.115573 -5.598946 -9.705678  0.075036
 -5.488877 -5.864377 -8.853470  6.161677 -1.306679 -8.168527 -1.122737
 -3.243530 -7.984886 -9.196108  9.924295  1.888842 -3.920574  7.496603
  4.528661 -9.260620 -6.832919  5.032902  0.133350  0.834262  1.374146
  7.916097  7.910606 -4.570091  7.077892  0.923787 -7.419838 -5.790425
 -6.171366  9.056162 -2.059756  7.998375  6.462052 -0.942735 -9.773727
 -7.302981  6.945932 -6.577173  3.306407  1.825164  6.344750  9.512841
 -9.657938  7.491837 -2.800683  3.516169 -1.328593  9.761608 -1.802965
  1.490492  3.668987  9.648710 -7.706646  5.556294 -4.498086  2.427177
 -4.589619 -5.382811 -6.125059 -0.286085 -8.167399 -1.556026 -9.561261
 -1.794937  3.392564  0.872338 -5.552103 -9.353347  2.203865 -0.731270
 -5.252393  9.134216 -8.076444 -3.295660  9.982935  8.462165 -1.294930
  5.018715 -5.107548  2.959640 -3.750651  6.722038 -8.313653  6.613204
  5.390865  9.242996  6.735015 -2.421090  6.826071  7.170377  3.844637
  8.597592  4.412682  7.376131  2.944971  0.017316  5.096932  0.622587
 -2.793372 -1.021732 -1.708052 -1.044818  4.225646  2.348783 -0.766998
  4.163625 -8.638924 -0.427198 -5.771944 -2.990192  3.573608 -8.760499
 -6.507083  2.645633  1.086062 -6.509491 -2.090646 -7.014225  9.617914
  3.904742 -2.033584 -3.865933 -8.638541  5.038954 -3.365466  0.524731
  5.073062 -7.765576  6.257477 -4.451260 -6.338076 -8.180814  0.273817
  9.342500 -4.491817  4.708737 -0.699153  0.411409 -7.150955  4.673195
 -0.040691 -2.006996 -3.529824  0.387009  8.908531 -1.492208  3.288411
  1.241877  5.528335 -4.713168 -4.634596  1.865118 -7.811442 -2.489783
 -9.062315  5.955452 -3.853803  9.013987  5.764949  0.398459 -5.242179
  9.430658 -5.734675  9.940159  2.340741  6.828777  3.899706 -9.683674
  9.469985  9.164471  2.729229  4.576021 -1.467407 -2.975448 -4.167274
  5.961947  9.976175  5.908082 -3.921842  0.451583  0.069102 -7.932156
 -5.025340  7.453847 -6.204200 -5.336171  6.914601  1.453715  4.742650
  2.583549 -8.418175  3.470615  0.944493 -8.612010 -1.571645 -9.759201
 -1.749195  9.247195 -8.956142 -8.344492 -0.100566 -5.061062  7.147199
  6.033917  6.075912 -6.806542  2.742794  8.040414  5.252673 -3.482732
  0.772014 -3.776664  1.892310 -4.463945  6.215492  5.698708  0.100219
  7.893453 -2.623490  0.860173 -8.271290  2.362129  7.017266  7.510819
 -4.773114 -5.132810  8.307431 -7.991862  4.140931  7.929993 -1.603970
  5.932829 -3.815508  6.647740 -7.867792  3.087779 -0.539053  4.171474
 -2.919862 -9.215028  4.203929  0.060436 -3.985955  2.551675 -3.463480
  9.763833 -3.031641  5.972735  8.225038 -7.650622  7.128818  3.603170
 -8.715679 -8.374926 -9.484157 -4.656792  0.137775  6.634354 -0.233776
 -3.918809  5.303739  7.155678 -7.642685  1.388732  1.810410  6.721451
  7.478181 -3.473719 -8.189963 -0.012642  2.238054  9.933699 -1.296067
 -1.207362 -1.764411 -9.712671 -2.750338 -0.157859 -5.528145 -8.470021
  2.609976 -3.756785  5.046414  3.513209 -6.922081  9.913045  1.661882
 -7.863364  9.803430  4.960099 -3.947558  9.316981 -2.564561 -4.105663
 -4.712051  6.087116 -7.474817 -2.869074  3.883152 -1.044451  8.546807
 -5.348444 -9.583716  6.384813 -6.640915  2.834843 -4.339369 -8.363776
  8.904265  2.987146  8.754886 -2.822780  3.508237  2.941986 -6.839337
  5.957039 -8.093118 -7.596844 -3.452812 -8.947046 -1.397241  9.969321
  6.563026 -6.570720  3.554130  4.793795 -3.300937 -8.404121  6.511228
 -0.390350  4.850480  4.369410  2.126402 -3.072623 -8.950708  9.541163
 -4.551946 -5.696607  9.571807  5.260789 -0.363980 -6.803495  3.769589
  1.811471 -7.114027  2.540871  7.441080 -9.025894 -1.714716 -4.793581
 -8.229746  2.438727 -7.559170 -1.957776  2.999905  0.121438  3.719540
 -9.828719 -4.338795  5.775957  0.726348  8.990886 -4.066294 -0.587695
 -2.342344 -1.853475  3.735589 -8.933678 -5.171712 -6.504763 -8.614165
 -3.953122 -4.644390 -0.377020 -0.830721  3.836929 -8.708036 -4.724800
  4.518816  3.321450 -6.776964 -2.294452  5.571288 -4.821377  6.606598
 -5.447604  2.021609  5.703270  2.946775  8.871924  4.816611  4.290955
 -5.760664 -2.490733  3.196605 -3.351235 -7.016670  8.840548 -1.695779
  9.274492 -2.085443 -3.296441  7.548324  2.336570  3.002726 -8.274176
  3.112896  4.523227  9.286190 -2.604003 -4.366379  0.121345  3.640189
  2.447906  4.258441 -1.132908 -6.177836 -2.089578 -6.608582 -4.730749
  3.524691  7.087502  6.852194 -8.852214  9.467966 -9.217473 -9.899156
  9.987118  5.123482 -9.945070 -2.127947 -3.262315 -4.876648  4.384356
 -4.213035  1.778103 -4.176463  4.434898  3.746816  0.734296  0.868954
 -9.430038  0.822247 -6.517617  7.595322 -0.987968  5.727853  6.843964
 -7.048119  9.949165 -4.914722  5.525446 -3.396531  2.550417 -1.397434
 -8.447454  7.539355 -6.898653  3.749607  8.489972 -2.570848  8.009685
  5.782507 -4.036277  1.086899 -2.495231 -2.376239  8.251407 -3.655622
  5.958678 -8.321352 -7.300682  2.507697 -1.214140 -5.718984 -1.003431
  6.266993  3.871607 -5.806145 -4.226147  4.820533  3.785185  6.250885
 -5.586653 -0.625071  8.330427  5.506858 -3.953201 -9.789612  8.229984
 -0.432935 -6.201087  9.861471 -5.403437  3.865065 -4.360050  1.955947
  8.945263 -7.780092  1.316458  0.678915 -3.107466  2.454009 -4.890454
  7.643081 -3.685159 -5.426450  2.442226 -9.578206  1.309022 -8.800505
  3.137358 -4.864141 -5.300325 -1.590979  5.460116  1.385304 -7.092487
 -7.859201 -4.751538 -1.021253  6.220420 -5.174805 -4.749804 -5.933626
  9.673936  3.456183 -6.457245  4.240217 -9.417171  7.190353  1.419115
  7.344498  3.099629  0.184334 -5.551718 -6.076001  3.132991 -2.330366
  5.229440  4.552227 -0.594846 -5.911719 -3.428006 -7.021272 -6.072289
  1.312602 -6.927885  0.405145 -6.658809  7.432796 -5.721730 -3.439061
  4.319972 -1.619341  1.815689  6.097975 -2.757895 -6.041046 -0.837354
  6.047841 -0.699251 -8.108995  3.170345  3.485880  0.186814  1.292514
  5.826014  8.437986 -3.034137  4.002148 -4.686442  9.395388 -2.794475
  9.089557  5.410743  1.723145  7.527866 -4.848246  7.357652  6.931218
  4.583892  7.043745 -0.848888 -1.785027 -8.775436 -9.607395 -2.072056
 -1.976687 -8.870678 -4.713247  6.205794  1.418794  1.875114  7.755847
  3.933490  5.034092 -0.064995 -7.695629  7.131467  5.654856  0.529920
  2.209923 -7.394519  0.605187  8.492205  0.209921 -2.531109  3.542681
  3.252372  0.261863 -5.621592  8.945584  6.339199 -0.045617 -5.237788
  2.549990  6.843001 -9.737612 -7.955265  2.891902 -0.791305 -2.857277
  7.625084  0.496675  7.005859 -1.886469 -4.224175  6.249566  9.091906
  8.627634 -4.569882 -4.059929  5.923593  6.163929 -8.992373 -8.197171
 -1.430732  1.227382 -2.199961  3.159694 -8.708559  7.266755 -7.222802
  9.051573  7.607673  9.555516 -9.349928 -6.950460  6.690742 -3.634363
  3.692036 -2.147760 -9.824363  0.252722 -5.068163 -1.642731  7.863113
  9.150861 -4.119036  0.536430 -7.093153 -4.112735 -2.412925  1.721022
 -4.450342  6.552102  8.426551  3.458086 -4.843018  9.360440 -3.504196
  3.686314 -0.417452 -7.407906 -2.388194 -6.279310 -1.318202 -1.163731
 -7.371281 -4.592998 -6.017997  1.700640 -0.498396  6.982198  5.817730
  5.235949 -1.134442 -8.782271 -1.059779 -3.276951  8.647375 -0.553576
  9.723747 -6.669653 -0.141648  2.426563 -2.952698  5.958043  8.000493
 -2.622506 -7.237413 -5.745575 -8.125161 -4.298791 -3.620892 -4.570352
  9.764636  1.051120 -0.014548  3.798217  0.928596  7.159829  5.294424
 -5.829539 -2.050355  5.588943  6.972854  7.893222  9.830464  9.627892
 -2.257273 -7.643628 -5.679758  7.668840  6.505868  3.586995  7.091019
  6.568462 -2.415541  7.720512 -5.001544  8.215988  2.571192 -9.561623
 -4.069261 -2.239800  9.813774  3.638089  4.829883  8.710776 -4.392828
  4.650797 -7.560134 -9.552065  7.939184  7.408519 -4.200435 -6.457932
  6.982504 -0.155742  8.908287  4.556664 -8.125914 -9.956146 -8.232050
  8.945721 -1.669327 -2.762004 -2.109053 -2.163250  7.418115 -7.433247
 -4.123608  5.901378 -0.906643  4.985353  9.888759 -8.133050 -7.885302
  8.372722  1.177524  6.593355  0.650764 -6.688294  7.301586 -2.519934
 -8.204412  3.444902 -9.905083 -8.025964  6.845223 -9.039112 -4.409369
  5.124672 -2.780734 -2.335257 -5.527288  1.348316  6.269209  9.145396
 -2.119224 -0.047953 -3.025622  5.922263 -5.651907  6.964283 -1.886239
 -3.000646 -4.452179  4.291330  5.122395 -7.157233 -7.794339  0.005776
  1.989445  5.715461 -7.674456  3.051417 -6.323730 -0.140849  5.356406
  4.150443 -2.714872 -3.308982  2.363697  0.068869  4.651049  5.684707
  0.097075  5.829566 -8.969174 -5.514660  7.983688 -8.812264  5.896605
 -1.953236  4.414732 -2.985521 -7.001350 -8.751749 -0.474209  2.951479
  8.139995 -0.216389  0.819481  4.955950  0.678251 -8.973062  9.939322
  8.616205  5.686026 -7.457222  2.010088  4.554360  7.624856  5.032120
 -2.323521  4.164080 -1.053178 -3.412543  8.172311 -5.111180  5.099515
  9.253046 -7.409142 -6.791390  2.237375  1.668796 -8.821633  7.993684
  5.123367 -9.729987 -5.217715  3.103394 -5.818726 -2.008229 -3.326654
 -0.629090  4.303214  9.899965  1.855853 -8.182530  1.425696  9.275345
  1.437537 -3.364712  7.525366  3.666128  4.402880  1.222216 -1.968745
 -6.785729 -4.442656  4.390618 -5.248812 -1.087993 -5.037557  7.519279
  5.963864  7.632974 -2.147512 -7.455090  7.557681 -8.537965 -6.269825
 -1.599617  6.742644  6.438351  3.383016 -0.405229  6.088483  1.988284
 -2.783133  2.908056  4.649520 -9.514461  1.341374 -4.919532 -2.823500
 -2.291908 -0.360617  3.491017 -4.589258  1.488086 -9.911621  0.953554
  2.399525 -3.056102  4.626697 -2.254761  4.140962 -0.528514 -4.219600
 -6.864299  3.362443 -3.928517 -2.744333  0.147347  8.312374  0.763313
 -0.554295 -9.282354 -1.418736  0.187227  2.132397  0.103572  3.000444
  0.745274 -8.722033  0.413100 -1.350578  0.118192  9.526032 -9.589432
 -5.316542 -1.324362 -1.133116  0.757880  0.536173  3.747163 -4.752717
 -1.384759  2.457294 -1.226616  6.678744  2.191806 -0.241962  1.354001
 -3.176845 -1.164338 -2.320304 -1.277406 -1.564006  0.610680 -6.925149
 -4.171034 -0.417744 -7.062777 -3.892459 -2.196562  5.897050 -7.090396
  3.669217  5.079095 -1.110783  2.962641  9.458632  6.219878  1.074553
 -1.323439  7.552107 -6.407075  0.925237  9.823102 -8.026422  3.174503
  1.619542 -3.882101 -4.664605  8.049842 -7.030456  1.074358 -5.336099
  9.732047  0.757669 -8.744256  4.760998 -5.466351 -4.270822  9.813622
  2.705361  2.525143 -1.182581 -7.300881  7.059212  5.734828 -6.538898
 -2.660866  4.914585  9.588636 -5.168654  1.409463 -3.936681  4.596471
  5.573325 -1.342669 -7.377479  1.538975  9.537073 -0.101518  1.012590
  4.256477 -7.817243  1.666893  7.423509 -9.656973 -5.368680 -4.992159
  5.811628 -4.952164 -1.199514 -4.872080 -5.337572 -5.019458 -6.943511
  5.726189 -0.840471 -9.591736  8.742512 -5.155156 -1.431772 -3.876218
 -0.180690  5.880216  6.914419  5.358902  2.432522  5.730249 -8.940811
  9.956904  6.101984  7.871647 -5.080908 -9.069974 -8.499355  2.435975
  8.027437  0.883782  5.689948  7.700237 -8.506525  2.510468 -3.362242
 -1.897163  9.514842 -5.132792 -1.161594 -0.208535 -7.872580  1.728950
 -5.443976 -8.240933 -3.159944  3.532950 -8.413505 -3.291422  8.563021
 -4.596488 -5.657773  1.267569  8.811122  8.093863  5.304945 -7.274769
  0.195040 -3.047950 -1.232071  0.014346  6.939792  3.256054 -0.782381
  8.105633  6.052745 -7.721034 -6.577112  7.183825  2.141701 -2.413396
  7.458998 -2.856258 -9.853283  0.371758  6.531992 -7.832981 -1.627524
 -8.301238 -4.355951 -7.948268  0.801179  8.202648  9.830144  7.461950
  1.051328  6.557349 -3.831145 -4.687933  2.496239 -4.125462 -8.886341
 -9.784392 -4.226057 -9.074272  6.009859 -3.670581 -7.939655 -9.974238
  7.645149 -9.769043 -8.006824 -8.595772 -8.788706 -9.314575  8.145931
  8.380015 -6.310691  7.723222  3.713559  8.835097 -3.723858  6.479494
  6.749737  0.629948 -0.553814 -3.619170  1.361671  9.278621 -3.510168
 -8.730892  2.574723  1.492896  5.316295  1.763118  9.439833  0.867994
 -4.633896 -3.859584 -8.705063  7.232755  0.081838  1.985602 -1.706443
  1.784153  9.018329  1.655646 -6.741411 -1.094309  2.859605  4.068833
  6.671074  0.090666 -0.470608 -2.013673  4.963780  4.220731 -0.673466
  9.976065 -9.040155 -7.559685 -0.976943 -2.718107 -9.904949 -4.782155
 -5.193165 -7.255311  4.156275 -2.437837 -1.848949  3.404357 -6.235064
  5.315030 -9.672974 -1.152713 -2.594662  7.021827  9.762789  6.597063
 -0.458531  8.698290 -1.482419  9.941575  1.289210  4.615679  9.326901
 -5.418258  0.809752  3.070171 -1.014638  4.675553 -9.036097 -9.090830
 -4.010740  9.582313 -6.874701  9.809151 -7.315238 -9.017556  4.760247
  7.158633  6.068045  0.494708 -6.691515 -9.625469  1.404883 -4.056934
 -0.165067  0.173375 -8.029027 -3.073317 -6.422046 -0.803017 -0.426771
  6.686597 -6.636183  0.285252  6.650109 -6.738224  2.395091  2.720803
  4.274196 -4.703277  9.812573 -3.129492 -4.485133  5.296716  5.112897
  9.971063 -0.865267 -4.026169 -8.039348  4.783648 -1.764976  4.172161
  1.852634 -7.759578 -3.593750 -1.630346  1.404705 -6.282640  9.203158
  6.958650 -0.573566 -4.907440  1.092753 -7.191616 -3.507955 -7.844205
 -6.603388  4.627081  4.742045  1.775234  4.248543  7.880598 -3.005672
  9.589760  6.924195  7.084531  2.764136 -4.544703 -1.127187  3.013654
 -0.693145 -0.601049 -1.443115 -0.428794  6.928557 -6.181972  0.349466
 -9.631165  4.391310 -3.738467 -2.608969  6.963703  7.883965  9.645090
  4.081817  2.130527 -1.174037 -4.048854 -1.793699  0.260234  9.856689
 -0.675803 -9.730516  5.724268  2.261713 -4.508462 -2.084062 -4.357736
 -8.943853 -6.018838  2.950494 -0.731300 -6.391248  1.681567  9.292178
  4.619518  0.689483 -0.661324  2.329420  8.010212  4.622121  9.398089
  8.476181  0.898022 -5.888229 -3.523697  3.307438  6.663647 -6.318611
 -6.730327 -0.102499  5.837192 -7.736213  9.381464  4.294581  3.234077
 -6.754327  3.605248  4.216232  9.604834 -4.081853 -4.292138 -3.492064
 -0.744160 -8.739721 -2.175732  7.199599  2.373088 -6.068637  7.926327
  9.626230 -0.065403  8.150319  1.683809  8.089367  3.609577 -5.301278
 -9.137558  0.671752  5.488497  1.320553 -2.801178  9.384446  2.954753
  0.478558  2.692488 -1.640375 -8.786856  0.214959 -0.114961  3.185721
  2.785260  5.240557 -4.482266  3.985025 -3.731943  9.418665  6.070292
  3.534233 -5.446967  3.368494  7.928631  9.089823 -3.496480  2.615716
  0.147436 -4.186410 -5.501542  6.409617 -6.697954 -9.513493  6.299551
 -4.027696  5.278700 -6.405569  9.122552  7.092206  2.570314 -4.127736
 -6.825171 -4.435087 -6.131171 -9.172103 -7.006548  6.942354  6.765647
  5.216684 -7.384824  2.150152  7.637905  5.098997 -5.212401  3.004962
 -6.394377 -3.350313 -5.152857 -3.781820  2.762551  8.390689 -9.410933
  2.422714  2.621652  2.176505 -5.114307 -6.995023  4.049503  2.316331
 -5.147614 -7.521178  7.845433  7.580991 -5.978283 -1.853970 -9.538485
  0.368683 -9.189782 -4.206019 -3.450590  2.268600 -3.329131  7.528548
 -3.175305 -7.410254  2.538011 -5.692376  5.326605  0.055740  8.060147
 -5.064781 -1.517045 -1.478505 -1.440238 -9.118817 -3.931840 -0.059790
  9.191758 -4.326372  2.443378  5.217851 -9.214975  6.484586 -9.358939
 -7.499678  2.526205  3.919462  0.772720  0.329746  5.666668  3.402075
 -1.390609  3.983687  8.847816  3.303863  3.138449  8.962133 -6.131531
  8.866916  0.610280 -0.115186 -8.284573 -4.013306  1.096818  4.220409
  4.788184  2.836308 -0.427102  6.895991  2.411557  1.153935 -0.462645
 -7.280895  8.522630 -5.229643 -7.775463 -0.835981  3.736986  1.247281
 -9.907328  2.622929  6.138673 -9.600640 -5.653147 -6.126069 -7.103117
  2.330917  7.266169  7.865593  5.940903 -7.196007  0.897885 -8.190265
 -2.112189  2.552026  0.197815 -3.772325 -5.645638  0.460742 -6.936289
  9.491011 -4.500489  4.442597 -3.425838 -7.275252 -2.593353  5.513797
  8.797238  7.009271  1.950101  6.704317 -7.170782 -0.562582 -4.946784
 -3.656758 -7.522082 -4.562908 -7.568085  6.114966  8.464540  7.550402
  0.265468  8.427357  9.491488 -3.792686 -9.126304 -3.744838  4.751141
 -6.460815  2.407554 -8.027011  4.763065 -4.920005 -2.889296 -9.851879
  0.182311 -5.797309 -5.055711  7.145320  1.881883  0.453203 -5.116088
 -7.602080 -8.991045  6.610131 -4.202610 -7.604644  1.339202  2.940924
 -7.836024  2.989108  7.198272 -7.119872  3.752588 -2.711794  9.952752
 -1.740871  9.302807 -0.599450  0.021691 -4.266597  6.580420  6.564023
  9.782071 -5.350385 -4.164966  7.241491  8.577092  5.490016  2.948229
  2.546822  3.684670  0.915229  9.309352  8.929872  1.875584 -7.017083
 -2.200899 -6.440947 -1.390064 -9.765966 -3.810143  9.489793 -3.008701
 -5.119891  8.591903 -4.166785  2.096872  8.780830 -3.354685  7.510228
 -3.712123  0.674315  6.347557  3.111031 -3.383917 -4.879505  1.375550
 -9.358421 -3.903929  2.225168 -1.345611 -2.757131  2.161720  4.364858
 -0.884730 -0.005158  9.162500  3.936893  8.121890  3.445812 -3.271766
 -6.835844  5.395789 -1.762513 -8.292414  5.716823 -6.135124 -2.299525
  8.512607 -8.001250  0.375134  9.709159 -2.563118  0.501292  0.217594
  6.594586 -5.736405  3.658422  5.309453 -4.597012 -6.533071  6.508851
 -0.666502 -8.112580  9.765589  9.035238 -2.081009 -2.651811  6.658332
  8.165619  6.289428  6.168760  8.968839 -1.618616  4.508471 -6.696596
 -1.733034  3.161762  9.205047  8.714990  3.144324  5.066980  7.400254
 -1.382455  6.522165 -0.211726 -7.439706  3.811093  4.803324 -6.821098
 -6.868832 -3.110885  0.926151  4.584812 -3.465070 -3.070362 -4.420761
  2.331005  8.665592  7.113257 -0.666307  1.625105 -4.714359  3.402129
  4.259667  2.593021 -9.562201  0.380115 -5.358375 -6.836907 -9.676826
 -3.559062 -9.636908 -2.685993  7.020276 -1.864148  2.906101  4.084834
 -5.396537 -6.225447 -0.095756  3.013281  3.066648  4.879706 -2.438662
 -3.723640 -6.723872 -5.640962  9.632986  1.867769 -9.769060  7.444336
  0.887435 -2.065573  8.621441  2.513046 -9.273259 -4.539298  7.371767
 -5.729769  1.275623  7.465813  2.610610 -2.981449 -9.208190  8.408793
 -0.652314  5.062407  8.667174 -1.059195  0.042890  7.186299  2.757458
  0.554898 -6.110539  2.169275 -4.614385  7.312994 -0.817492  8.708756
 -8.322567  9.038486  9.915782 -4.247466  9.803599  0.800767  5.942858
 -8.297353 -0.029800 -6.356076  6.168366 -1.364576  1.834565 -4.649280
 -8.713366 -9.557114 -5.637045  6.508216  1.749703 -1.233736 -7.216012
  4.186398 -6.158675 -9.841369  4.387160  2.322009 -7.776786 -8.781669
 -3.200751 -6.499809 -1.848497 -1.964692  0.218229 -2.819463  1.337596
 -7.922380 -5.803684 -9.060952 -7.857685 -9.780909 -5.101797  4.641316
  8.101072 -1.282300  0.133208 -6.533118 -0.712947 -3.325199 -0.630024
  9.612531 -2.395263  3.745108 -1.669856  9.565273  1.860130 -1.790539
 -2.822293 -2.333469 -3.243555  6.114754 -7.294071 -8.072444  7.818621
 -3.480286 -9.018263 -5.549005  6.035181  2.336411  9.428081  6.731027
  4.454631  5.071587  7.557636  2.599647 -0.370453  0.347147  9.589476
  4.456052 -8.290610 -7.257507 -1.538637 -4.738185 -2.258171 -8.650297
  9.488738  6.905653  0.428983 -9.997366  9.550435  2.475044 -0.719364
  5.741104 -6.810792 -8.263763  0.106811 -4.601100 -6.912717  7.798999
  3.953800 -5.152447  3.273183  6.893959 -3.141393 -8.925577 -5.388983
  4.602861  4.867964  3.183751 -3.470001  3.173505  4.596457 -0.903684
 -6.670032 -9.494256 -4.568618 -7.649701 -0.557682 -6.674309 -5.054279
  1.258091  0.744514 -3.367921  9.400791 -4.860103 -7.905592  8.170426
 -2.244592  6.224849  6.587168 -2.542282  6.143938 -0.938235  2.534904
 -4.590547 -2.262507  1.288454  1.874987  1.832890 -1.319817  3.710485
 -5.189252  9.176104 -3.652228 -6.933149 -7.451268  1.100035  4.175212
 -7.910143  1.972880 -8.737644  2.019873  4.206983  9.443089 -0.165001
  9.484806 -7.123680  4.720869  3.807565  6.552709 -1.088684 -1.213862
 -5.480854 -4.315948 -8.828903  6.848764  4.691577 -7.068085  5.729227
 -3.636626 -1.219587  4.085074  9.044617 -7.036391  6.317532 -7.796352
  0.808625  7.352588 -0.567419 -7.574926 -6.011837 -6.411933  7.646604
  0.744793 -3.368040 -8.488681 -5.698758 -2.892178 -0.350805  3.437067
  1.037404  2.677259  3.713832 -8.787631 -0.264430  7.964932  2.205773
  4.397486  6.973265  4.823555 -6.593278 -2.249931 -5.471242  2.840132
 -4.440112  9.292391 -2.244066 -8.241618 -6.418528 -4.290216 -8.614879
 -2.868076  2.666661  7.448435  2.150675  1.615456 -8.746764 -5.804771
 -1.155386  3.830630  0.880296 -0.434869  5.306934  9.113110 -4.668833
 -7.626094  7.114221  9.611034  7.337042  6.112014  7.640379 -3.057932
  2.154900  3.543689  6.761321  2.176754  0.098266  7.028942  5.986786
 -4.185681  2.959187  7.861607 -1.743594 -2.291040  7.705961 -1.285923
  8.036668 -1.166581 -8.001873 -5.215449 -3.445483  2.073503 -1.831613
 -4.845730 -4.515215  0.496268 -7.967237  2.370660  5.119122  0.461009
  8.247866 -3.362640  9.849896  3.793138  6.390108 -5.280348  5.095995
 -3.583028  9.733512  5.266472  1.777719  6.788773 -9.918494 -3.526065
 -7.756928 -8.763911 -7.889775  5.340615 -9.233167 -9.355041 -0.035857
 -7.763561 -8.035203  4.460923  5.280981 -7.167900 -6.769989 -5.923434
 -8.025468 -0.676798  5.129564  3.295547  2.397251  6.240780  1.873204
 -3.244818  6.902014 -2.183173  7.610151 -5.358655  5.796850 -3.918853
 -8.772708  6.908938 -3.731305  9.911918 -6.165813  9.135155 -8.164306
 -5.063792  1.499999 -6.251665  4.318002  5.882515 -9.334859  2.305419
 -6.369571 -4.043773 -2.474776  3.902783  8.249681  9.175663  3.408027
  7.255175  6.568522  6.644995  3.462965 -9.473437  6.588696  4.525791
  0.785620 -4.234952  9.157673 -2.053552  0.252093 -3.795608 -8.845141
  7.304896 -9.370381 -7.182281 -5.199911  4.159466  1.848936 -3.490343
  5.222847 -6.278862 -9.849226 -8.397785 -5.069384  3.778109  6.413664
 -1.038994 -8.722075  0.418673 -2.639635  5.912880 -1.069043  3.207180
  1.703514 -9.938034  8.212083  5.477206  7.030434  7.752868  0.404046
 -1.458876 -7.462830 -1.105629 -9.356805  5.295238 -6.424598 -8.336417
  7.945994  5.044686  9.305443  4.953319 -0.090335 -5.084167  8.862855
  7.356503 -1.380686 -6.543591 -6.039993  5.384452 -9.149660 -8.225233
 -6.001298  7.255834 -4.077550 -8.069090 -0.739286 -9.249689  1.502467
 -7.320644 -1.171506 -0.775878 -6.256989 -0.707937  0.069924  5.283611
 -0.193784 -9.863561  6.712748  0.738232 -3.983494  1.074517 -3.441480
  0.531212 -8.304028  1.399655  5.386790  5.651941 -9.124558 -6.431730
  7.253091  8.179149  4.554797  0.337386  2.646540 -4.954761  7.216074
  9.022502  6.461317 -5.023167  7.589136  7.605739 -3.589104  8.108855
 -7.719990 -3.225706  7.213980  3.189135  7.480903  1.633768  3.164232
  7.784654  1.330943 -2.397307  4.779648  0.364697  4.920827 -5.498938
  1.379822 -3.450936 -6.658568 -8.600934 -3.254978 -1.224047  9.309596
  4.438453 -6.049367  1.245240 -9.522396 -5.844332  7.907726  7.692848
 -8.332733  2.700988 -9.745455  0.780736 -2.544750  1.239185 -1.876571
  1.367033 -5.562309 -8.509245  2.502068  1.435009  1.760718  4.538335
  1.412220  0.714243  3.513309 -2.236630 -8.227411 -4.398055 -8.530702
  5.724846 -2.540218  4.552167 -9.002806 -6.496721 -1.317108  9.200734
 -8.306334 -6.959274  9.105318  0.455106  4.215713 -3.415314 -6.826973
 -8.220538  9.237920 -2.574714  2.877111 -2.533495 -3.589880 -1.010230
  8.694765 -2.986271 -3.087193 -9.255352  8.428384 -1.397533 -0.919110
 -7.432760 -4.769411 -9.014002  5.397992  3.273604  6.037403 -9.753379
 -6.144651 -1.972535  4.192859  4.726535  6.055816  7.496919  3.856736
 -3.854630  4.702808  0.244965  4.344132  0.443714  5.455113  3.957186
  8.956036  6.131942 -3.596009 -9.117761 -6.881436 -7.451869 -5.413917
 -4.200810 -4.774499 -0.243679 -3.658015 -4.369927  6.152702 -5.823598
  8.192634  6.681733  7.894103  1.035728 -7.052608  1.675195 -3.095439
  1.412859  2.964075  4.195172  2.231203 -0.052230  3.380415  7.415718
 -8.337340 -6.205465  4.689984 -9.586303 -1.243120 -6.095224 -9.058391
 -2.983493 -8.268477  7.090299 -1.487999 -4.126892 -0.823231  6.976489
  8.208207  6.303830 -3.508173 -2.955482 -0.215520 -1.636527 -3.485107
 -8.098115 -8.303037 -8.313273  7.616207  0.293124 -6.850375 -5.447184
 -9.270086  6.911498 -4.191322 -1.764351 -5.220600 -0.125030 -3.403352
 -9.511295  2.361687  4.376025  0.959969  1.087796  4.313218  5.001689
 -6.730903  0.511315 -7.702557 -7.796888 -5.603476  6.136075 -1.175288
 -9.011277  2.798671  2.781967 -5.732069 -8.250696  1.270726 -8.811012
  0.348003 -0.863451 -7.037049  2.929467  9.101891 -5.804390 -9.446375
  1.524027  3.237166 -9.768484 -0.335359 -7.028441 -0.682427 -4.145286
 -6.172610 -5.967384 -1.305391 -7.148822  3.335647 -4.289009  4.200803
  2.024768 -9.960766  4.976454 -1.997792 -0.119739  4.654878 -5.136690
  1.139780  7.134865  8.208273  4.655506 -9.368582  3.763016 -9.301054
  8.165164 -7.677113  6.958714 -9.921438  5.891513  6.216185  3.781765
  9.011309  5.311606  1.685219 -4.367481 -3.081512 -6.867558  2.251706
  1.725007  8.173851 -5.054878  9.311498 -2.011056 -7.885188 -5.356165
  5.623219  9.404788  5.041937  0.668028 -3.582297  7.394229  4.846791
 -9.134267 -7.912595  7.492790  6.566439  7.487576  6.855757 -7.670625
 -8.214204  1.072122  2.131352 -6.019853  4.666659 -7.107599 -6.154025
  6.964440  6.418912 -3.019407  7.377240  9.991133 -8.613276  7.874469
 -5.806227  9.606075  9.873670 -6.962645 -4.413266  5.382944 -4.695990
  8.679340  8.711795  1.888693  1.358536  5.372912  0.521941 -1.923835
 -8.499096  3.187477 -0.737396  4.092511  2.585093 -5.285964  1.024093
  4.564829 -5.543384  2.236197  1.389205 -7.868274  4.628170  1.002148
  2.416803 -4.875206  6.959660  6.965125 -8.135139  0.632985 -2.380643
 -9.645393  8.635020  1.280906  4.669444 -5.169249  6.404569  2.351020
 -7.341637  3.587805  1.758416  6.298380  9.344168  1.735777 -5.321880
 -0.929494 -7.892544 -8.895720 -9.667343  3.781563 -8.250460  8.887861
 -1.823364  1.483751 -2.523068  9.154118 -8.019682  9.687205 -5.917775
 -3.280554  3.130501  8.202602 -8.358102 -6.033725  1.108743 -4.415652
 -6.181737  5.738129  8.627730 -4.963941  6.205480  5.720829  8.070069
  4.502242  6.775258 -6.296072 -3.981028 -1.139371  9.988999 -0.127225
 -1.906995 -1.440410  1.848384 -6.104799 -5.793363 -8.840724  9.933513
  6.495861 -9.185177 -8.846363  7.993735  3.313874  6.486576 -7.174907
  8.177310  6.260662  3.019916 -5.438523  7.050546 -9.672809  7.780293
  8.096121  8.351640 -7.296463  3.582610  1.778094 -3.171968  3.150347
 -7.978804 -9.162420  6.889221  9.611572  9.520555 -6.211472  3.133411
  7.482384  3.955872  5.841385 -4.733483 -1.135694  5.344804  1.772644
  4.336190  8.294878 -2.382958  7.515056 -0.507582  6.847396  2.218998
  0.311518  0.540668  3.832650  6.473949  9.349608  9.710421 -8.150320
  9.537302  7.317256  4.131057 -8.527309  3.234525  9.722574 -9.232069
 -8.457052  5.717943 -8.301801 -1.244027  6.636479 -2.630666  3.799787
  2.835917  9.996576 -5.351411  2.995649  0.485570  2.872061  3.156952
  5.442870  1.746238  9.381925 -9.002983 -9.262391 -8.200871  7.097920
 -7.392306 -8.942460  6.465250 -2.129492  3.856573 -3.874331 -6.606503
 -0.464730  7.827442 -3.021282  1.270402  9.458747 -2.194621  8.165225
  2.094241  5.188981  0.729549 -0.262490 -9.012016 -1.955620  1.712928
  8.657857 -2.290806  2.307660  7.511393 -3.895802  2.195064 -6.341709
  2.939530 -3.352830 -2.726935 -1.175977 -2.749947  0.082060  6.863744
 -9.946819  5.657617  1.558916  5.393592 -6.651565  3.007687  4.416384
 -3.600954  4.869967 -1.914790  8.964076  4.954900  8.397402  4.987899
 -4.249799 -7.268823 -9.544641 -5.010730 -4.577480  0.462452  6.559064
 -6.064744  8.879024  9.726723 -7.151400  0.703844 -9.388659  6.553653
  8.579823  3.591616 -1.170361  3.798731 -7.449241  5.925851  0.079718
  7.061490  8.169502 -9.423750 -9.830044  2.100550  7.719384  9.181369
 -0.826896  6.729979 -4.964383 -2.127146  5.107845 -6.006995 -5.163919
 -1.745821 -1.582241 -6.177297 -6.536317 -2.527794 -3.247467  4.804318
 -9.692359 -2.098015 -8.585817  6.757797  9.266094  3.515162 -7.152789
 -0.778405  2.396238 -7.354669 -2.004816  9.142601  6.770637 -5.645647
  7.382935 -4.956821  1.886871  4.951197  2.918061  3.394673  2.294610
 -0.047529  9.617587 -0.640736  1.697107  3.438382  8.517913  7.762282
  7.900441 -1.274130  4.613445  2.991061 -1.167619  2.043806  1.206651
  0.622598 -6.224442  8.660570  3.352703 -6.391197  3.783778  9.455281
 -7.962741 -0.002832 -5.249408 -6.474752 -4.823937  5.806555 -6.180111
  3.870700 -2.249688 -6.048980 -8.110200  3.812517  0.917056 -6.203950
  2.361094  9.199890 -9.826235  8.299832  8.192085 -7.798907 -8.128987
 -6.889667 -9.372445 -5.958443 -6.489093 -4.543294  9.251478  1.776497
  7.258987  4.388204 -0.687007 -3.355887 -1.275492  8.074380  6.664139
 -5.642349 -3.618444  5.966728  1.640993 -8.358353 -9.923241 -9.716042
  4.899530  7.487648 -6.183808  3.136807  0.311451 -3.795574 -0.489741
  1.121223  5.032691  4.259355 -1.335844 -0.848366 -5.959609  5.532076
  5.359395 -6.310273  6.814066  6.525913 -4.144971 -1.142474 -0.043914
 -4.224529  9.916783  7.536403 -3.999991 -7.935484 -4.678824 -1.919489
 -8.027259  2.080020 -3.478361  4.009554  0.276982  1.635058 -6.436346
  9.045192 -1.875279 -2.254308 -8.801030  5.746021 -2.480044  1.089203
  6.754022  5.716271  6.366333  0.906423  9.444733  1.640961  2.271049
 -0.576969  6.500481 -9.598348  9.069349 -7.367324 -9.036296  0.943042
 -3.705021 -1.551957 -7.796775  8.279816  9.896832 -7.922729 -2.807285
  1.660989 -2.775916 -4.317853  6.375003  6.689197  3.731999 -0.731238
  0.145078 -0.039682 -6.746409 -0.633094 -5.968498 -6.471868  9.436285
  5.804638  4.602700  3.612907  5.833508  9.648444 -1.273022  1.640727
 -6.228062 -5.199158  4.632687 -1.254471 -1.664554 -4.833204  0.525817
  6.461873  1.306908 -9.768723 -0.643108  2.801771 -2.113642  1.725451
 -8.936752  3.895040  2.377187  7.265720  8.184611 -7.675572  5.666137
  4.509477 -4.255995  3.490916  7.601552  4.624215 -8.882455  5.245770
 -0.836568  4.378132 -2.184735  8.069988  5.330575 -1.767404 -5.459164
  9.743055 -4.762563  0.687037  4.120064  2.688589  9.733191  8.295757
 -1.849492 -0.097689 -9.594294  6.929537 -2.072224 -6.107287  3.169185
 -4.625865  9.589034 -2.066503 -9.495377 -3.371662 -3.940576 -4.450541
 -2.710810 -0.791063 -8.447656  8.235552  4.266715 -7.983113 -9.283342
 -1.863415  5.747925 -0.543301 -0.542055 -4.028425  9.634649 -2.092615
  8.506579 -6.573419 -5.212091 -2.463508  8.331964  6.110294 -8.615744
  5.095253 -2.620624  3.289779 -7.646575 -0.048836  6.697202  7.735054
  8.827981  0.971620  7.207279  9.335047  4.484734 -7.016696 -8.793318
 -3.640707  5.144461  4.746322  4.572834  3.872153 -6.914146  6.986045
  7.779145 -4.879420 -1.008948 -3.813258  1.295208  2.367162  4.286508
 -2.428655  2.693973 -0.026430 -6.795448  2.080719 -4.388039  6.159899
  5.809559  7.132938  6.109219 -0.337026 -3.371867  3.977537 -1.644807
 -1.544007 -8.562125 -6.392356  3.705533  2.283456 -3.888916 -9.607103
  9.052891  2.265771  0.740785 -1.949801  3.736357  8.213138 -7.250022
 -8.450082  2.730435 -7.968493 -1.385767  1.284661  1.231858  6.223570
  2.510701  5.153809  3.285505  2.436244  4.734127  3.551858  8.350448
 -4.530762 -7.557880 -7.501865 -3.432723 -1.942927  6.023264  6.240091
  3.854658  0.714858  2.650529  8.758187 -3.388635 -3.210854  5.588402
 -8.413497 -9.303344 -8.740824  7.804346  1.712822 -3.353173 -4.927007
  6.222839 -2.824169  4.223584 -1.833149  1.654176  5.136322 -0.509457
 -4.210127  3.228701  7.235426 -0.578899 -8.587924  8.076256  0.111348
  2.423301  1.811387  2.599811 -9.781982  6.210928 -4.499142  7.221489
 -6.549023 -3.780316 -9.979966  1.787940 -7.439640  6.920116  4.784078
  9.132279  2.690859  5.791463  1.426761  7.955194 -0.469618 -3.228566
  6.961946 -0.102617  9.190231  7.822500  4.861068  4.664593  2.754815
 -5.259915 -7.341513 -8.322287 -2.076691  1.287583  9.346880  1.881619
 -2.676344  1.931390 -3.892555 -9.386192  1.756956 -0.725703  6.558111
  6.058458 -5.722301 -7.764393  7.283352 -3.810032  0.025017  0.999822
  5.549197  6.000736 -5.766437 -5.410439 -7.905103  6.414540 -7.056029
  7.390883  9.468313 -8.805087  2.479332  8.472729 -2.268367  0.345113
 -0.059545  1.964869  6.049394 -9.086573  5.509054 -2.555513  6.221051
 -9.591183  0.950686  1.338599 -4.097452  1.924073 -6.726062  3.094899
  5.998132 -1.779450  3.854449 -5.820033 -2.702268  4.844068 -8.399336
  8.875514  5.631806 -7.540901  4.674964  9.888461 -2.553744 -5.484769
 -9.528025  5.812565 -9.305593 -6.642744  6.832723  4.087367  9.162441
 -0.838332 -6.990117  1.110457 -8.354538  8.028324 -3.441536 -4.863163
  3.857071 -9.232637  4.117714  9.966335 -4.748043 -7.691518 -0.343229
  6.379028  4.939624 -9.462397  2.456136  1.778963 -9.302125  4.221474
 -5.444333  9.961189 -8.059811 -4.297085  5.886170 -1.189870 -5.637767
  7.739216  5.939746 -8.638021 -8.947853 -8.338212 -1.595320  3.130308
 -0.223644 -7.906710 -7.243084 -4.909232 -4.481811  0.037480  0.862405
  2.018561  4.471477 -0.463388  2.699956  7.006227 -2.187632 -7.283664
 -0.942036  7.574164 -3.406051 -1.810457  3.907440 -4.595270  0.055549
  2.499686  5.126385  2.033221 -7.418492  8.760162 -4.496951  3.499468
  4.335262  3.639221  3.021400 -5.881231  1.044551 -1.617386 -4.587403
 -7.605900  6.955214  4.493206 -4.886485  2.152766  9.466544 -4.302355
  9.753203 -6.067136 -7.612287  8.765027  6.268225  3.818191  5.594482
 -0.962745 -4.583679  4.457909  1.871528  0.609002 -7.837084  4.713582
 -8.101919  3.921308 -1.356900 -0.140093  2.881845  6.316123  0.074687
 -2.000666  7.708061  8.552743 -8.328124 -5.592641  5.057449 -3.164590
 -0.496741  7.423492 -6.738408  5.165060 -7.325641 -5.016951 -7.463380
  0.834153 -6.055590 -3.218573  3.240055 -7.009141 -6.625868  5.301212
 -7.314056  7.494537 -5.690127  9.114412 -4.593383 -9.061424 -2.289968
 -9.266401  0.614992  7.358068 -9.497503  7.712864 -3.322188 -2.607061
  1.485484 -6.403091  6.844632 -7.805927  7.215953 -2.330878 -1.280162
 -1.510058 -6.590925  5.125971 -1.871071 -2.259865 -6.314292 -9.998615
 -5.022147 -4.845923  2.944624  8.264960 -5.129966  9.560006 -0.374477
  5.540387 -6.509056 -8.710915  0.824449  2.551642 -8.251801  7.535875
 -3.937964  7.429797 -1.662707  6.570878  3.771821  1.709862 -5.333559
 -0.127550 -6.387445  2.835999  6.478006 -7.272305 -9.676954  2.682386
  0.362546  0.927124 -7.849514  2.320757  6.309702 -2.225711  4.552088
  3.953996  9.265321  8.165250  5.065554  5.678511 -9.214277 -7.690762
 -0.217873  0.684116 -8.938979  1.520417 -1.663537  1.302732 -2.725091
 -8.334214  8.466518  8.745473  6.570416 -7.428748  5.240961 -3.857606
  3.891148 -6.429685  5.060501  8.968240 -2.900199 -7.850053 -8.749363
  6.659729  1.689518 -3.051705 -7.637202  1.027235  5.240622  4.323092
 -4.150589 -7.542945  3.968761 -9.090450 -6.318254 -7.680808 -0.879717
  9.966829 -8.325478 -1.967023  4.221065 -1.297486 -2.449387  6.268040
 -9.259645  1.866893 -6.279381 -6.731395  8.636908 -4.964070 -0.874042
 -2.457354  8.281898 -6.450777  7.149775  4.470154  3.529045  7.872396
 -9.489623  2.242430  4.272699  9.491950 -5.829781 -7.704898  4.005265
  1.316486 -0.322793  6.193898  4.043140 -5.899602 -2.875254 -0.549176
 -8.046652 -9.754791 -5.676046  0.796262  2.936416 -3.949142  3.323148
  1.475800  6.519576 -1.722771  7.986641  9.629210 -4.954180  7.552954
  2.345647 -9.500402  2.990965 -6.483484  3.734413 -1.240741  2.880504
 -7.648383 -5.454973 -9.812936 -6.671169  0.388944 -7.983529 -5.785747
 -1.535046 -0.047900 -2.761873  4.267641  9.882132 -7.096538  1.022279
 -8.980421  1.557108 -7.548554  3.662302 -4.255440  2.534118 -4.438421
 -6.489961  9.333480 -9.877377  5.944324 -4.549526  3.465237 -8.875221
 -6.692634 -3.450940  5.802600 -2.567510  5.472787  2.875983  6.324770
  6.758971 -7.843778 -6.138558  1.220110 -2.667352  3.477854  1.543906
 -4.634859  5.064640  4.047905  1.632271  2.426933  4.483320  7.984057
 -4.406933 -0.303437 -5.905815  4.762018  2.971837  8.222684 -9.638425
  5.849615 -5.401925 -7.784862 -8.991096  8.232396 -4.687653  7.611636
 -7.035563 -4.324249  4.497785 -9.136945  7.989863 -3.984460  7.147749
  8.515889 -2.978045 -1.877133  9.967047  5.226465 -5.710296  2.571958
 -3.437590 -3.046926 -9.374364 -1.790694  0.539624 -1.995641 -0.739464
  5.636066 -1.238457  1.521390 -4.143318  0.634117  6.364972  0.105285
  9.072454 -6.390227 -5.289277 -4.726770  7.731184  5.560925  1.710969
  3.695461 -4.092005 -4.889681 -7.604475  4.053697  3.778841 -7.196191
 -9.789839  0.417462 -0.034204  8.258749 -7.110908  9.235149  0.845433
  3.502422  4.710589  6.813973 -0.605484 -8.650777  3.443815  6.230009
 -8.299683 -4.494032 -9.955527  3.712211 -6.335645 -7.811095 -4.888588
 -9.809276 -4.510804  5.937015  2.126472  9.361230 -3.345276 -1.614349
 -4.693686 -2.856155 -2.155723  7.307078  3.967815  2.438796  4.166546
  4.461448 -8.880985 -9.648885  9.887439 -5.746061 -9.438845  4.696715
  8.007351 -6.528611  1.092208 -1.619142  6.908245  1.472681  5.343134
  2.829703 -6.926208 -6.855331  4.369919  5.601083  1.785557  7.572763
  3.667339 -6.009577  4.931107 -0.884111  0.307604 -5.749703  3.697014
  6.081343  2.658548 -8.231332 -1.765944  5.651747 -3.604444  8.394240
 -2.525696  5.966310 -5.977085 -9.902945 -2.371587  1.482386  0.595087
 -2.863237  4.580917  4.846005 -9.856126  9.505698 -7.674749  2.473048
  2.799122 -0.338362  0.829652  1.522595  2.472214  9.882026 -1.394934
  4.092634  1.517528 -1.177839  2.399374 -7.340878  4.667991 -8.027674
 -3.793428  6.919463 -4.964417 -2.081787 -3.776645 -0.380984 -8.213736
  0.357130 -6.033334 -2.328001  3.860883 -7.369481  0.864697  5.601311
  7.981673 -8.768500 -0.163581 -4.026498  4.598735 -0.551113  2.432127
 -3.441886  5.545292  2.131584  6.588257  8.216610 -1.459520 -0.971704
 -9.591480 -8.676101  7.173101 -8.586351 -9.266871 -5.104336  0.763116
  0.324633  0.890673 -7.389772  0.671870 -7.541839 -0.061346 -6.705351
 -5.516531  3.708088  8.269272  1.617467 -0.561544 -5.486428  4.735340
  9.148081  8.315902 -1.833332  1.741294  5.845022 -2.693817  4.665876
 -5.930264  9.044189 -7.119482  1.679698 -3.312949  1.008558  8.000450
 -3.131488 -8.687607 -2.178165  1.895968  4.193861  5.761586  9.374880
  4.906242 -6.389908 -8.324455 -9.016414  8.119600 -2.955811 -6.427092
  8.649445  2.005515  0.599935 -7.760803  3.870249 -4.099728  5.379540
 -4.045611 -0.982734  2.842015 -8.527356  7.238355 -7.040010 -5.911372
  0.885856  0.100517 -3.004382  2.281988 -4.168736 -6.876876 -0.635667
 -2.459369  5.389956  0.807605 -3.587965 -0.115395  2.089376 -0.520637
  1.105426  7.248256 -3.337859  3.400062  1.253624  3.815463  6.160925
 -2.778241  9.156160 -0.977607  4.575823 -3.069183 -0.866356  1.586802
 -9.457061  5.834895 -3.837749  2.522324 -9.201550 -4.856042 -3.517552
 -6.205061  6.698385 -2.134658  3.328395 -9.754055  3.529730  6.153934
  4.502402  2.474064  0.207830  3.363316 -3.421834  4.595648  3.813948
 -0.978672  9.247619 -6.446467 -0.952157  5.283230 -0.693654 -3.509053
 -7.437471  5.351548  1.724414  0.219487  2.619627  6.962725  0.860544
 -4.119518 -3.276016  0.040676  8.945559  0.042967  4.143126  1.516639
 -7.879621  6.137104 -2.670920 -4.223427 -7.588975  8.917813 -1.130443
  5.061148  0.082678  6.505362 -0.349368  0.575939 -6.078479 -9.508906
  1.312781 -1.287289  0.575890 -5.976579  0.380415 -9.040887  8.408187
 -2.023849  2.449088 -9.669898 -9.098951  0.367255  5.929770  0.220912
  7.612958  8.245131  6.817661 -9.532115  7.505924 -3.908306  5.506051
 -3.640693 -1.596680  6.633148  8.144503  6.888121 -4.396965  7.785469
 -2.356445  2.608280 -1.320286  3.243718 -2.425465  0.355724 -9.263067
 -5.853720  5.054897 -7.550931 -6.656985  8.624249 -0.892309 -6.325912
 -8.162356 -3.912569 -3.615477 -2.455588  4.170476 -1.718220  1.079840
 -9.296804  7.915210 -1.725995 -8.591274  1.723561  4.513527  1.962525
 -7.120866 -6.767266  9.288223 -5.652498  4.303595 -5.468628 -8.097052
 -0.785462 -7.171046  2.232443 -1.892633 -2.048497 -8.823779  5.630193
 -0.960224 -4.958034 -1.644106  4.857768  1.273131 -7.264898  6.605939
 -0.027986  8.519676  1.807504  8.369025  3.512590  4.264485 -7.219113
 -1.083583  8.827360  6.300350 -0.745935  2.064699 -9.528958 -7.475009
  1.604206 -6.565126  4.406794  8.696262 -3.411594  3.105922  9.621363
 -7.634931  8.947132  5.413288 -8.184009  2.717516  2.667307  5.301551
  5.486000  4.693218  6.072881 -0.236358  5.714187  9.036746 -7.805993
 -6.555891  9.487269  9.809504  9.334011 -9.342502  9.655532  3.001341
 -2.627797 -2.976778 -8.806493 -5.695648 -0.083585 -2.305609 -9.214030
  9.891454 -8.974286 -8.322423  8.620537 -9.420564 -2.456102  3.119119
  0.026720 -5.473570  1.922973 -3.038840 -9.710989 -9.281876  6.090346
 -3.428064  8.002705 -8.266000 -6.977906 -4.350258 -4.055910 -8.981496
  0.570013  3.258153 -3.994609 -9.024026  5.298404  4.093974  0.533282
