1 0 0 0 0 0 1
-6.39350158529 -4.04458291411 1.58014294103 0 0 0 1
5.23580717597 -5.79405719997 -0.330230275031 0 0 0 1
2.12890498753 3.77495375735 -6.07604056868 0 0 0 1
9.21142602883 -5.15547103296 -7.25111162479 0 0 0 1
7.29519755449 3.05836674211 -6.43367146265 0 0 0 1
-2.49221567823 -9.96089945411 8.20693526588 0 0 0 1
-5.48729942786 -7.57829296411 -0.348179976813 0 0 0 1
-2.30348957612 -8.95207981671 -0.20787810738 0 0 0 1
6.85403152047 5.00520116005 1.29076288682 0 0 0 1
-8.4030563199 3.8108459675 4.3325085144 0 0 0 1
7.89228090088 -0.933706597871 5.84877833701 0 0 0 1
3.96151746793 -3.97966644528 1.08205524461 0 0 0 1
-8.82548475948 8.80231000194 5.53162845683 0 0 0 1
2.9840027118 9.51295975724 2.64970159239 0 0 0 1
3.94112926343 3.84077576789 -7.80311410334 0 0 0 1
2.58691835554 2.00078284116 7.35703474424 0 0 0 1
-7.01665355286 2.01411490337 -2.16204212098 0 0 0 1
2.71007709043 -5.49273690997 -0.341997578967 0 0 0 1
-2.34763123301 1.50262372005 -5.93485665739 0 0 0 1
2.62686965562 4.7665156152 -0.683250211351 0 0 0 1
-9.89037737898 -2.59264749693 0.925856655889 0 0 0 1
-1.28714187387 -6.61458300431 8.86852094366 0 0 0 1
1.72340576948 -2.91678242005 -2.64380883295 0 0 0 1
-1.79423388556 8.42523717055 -8.94103827639 0 0 0 1
-6.55459195589 -6.56734117584 4.64389127457 0 0 0 1
-2.83070905052 0.533069798179 0.0839087103025 0 0 0 1
-7.25178769077 3.00098972488 -8.32809082828 0 0 0 1
0.325469353334 1.78594254453 -8.44325497438 0 0 0 1
2.07990416546 -6.381788164 9.90028143398 0 0 0 1
3.28058010322 3.76140581436 -1.23652027959 0 0 0 1
5.4674746931 8.39115471424 4.34107031556 0 0 0 1
9.2479054014 5.62732704275 1.29013472894 0 0 0 1
-0.641101261542 2.75471658654 -0.722910690488 0 0 0 1
0.732729919993 0.600400559029 9.14861156252 0 0 0 1
-9.10890010202 -3.58351393094 4.91389711979 0 0 0 1
-0.414553216628 -2.57484708517 6.94917787659 0 0 0 1
-8.67780280842 -8.2441512063 -2.87687619609 0 0 0 1
-2.08527685837 -0.924604723752 -0.968817106513 0 0 0 1
6.82966212764 -3.32881414728 9.91050606836 0 0 0 1
1.61697806729 -4.83496747725 8.27260979387 0 0 0 1
5.44820270143 -6.8220569624 -4.69412521259 0 0 0 1
-9.9462688047 2.06230676669 8.89015633173 0 0 0 1
-0.556014546095 -5.05848409775 -9.13801017056 0 0 0 1
2.30887578131 -6.75391268722 2.01537635505 0 0 0 1
-0.706147427003 -3.58242126233 -2.16294789733 0 0 0 1
4.12216517334 1.03636763523 -8.97654472127 0 0 0 1
6.38682758204 -3.89392560959 0.591686646729 0 0 0 1
0.315203487532 -9.81019982604 -3.68753836835 0 0 0 1
2.42791107802 -4.07536721425 -3.26063729817 0 0 0 1
-6.30326476925 -6.68360471447 -4.77578520485 0 0 0 1
8.86688758107 8.65394837724 -6.30687870018 0 0 0 1
-5.06056167314 4.07278334976 -0.0165066435131 0 0 0 1
-5.23440919693 -9.80023355855 -5.74611238335 0 0 0 1
7.26499517203 -3.20314619555 0.708343280708 0 0 0 1
5.20815320058 8.27050552145 2.99196088366 0 0 0 1
6.43233547968 4.89261871621 -4.23387817936 0 0 0 1
6.56738406242 -9.61586162892 -5.88711075138 0 0 0 1
-6.81080711195 -8.72461815422 -5.27749713333 0 0 0 1
-7.77447496079 -0.549732514305 -6.66694650108 0 0 0 1
-6.59829613319 -6.47379053923 -8.29509484259 0 0 0 1
6.58432253412 -7.75663525573 9.76284751895 0 0 0 1
-2.99001354372 -7.92403767531 -5.29528906596 0 0 0 1
0.574141699941 -4.33253857801 0.0929847791682 0 0 0 1
-7.3997199075 -8.4502907318 -8.43390924214 0 0 0 1
0.894694291856 3.53859617554 -0.748264799625 0 0 0 1
-0.606913781657 2.89795319992 1.78366950409 0 0 0 1
2.31057134513 -0.80675934794 -6.28390793629 0 0 0 1
9.62102972523 2.38691715743 -8.31347894564 0 0 0 1
1.00361789769 7.61311388961 -8.15853868463 0 0 0 1
7.76488465407 1.9527254223 7.33232239756 0 0 0 1
-1.66695185876 -0.973333015906 5.81020856668 0 0 0 1
6.94940232262 9.80463497188 2.9713627632 0 0 0 1
-7.28800183746 4.61598077958 1.89645242198 0 0 0 1
-2.27199523549 -7.64368380571 7.2083186795 0 0 0 1
-8.44385635746 -9.59827527405 6.69154810123 0 0 0 1
0.58541455385 3.83339461002 4.21296636986 0 0 0 1
1.23059767811 -3.54572830023 -4.57784803244 0 0 0 1
0.157507911451 4.68991738053 2.2631611885 0 0 0 1
-9.99118498444 8.10472865558 6.67597635623 0 0 0 1
-7.5607883514 4.81478329579 -2.7907322051 0 0 0 1
-4.77799170396 0.486226562919 3.11117741009 0 0 0 1
6.09964488004 -2.37136115417 -2.72773534154 0 0 0 1
8.82380057709 2.38871727033 -1.77230152732 0 0 0 1
7.81265513421 3.41165604705 7.35230100705 0 0 0 1
-8.15432918514 -3.26017273191 6.13299264307 0 0 0 1
8.97375096317 -3.82354462587 -7.47617679577 0 0 0 1
-8.84158182236 4.18546822334 -7.14531777212 0 0 0 1
-6.71698882666 -8.03594926883 7.3304296024 0 0 0 1
-4.53704370658 6.54876748815 1.30190390006 0 0 0 1
2.75912345391 3.1412469348 4.9038111691 0 0 0 1
-9.27341705482 -1.90876778391 7.39288271533 0 0 0 1
-6.27004533492 -4.78932974476 -4.86803084796 0 0 0 1
7.82237831147 -9.7922673745 2.65187990268 0 0 0 1
-3.19530440977 0.217839502354 -2.25314788752 0 0 0 1
8.4172970004 -0.184379965409 -9.62672675023 0 0 0 1
3.93133363543 4.14363668265 9.74605673467 0 0 0 1
-6.33975319993 -6.1239874901 1.54837425078 0 0 0 1
5.14933884451 -1.04546423158 -3.82852049814 0 0 0 1
-0.206904082927 -9.89937092992 7.72944999228 0 0 0 1
