 1100 0
 4
 0.E+0,  0.5D0, -.025
 -1.0E-14, .F.
  1.000000  0.000000  0.000000  0.000000  0.000000  0.000000  0.000000
  6.493910  9.615831  2.200074 -5.197408  3.977877 -7.896516  2.726349
  3.083544 -5.076185 -9.060762  9.152955 -9.985422 -7.097627  6.655624
 -8.544648 -4.290656 -7.595174 -7.968387 -4.058219 -7.292622 -4.104869
  3.342489  8.301596  8.778919  3.842123 -3.449398  9.261826 -3.681776
 -1.627147  8.621187 -7.305045 -9.371570  1.660040  5.554487  8.899724
  4.547155 -6.789243 -1.129515  4.078205  1.037894  9.044809  6.606777
 -3.625317  5.405286  0.741516 -1.940377 -0.275882  0.989453  8.492192
 -1.552277 -7.148923 -6.206083  5.516429  2.170229  1.003758 -8.186501
 -0.758306  1.663005 -6.238822  7.318045  7.666522 -6.792520 -9.298447
  6.837988 -9.218368 -7.609398 -0.680763  1.654160  8.688242  1.906556
  3.875800  1.332776 -1.684149  0.439956  6.112403 -8.815882 -3.146714
 -4.771598 -5.395212  7.896329 -2.590503 -5.352418 -6.899698  9.407789
 -9.209387 -1.140733 -0.749738 -4.043978  3.783624  0.152126 -0.608362
 -3.626432 -1.057499  4.038870 -5.909893 -3.844997  9.675812  3.122556
 -5.714166 -6.423289  4.624843 -8.127102 -2.840376  1.883891  5.206380
  0.514091 -8.422281 -9.735317  5.633582 -1.823328  4.686312  0.701545
  1.663469 -4.383085  1.252609  5.417903  3.456356  4.702003 -9.922911
  8.524716 -4.246718 -3.900961  4.268912 -1.278786 -8.171649  4.781885
 -5.743179  8.923603 -3.939489 -3.407333  4.537426  5.196229  6.996063
 -8.893819 -9.143697 -4.868719 -6.150056 -7.378311  4.230442 -0.332520
  8.151762  4.262810 -8.324574  5.245799 -5.878377  1.982190 -7.339405
 -5.037891 -3.719131 -4.167800 -3.488407  8.468222 -3.726631 -3.378232
  1.959506  4.861837 -5.737800 -0.173293  5.523934 -4.942447 -9.771386
  9.326852  5.751319 -4.797085  7.809966 -5.381084  1.119638  6.140937
  9.384909 -8.127924 -3.177695  3.819654  9.664757  7.623876  9.530265
  2.476711  5.002710 -4.233496 -6.698640 -9.430705  5.392550  1.471991
 -7.027180 -9.743857  2.940171 -9.946085 -2.154447  7.039428  1.552059
  8.449123 -3.399486 -7.090459 -4.309997 -1.335794 -4.463882  3.168606
  7.496529  0.377502 -1.270790  7.615291  3.295787  0.816325 -6.257144
  2.011588  4.742476  3.729647  2.205286  1.453456  6.435722 -5.778058
  2.744404 -1.365084  1.790452 -4.013293 -4.675966 -4.679061 -3.711947
  7.057068  4.030450 -7.345714  5.635708 -3.715239 -6.698905  2.087627
 -3.889854  9.047416  5.546046  3.455848  2.352550 -4.413602 -2.288678
  4.965641  5.603614 -9.271717 -7.975144 -6.984484  8.471484  0.787880
 -6.944429  9.324397  0.967672  4.873723  2.395626  0.992512 -0.157517
  6.886987  8.949495 -3.415478 -7.725372 -0.120858 -4.511936  8.878161
 -7.769264  6.535930  3.209508  1.607853  6.724839 -4.545136  8.852018
  2.968914 -7.262506 -0.422932 -4.055832  0.394067  0.318560 -2.302039
 -8.645714 -8.871630  0.980039  4.381589  1.843155 -3.550843  9.510504
 -2.755387 -0.559137  7.810188 -5.005039 -3.088930  7.079066  2.159952
 -0.877743  5.405378 -8.611224  0.701305 -6.908613  9.070391 -2.810096
  3.377137  6.805131 -1.249428 -1.753753 -6.526618  0.668582 -9.991485
  1.649685 -5.236428  5.281167 -9.764844  7.653298  6.405782 -9.305801
 -6.938574  2.525187  7.888472  9.825163  8.618061 -4.544960  0.882034
 -2.859918 -5.065854 -8.275878 -8.324051  4.234900  2.382646  2.801466
  7.838121  7.533590 -9.162604 -5.642246 -8.404783 -4.881777 -3.053913
 -7.442102 -3.453697 -7.955175 -3.897466  8.785175 -0.309840 -2.921714
  7.489567  9.543336 -2.033074 -6.363245 -1.342052  8.893170 -9.880368
 -3.874750  8.361701 -2.639859  5.793356  8.060219  9.896362 -4.158256
  6.397123 -0.837539  6.390420 -1.226499  5.585992  4.109419 -7.212802
  4.503322 -6.608896 -1.222404 -9.791240  4.401159 -2.573968 -4.736455
  0.711836  3.182774 -6.675083 -7.897914 -0.959296  7.943343  7.735659
 -8.965992 -3.472238  7.182103  9.916945 -6.071648  4.316524  3.789742
 -0.101014 -3.973343  8.036700 -1.398897  9.614998 -7.219567 -8.421378
  3.129357 -0.896407 -1.839159 -4.238818  9.940589 -3.809398  6.138295
 -3.310564  1.859986  9.238711  7.883186 -2.177504  1.581381  9.774309
  3.065346  7.077895 -1.929299 -9.483193 -9.771094 -3.680074  2.349320
 -2.400802 -5.046385 -7.220374  3.309115  4.477699  8.005403  4.143730
 -3.195040 -4.964682  3.758498 -5.266933 -1.793794 -4.826639 -4.286760
 -1.089198 -4.351366  5.555668  4.431121 -2.911494 -1.687160 -2.212235
  2.977136 -4.458197  5.979806  5.862601  7.471158 -0.424240  5.038269
  9.727110  0.503528  6.844634  3.636196  1.810305  2.606804 -9.501962
  0.517216  8.020312  8.981293  5.421663 -9.159437  6.028478  0.278030
 -1.833199  9.076016  3.136860 -3.789946  4.645340 -6.240451  1.185546
 -1.464043 -1.861367 -6.877804  7.958359 -3.206633 -6.967091 -6.436610
 -1.524126  5.593238 -6.888291 -4.254408 -5.053050  4.876702 -4.965209
  6.804768 -4.899395  2.869372  7.052583 -1.206021  2.507585 -3.895718
  2.703222 -3.143041 -5.052288  9.753230  8.959793 -5.847375  9.608435
  7.424665  6.120485  8.511568  7.397288 -4.420667 -1.307356  9.107216
 -3.172426 -8.052903  8.606065 -8.445539  0.140717 -1.255466 -2.550908
  5.729465  1.191415 -7.044431 -6.658303 -9.863245  5.674917  9.372548
  7.084557 -7.577797  4.908211 -8.304474 -9.864285  5.549627  2.365196
 -2.048568  7.233421 -3.335053  6.748012  6.078274  3.250596  3.053484
  8.207230  1.015532 -2.900111  2.049057  0.079758  8.405210  8.300245
 -6.040226 -8.601599  9.180048  6.771240  0.094000 -7.702737  3.189222
 -5.745445 -8.485682 -9.589513 -6.715515  9.334434 -1.365170  2.100473
  5.360876 -2.985884  7.768377 -8.236000  5.139274  2.904801  7.807852
 -8.969909  1.311653 -8.699125 -1.891191 -3.319379  9.114412  1.575805
 -7.186802 -1.469780  8.987191  4.854485  5.098761 -1.837773 -8.945053
 -0.831038  7.125317 -6.805126  0.570102  7.813589 -7.044005  3.505511
  5.246503 -9.669485  8.649923  9.355121  5.522941  2.270594 -4.887206
 -7.244196  9.874222  7.671130 -3.545168 -6.362772  7.695281  6.167421
  4.698130  0.843936 -7.779440  2.854125 -9.805570 -4.975541  4.069786
 -1.672252 -3.573008 -0.670347  5.077465  7.451426 -4.772308 -2.036134
 -9.936776  3.250444 -6.178534  1.447761  9.425722  1.515480  3.031955
  0.714096  0.107142  9.226491 -3.612000 -5.703426 -5.258548  1.978464
 -7.808154 -4.038052 -8.213963 -5.271415  0.628852 -6.876939  4.381046
 -9.934695  2.665761  3.921443 -6.337587 -9.310691 -9.296341 -1.445273
 -0.283440  9.899633 -8.299018 -4.737442  8.405280  7.501007  3.080041
 -3.763635  1.667422 -1.279385 -4.101072  2.135105  0.134968  0.397393
 -7.662133 -5.994198 -1.611427 -0.808584  7.691706  7.522138  4.636980
 -3.617412 -4.545667  6.117731  0.894716  8.185359 -4.074379 -0.855327
  9.387756  9.065554 -6.324144  4.878006 -8.319565  1.351978  6.581622
  9.261843 -2.151264  2.488210  9.756709 -1.529117 -5.476933 -5.235644
 -4.296657  9.349817  9.648191 -2.981127  7.049794  0.472313  3.277638
  4.973640  5.919288 -2.523268  7.826976  3.046389 -4.925327  4.512838
 -8.138890  8.668793 -0.537332 -8.350356 -2.004174 -2.850565 -1.607336
 -3.762881  7.782603 -9.433843  5.029907 -6.367350 -9.448273  9.169921
 -0.936713  3.756152 -8.391504 -3.483371 -8.317650  8.151985  0.102810
 -5.482327  6.609193 -8.099741 -6.402462  5.266283  4.608031  2.904905
 -4.703719 -8.064605  6.674885  6.608566  1.376130  7.279890  0.257994
  9.598470  0.548525  5.343131 -4.221763 -2.312330 -6.324716  4.216054
 -7.882581 -4.693331  0.496055 -9.032683 -2.444901 -2.572252 -1.439142
 -2.607193 -9.780902  5.001008 -3.373170 -7.150133 -4.958485 -4.594518
  0.688085  7.619391 -2.967763 -7.883271  4.717529  5.889841 -2.535355
  3.548485 -8.316338 -7.052267 -9.719049  6.963205 -3.896623  9.400911
  5.269996 -9.548873  0.898426  0.506145  1.845483  6.958913  8.994010
 -0.907204  5.653734 -5.761413 -1.336922  2.373804 -2.411317 -1.509340
  2.338330  0.233542 -5.359066 -9.151230 -8.641820  1.675330  5.991587
 -5.202833 -1.147426  8.234337 -7.704413 -0.611711  3.249597  0.203331
  6.394528  4.624799  3.869781  6.279591  0.208680  3.749253 -2.110561
 -7.738570  3.691744  1.071768  6.731563 -8.708669 -4.286879 -3.356510
 -4.670873 -3.242405  9.095915  9.186183 -5.228119 -1.671659  8.872797
  7.871180 -1.477822 -6.996972  1.307485  1.348806 -8.802106 -9.627821
  6.412571 -3.817376  6.740145  8.443136  3.676498 -9.139829 -1.941523
  7.040596 -5.688178 -0.169391  9.780970 -2.357442  0.511140 -2.367539
 -0.688816 -1.206676  6.714087 -2.539151 -6.255564 -3.985345 -7.506074
 -9.699436  9.096026 -9.629961  0.501049 -3.504406  0.705490  7.517068
 -1.244609 -4.564031  1.570142 -3.333522  9.862226 -7.110112 -8.357557
  1.381301 -3.582893  5.877747  5.840691  0.576034  6.118064 -3.351428
 -1.662030 -6.262557  2.029407 -8.840193 -3.482021 -8.837328  1.354532
 -4.192821  4.414645  7.989872  4.089876 -7.593302 -0.209624  6.846984
  2.566472  8.696038  8.205236  2.740646  5.803082 -4.504334  2.706808
  6.980816 -9.981927 -3.319499 -1.555266  4.904350  2.494080 -4.903761
 -3.778565  3.564458 -7.503328  2.240362 -4.443406  0.526699 -7.964063
  5.680813  3.011327 -6.848146 -6.417258 -6.255943 -3.849289  9.929918
  3.001306  9.431859  6.276745  2.563828  8.780201  6.083147  6.117458
  4.161659 -7.659451 -8.779731  3.270790  4.097268  4.140946 -0.467203
 -5.793289 -1.749243 -3.965045  3.266845  3.680187  8.889009  6.747085
  7.060204  2.938806 -4.946089  5.307229 -0.107710 -7.863457 -2.147859
 -4.126155  1.711671  9.645159  4.081314  3.366353  2.701074 -8.860302
 -1.051934  3.449075 -8.527750  9.154229 -4.116136 -4.095225  3.941777
  6.984546  9.022280  2.181527 -8.431436  7.950193  7.975482 -9.185330
  5.104275  5.790544  9.859334 -0.935872 -1.983349  8.316297  7.133097
 -8.758533 -9.803409 -1.304417  2.985517  6.436707 -9.427024  5.939305
  3.880924 -9.692889  4.025659  3.766629 -6.947049 -1.914417 -8.902401
  8.214764 -6.173657 -9.259209  2.656592 -4.175160  4.862386 -9.490426
 -2.416583 -5.606763 -8.960774 -3.979798  2.996679 -6.856116  0.449206
  5.647984  2.336824 -2.312068  3.456701 -8.198914  7.685275  0.442000
 -4.537917 -7.909857  3.822668  3.562229 -7.946569  2.668629  8.596383
 -2.869678  8.711902  2.553658  2.895881 -0.917173 -7.212118 -9.040173
 -0.720452 -2.123088 -6.684490 -5.119177 -7.251781 -4.734972 -0.043720
  8.553179  9.074794  3.956490 -6.777895 -7.324987 -6.668402  1.731959
  4.643116 -1.352745 -6.418364 -0.107767  0.807657 -6.170952 -0.936838
  7.773642 -5.666759 -8.853248  9.790542 -9.890520  6.856099  0.605937
  4.844155 -7.639417 -6.131046  9.980326  3.337662  5.881118 -8.253040
 -6.667135  8.274731  2.762822  1.536481  9.549253 -7.221638  0.825005
  4.873636 -8.196569  1.116969 -3.185858  5.139656  9.911969  6.910024
  8.159302  3.118173  0.437658 -7.307703  2.290102  1.602097  9.427236
  1.236026 -8.945963 -5.678137 -5.938173 -1.789129  3.630606 -8.838744
  8.662677  6.028457  4.062399  9.046665 -7.091332 -5.384951 -2.900139
 -4.868210  1.447684 -7.287116 -2.449452  1.226850 -3.515233 -8.138664
  9.035231 -2.213407  7.011290 -2.175958 -2.002192 -0.358954 -2.440931
  7.671056 -2.748145 -3.571131 -9.766968 -8.354365 -3.148467  1.149387
  7.212766 -6.252475  0.911690  2.655577 -4.685437 -6.930180  8.827294
 -4.611795  5.419744  5.173379  4.820438 -4.318010 -6.944033  3.119961
 -3.563751  0.328129  0.964127 -4.655992 -8.067284 -2.769830 -9.791889
  8.979945 -2.090714 -3.939905 -1.989283  7.815113  2.672685 -5.863561
 -6.464629 -8.544184 -8.788165 -5.215697 -0.002849  2.969664 -2.199377
 -4.183109  5.527510 -6.209752  8.721462 -9.347835 -7.459513  3.813631
 -9.628921 -7.069965  0.709428 -0.496158 -3.182307 -4.646757  0.062278
 -5.753988  5.491356  3.036022 -2.581411 -0.289882 -6.357801  4.727030
  1.213214 -2.659945  1.751145 -0.999408  1.660484  8.574623 -9.597841
 -1.223757  2.837295  3.187926  1.312608 -4.747890  5.409350 -6.666139
  2.462868  3.306273  2.111252 -8.329634  8.958115 -9.784271 -5.102567
  1.239095  1.382364  2.543383  7.674388 -2.369905 -7.278916 -0.270341
  4.789080  1.820300  3.920917 -2.520068 -7.459963 -5.176804  6.421997
 -9.040788 -1.011611 -2.193882  5.664836 -0.208065 -2.162469  9.619599
  2.234859 -1.492766 -0.944316 -6.134872  1.998264  3.635962  4.079801
 -3.063586 -8.435221  0.495058  9.783104 -9.939591  2.812255 -4.214698
  8.779776 -6.630629  9.442706 -4.600462 -8.050922  8.856995  2.650295
  6.588244  6.947434  5.817526  6.992742 -3.588569  3.211977  7.493616
 -6.151387  2.590102 -2.164819 -4.985038  8.166067  9.104572 -6.216357
  9.076597 -0.103292 -9.419568 -8.690522 -2.271400  1.021669 -3.176445
 -1.921401 -7.776593 -2.374228 -2.571793 -6.221479 -5.683698  5.420256
 -5.341598 -9.216705 -1.893569  5.962792  5.717181 -0.805438  9.885490
 -1.938827  0.668611  1.308212  8.304596 -4.662305  4.562753  0.850046
  4.081196 -2.594458  1.161036 -3.091286 -4.679796  2.528813 -5.811819
 -0.421985  9.003835 -8.880045  0.765200  8.282603 -3.205455  6.583776
  8.769706 -7.274333  9.151617 -6.138681  9.617253 -0.274419  5.403657
 -1.817891 -6.210385  7.746730 -8.120002 -1.373452  3.614150 -3.211805
  1.540464  2.347825  9.937423 -6.414621 -8.060293  8.607052  1.413138
  8.233217  8.740293 -3.959906  9.548631 -8.532824  9.439149 -6.855228
  8.702703  7.424465 -3.268257 -3.017722  2.700096 -0.299541  8.159105
  1.754334 -0.839536 -1.558877  3.672758  4.962142  2.579772 -8.252583
  9.554855  3.552871  6.853478 -2.995205 -3.568486  1.157963  1.890838
  0.250606 -9.392825  1.901964  4.686411 -8.675995  0.095855 -7.980190
 -7.306614  5.754868 -4.924686  4.992994 -9.983381 -7.106091  9.219433
 -3.036495 -7.759845  6.488277 -9.961515 -5.369882  4.535586  7.149035
 -0.414650 -7.403798  5.576260 -1.954729 -3.843243  8.161057 -3.170010
 -1.558928 -7.383273 -0.341772 -6.010373  6.489405 -4.950206  5.745047
 -3.068702 -9.349855  4.795588  2.597815 -5.879724  3.779472  1.584393
 -7.559226  3.966339 -9.216721  9.021417 -7.334750 -4.771465  2.305737
  7.116515  3.187478 -5.187948  3.244289  4.129648 -5.668292 -2.467353
 -1.312113  8.592297  8.667224  0.426658 -4.569965 -3.938558  1.881706
  5.284163 -1.852452 -7.252279 -7.695127 -2.454070  4.522863  1.542453
  9.744474  5.591681  5.683223  2.590966  8.425357 -5.313961 -1.258503
  7.832321  2.008671 -1.034796  9.793885 -5.142286 -9.432250  0.221462
 -0.337646 -3.037892  6.611364 -7.387169  3.944208  3.257452  4.054360
 -8.858782 -4.961298  0.767924 -3.253909 -5.619049 -5.289185  8.339084
 -7.293248  6.262726 -8.370942  2.885067  3.389660 -7.891375 -0.409438
  1.912460 -8.845478 -0.817631  9.125371  3.090968  1.369071  8.721871
 -6.600971 -1.968838  1.310650  8.018897 -4.661802 -8.150868  1.589655
 -7.514487 -9.029959 -6.281402 -2.835571  8.553270 -2.116382 -4.477953
  2.879627 -5.813879 -7.835888  8.301168 -8.124981 -4.082596  5.946480
  6.612362 -2.130857  5.423955  0.390813  0.314112  3.368060  7.582486
 -6.254140 -9.008838  3.431063 -3.346307  2.212949  8.313446  4.904373
 -2.949977 -2.100716  7.496060  4.119622  2.952872  0.407985  2.460257
  9.541038  6.863928  9.865608  0.294965 -1.609900  5.523622  3.993259
 -9.143027 -3.009830 -4.711559 -3.673127  7.110677 -9.802817 -9.590520
 -1.304547 -7.342306  9.094695 -3.391015 -0.477843  5.803047 -6.213190
 -2.934131 -4.348186  1.501629  6.173924 -5.248329 -5.776523 -7.760872
 -5.355649 -3.277268 -2.460883 -4.275892  2.285651  1.448397 -7.105356
 -0.791708  7.478032  4.676041  3.450165 -2.092039  1.120170  5.717364
 -7.767426  7.165806 -0.157318  2.920592  6.575962  5.400996 -1.685317
  4.893319  0.613928  8.974185  9.093632 -0.040284  4.539547  1.748909
 -8.402283 -3.517891 -1.831504  8.038399  7.983882  4.685811  7.766612
  2.767947 -5.697233 -4.747034  0.382131 -3.836552 -1.488662 -4.531713
  9.864758 -5.272698 -3.997515 -0.096683  3.477771 -1.923463  3.085353
  3.596895  3.223623  2.259263  1.302027 -8.483262  4.320027  0.505412
  4.412389 -3.137678  6.537764 -2.757062 -7.092497 -3.570291  3.131778
 -9.156624 -8.416362  3.721607 -8.029430 -8.276833 -4.117153 -4.100720
  8.091638  4.212382  7.995267 -2.786424  2.488532  0.796213 -9.243239
  1.452147  8.061066  6.711390 -0.960887  0.599736  6.915820 -1.624676
 -9.658102 -6.959316 -4.375071 -0.107061  2.198656  2.469071 -3.972499
  3.239474 -2.567286 -3.652389 -8.128172  8.953941 -4.503635 -3.969745
 -5.068906 -3.739241  3.088035  4.657431  1.334313 -7.597422 -5.409307
  9.998652 -4.804112  5.268796  4.523321 -0.727205  0.273388  0.269219
  6.088455 -5.980300  2.921175 -2.031345  7.306209  2.296505  2.404092
 -3.746512 -2.771544  6.507401 -3.970317 -4.492492  8.756044 -1.031824
 -6.643574  2.780154  5.529687  1.800535 -0.850323 -2.756730  6.838803
 -4.919779 -1.512927  9.047968 -4.653241  8.948813 -7.554535  3.062488
 -5.434597 -7.421448  6.354391  2.723301  2.961815  8.316785 -9.795644
 -6.633872 -4.630787  8.794423 -5.880461  9.263671  6.817778 -8.388046
  6.001175  1.869258  0.003559  8.706263 -0.602354 -0.776817 -9.164740
  6.178749  2.749446  6.780534  6.108874 -1.253043  0.736734 -3.473290
 -4.473953  3.701142 -9.570120  3.575622  1.172902  1.835567  9.934080
  4.330868 -4.633778  3.180290 -5.634835  8.857111  5.209355  0.292894
  7.852126  2.321551  5.142124  8.025172 -1.260292 -6.239634 -1.301033
 -6.726794  7.897477  7.648946 -6.490445  7.988400  0.155997  4.030237
  1.799406  2.022482  2.287591 -8.761718  2.928060  3.419273 -0.511131
 -6.207787  7.911168  7.789577  4.058301 -6.315709  3.387351 -1.798155
  2.660720 -4.784299  8.714748  9.457350 -4.959036 -8.849380  5.674798
 -2.867864  5.806453 -0.485363  7.908397  6.940183 -2.826252  7.059549
  6.990876  3.339313  3.381842 -4.397675  8.079997  1.747278  8.511731
  0.565752 -6.050224 -7.007323  1.753575  0.877722 -7.339124  7.643877
  1.140441  5.563998  0.989393  5.624989 -7.249557  5.269101 -6.184145
  8.644713  3.464776 -0.270406  8.424740 -6.810929  0.009962  0.635541
 -0.451646  8.108158  1.793414  2.311354  6.570968  0.866699 -6.611036
  1.549597  8.798793 -7.754152  7.063094  1.304438 -7.576977 -8.315582
  0.088385  1.623717 -8.573228  3.266101  1.209059 -2.958735 -5.228410
 -7.749249  2.252318 -0.007180  3.210911 -5.202148 -9.500807 -8.937781
 -7.773147  6.609602 -7.301832 -8.832353 -2.238322  0.362059  3.263703
 -4.344630  9.680436  3.299233 -4.023122 -9.119875 -2.723848 -4.110758
  4.229911  9.446452  4.310528  9.676488  9.648943 -7.696677  6.745002
  0.773249 -1.595905 -6.082196  2.937983  5.610437 -8.885294 -9.012630
 -6.458866 -0.264238 -4.887457 -8.096942 -4.089432 -6.140865  6.197198
  3.549577  1.056098 -9.063718  7.218659  3.359388  0.974013  8.908017
  7.847457  4.237907  6.469825 -9.532800 -1.269639 -3.684188  0.865771
 -9.037541 -7.714934 -9.046429  1.282052  2.970482 -0.502151 -5.412676
 -4.022495  1.286491  4.796616 -0.893431  7.994080  6.403138 -5.666666
  1.321915 -4.576259 -7.833164  5.712156 -9.347809 -9.284921  9.141678
 -0.993930  7.561841  9.401240 -1.748522 -0.739919  2.311502 -4.673436
  0.975633 -2.900845 -8.362008 -7.949317  7.727838 -3.338123  2.895939
 -5.544745  7.780250  0.854621 -8.103938 -3.009678 -7.981790 -2.580193
  1.567528 -8.753987  1.288520  2.867498 -6.783630  7.057503 -0.507766
  2.999319  8.870153  3.571601 -9.399932  0.806788  0.174828  2.860359
  9.301550 -5.921810  9.521482 -3.416767 -9.911185  7.796907 -5.898047
 -7.798949  2.621981  3.177068 -9.458699 -4.493058  1.957599  2.831386
  1.633639 -8.772193  3.783011  8.937122  5.117689 -3.321721 -5.025212
 -0.636481  0.225024  2.378212 -6.724472 -0.521888 -8.485429  7.653222
 -4.648516  0.370130 -5.550907 -6.632534  4.993592 -4.418126 -7.738368
 -8.442349  9.794972  0.977093  3.818638  5.907361 -7.127988 -8.056113
  9.396676 -8.269597 -6.501825  4.924273 -6.560104  5.072764 -9.275461
  9.316649  8.120244 -6.002022 -2.436669 -1.713257  0.668635 -3.391570
  3.465833 -3.857738 -0.715846 -1.690652  1.485456  4.361016  4.748251
 -4.651769  4.421306 -4.733766 -4.464335  2.134511  0.709976 -1.420681
 -9.340691 -2.248171  3.040882  3.093874  0.764667 -6.276716 -8.036703
  2.013856  9.067862  4.838228 -0.986636  1.696573  0.185960  7.109555
 -4.833678  8.898014  9.626075 -0.528766  9.154036 -2.006318  3.031970
 -6.388583 -5.354455 -3.968288  8.036002  9.342217 -4.228775 -6.932135
 -5.399960  8.767618  3.546951  9.753790  4.470256  7.331133  2.674136
 -8.766899 -3.669227 -0.155757 -2.585192 -5.873273  8.971561  3.464173
  4.167358  2.304131 -8.042679  9.276790  4.497796  8.401273 -7.468551
 -4.544293 -8.265087  7.879634  3.930862 -2.678592 -8.931283  7.038736
 -7.812717 -5.945614 -8.217078  5.548247  3.820376 -6.764502 -3.423740
 -8.608592  5.785939 -6.890392  0.495517 -4.393543 -9.902260 -7.627106
 -6.762500 -8.822231  4.678371 -8.397508  0.612771 -7.363352  3.917584
 -6.327022 -0.564997  1.483388  0.934331 -2.111967  6.465445 -7.544535
  0.411564 -7.460896 -6.830972  2.597771  1.011760 -9.999249 -2.815493
  4.689301  3.444189 -3.664673 -6.270177  8.239706  0.351268  9.529078
  4.256740  1.328489 -8.890780 -1.875300 -7.592320 -3.271180  5.701267
  9.829433 -2.560522 -5.329901 -8.312417 -9.441687  4.327093 -5.844341
 -6.216964 -4.339941 -5.280394  6.607586 -2.716422  3.338828  5.493090
 -1.100974 -4.683965 -5.063372 -6.923000 -6.850335  9.951395  9.750150
 -6.308143 -3.029014 -5.977030  9.813795 -5.218040 -9.036400 -2.780146
 -4.369632 -9.707721  3.111552 -3.799395 -4.967161 -6.449073  1.873795
  4.868110  0.315796 -2.207848  5.784621 -0.600779  5.112571 -9.800240
  0.947271 -2.164802  9.325881  7.466774 -1.799512 -9.433562  3.870487
  1.305539 -7.807467 -6.303201 -3.504746  5.731366 -9.462100 -4.804753
  3.070110 -6.750885 -3.455449  3.960552  3.973074  7.853568 -1.728922
 -0.500000 -8.856727  6.229899  6.932660 -4.154382  3.728397  6.435217
  3.206635 -5.833525 -4.241565 -6.894062  0.249828 -8.977450  1.587533
  0.011353 -4.239112  7.476399 -6.702827  3.516796 -8.368097 -3.055685
 -0.121558  9.077450 -2.615267 -0.275310 -7.705714  6.310552  9.801825
  1.574757  9.588191 -1.826920 -5.335013  1.259278  6.437975  9.063025
 -2.952725  4.916347 -5.142408  1.071738  2.287353  3.519698 -3.850833
 -3.006114  3.746476 -7.895510 -6.752948  0.341321 -0.411373 -8.469668
 -2.966790  0.561510  7.002951  6.735902  5.316841 -9.267267  6.423090
  3.344260 -8.977627  3.394664  5.751251 -3.813327  6.338546 -7.360713
 -7.895915 -8.498486  8.289651 -4.923507  3.617801 -0.565567 -7.869912
  1.167735 -1.639362 -2.960418 -1.410716  4.280801  3.222096  4.200363
  4.517409  9.239009 -9.163069  3.901835  7.098837  5.108639  7.855106
 -2.761697  7.071371  1.430229  2.716842 -5.409430  2.123803  8.832023
  5.106022  3.087713  6.975987 -8.128680 -5.879472 -3.459396 -7.616807
  3.061164  1.843506 -9.284836 -8.210778  5.874398  1.137060 -1.585780
 -5.360215 -6.870250 -5.189520 -6.496852 -4.229011 -1.822681  7.275591
 -3.910068  9.870898  4.051151 -4.492731 -6.310183 -6.414845  4.774585
 -8.059709  8.110482  0.904311  7.852456  9.535373 -4.196052 -7.735859
  5.125130 -0.668468  2.783793  4.684410 -4.933636  6.124642 -6.612623
 -4.650658 -3.211665  6.775581  7.403175 -5.307505 -2.043014 -9.216556
  7.991488  7.392846 -2.335947  9.700522  3.214983  1.957467 -5.795982
  0.532313 -2.677758  8.224542  2.971682 -5.053991  1.936532 -0.596932
  1.043617  8.722463 -3.727203 -2.705859  1.127519  9.887285  7.720061
  4.383154  0.553225 -9.772229  9.005943 -4.334726 -4.818436  2.249629
 -4.368785 -6.366861 -0.908361 -1.600835  4.754511 -6.656549  0.198779
 -8.627826 -3.612963  9.874448  2.109376  5.941405 -6.302252 -7.214658
 -8.510463 -1.904717  8.094311 -6.446737  5.144860 -0.414248  9.652596
 -5.687428  0.074762  1.101053  9.321943  2.156247 -2.965052  7.064616
  8.699949  2.105746  3.112936  8.398734 -9.214987 -3.069194 -2.529683
  6.419207  0.411777  3.024857 -8.691127  3.556117  8.153147  0.909241
  7.133715  9.705922  8.322857 -9.898921  5.700637  2.582960 -8.930151
 -2.797545  2.183155  9.192436  3.275036  1.450038 -3.077819  7.151657
 -0.497918  2.306384  0.126173 -2.842670 -0.619134  8.916234 -1.308038
 -6.868658 -6.096127  6.820661  6.685800  9.437954  7.829062 -1.794271
  6.136941 -7.600891  5.243456 -8.049646  1.134298 -3.809818  9.993438
 -2.487410  3.459184  7.983000  9.188316 -7.321173 -7.338424  8.434927
  8.294913  7.090868  1.674023 -0.439768  3.329226  4.597823  3.740516
 -5.961701 -6.840901 -6.080843  6.003234 -1.411860 -9.594425 -0.492447
 -9.533697  6.193382 -4.939700 -8.899228  1.167150 -1.982765 -3.051207
 -2.701564 -4.822809  2.439769 -8.202563  7.249382 -0.675267 -3.054528
 -1.108583  7.585502  2.144378 -8.546212  7.209134 -4.829395 -1.591357
  2.050364 -0.840615  2.182503  9.659988  9.351009  7.530171  6.927641
 -8.071104  0.550619 -9.220302  8.274332  2.764807  2.970516 -1.122099
  6.652885  0.038766 -4.253822 -3.100650  4.145345  9.722482  3.999949
 -8.187498  6.095500  3.199823 -1.511745  2.200168  4.304195 -7.922808
 -2.036528 -9.542211  7.815659 -8.833598 -3.989647 -8.575538 -0.817307
 -5.050179 -4.280321  3.025701 -7.601763 -2.214655  4.465559  8.170916
  6.484393  1.667888 -7.088470 -4.906618  2.744454 -3.168011  0.665848
  7.059666  5.135107 -0.916308 -0.791936 -0.312470 -4.699440 -2.904520
 -6.702680  8.252719 -6.602584  5.273860 -2.925560  1.674321 -4.963744
  9.320908  2.263489 -2.083408  1.910802  8.513258 -3.115386 -5.482771
  2.481911 -4.110872 -8.377502  9.541599 -1.947128  4.275388 -9.715564
 -6.006552  5.907624 -4.856493  6.141624 -4.454732 -3.403214  8.104079
  7.594319 -1.649882  8.589255  6.269913 -3.156624  6.581106  2.413728
 -8.286580  7.785734  4.197878  5.501381  1.679360 -6.259882 -8.835979
 -4.909359 -9.468154 -8.288494  4.576217  0.018541 -7.662588 -3.083952
 -4.088524  2.853814 -4.124728  0.413057  6.355890  3.567116  1.071227
  2.581593 -8.992453 -2.586997  9.164403 -9.970435 -1.316459  9.084197
 -7.688011 -7.764404 -5.859180  4.635626  2.686942 -4.324275  8.779067
 -2.367971 -5.500494 -2.319807  6.072539 -2.232342 -1.093167 -9.522815
  3.261524  7.380665 -0.074979  4.285538 -1.177542  6.640750 -6.842578
  8.442501  8.748150  8.092094  7.819375  4.032494  9.993623  2.018067
 -6.330139  3.933023 -5.631046  1.827991  5.349096 -7.772181 -8.377835
 -8.344097 -7.900824 -0.437889  0.086802  3.542148  0.543444  8.131924
  0.800078  4.719352  5.389788  2.722026 -1.444944 -3.205377  6.413550
 -5.837188 -9.737454 -8.287242 -0.407165 -9.796417 -0.056215 -7.848290
  4.351523 -4.772151  8.838677 -2.213208  1.969533 -3.865767 -7.844361
 -0.046267 -3.458732 -1.856788  8.321348 -8.417795 -0.163730 -9.511350
  5.523188  4.840592 -5.718899 -2.522816 -4.575854 -6.890529  3.382414
 -5.622854 -9.991480 -3.841330 -7.468603  6.742798  0.459466  9.631661
  4.826538  6.098621 -4.354742  4.521923 -0.529241 -9.826879  6.823091
 -9.777951  3.797911 -0.641723  9.606008 -4.316173  7.285679 -4.463194
 -1.352543 -8.352139  2.300864 -9.312182  7.887885 -5.363556  2.703434
 -1.152459 -9.502181  7.227264  6.968980 -3.780576 -8.754093 -4.340858
  8.235778  4.478491  7.392290  7.019839 -0.053660 -7.165783  9.353642
  4.343737 -7.411823  8.343945  6.340776 -8.035651  1.239340 -1.865836
  4.428413  6.214694 -9.090400  8.794924  0.577323  7.310136 -5.162787
  5.250234 -8.289324  3.167460 -5.017704  1.649683  5.166275  5.388869
  1.128531 -3.652084  6.644525  8.388709  8.962526  1.294176 -6.480485
 -5.096728  9.643020  5.651488 -4.671043 -7.005030  3.248018 -2.044983
  3.527222 -6.963811 -6.719052 -1.980121 -8.185772  5.074098 -2.165946
  3.812248 -9.047881 -7.889256  0.215738  0.554121  1.804868 -6.662172
 -7.764034 -5.500599 -1.022414 -5.732567  0.016499  4.306641 -0.203636
 -1.307142 -6.808890  5.656472  6.091769 -1.682791  4.663549  1.241069
  1.344965  6.415392  1.221645 -2.131740 -0.640383 -2.311618 -9.569962
 -7.649272 -0.191373 -8.485859  3.110531 -7.942073 -7.612304 -9.319826
  3.983835 -5.936408  1.071586  6.236871 -2.545494 -8.912457  5.850842
  8.703876  5.391222  4.801124 -1.030973  8.638559  1.751274 -9.164250
  3.641546 -2.970622 -2.576674 -3.677037 -8.579061  0.132372  5.565235
  2.264112  6.415700 -5.875854  4.596935 -8.104022  1.971759 -5.206180
  3.194252 -1.498692  7.499407 -2.240824 -3.681596 -2.581756  3.649068
  8.592627  7.306372  7.809469  1.498719  8.272245  1.457073 -2.174196
  6.948128 -9.456622 -0.940554  8.496625 -7.952654  9.943506  3.898210
 -0.373721  7.231219  1.360231 -3.665587 -9.956551  1.850691  6.625110
  0.408947 -3.612032 -8.165978 -0.984242 -0.282499  4.650764 -8.997681
  0.038700 -3.927042 -6.300152 -5.660402  6.791121 -3.106009  4.581870
  4.589360  1.947904  2.457566  2.725811  7.462551 -2.100555  7.771313
 -5.041822 -8.400947 -2.973560  6.818847 -4.610205 -2.019182  4.714022
  2.958605 -4.677862  1.982311 -2.230187  4.482987 -5.409751  7.049805
  1.525350 -9.280859  4.298369  4.125083  5.451739  9.642982  0.130102
  0.341593  1.959402 -1.780655 -2.372168 -4.791684  8.959748  7.886799
  1.837886  5.722328  3.352758 -0.798671  8.525168 -3.937081  6.019592
 -7.329278  2.919762 -1.318101 -8.091553 -2.806469 -3.091004 -5.183401
  5.783329  0.883747  2.644396  9.216403 -6.657086 -2.114787 -5.084088
 -0.570018  9.469544 -1.654076 -4.047424  7.210926  1.019416  3.092604
  9.038867  6.549063  1.476511  5.773225  1.478746 -3.583219  5.360555
  0.081573  7.444650 -2.879203 -9.802354 -0.714996 -1.777529  7.186314
 -0.866118  7.575135 -0.052403  7.631499 -0.865503 -5.870934 -1.482649
 -5.330048  9.751516 -0.177129 -8.775230 -5.779042 -2.098901  7.949116
 -6.906709  9.617201 -2.970511  7.138018 -7.671899  9.265643  0.729345
 -7.547287 -6.989356 -1.837686  4.848055  9.522394 -6.722539  9.891960
 -0.191890 -7.579385 -3.292522  2.012471  3.586818  3.392541  7.001662
  9.432277  9.183418 -3.656432  3.485107  3.714511 -0.267218  5.702228
 -2.453225 -7.127537  5.961109  3.447405  6.004376 -5.711336  3.107571
 -4.389546  6.038194 -4.343389 -4.558790 -1.447517  5.543857 -9.839771
 -2.704299 -6.078400  3.248394 -3.599685  3.790653  2.521058  7.918056
  2.655382 -5.199495  3.701331 -5.751618 -8.282625 -9.373332 -4.148439
  4.087985  8.650406 -3.646258  4.245924  4.247834  5.431140  0.980677
  3.869942 -1.082225  9.506262 -2.847985 -2.397410 -6.851895 -4.063866
  5.523522  3.325982 -3.910396  0.939949 -4.248364 -5.241148  8.716012
 -9.644046 -5.061719 -9.926380 -9.828336  5.199809 -3.412496  4.067028
  7.449498  6.966146 -9.679090  1.838250  0.098491 -0.046494  0.544155
 -2.371128 -3.164612  2.502505 -8.121840 -0.861632 -8.921434 -1.752277
 -8.966348  2.361425 -3.698799  5.866523 -0.164532  3.759663 -0.262467
  4.537490 -6.895942 -9.943258  2.647040 -3.790695  8.738805  3.240057
  8.252762 -8.262072 -7.650349  6.748023 -5.284457 -2.681039  0.199010
 -8.352210  2.087318  7.171237 -9.669347  3.672491 -3.056319  6.405633
 -5.154883  6.008539 -7.845747 -7.241083  4.695991  1.343218 -6.866072
 -1.209970  2.755482  4.028470 -8.737115 -5.106063 -9.379627 -7.194978
 -1.330727 -0.576196  3.469973  4.047301 -3.283864 -5.537497 -1.885112
 -5.545447  5.213534  1.816484 -5.550298 -9.948573 -9.254638  1.852260
  0.626959 -3.768369 -6.603460  5.562141  6.626105 -3.644738  8.559302
  0.700555 -6.852654 -2.912068 -3.467152 -8.614762 -8.139244 -0.516240
 -1.321155 -8.160138  3.608761  0.656108  0.265605  5.670823  8.647989
 -9.373217 -8.397828  2.243018  4.027947 -2.505972  0.388501 -5.953771
 -2.907588 -9.612130  1.092539  4.944593 -7.747831 -4.654402 -8.307804
 -5.506350  0.618507  6.088913  1.031611 -8.856597  4.250362  0.769804
  3.023866  0.133094 -8.965913  5.954706  8.880447 -6.961535  3.766842
 -6.166837  1.483251  6.575854 -6.769271 -1.551987 -1.915538 -8.736925
 -5.907783  3.590080  8.627022 -9.145383 -9.213484  2.542216  1.314920
  9.667653  9.079476  8.794224 -0.102208  2.276686 -0.067528  0.675810
  8.723879  5.955710  5.311873 -5.668062 -5.079752  2.437290  5.015123
  6.111380  8.996976  8.469989 -9.456770  5.451495 -1.931325 -6.905848
  3.914499 -5.444379 -6.725577 -9.828239 -4.929970  2.540074  3.023960
  4.345635 -8.981712  1.761174  4.409022 -6.022965 -8.625856  6.910872
 -7.537338  5.259724  6.779514  2.772456 -7.659590  6.177789  0.055228
  5.958450  1.338384  8.688309  2.360855  7.948617  3.747709  8.237038
  1.052330  5.686854 -2.966091  4.575930 -5.847182  0.150557  6.834389
 -0.683688  0.134106  6.229857 -4.698483  2.899531 -5.342326  2.609268
 -9.882660  8.623783 -2.757197  1.586419 -8.361034 -6.876244 -2.047604
 -1.909887  6.717502 -1.836309 -2.583147  4.806533 -0.228843 -1.356405
 -2.488803  1.456984 -2.404084 -3.095478  0.342762 -6.787985  8.635847
  4.898163  1.946902 -1.175142 -5.838646  0.795326 -3.892044  6.602509
  0.072282 -8.198505 -4.219673  7.180022  9.320051 -0.724198  9.559909
 -2.315064  2.484695  8.154399  1.266115 -8.724930  1.956867 -9.807077
  1.081846  0.057645  0.200650 -3.823480  6.025019 -4.180766 -6.465407
 -3.266658  3.419476 -9.607282 -1.577444 -1.185602 -2.777264 -6.998469
  1.602208  3.379784  7.801686 -1.611324  0.055711 -6.636395 -1.228543
  4.051472 -9.680129  4.072483  5.854531  0.420481 -0.604328 -4.143636
  9.636130  5.269197 -1.049485  0.780673  8.997646 -3.715882  7.558422
  4.940395  3.928464  6.075578 -9.707475 -5.361958  9.354939  7.904306
 -0.859040  5.376916 -6.797409 -2.007490  2.880180  0.267444 -7.119911
  5.246938 -5.196260  0.184993 -0.556089  8.091824 -2.748409 -0.956530
  7.484360  6.417020 -6.176120 -4.650446 -6.002342  5.191235  6.498492
  9.488636  5.942975 -8.298903  9.380142  9.424410 -5.936007 -2.499064
 -1.034024  2.413982  8.334771 -0.998118  3.782386  9.743979  9.280792
  6.612610 -5.402548 -1.735808 -5.219219 -8.151469  4.576737  2.873841
 -1.451565  8.825910 -4.645658  0.905106  2.058659  5.741571 -4.859427
  7.367404 -4.788994 -4.638428  5.210823 -7.762985  5.350859  9.846109
 -3.105714 -1.677007 -2.761208  4.492097  5.191461 -8.696649 -8.853243
  1.492476 -0.616268  9.572112 -1.394516 -9.386178  2.127178 -1.842504
 -6.567914 -2.106984  5.239948  7.335727 -3.173651 -0.392242  5.697617
  6.123220  6.087006 -1.887331 -2.871349  3.628170 -8.298653 -4.546695
  7.623127  2.602661 -9.385584 -9.073357  6.976571  8.926977  9.050025
  4.528018  9.689787  0.143631  1.995286 -9.301413  2.119518 -9.361828
  8.422693 -1.733544  7.955345  4.922170  7.975165  9.545794 -5.486440
  7.178572  0.508192  7.524166 -2.369904  2.460604 -2.036734 -8.895111
 -9.718844  8.305141  1.537147  9.118741 -6.009387  3.532249 -3.380447
  9.676728 -1.199803  0.352136 -9.460643 -7.913655 -7.186910 -4.273474
  8.495754 -0.602790  3.605550 -5.329594  6.183450 -0.976793 -4.991223
 -9.670674  3.957664  3.495707  8.164835 -5.521005  2.540284 -4.401355
 -8.095324 -2.640168 -6.917479  8.477384 -4.573447 -5.969692 -8.991197
  1.981267 -3.675931 -2.037682 -1.138676 -6.356251 -4.842368 -3.158160
  3.488855 -6.302879 -9.805699  9.293960  6.914819  7.388165 -9.051691
  7.999669 -0.382603 -5.343566 -5.278741 -0.484696  9.267403 -2.801631
  0.517899 -0.465272 -9.618757  5.863246  4.843537  5.446218 -3.060140
 -1.175647 -3.807753 -5.180325 -5.494596 -5.132395  2.086605  9.384736
  7.618996  4.789273 -3.175701 -4.087354  6.751657  9.586755 -9.175007
 -8.356859 -4.530580 -7.472811 -0.143567  6.114937 -3.092552 -1.106785
  0.485152 -6.130062  9.407128  2.526920  1.774081 -9.870413 -2.018701
  0.086371 -8.854226 -7.574909 -6.121722  0.226305 -9.780827 -9.301489
  0.603210  6.416779 -6.284908 -9.530138 -5.516778  6.627418 -0.614955
  5.354934  8.890244  6.576898  7.199233 -1.191975  2.312911  3.759957
  6.234015 -2.775723 -0.165310 -0.277140  8.691756  9.477946  1.315920
 -2.252956 -1.130660  0.064190 -0.511430  3.002699  9.071963  5.406463
 -5.533004  5.004530 -4.763981 -0.516639 -2.309512 -0.410509  0.822639
 -6.963151  2.912287 -2.289434 -6.561856 -4.068336  5.289559  1.935494
 -7.157489  7.672493 -0.162604  6.790626 -8.659943 -4.607137 -9.752072
 -3.447654  8.598070 -8.503039  9.536150 -8.949255 -0.828039  5.780866
 -7.362039  3.885365 -6.424429 -3.369115  1.367191 -0.252633  4.564359
  3.498322  8.296977 -7.952357 -1.266807  8.800538  7.886983 -4.513705
  4.511234 -3.475566 -7.664191  9.177227  1.406717 -8.336298  7.174137
 -6.200080 -2.671120  3.506242  2.923303  4.693196  1.699502  2.969267
 -8.418786  0.312798  2.032394  3.913051  9.376941 -5.821019  3.275427
 -8.097162 -6.935155  3.629982 -1.955762  8.163742 -4.528732 -4.564969
  4.224882  5.219891 -3.925444  1.818048 -9.825115  8.408960  8.010975
 -2.440104  5.399720  6.860727 -4.371557  7.436962  5.678580 -1.985990
 -4.815230 -8.019896 -0.606021 -8.023398 -2.530588 -6.207467  8.855310
  4.622665 -5.413549 -0.212215  7.455817 -9.075271 -6.471740  9.226459
 -0.410679 -6.766160 -0.185491  2.289901  6.687148 -5.607108  2.341603
 -2.966987 -7.686616 -9.493372  5.002142 -3.153986 -7.841663 -0.127306
 -8.064783  6.351117  1.408551 -9.732574 -6.553147 -6.815912  4.105310
  8.255910 -4.649175  4.795860 -7.792221  5.220217 -8.951191  3.677667
 -2.319008 -6.232557  1.720318  4.782763  3.708415 -4.007263 -7.369600
 -4.888132 -3.177575  5.755110  6.543591  4.125268  8.211112  3.149933
 -8.004420 -5.078659  2.752390  9.925570  0.753713  8.055275  6.007249
  5.382136 -5.858212 -0.899212  4.109226 -5.154601  9.103632 -5.450867
  5.730752  0.885680  7.361574 -8.009813 -5.023881 -4.279193  2.397915
 -5.880138  4.585428  6.402109 -8.210162  0.494042  5.938062  3.348117
  7.293054  3.374558 -0.147531 -7.965339  7.014806  6.307067  5.337213
 -0.571159  6.506445  8.261198  7.960464  5.336264  0.626468  8.161917
  0.823308  8.747999  6.016403 -7.946351  7.705655  8.685407 -8.475029
  6.397897  7.477321 -4.847405 -1.182749 -8.194616 -8.673552 -2.642526
  7.487302  1.616053 -7.124402  6.142410 -9.326721 -2.858394  0.282964
 -5.361069 -6.918446 -3.128542  8.441274 -6.015157 -0.283550 -7.238264
  6.670205 -5.168793  0.441105  8.063849 -1.950310  0.768242  5.312700
  8.889861  6.801473  6.530308  2.641193 -6.726598  9.607497 -6.812170
  9.552038  4.207841  1.831517 -7.381617 -4.590720  3.262662 -6.316689
 -2.814821  0.465174 -1.533457  9.610238 -3.017628  4.174049 -6.192119
  8.687967  1.881024 -7.832427 -1.049481  8.111854  9.560466  4.309850
  2.229427 -7.843043  8.131371  4.259696 -2.020436 -3.909973 -0.256346
  7.959376  6.735560 -1.521670 -9.605612  6.164639  3.790375  3.818162
 -9.218315  4.664523 -8.523500 -3.672920  4.369010  8.615128 -7.108359
  8.778447  0.978980 -5.704982 -2.258279 -3.912212 -7.249518 -0.707865
  4.849752  7.017794 -4.400681  8.866670 -5.594220  1.288301 -5.797476
  8.039048  0.069280  8.410753  4.487289 -1.705303  6.198320 -0.680332
  5.379964  7.267120 -0.212256 -1.510023  8.678729 -4.940318 -2.363535
  6.833828  5.711264  2.820836  4.570708 -6.102546  3.095979  9.971135
  1.117617 -3.067241  1.158997 -3.658799  3.932941 -5.137961  5.790751
 -6.833367 -5.948866 -6.959245  9.136092 -5.908384 -8.284153 -9.735494
  3.158147 -4.656520  3.444090  0.622554  0.528287 -4.579468  4.259755
 -4.572454  4.061879  8.169260 -1.481561  6.025886 -1.363815  6.212012
  7.288082 -7.284172  5.188462  6.124417 -3.372794  9.180252  2.219160
  5.636626  6.343001 -7.218978 -8.787254 -4.939369 -0.332721  3.764250
  8.820494 -6.656811 -7.598806  4.476364  6.337756 -7.536489  3.754292
 -4.217506  6.291556  6.073488  6.625252 -2.040047 -9.898974  4.255189
  4.027464 -9.887400 -6.501858 -7.812395  5.688161  6.024008 -4.867805
 -3.510234 -6.367553 -2.945434 -6.627958  5.023560  6.553421  4.814923
 -9.420756 -7.324233  6.564486 -9.559838  8.467076 -5.783069 -8.089152
  7.990554 -2.471823  4.450974 -2.580535 -3.014467 -6.688304  0.435311
 -4.951882 -6.129102  6.513587 -7.232497  8.743894 -5.706396 -8.944947
 -9.343013  7.254842 -1.958315  6.684727 -0.591144 -9.262431  5.606220
 -9.267240  5.468215 -9.801010  2.736289  8.721080 -6.063610 -0.588644
  5.889523 -6.298032  5.796346  2.835978  1.677966 -6.458105  6.206150
  4.601852  0.073792 -5.165783 -2.023736 -8.691674  2.881230  9.979695
  7.387632 -7.324103 -7.687631  8.264181 -5.482177 -7.158943 -7.682846
  4.237862 -1.236738  3.804537  9.177733 -3.226593 -8.461192  2.121315
  7.070183  3.917971 -1.373641 -7.409671 -4.479534 -7.559991  2.529667
  1.236434  9.532371 -5.431516  0.464162 -1.838100 -1.104189  2.341314
  0.783474  5.288140  9.741505  6.701687  7.886379  7.365827  4.815447
  7.500702 -1.504797 -2.494902 -0.690126  7.799499  7.494167 -1.875436
  2.933221 -6.848220 -5.063453 -9.076972  5.705205  9.239484 -1.165430
 -8.140392  2.759685 -2.523808 -7.575274 -3.760277  3.806413  6.365708
  6.945760 -9.423956 -9.938379  0.109974  4.473659 -6.307822 -6.457824
 -8.502890  4.847927  6.820242 -3.600438  8.207679  0.753157  0.166929
  3.258784  0.592510 -3.730686  3.017772 -9.593131  2.176216  7.426135
 -5.610972  1.466638  4.961381 -2.404907 -1.463071  8.663604 -6.256379
 -7.797252  4.745191 -3.822120  5.342583  9.938116  0.836939  8.585469
 -6.615925  1.965108 -6.659763 -7.343648 -7.355231 -8.621220  2.296652
  5.502160  4.406047  0.326900  8.190983 -2.915676  0.787311 -1.222682
  7.007463  2.362548  6.091714 -3.395162 -2.696308  5.513355  2.549773
 -0.900779 -9.783089 -5.556358 -8.658881  7.845387  2.872127  3.235310
  0.111562 -4.782390 -7.514034 -7.736152  4.393508  2.106606  5.969139
 -8.055757 -2.148581 -4.514866  3.288389 -7.263739  5.723373  7.741130
  2.306094 -1.061982  7.025614  7.025647 -3.565752  4.735354 -5.349764
  5.334091  8.987177  5.177531 -4.803491  2.939831  5.674514 -2.476551
 -8.777690 -5.486226 -8.171174 -0.129964 -5.330874  0.347413 -5.038514
 -6.743396 -8.913128  9.740764  4.036443 -9.820381  8.336060  4.729122
 -5.517707 -9.561366 -3.532156 -3.431610  9.503971 -6.955315 -5.815930
 -3.194014  6.121721  3.440696 -7.477047 -8.348389  6.047294  0.980337
 -8.906742 -9.664029  5.107544 -0.422088  5.482095  8.296107  5.279550
  4.493467  8.750329 -2.144569 -5.412899 -2.312513  2.069580  0.288635
  8.526832  5.115154 -0.835710  9.152500  0.893254  3.268940  4.350499
 -7.552339  0.531215 -9.371757 -5.090477  4.935219  8.993483  2.100417
  3.345036  8.774367 -1.856814 -0.011132 -9.027765  8.730935  8.288563
 -2.745205  7.770085  1.471295 -3.305833  8.056031 -3.403566  7.157951
 -6.702433  2.739477 -5.455640  4.770272  4.188725 -2.151378 -5.016851
  4.405998 -2.357543 -3.801789 -9.833478  4.316638 -3.488890 -6.519163
  3.765106 -7.725710  8.582596  1.037210 -9.279259  2.513489 -7.989890
  2.097240 -9.569127  9.593143  4.982877 -3.341161 -5.875363  1.061510
 -3.674099  8.288812  8.977289  9.925973 -9.555296  6.407782 -1.519529
  9.796735 -1.134098 -8.972639 -2.205385 -1.321597 -1.991589 -2.445493
  8.440036 -7.771522 -7.121869  6.195332  3.217747 -6.417232  0.775326
  3.665229 -7.272746 -0.749606  5.340825  2.682225  7.497144  3.476362
  7.449420  6.909652  5.220691  8.199439  0.947384 -6.277775 -5.014156
 -5.475295  8.486630 -5.785423  4.826132  9.011046 -3.642196  4.523174
 -1.174635 -3.991221  7.772738  1.680338 -2.626648 -1.481735 -0.250470
 -3.534258  6.611516  5.366607  3.709757  4.963787  5.422586 -9.342245
  5.304578 -1.599773  1.389980 -5.697928  5.014342 -4.086233  1.482580
 -4.159879  7.773202  7.977134 -5.332797  3.524031 -1.160814  7.268188
  8.037542  0.392217 -6.733514  0.128820 -1.488471 -6.840068  0.096726
 -8.707113  2.510754 -2.342298 -1.380048  5.981016 -5.470920 -6.773401
 -3.878593  0.996109 -9.599802 -2.954368  1.382736 -4.508162 -3.691966
 -4.267854 -5.512880  3.000903  5.981270 -0.880141  9.677305 -0.922262
 -6.181035 -8.733290 -6.436594  8.234735 -2.806025 -0.038257 -4.326676
  6.728573  6.877245 -0.499011 -4.958295  4.489868 -9.199595 -4.493795
 -2.280483  1.285563 -6.334297  6.324109  1.056756  6.656156 -1.669366
  2.407681  2.425885  6.095430  5.385436  3.861863 -7.467050  4.759767
 -0.905078 -2.010505  4.225339  8.666117 -9.130586  1.271356  1.070763
 -2.552235 -5.979274 -9.634229 -1.939287 -3.034487  2.641815 -4.224006
  0.374316  5.804092 -0.505617  9.096135  4.142468  0.744927  7.462913
  4.274260 -1.521253 -6.932873  6.051166  3.066645 -7.122442 -9.057607
 -5.303533 -8.043442 -3.413208  9.887699  4.635426  2.503303 -3.318420
 -7.120981 -3.617799 -3.052857  1.023764 -5.772085  4.437620 -5.542999
 -0.257953 -3.606380  9.284013 -8.946457 -6.621501 -1.711620 -3.727345
 -6.248275  6.308944  5.268044 -2.296750 -1.203047  8.887451 -2.032575
 -2.882376  0.492871  9.887469 -0.792433  6.911173  8.545055 -7.100661
 -5.351927  1.015786 -5.376951 -2.268611 -3.157035  8.534119  5.485656
 -9.819918 -6.206714  1.494392 -6.393739 -3.622668  3.163754 -7.331732
  5.592598 -9.653093  5.139872  6.903555 -4.801688 -1.644608 -0.610811
 -6.166931  9.639721  1.361179 -0.337194 -3.309355  4.700237 -4.015884
  3.890563 -4.406696 -5.826039  2.658166 -0.517383 -2.382157  6.891291
 -1.200509  0.081966 -8.195763 -2.001579  7.504663 -9.408152 -6.672802
  7.933492 -9.412989 -1.415713 -5.974238 -7.764920  2.436333 -2.946209
 -7.358254  5.129197 -3.290701 -5.679296 -8.969247 -4.254932 -5.050028
  5.465689  9.889940  7.558851 -8.570333  4.613884 -2.658600  2.803382
  8.556831 -8.831961  2.534355  8.623582 -6.984121 -4.132651  3.498145
  3.682384 -3.970263 -4.666924 -5.891831  2.106085  1.828170 -7.919771
  6.303386 -2.987523 -5.130002  6.456710  4.339045  7.890067  5.166946
  9.152569  0.792684  3.841483 -7.427033  6.044407 -6.775453  7.905924
 -7.721674 -2.083224 -5.450057  5.027956  8.539367 -0.998432 -3.693938
 -5.372801  6.570061  4.414736 -7.781080 -6.804480  2.104573 -6.948601
 -0.956889  0.599663 -5.136744  3.687685 -0.779511 -9.537509  7.490884
 -8.993612 -9.388121 -6.126458 -8.588472 -1.236217  0.413476  0.814806
 -8.111122  1.052409 -2.840792  4.841362 -4.114536  7.983527 -9.202604
  0.283809 -5.351615 -4.850983  0.590511  0.941915  8.709368  3.584878
  5.008205 -6.266918  3.873382  7.937437 -1.607121 -8.861527 -7.056808
 -0.244911 -0.877346 -0.336393 -0.463090 -1.660690  7.082643 -9.442010
  4.195239 -1.212141 -2.598787  3.189000  5.762788 -8.298425 -7.023094
  2.483040  0.062556 -2.122513 -6.906374  6.770341  4.771288 -7.724819
  8.326251 -2.939665  0.847920  1.249378  8.471597 -9.903914  2.120110
 -3.034220  4.870426  2.795316  0.221598  7.853748  4.372214  5.881850
 -0.019009  1.787496 -1.016445  7.653778  1.059217  4.763602  1.099749
 -6.562196  6.861893 -6.930853  7.657202  3.313178 -0.988984 -0.959818
 -2.147715 -8.089528 -8.000327  6.124971  4.497249  1.569139 -4.192248
  9.472795 -6.824127 -1.825088  6.865611  9.973480  7.732168 -5.596836
 -2.710518 -4.074846 -5.160269 -8.730971  0.104040  1.627674  7.347139
 -9.420004 -6.871204  5.496997 -8.531951 -3.206273  0.621455  7.014371
  1.715992  1.682948  4.794826  8.008004 -4.098158  4.323536 -9.751808
 -1.372540  6.960034 -0.483202  8.285402 -2.802825  4.284988 -3.619079
 -3.678288 -5.241311 -6.661191  2.293421  7.363068  4.971219 -2.699669
 -7.530713  8.344150 -8.784007 -0.444596 -4.545519  1.918470 -1.352241
  0.768747 -7.601285  4.544669 -8.215738 -5.981731  9.070655  3.107675
  8.116819  5.147572 -6.070212 -2.924132  6.779142 -3.183125 -7.458642
  5.014196  0.849443 -7.914344 -6.698826 -6.858827 -6.343351 -3.511409
 -8.891797 -3.518685  3.546057  9.033073 -4.511818 -7.245327  3.476635
 -1.083269 -7.764428 -1.734330 -8.961380  6.953693 -9.451589  3.962584
 -0.900285  8.905891 -2.617093 -2.990304  3.120910  3.444123  9.034182
  3.952282 -5.999466  0.559024  0.003439 -8.793405 -6.192835  1.301033
  7.393121  5.712778 -6.382504 -0.958813  5.415705 -7.794443  3.579500
 -4.738227  4.249553 -6.053923  2.755434 -5.512665  2.452232 -0.271334
 -7.204821  2.143138 -3.251282  8.848480 -9.193738  8.002525  7.910389
 -8.383991  6.299285  9.503943  7.293163 -5.072180  0.169745 -4.369379
 -4.739585  7.521177 -3.236048 -5.336807 -8.244517 -4.005306  0.994949
 -5.793934 -4.136821  4.594752 -2.950514 -7.838638 -3.249312 -6.616509
  3.087419  7.377898  8.525636  9.939429 -0.176335 -2.566068  5.263827
  9.575048 -5.757425 -4.242811 -3.142842  2.579391  0.634080 -5.116722
  5.223611 -3.732357 -0.864627 -1.855524  1.821523  4.364126 -8.418959
 -2.636276  7.340237 -2.813531  5.355517 -8.274927  6.097011  1.945544
 -6.007532  8.317047 -5.238626 -5.192389 -9.851918  5.910917 -3.170696
  2.103557  4.736290 -5.467136 -3.819546  8.609759  2.409607 -5.596622
  3.097115 -3.640550 -3.871603  7.430433 -7.572071  1.971645  2.194040
  4.142798  1.690947  8.820206 -9.295690  3.005403 -3.973010 -0.168244
  3.579372  3.181937  7.688239 -1.829065  4.500752 -2.044844 -5.480439
 -4.431944  6.322340 -4.658854  0.251412 -5.783465  4.717402  6.816246
 -6.662236  6.795572  2.345907  8.621161  5.032850  1.045383 -2.752301
 -3.251311 -0.529973 -9.653213  6.962663  8.933855 -9.238293 -7.806785
 -1.638883  4.364353  6.386241  9.875741 -4.355205 -0.828753 -4.347720
 -6.097678  4.294495 -7.168734  5.413569  1.189378 -3.177723 -2.434354
 -5.947886 -1.457265  2.495403  7.810033  5.302543 -9.080827  6.587075
  6.486265 -9.802559 -2.015224 -8.956815 -0.903072 -5.151403 -4.398730
  1.339825 -1.995023 -1.274476  8.330270 -4.514935 -0.465952  3.149108
  5.370825 -0.039877  6.963294  9.761163 -5.177884  8.425550 -9.265682
 -5.986190 -6.763927  4.220924 -5.765875 -1.441978 -1.163577 -0.737610
  5.011198 -0.228361  6.174568  4.708868 -5.919570  6.221365  2.824917
  7.365579  3.510619 -0.585197  6.496019 -3.433606 -2.954478  7.935588
  4.647176 -5.896006 -6.545698  8.054078  9.856226  5.789436 -6.324144
 -3.163156  8.339414 -2.962897  0.431742 -4.934917 -6.295844  5.174063
  0.298143 -9.463648  5.529773 -3.156872  4.678746  9.203297 -4.275806
  0.651937 -7.697490 -7.934538 -4.416609  6.847523 -1.262351  1.081174
  5.624079  3.892962  5.717651 -0.660764  9.206375  1.538448 -1.973414
  9.882370 -1.793975  7.734654 -0.357384  7.127392  8.654720 -3.331320
  7.799426  1.492176  6.411439 -8.033669  9.740712 -1.087576 -9.196849
  4.514500 -7.771022  6.971258  3.195101  4.120690 -6.049325  9.927585
 -9.667541 -0.682949 -6.766248  6.426197 -4.835505  3.103159 -9.328242
 -6.549412 -4.443068 -4.907056 -7.841738  4.429889 -3.480303 -5.350142
  4.474159 -1.613118  6.615767 -8.255663 -0.229074  1.628017  1.284809
  5.560043  6.183844  4.520059 -4.944537 -9.185518 -8.866245 -0.342402
  5.663275 -7.418516  2.999536  7.392309 -9.092815 -5.503456  0.169458
  4.063426 -0.529393 -5.679853 -8.602189 -6.536020 -8.761833  7.450780
 -4.380477 -2.835926 -7.631454  5.851933 -4.096766 -8.817505 -6.131036
  8.465217 -2.246774  5.564672  0.670521 -1.503224  9.913268 -3.418190
 -3.825821  5.103673 -7.520723  5.183717  3.325193  4.733342  6.048607
 -9.322536 -5.836707  9.621646  8.037337  7.534831  8.577929 -1.319755
  4.302929 -8.679416  9.162357 -2.148673  0.008248  3.911981  0.826557
 -4.516249 -6.908605  5.162997 -3.490879  1.536986 -9.186731  7.527562
  1.747968  8.962137  8.742427  2.042927  0.195724 -4.501682  3.655045
 -1.567620 -9.732298  3.101760 -7.831407 -0.880637 -4.918637 -4.844532
  9.939444 -9.069340  5.458374  7.748371  2.824754  4.271578 -1.344006
 -4.997160  6.094756 -8.589269  2.108542  7.328925  2.456545 -5.142110
 -7.890949 -9.008626  6.954971 -7.708309  5.711671  3.859890 -8.955677
 -7.605457  0.220841  0.544432  3.067552 -0.733152  8.792918  2.450196
 -6.573585 -2.868847  1.109898  5.960242 -0.097772 -6.373873 -8.850785
 -6.847355  1.804603 -5.278948 -8.073441  7.130888 -6.077629  4.773788
 -3.332487  9.793509 -0.481672 -7.915408  6.562216 -6.854132 -8.711064
 -7.015823 -9.272038  1.331609 -7.159404 -7.670462  8.109443 -1.410958
  3.347640  3.342911 -5.023092  7.367667 -6.682143  4.188510 -2.802670
 -1.278315 -4.652012 -5.252675  7.915656 -9.549510  5.630736 -9.173855
  4.371157 -6.430805  2.429014 -2.958838 -5.352126  6.308111  4.230533
 -0.261111  5.960963 -2.815060 -6.601991  1.403719 -2.080245 -4.085729
 -4.908750 -5.899690 -5.913806 -9.405518  9.741636  0.770321 -2.124565
 -1.989318  9.102234  7.813064  2.527986 -7.557535 -1.289109 -2.338820
 -9.449727 -1.566915 -0.891708  1.268081  3.202358 -3.272139 -4.888545
 -2.336869 -3.519226 -0.368619 -3.537631 -5.802216  6.877958  4.809239
 -8.466629 -6.179651  7.798338  5.755265  5.888859  9.654449 -8.969346
 -1.773984 -3.163680 -8.631125  9.018481 -2.689255  0.662723  9.643754
 -8.783236  6.157367  5.464256 -9.688161  6.412270 -2.143532  4.329385
 -8.237561 -4.189950  0.952458  4.608370 -6.711182 -1.404190  7.666834
  1.740378 -0.512974 -4.287839 -0.195658  8.651071  6.114257  9.437143
 -3.271626  2.384633  0.891596  5.670251 -6.331418 -2.388533  0.116608
  0.016670 -0.926953 -2.129083  6.978036  1.084505  3.422722  5.632322
 -9.922862 -4.630403 -8.722622 -9.827944  1.436261 -9.953808  9.656778
 -8.935016 -3.763989  4.473807  0.084955 -6.037335  2.073661 -4.770580
 -4.360301 -0.429120 -0.316336  5.884358  1.083714  6.813960  1.920477
  7.047763 -0.219078  4.469545  0.493696  2.236173 -8.360321  2.650947
  9.256650  4.123320 -8.889235  9.177501 -7.108540  2.720115  4.567706
  7.120211  4.724709  1.504568  4.983879 -7.981288  3.171585 -1.085397
  5.331551 -5.899873  2.917730 -6.858648  6.193038 -1.350895  4.894484
 -7.094629  4.277031 -3.107586 -3.106337  5.417195  5.052172  3.128442
 -2.640050  4.541552 -6.523646 -5.317493 -2.040410  5.382050 -1.855335
  7.692767  1.243713  5.869751 -2.809850  5.252420 -3.065153 -9.945352
 -2.128259 -5.384780 -9.290361 -1.671385 -7.001811  0.522885  7.064985
  3.327301  1.300783 -0.117313 -6.723181  1.787287  7.739920 -3.146270
  5.742174 -0.118819  9.956638  1.070947  6.389161  1.121348  7.172984
  8.788279 -1.856027  1.184734  1.384488 -0.859537  2.506275 -5.548874
 -9.109782  4.474983  6.334364  6.188957 -9.505994 -6.815436  6.840800
  5.992079  9.034298 -1.721332  7.413479 -0.664421  5.892389  3.760890
  4.762095  6.682337  4.059917  1.194606 -5.345600  7.162302  3.943756
  8.384760  8.269184  9.293400 -7.671452 -8.204591 -9.967617 -0.451607
  2.549359 -9.291470  5.719742 -8.988435 -7.206113 -5.171420 -6.603294
 -1.908366  7.448936 -7.340311 -4.783109 -6.463874  9.505251  0.138167
  2.166978  4.748529 -9.495760  3.073890  0.680214  6.719097  3.405199
 -7.928509 -1.263224  5.816525 -6.058159  0.407653  5.423744  9.661795
 -9.436690  9.998984 -1.006045 -0.640614  9.338045 -6.828760 -8.956057
  9.703885  8.456752  4.824195 -4.738379  2.983913 -6.204777  1.588148
 -7.606508  8.140942 -7.962455 -8.932883 -0.040368 -1.964571 -5.748042
 -6.284740 -0.115755 -7.290204 -2.238318 -1.073475  8.289199 -4.728905
  9.818215 -3.919293  8.511704 -9.535080 -8.077959  0.750449  2.441271
 -7.633990  0.623796  7.701538  6.678167 -1.238553 -8.204768 -2.887709
 -0.988554 -5.265449  8.585664 -5.642021 -0.646179  3.611755  1.521788
 -2.083386  1.065975 -8.306737 -9.270712  6.354545 -2.618587  6.150416
 -7.693271  3.383335 -4.044999 -9.863768  6.465118  1.685977 -9.532157
 -1.833924  9.619223  5.944494 -8.296091 -9.264369  4.617165  9.208684
 -1.480244 -6.698380  4.150780  9.503887  3.397321  3.667277  7.317340
  5.395848  3.147587 -9.527994  9.230409  0.176208 -9.844726  3.194022
 -0.136396 -2.253692 -9.909968  6.692136 -8.514326 -9.459662 -0.935419
  5.271574  7.784106  8.860024  2.228826 -7.380686  7.575240 -7.054253
  9.443629 -3.659060  4.914405  1.490240 -0.137128 -9.763835 -7.717320
  5.989588 -9.753639  5.973840  5.139363  9.105665  3.611325  8.682282
  6.199288 -7.029362 -2.223539 -6.559565 -6.348299  7.173746 -8.218752
  9.526068 -9.593178 -7.380765 -9.890000 -7.295442  1.906168  2.802113
 -7.509634  0.067040 -2.404410  5.543745 -4.336712  6.806597 -2.289984
  8.432556  4.554757 -4.054967 -7.540558 -2.322248  7.978726  0.731511
 -7.181722  6.703428 -8.884447 -3.113608 -8.104013 -0.827076  9.570755
  7.609924  5.264078 -7.446468 -8.668362  9.547279 -3.570178 -4.795491
  5.639090  1.390799 -2.715881  9.009715  8.015052 -2.608296 -4.067559
 -9.744461 -4.425291 -5.001144 -2.791250 -7.144478 -3.309941 -2.626644
 -9.612391  5.406535  9.585387 -7.318057 -5.235387  1.167205 -8.388039
  0.270654 -2.788843 -2.215647 -2.019342  8.540792 -9.447259  6.589140
 -6.492254  3.257182  2.656661 -6.460954  3.653787 -8.942038  6.514238
  8.823703  6.103318 -8.211523  3.565706 -9.348827  5.689913 -6.973565
  3.161240 -7.620260 -9.017186  7.522108 -0.487061 -1.669529  2.294667
  4.912490 -6.241685  8.920643  1.378995 -9.098903  1.773305 -1.442774
 -0.096230 -6.912328  9.922158 -7.250999 -3.856809  0.433466  5.252707
  5.668651 -5.874733 -8.087025 -6.982865 -4.376061 -3.987954 -2.057912
  6.741624 -1.305334 -7.693781 -7.120823 -9.553198 -5.536701  6.931201
  2.725819 -5.471708  0.195305  7.128155 -6.693844 -6.730696 -3.319767
  5.496664 -9.300086  3.209217 -4.416967  7.114579  0.967053 -3.064751
  5.782172 -4.279261 -1.559034  2.935889  5.985758 -2.137607 -4.807269
 -2.581518 -0.588101  9.038902  7.150021 -3.790689 -3.189016 -2.105096
  0.360454  2.474055 -7.272505  0.424808  3.822644 -8.687243 -7.878835
 -2.560284  4.225265 -8.448531 -3.808141 -0.044075  8.717594  3.218478
  8.332921  5.822886  7.783599 -5.549509  4.557016  1.636290 -2.957002
 -9.927495  2.696722  1.037722 -6.407553 -5.464896  1.597625  2.700364
 -0.342544 -2.747765  2.684068  4.885012 -0.349754  8.868199 -9.194640
 -8.470336  2.426153 -3.241223 -2.101022  4.090666 -6.208112 -7.630974
 -3.285607  5.179283  5.255527  1.704900  3.130273  1.932568  4.585405
 -6.006122  4.717581  7.644128  7.456547 -9.106902 -6.638931  9.582713
  3.117897 -4.133437 -4.607558 -6.708569  0.214977  7.487779 -7.513850
 -7.913184 -7.337466 -8.244745 -8.055312 -0.683530 -4.957740 -2.452359
 -5.906252 -1.722031  0.255262 -8.706550 -3.294400 -9.388248 -1.998073
  3.536173  6.199965 -3.101482 -2.854819 -4.050107  4.341828  9.844993
  7.625198 -5.933055 -7.506672  8.942376 -2.546283 -1.926181 -7.770604
 -2.091416 -8.709944 -8.250298 -0.794365 -2.392938 -8.582412  3.045749
 -4.565018  9.340843 -7.014479 -0.557272  9.081576 -0.724905 -7.425192
 -0.870192 -3.283674 -9.854218  3.603999  6.688295 -1.360607 -9.552374
 -0.719881 -1.171400  6.111967 -9.545276 -4.451479 -6.321484 -9.986694
 -8.303159  1.974697 -4.030764 -4.243843 -6.757084  1.762008  8.447018
 -1.150814  0.640603  7.526679  1.860534  0.035623 -9.652237 -0.544264
  3.181848 -7.150936  0.058842 -8.333993  4.490262  8.088651 -7.695424
  7.740415 -6.315305  2.258552  2.971145  8.894927 -8.320877  0.646879
 -3.405293  4.577619  2.341177 -3.911240 -1.609781  0.925128 -0.318930
  1.371474  2.868757 -8.372448  6.403009  1.532004  2.560481  1.723325
 -0.720612 -9.767330 -7.196436 -7.934247 -1.217232  9.216990  6.943039
  3.601559  7.073044  2.420386  9.279960  3.205160  0.876469 -4.186565
 -4.983848 -2.286400  0.667182 -5.095666  3.667566 -6.340075 -9.022674
  4.041509 -9.851130 -9.717585 -3.968109 -2.567891  3.255995  0.896643
  0.920271 -4.572435  7.331762 -0.457854  6.218689 -5.366880 -5.561044
  1.256336 -4.295749  7.007842 -6.041851 -5.347577 -9.212699 -4.027184
 -2.930456  7.866313 -3.246139  2.641701 -7.951048  9.021854 -3.075255
  1.465293  3.217031  3.886543  4.679609  2.608738  9.305850 -7.446689
 -6.260005  5.356321  5.000164  7.640185 -2.071737 -8.664051  0.142553
 -5.001001  9.866771 -8.594279  8.585511 -5.115857 -0.078623  0.584067
 -3.620644 -4.612605 -9.810938  7.436751  1.268778 -0.124753 -9.852589
  9.400235 -4.011177 -8.829542 -4.645124  0.472272 -0.143213 -7.494632
  9.152012 -4.755598  6.589520  3.905246 -3.745855  2.408068 -4.324726
 -1.568004  4.887849 -3.727859 -8.353808  5.963811 -0.293578  1.248532
 -2.806030  5.446166 -4.858211  8.272507 -1.163343  0.914131 -6.030403
 -0.017713  2.376342  7.721474 -2.718165  4.750463  3.038371  4.451676
  8.303809 -9.860457  6.417858 -3.518981  8.207109 -5.073335  8.659138
 -6.391582 -7.599466 -4.926119 -8.341738 -1.363264  8.307522  7.130815
 -6.212497  6.062913  8.363724  7.227234 -0.027173  3.690866  3.449000
 -7.836801 -3.138419  0.943157 -2.529702 -4.328851  9.999161 -4.595346
  8.648397  7.668496 -8.668847 -4.477451  4.485795  2.601557 -9.993883
 -2.367093  5.481934 -3.857352  1.463400  4.014055 -8.725762 -8.759487
  5.395819  8.938788  1.001064 -3.083399 -0.368833  7.989505 -4.705887
 -2.485548 -3.443202  5.042772 -4.040296 -3.678727 -0.419119  5.785580
 -6.554123  2.941829  9.958009  4.787513 -6.805476  2.642477  5.760830
  5.731143  2.222312  2.508084 -0.848933 -1.027800 -6.048715  4.774527
 -3.526124 -1.409183 -4.303585  3.536895  7.040004  4.252059  1.539262
 -3.662790 -0.646850 -4.222641 -5.289557 -2.175540  7.366551  5.414080
 -1.355219 -9.920052 -9.362219  1.689142  7.831129 -2.341295  8.134733
  0.129812 -6.373316  4.078398  3.151368 -3.511988  7.313303 -0.149194
 -2.368629 -7.532510  1.109036 -5.681115 -2.461808  2.515794  7.625066
  7.977605 -5.066679 -6.667384  6.138290  4.082147 -1.919111  1.271141
  3.474453 -1.745183 -2.870089  2.870977 -2.330641 -0.929270 -4.528620
 -4.254570  3.213542  5.104574 -0.712229  2.316967  3.543789 -6.080070
  5.515314  3.670211  1.740956  2.328294 -8.671264 -5.261034 -1.430991
  1.853965 -8.126582  4.743830 -0.053384  4.407285  7.649662  8.249597
 -8.708707  2.828483 -0.690263 -4.650648  7.809994 -7.235993  2.200086
 -4.433061  8.504433 -9.192704  4.994672 -2.277983  3.134209  0.818690
 -3.357786 -8.673451  0.807238 -1.033663 -9.932632  0.568104  3.260662
  6.587854 -5.895288 -4.675942 -7.259979  8.088848 -9.840806  6.744836
 -9.310260  2.351293 -7.676215 -0.495464  9.438485 -6.406537  1.596851
  1.919367  9.357404 -0.950796  5.041338  5.714032 -1.461670  6.769840
 -0.851249  9.961042 -1.593681 -2.641401  8.416033 -1.522470  7.211259
  0.586464  9.486228  6.373932  5.925363  5.855844 -5.188390  0.740520
  8.220424 -7.828385  1.552705  8.880528 -6.126983 -9.830744  1.808071
 -6.228428 -9.351430 -7.283527  7.056946 -5.505650 -3.271429  9.120014
 -5.418313  6.920895 -0.068242 -2.235738  5.935418  3.981822  2.972152
  4.372717 -8.550751 -2.889386  8.362957 -0.282850 -2.547005  8.215010
 -3.727718  6.937618  4.459219 -1.898022  9.924135 -5.595589  9.593777
  6.111829  6.947089 -7.631325 -4.449524 -6.198364  8.687396 -5.492517
  5.641781  8.718353 -5.432926  8.755164 -6.782614 -6.947869 -7.141555
 -8.626508  9.044013 -0.132000  8.588017 -7.598732  7.223534  4.841790
 -8.079000 -3.327677 -1.481863 -9.656490  9.069156 -8.011301  6.117011
  8.884304 -8.830444 -7.677279 -7.833621  7.525136 -4.342640  4.691960
  3.709558 -2.894479 -4.656417  3.505203 -2.778337  4.760852 -8.104457
  8.759949 -5.456793 -9.116315 -3.412269  2.375664 -2.579587 -0.563594
  3.371389  9.224476 -7.526747  6.193932  0.982333  4.193221  4.587244
  4.794490  9.296645  3.465204  8.196974  0.762091  7.468316  6.645086
 -4.626675 -5.874246  6.173066 -4.857570  1.800586 -8.372808  8.417953
 -1.875723 -6.714124 -7.302610 -8.447198  8.971347  5.709660  0.046545
 -9.046659  9.394456  8.840957  4.871890 -7.822722 -6.006338 -9.411727
  3.715129 -7.226672  7.961249  6.636050 -2.633746 -7.352021 -0.430984
  3.187471 -5.086207  4.124713  3.697787 -1.705548 -5.048203 -9.132875
  4.453522 -0.622577  6.399207  1.115366  1.462525  9.215272  6.799390
 -4.879752 -0.079697  7.662909 -2.529167 -4.623816 -2.618090 -7.760513
 -0.000277 -7.836525  9.690342  6.345813  7.064368  3.303126 -0.603903
 -5.439285  8.782421  8.293681 -1.365746 -4.728092 -6.092145 -7.827212
 -5.887278  7.657954 -1.147136 -0.016588 -5.166250  9.747845  5.504655
  8.396490  2.708422  3.817471 -4.659558  1.673156 -5.159665 -3.807494
  4.244911  7.683495 -3.421609 -6.976068  0.697228  5.541966 -1.003871
  4.754599 -8.202346  9.387265  7.916280  3.218776 -8.071409 -2.972815
 -8.990919 -8.609573  2.696020 -4.349532  3.379735 -2.256991 -3.457429
 -9.697165 -2.282582  7.455746  8.975734 -2.681786  5.661091 -4.899302
 -4.720038  6.472863 -1.615767  9.958759 -3.344918  6.208245  0.966899
 -6.867561 -7.673075 -7.748817  7.147025 -4.227784 -3.658223  9.014584
  1.129215 -3.891215  6.432109 -2.312469  4.930703 -5.970556  8.941921
 -3.196466 -7.172810  6.690010 -3.746383 -2.604665  0.337610 -8.081437
  6.845930 -5.758123 -7.920424 -4.989430  4.777366 -8.735017 -6.715914
  8.365138  6.307907 -4.619258  7.924776 -8.887675 -4.174748 -3.735904
 -2.750939 -8.468216  6.787715  3.502280  9.126260  5.203595 -9.391916
  8.195581  9.491274 -2.275327 -2.909040  2.504360  6.650178  7.488708
  9.919235 -5.893377  0.165411 -4.795259  8.597545  5.233352 -9.230742
 -5.841617  9.186989  6.351480 -0.549310 -1.466322 -8.834372  2.867010
 -2.849911 -0.096204 -4.678505  0.843499  4.906746 -4.591653  0.267227
  7.364224  0.547585 -1.804157  9.760784  1.942145  8.303826 -3.672875
 -4.125304  9.799603  5.473823  9.352350 -1.444836  0.252112  4.606260
 -0.652352 -1.930360 -8.389476  4.564547  9.185286  6.436897 -9.135332
 -6.666329 -6.646162  4.455592  9.538412  0.150482 -6.346913  8.641556
  5.337147  4.333454 -9.127511 -2.800086  3.684872  0.293498  0.466514
  1.656119  0.460238  8.979604  8.958601 -2.466852 -9.828834  7.453456
 -9.618172  5.156495 -0.480613 -0.163816  9.542570  7.614195  8.911849
 -7.882470 -8.783565 -8.888165 -9.250380  2.667049 -8.033710 -2.542157
 -8.801735  5.933699 -9.042233  7.477071 -9.413375 -5.291760 -6.527688
  5.975452 -8.264325 -4.356535  0.780981  2.112689  1.805428 -8.183057
 -7.052230  1.614437 -8.048235  7.572020  5.509395 -1.466262  6.237412
  5.792294 -1.158562 -9.775251 -9.547145 -8.246155 -3.402489  0.298191
 -1.191754  0.946394  6.811944  7.890010  7.625255 -2.127486 -5.439500
 -2.920175 -2.561730  2.626754  7.840088 -6.687149 -0.664941  3.302917
  3.680017 -0.267004  5.299613 -0.131678  4.018700 -1.849206  0.338057
 -5.733481 -6.771923 -3.652976 -3.066888 -1.299569 -5.914068 -7.111616
  1.175883  7.280186 -7.093014  7.895118  1.390646 -0.566984 -1.702201
  7.296165 -5.323284 -4.168127  8.937306 -6.434522 -2.230403  1.307618
 -4.880549  7.836922 -3.926248 -5.995652  6.260815 -0.508253 -7.954789
  3.696926  9.166297 -5.996078  3.473419 -8.768965  1.477154  0.930163
  6.177144 -9.485478  1.652749 -9.860763 -8.756486  1.836002 -6.927000
  7.271894 -7.057663  2.913467  8.222903 -6.089249 -1.787108  2.412342
 -7.363778 -2.641425  2.416784  7.235863 -1.177940 -7.945495  4.481081
 -4.862803  8.423818 -9.243511  4.850594 -4.138057  8.328759  9.562094
  1.229619 -8.372275  1.609077  5.253405  1.088106  8.826784 -2.549601
  7.449030 -6.340409 -8.673135 -1.389451 -3.460664 -0.271168  2.135034
  7.725233  7.818727  9.835488  4.402825 -6.081304 -9.196777 -9.067310
 -9.597680  1.803107 -3.570104  3.613535  0.730739  8.971175  7.097320
 -5.923436 -9.118573  9.862194 -8.804834  7.412072  6.843407  2.073838
 -7.934742 -4.411842  0.555646 -4.030291  5.004285  0.615833  7.258615
  1.124659 -0.369940  9.574058  4.663104  6.534621  9.097441  2.752378
 -6.514326 -3.898074 -0.542227 -7.300104  6.947356 -0.712546 -4.974226
  4.325576 -5.150516 -6.129053  0.652782 -2.387554 -5.655034  0.858252
 -0.686440 -3.634674 -2.414624 -9.007099 -0.326803 -8.404548 -4.004801
 -9.414971 -1.881618 -2.403135 -0.604524  5.100360 -3.166272  1.160303
  2.085367  0.701955 -9.559384 -5.385354 -7.417588  6.420726  6.085008
 -2.462880 -9.765384  8.635403  2.566206  7.421824  5.700185  5.312153
  1.858002  1.522726 -1.976776  6.398000  9.001285 -3.641874  9.037983
  8.697898 -1.778723  4.506304  8.481092  6.488528 -8.742863  3.365902
 -0.233679  4.745120 -3.363563  7.705627 -0.247030  7.700687 -7.377583
  8.945672 -7.587568  1.364850  2.257485 -1.402954 -6.563270 -7.675328
 -6.998948  4.336943 -4.096746 -9.113769 -6.798088 -8.138422  9.489606
 -5.282491  9.016609 -0.023481  7.530150  7.110014 -7.093164 -8.078847
  4.055321 -5.315863  6.118957  7.552654 -2.883104 -9.733323  3.033065
  8.312415 -4.930209 -5.881016  8.008427 -4.799369 -8.558660  9.817194
  5.194771  3.328752 -8.773906  4.207251  9.071677  3.686854 -9.354284
 -5.454376  0.080852  2.836371 -2.486771 -3.367022  9.819506  1.857502
  9.220528 -9.512168 -4.239810  1.314258  4.786381 -0.985971 -2.774345
 -3.808700 -1.619487  2.645419  4.786878  2.325880  1.370625 -2.639871
 -9.373922  3.169363 -1.880562 -9.898722 -7.475231  3.440077  9.770563
  4.931491 -1.677732  6.021908  5.313741  0.111797 -7.579215  8.450792
  8.980088  5.334987 -1.884705  5.694119 -9.993134 -0.220370  9.737596
 -4.959189 -4.999067 -4.613540  6.529361  4.812247  3.211853  0.677650
 -9.116856 -3.531477 -7.214370  3.105223 -4.756273 -5.329682  7.303305
  2.075677  3.757518  8.568993 -9.081140  0.678142  8.231041 -8.408491
 -1.943053  1.602969 -2.966023 -1.195708 -5.614271 -4.347519  3.015295
 -0.734557  0.144172 -5.865104 -9.178083 -9.905662 -7.870215  6.772127
  1.668912  0.957771 -5.102869 -7.440350 -1.433616  3.866892 -5.463701
 -9.764305 -8.722019  9.537070  6.679881  1.682029  3.226369 -8.302795
  2.807913 -4.688917  8.178753  0.626550  3.642818  4.364653  9.534562
  2.604399  9.150835  5.767683  3.241358 -4.205567 -8.181274 -8.107949
 -4.757589 -3.690597 -3.022868  6.541010  0.346384 -3.051115  5.651779
  1.996445  4.185020 -2.322149 -2.418048 -5.076899  0.938514  4.113286
  6.253777 -9.577541  8.215717  2.598990 -6.999653 -4.038586 -3.588282
 -9.714278 -6.955584 -4.596396  0.813846  2.907395 -5.058876 -4.517264
  5.339809  4.184301  5.647357  4.900161 -0.329437  3.748379  7.486377
 -1.045672  8.565512  4.669483 -4.444869  3.227934 -9.401131 -8.813050
  2.328844  5.690546 -7.994383  1.844452  5.415641  3.982156 -7.961180
 -2.082269  1.695669  8.990381  4.766767 -3.699174 -5.778746 -2.334875
  6.229810  5.794717 -4.471119 -2.961439  7.393754 -8.787378 -3.591890
 -6.730401 -0.362748 -4.652022 -8.809356 -1.014688 -1.141018  5.806617
  3.007490  8.258142 -0.814461  4.742369 -0.800684  7.679650  2.891071
  4.748159  2.884114  2.128162 -5.628130 -5.522072  3.109170  7.386977
  7.233511 -4.838003 -7.381229  1.092468 -8.628507 -9.821259 -5.490277
  0.997502 -6.506092 -9.007041  8.346650  6.468652 -2.477594  7.472062
  6.931746 -2.218586 -8.303541 -2.032309  2.178368 -7.698811  0.454070
 -6.071234  1.054380 -8.810024  5.705063  3.418636  5.472688 -6.611454
 -2.426561  4.755249 -2.603416  7.304026  0.875228 -9.422169 -6.782504
 -6.125735  4.604878 -6.178526 -6.177392  1.332438 -8.896528  3.829877
 -6.956364  5.264497  0.424214 -8.189874 -5.485898  8.716025  3.523154
  3.993620 -8.589861 -9.576142 -4.185788  6.064087  9.268184 -2.631550
  5.182065  1.935509 -6.139720  5.628850  4.683108 -6.420414 -9.310792
  8.576880 -1.979403  0.394669  7.931649  9.957529 -4.654622  8.722622
  2.595264  6.596420  2.041533 -7.531816 -8.638700  8.571179 -7.327238
  9.728057 -4.019497  2.179594  6.608161  0.627297 -4.363918 -3.271498
 -8.121493  7.958227  3.088999 -9.434277 -0.902545 -6.228962  4.670796
 -1.129410  3.260550 -2.067772  3.560712 -8.374166 -5.830766 -0.507793
 -4.626607  3.768481  9.583603 -3.168779 -0.429115  8.692006  4.383076
  2.025013 -5.301084  7.809710  6.069140 -9.617147  7.963642 -1.500028
 -6.304100 -7.897828  4.021273 -0.913746 -0.368711 -8.483040  4.056849
  9.816818 -0.404443  8.831429  2.315924 -9.499716 -5.293058 -9.335720
 -6.610025  2.706485 -5.830547 -7.245149 -6.388916  1.662809 -5.260022
  3.810573 -6.750236  4.242260  1.533903  9.771720 -9.355030 -7.938663
 -9.542612 -3.836368  9.451310 -5.107222  7.356539 -3.004211  8.146326
 -1.041776 -5.682569  2.113781 -8.738481 -8.050947  2.323718  0.295680
  2.452362 -8.796584 -0.473837  8.428694  3.804972  9.481756 -2.839774
 -8.965612 -4.437929  7.554018 -6.980099  3.840572  2.060206 -2.557582
  2.859636  3.491316  8.957275 -8.547471 -0.807222 -8.501956  6.264663
 -4.571834  2.037875 -0.537307 -0.832419  0.853049 -9.097817  4.749096
 -7.788628 -5.009897 -6.741405 -8.218495 -7.125864  9.086745 -1.045186
 -7.898305 -4.393162 -5.600100 -5.447416 -9.149620  1.145428 -6.402257
  1.306536  9.762051 -7.949055 -0.805422  5.807715  8.235655  6.698748
 -6.597010 -8.034137  4.699707  7.299557 -0.648749  2.359061  7.839676
 -3.353826  7.120203 -5.679603  3.228838  7.366444 -1.469026  2.520720
 -9.651189 -7.266703 -9.539586 -4.601013  0.271251 -7.022844  4.441212
 -2.895318 -1.180519 -9.487647 -8.643009 -8.664264  1.325310  8.730794
 -5.138902  5.725096 -9.644297 -4.520610  6.773146 -8.276024  1.331074
  4.625059  8.845849  1.955326 -5.863784  3.213451  2.726874 -1.195684
 -0.529809  6.678434 -2.859002  0.066020 -1.623932 -5.693252 -5.464313
 -2.149558 -2.988664 -8.059415  5.873128 -9.628888 -8.536772 -0.883685
 -8.318266  5.194351  4.096466  2.089764  2.396849 -9.951884  3.522918
  5.386558 -6.043788  0.538469 -6.393764  5.524026  9.862244  8.477238
  5.655528 -1.878103 -4.853158  9.368231  1.817730  5.950671 -1.732070
 -2.332783  7.440287  7.251276 -5.969164  6.823955 -6.803364  1.244812
 -3.946375  4.303755  8.201904  6.671048  7.520074  7.207682 -5.138139
  3.082217  0.726115  2.381273 -7.310067 -7.445704 -6.376101  5.375692
  2.379703  1.132280 -1.435283 -9.928376  5.532551  1.171468  8.136248
  7.157593  3.084555  8.171701  6.293969 -8.913641  9.882766  1.609057
 -3.765024 -7.115634 -6.871557  2.193506  8.116497 -9.104411  0.894891
  6.209103  8.687104  9.948949  2.288567  4.205916 -3.858825  7.599195
 -5.946008  7.035242 -5.929849 -4.832789  7.518159  3.790527 -5.357134
 -7.474404  2.558207  6.263367 -3.950989 -4.279736 -6.400407  4.540316
 -4.288343  1.290848 -1.284201  3.915438  9.426349  4.401091 -7.808635
  8.761420 -9.582615  5.651959  3.832667  5.776810  6.145703 -0.305147
  9.986724  5.993470 -4.807340 -9.681011  4.896842 -5.218989 -7.458575
 -9.846806 -8.876552  2.388508 -2.569536  0.603084 -5.925906 -0.084439
 -8.643469 -9.804694 -9.460783 -5.110564 -1.132880 -3.894110 -3.105001
 -6.734167  6.503636 -0.488245  1.177548 -7.060558 -8.806372 -1.928839
  4.843026  8.421444  0.795609  8.673919 -7.768111  6.807679 -6.027747
  5.123465  1.631968 -9.609726  4.594094  8.135677  9.136271 -7.267951
  6.520680 -1.116146 -3.305575 -3.525684 -3.779144  2.612270 -1.359569
  3.918241  2.184165  7.895390  9.391142  0.068722 -0.623236  0.341907
 -7.997854  1.268109 -0.695790  3.956017  9.927492  9.673651 -1.884443
  9.813967  2.779596  7.069159  3.769690 -8.629080  8.360829 -8.763152
 -5.631690 -3.347763  6.142671  3.812193  6.033645  6.962633 -0.987199
 -0.670319 -2.823356  3.019809 -2.029147  5.427880  3.184830 -7.108350
  3.975982 -3.188972 -0.683292 -0.358337  3.463065  9.284001 -5.405531
 -9.267333 -7.871518  9.571177  5.367586 -8.669684  1.933149 -4.797172
 -2.818799  6.809575 -4.104676  0.531159 -8.152435 -9.672451 -3.342723
 -8.191865 -2.243215  1.015478 -0.787573  0.526737 -7.248978  6.919503
 -6.186879 -3.838971  0.442902  4.115940 -9.496588  2.902713 -3.851125
 -5.013707  1.684227  0.133341  4.472726 -1.581689 -3.794396  6.442397
 -2.718527  0.358585  8.860564  8.439485  2.299263  3.226979  8.188624
 -8.144851  6.741101 -9.710577 -0.280776  5.653393  7.751844 -6.886628
 -4.366356  0.682189 -4.936390  3.115376  8.257798  5.926670 -4.303030
  8.962741  0.647276  5.977754 -9.852757 -4.693385 -9.800429  5.014944
 -8.824729 -5.687808  1.485110 -2.733986  9.154066  5.909011  6.275200
  6.970100 -5.067167 -6.354353  3.656674  2.229055  2.685459  8.276956
  8.789978 -2.671730  9.825472 -4.840430 -1.538389 -6.361665  7.880067
  0.325037  1.126780  5.086438  2.053321  3.222708  8.998770  1.955322
 -7.761207 -3.289087  0.056353  2.702409  7.007303 -2.674605 -8.929763
  2.235502 -6.173343  0.328707  0.495625  1.193365  4.586171  9.096221
 -0.124711 -7.402072 -6.601135 -4.826045 -3.076599  5.456070 -3.040913
  4.371132  2.528344  7.179071  7.769040 -7.942513  1.777282  1.509312
 -3.109843 -4.408594  7.549742 -5.929386 -0.851201 -4.280836  5.122995
 -8.618609 -6.346262  1.100839 -0.258789 -9.162477 -6.943150  5.922979
  7.943323  3.634341  3.995359  2.854387  1.978098  7.078582  2.994171
 -8.374410  4.546153  0.252442  1.838302  2.053551 -6.405696  9.770297
  7.455829 -2.785664  5.097411 -5.804857 -1.529083 -0.966170  9.703153
  6.661379  7.640805 -7.367678  4.623700 -0.345253 -0.352082  8.860720
 -0.411130 -9.950302 -6.306832  3.360847  8.773568  5.700213  8.745392
  9.416392 -7.337909 -8.242572 -5.422331  0.620948 -5.023498  2.044849
  7.074054  5.910759  4.939284  4.709323 -0.785947 -0.967490 -6.063902
  4.854545 -4.835013  7.592600 -5.220449 -1.070716 -3.547826  7.832686
 -9.368595  5.907029  0.314235  7.698432  7.955180 -3.983102 -0.088412
  4.806075  9.365283 -0.070486  3.466768 -7.853760 -2.400228  1.424408
 -0.677856 -9.106317 -0.933404 -0.531941 -0.720551 -4.185738  2.004787
 -0.427641  8.731751 -9.163296  6.860799  5.313297  2.109047 -6.240385
 -4.399812 -6.823400  6.710559 -7.921127 -1.763603  6.620528  6.586774
  8.538669 -8.779265 -9.146568  4.052046  9.014468  7.095097 -8.578686
  3.009093  2.255792  8.258841  7.112433 -5.368402  9.571388 -6.181572
 -6.240263 -7.486729  5.249325  7.900270 -6.057509 -3.791719  0.106353
 -9.428725 -2.002182 -8.106282  4.761126 -4.481397  4.483353  2.772988
 -7.310366 -9.238807  2.018313  0.633187 -3.532340  9.052500 -2.210179
  5.804976  0.363621  1.536915 -6.948544  6.718876 -7.704065  1.846045
 -3.747826  5.947019 -5.515592  0.913212  0.489294  6.005601 -7.399074
  5.663811  0.954617 -7.294075  8.039328 -6.745713 -9.258648 -8.815675
 -4.520069 -1.098042  5.857254 -5.300609  7.221320  6.021872  4.361029
  4.838379  3.142051 -0.048909  4.985653  1.072972  1.121631 -7.659221
 -3.381932  8.142713 -4.025479  9.338124  7.701592 -1.293428 -4.002537
 -4.781773  8.396467  9.877451 -6.245019  5.502860 -1.864238 -5.077108
 -9.833267  4.612055 -4.586678 -0.766861 -5.373412  3.128255 -7.515028
 -4.971174  5.693243  3.550924  6.236522  3.840114  7.759025  1.880637
 -6.258872 -7.272790  9.722610  8.907150  0.552713  4.758320 -8.013515
  1.386144 -3.958276  9.542291  0.422892 -2.801905  2.900450  6.482499
 -2.990107 -4.730940 -4.157913 -9.755019 -0.431829  6.163969 -0.447793
  8.873088 -2.016690 -0.510222  1.282344 -2.999721  9.419884 -7.061668
 -3.398952  5.071805 -0.168934  1.306741  9.097490 -5.827934  0.493321
 -8.998126 -1.589936  7.888800 -4.731481 -4.890038 -3.207295 -1.707339
 -3.018487  0.294215 -7.313134 -8.333418 -5.276778 -7.535515 -1.629236
  3.383114 -9.479517 -5.356487  2.438251 -6.318733 -7.030114 -5.851827
  9.987267  6.652461  1.393872  5.287173  0.775218 -3.035640 -8.774025
 -4.190022 -3.436878  1.162294  5.793192 -3.484778  5.284701  0.874539
 -7.972810 -6.363054 -4.839583  8.127116 -6.084492 -8.984832 -2.082991
  7.045010  9.416984 -7.279889  3.155559  3.627830 -0.617065 -1.271137
  0.157098  1.166191  6.406262 -4.661450  1.714189  7.048999  4.275491
  7.524800  1.868152  2.203345  4.514661  1.550249 -1.036960  4.971543
  6.099673  9.352316  8.503892  7.897136  4.670956 -8.756928  2.910087
 -5.525259 -2.379298 -2.538314 -9.807560  5.410703  6.429655  7.387264
  9.517743  5.584635 -2.353308  0.377188 -0.814217 -9.306939 -7.580586
  6.190682 -5.723142  2.288664  2.022474  2.595519  8.081240 -5.417545
