1 0 0 0 0 0 1
9.71225936209 7.34111837558 8.11998313357 0 0 0 1
0.47535548857 9.16718766991 3.45522044179 0 0 0 1
4.98090383634 9.18353899522 -3.67016657698 0 0 0 1
5.1186337914 -2.66851097283 5.31285211489 0 0 0 1
8.47453457761 9.3150295275 9.39648007625 0 0 0 1
-9.81293774199 -7.85436745408 0.930003834312 0 0 0 1
-9.81105383915 9.88760401065 -1.08321896684 0 0 0 1
-2.11536088617 4.62217768028 -3.24889254895 0 0 0 1
9.84026557378 -5.69777498461 -7.66354013571 0 0 0 1
-3.85235148054 -9.61680139086 -6.34956761569 0 0 0 1
8.39792100987 1.07245896111 -5.54180780026 0 0 0 1
0.483673324065 5.37379314911 -5.08870652528 0 0 0 1
-7.0754246586 -7.31739325286 -1.5068845856 0 0 0 1
-8.86260639266 -5.5512996251 1.97082255051 0 0 0 1
7.00608346549 4.98366944045 0.276515548701 0 0 0 1
-2.61920333952 6.31950884424 -6.12589308803 0 0 0 1
6.33677215441 6.91910512709 9.67485720325 0 0 0 1
-8.5921284822 3.47606089397 -3.00133669528 0 0 0 1
-2.90082828049 -5.21447630328 7.25355061088 0 0 0 1
-5.58725774043 -3.83654475409 0.665025149333 0 0 0 1
-5.25806300858 7.99908563951 3.30679556107 0 0 0 1
-2.11549760093 8.71273350079 2.98831420354 0 0 0 1
3.61318760585 -3.26673352418 1.90879243681 0 0 0 1
-9.87927004532 -7.23168587838 -0.11459482149 0 0 0 1
-7.28969889432 5.93585674637 7.03503788207 0 0 0 1
-1.99537361441 4.03642887222 9.40154385111 0 0 0 1
1.93444766111 3.75247211318 1.42060005387 0 0 0 1
2.21629537873 4.4193118817 2.83768289401 0 0 0 1
4.87429482195 -4.83421184456 3.1488631569 0 0 0 1
2.45273403797 9.66102412413 9.93661664019 0 0 0 1
-9.78752287846 -2.65712369043 -4.04763288105 0 0 0 1
-6.09083390781 -0.287546523059 -0.782361238227 0 0 0 1
-2.93474026593 -5.47883815975 -9.02132131369 0 0 0 1
-1.0180215794 5.80427666489 -1.87498786373 0 0 0 1
-2.49197062668 7.56440872495 -5.27938949141 0 0 0 1
-5.49647917216 -8.26736119835 -3.33875440375 0 0 0 1
-5.15051995128 0.725892960439 -3.95537837371 0 0 0 1
-1.86672844259 -7.2695623672 -2.38313511129 0 0 0 1
-1.14363408105 9.13483659154 -6.54952812447 0 0 0 1
4.56759821268 8.80655160727 -9.55990968551 0 0 0 1
9.28500532701 -4.53727961068 -2.52241489654 0 0 0 1
6.89325672143 -3.75245354182 -4.94762291915 0 0 0 1
3.69193554843 -6.56472979735 -3.73904424671 0 0 0 1
8.28241092981 -4.80457146452 2.07170535953 0 0 0 1
-9.87651529676 -3.77753729138 1.0057533502 0 0 0 1
-8.95337144795 -0.272532617549 6.10165062102 0 0 0 1
4.88570565844 -8.23238277488 0.241512081408 0 0 0 1
-8.93565797002 -9.84985126092 3.34682857604 0 0 0 1
6.12122582244 7.4286076439 -4.8019373203 0 0 0 1
-9.48944300464 -4.86535614834 -2.75294561777 0 0 0 1
-1.1141667656 1.68600771495 2.98488137929 0 0 0 1
-5.14776485992 5.43022495283 2.41666812386 0 0 0 1
-7.63847621286 8.64626965848 0.595074630727 0 0 0 1
4.48487343986 6.43099744166 -4.970520255 0 0 0 1
7.62156356992 7.45698288441 2.76618594163 0 0 0 1
2.0188582664 -3.43845137044 -5.81470190178 0 0 0 1
-2.98768159583 -0.657563495539 1.94982771054 0 0 0 1
-7.06148225715 -0.47029380087 0.851407772539 0 0 0 1
-5.73189083893 -0.0511320222728 4.93026428707 0 0 0 1
-3.5802855536 5.22347634583 0.00637926680952 0 0 0 1
2.83712760261 -3.58362161546 0.675054343905 0 0 0 1
1.17504442117 6.9006321791 2.87043584889 0 0 0 1
4.96055109798 1.59337837584 7.4272237491 0 0 0 1
6.06656285833 -9.45814946649 -0.796053251237 0 0 0 1
-8.95220048169 -9.94024051909 -4.53423572549 0 0 0 1
9.05423122601 -4.72884259922 -6.39778342924 0 0 0 1
-4.02366754922 1.95946467667 9.28676114675 0 0 0 1
2.97742234285 7.90514472487 -5.12378665832 0 0 0 1
-3.72553205222 -3.43629283361 2.94868532487 0 0 0 1
4.06900712009 -7.75522839446 5.46250575245 0 0 0 1
-5.97693576275 -9.08969171493 -5.26148833746 0 0 0 1
-1.9718174583 2.55523441935 -2.55210778819 0 0 0 1
2.59239752065 -3.93210674442 4.56531249844 0 0 0 1
6.337097803 7.51597863651 8.92088600503 0 0 0 1
8.22663336506 -7.37889829876 5.73935835809 0 0 0 1
-0.863001654709 2.77898876139 8.91942568286 0 0 0 1
2.39607771906 -5.52778464534 7.68575720264 0 0 0 1
-8.56516318128 -2.81408831693 7.37917861698 0 0 0 1
8.55140819669 -3.76960225518 -1.99812271519 0 0 0 1
-2.59580690493 0.34025745403 5.08611930014 0 0 0 1
9.50240288568 -3.83705260581 -9.29484253967 0 0 0 1
5.81309336633 -4.66723673386 -5.29706182589 0 0 0 1
-7.9001622818 0.212740840443 7.38953756744 0 0 0 1
-9.00614776216 -5.63717098547 2.36891315227 0 0 0 1
5.19925309573 -8.17197236414 -0.791268537329 0 0 0 1
3.9160864383 -0.751348801396 -6.97213469738 0 0 0 1
-8.28964433771 5.54320117462 -4.70189925693 0 0 0 1
5.76579010827 -5.00383614192 -7.62101778784 0 0 0 1
-6.74980802667 -9.00542238794 8.31497529869 0 0 0 1
2.58529677601 1.67788347481 -9.55468945194 0 0 0 1
-2.58940993929 0.277900080084 9.84196800375 0 0 0 1
-8.94825706305 7.68665597991 -8.76603129802 0 0 0 1
8.55885501098 8.65965232468 8.35555983757 0 0 0 1
-8.04161533702 1.32849853659 -9.8377404683 0 0 0 1
-9.78555606928 -3.28856432516 -6.51194418041 0 0 0 1
0.644198144538 9.98074092813 -9.31534466473 0 0 0 1
0.488380886769 -2.9983999702 5.20664375944 0 0 0 1
-3.10092347831 -1.24917301835 -1.55971318944 0 0 0 1
-5.26574023429 -4.86840385015 4.46431851231 0 0 0 1
3.99442668956 2.20945566446 7.47418274802 0 0 0 1
-8.77012205155 0.170159163372 -1.16250416508 0 0 0 1
3.75652751398 5.88587118243 1.2740145136 0 0 0 1
9.17758911299 -8.9670344913 5.31973858337 0 0 0 1
1.69402943131 -3.58386270037 -8.46830301367 0 0 0 1
6.50563151209 -2.02212397306 5.22889111918 0 0 0 1
-1.00080174726 -9.16575181129 -5.82161781895 0 0 0 1
5.95190491668 2.87562514316 -3.4977334811 0 0 0 1
-4.36912405159 -3.53122652262 9.49614814416 0 0 0 1
-7.09116507397 -2.81033579871 -2.58448771975 0 0 0 1
-8.74005697659 -9.14253414797 -2.96765449862 0 0 0 1
-7.13053173639 -0.190525185427 9.58768286505 0 0 0 1
-6.51519853734 -1.60993671693 4.00271545016 0 0 0 1
1.61831028669 -0.658258652799 -8.99083342557 0 0 0 1
9.04819268856 9.29197374269 2.81062857446 0 0 0 1
-7.84142724068 6.7525876982 9.8267640066 0 0 0 1
-7.23632546606 -7.49502224492 3.9744805109 0 0 0 1
5.41809392761 -5.70296216309 7.47226783733 0 0 0 1
-1.60000374583 4.8828850552 -7.70981079594 0 0 0 1
7.21659575778 -0.0249034643298 3.17215841794 0 0 0 1
9.66631916686 -0.920054298509 -5.99664758087 0 0 0 1
-0.405660465833 -6.95963287705 -6.9539613139 0 0 0 1
-7.29624681921 1.02115946331 5.78093597199 0 0 0 1
8.77107971005 -9.59948910279 9.36753922976 0 0 0 1
-0.0734758577128 5.5109674595 -8.26936464611 0 0 0 1
-0.814091331437 -6.55574487285 3.11958107105 0 0 0 1
1.18833393883 3.22091539615 -8.25694043956 0 0 0 1
8.28319200208 -9.00189513692 -6.52758192726 0 0 0 1
3.99274512627 9.80378332573 -5.86022933597 0 0 0 1
5.02442037254 5.36484481611 -2.11070836762 0 0 0 1
5.55481335434 -3.60052382103 5.63907863234 0 0 0 1
0.577168747323 2.34559604753 0.850447575847 0 0 0 1
1.04384960118 8.31640306328 -4.60239781065 0 0 0 1
2.85163094102 9.02078727947 -7.96676843727 0 0 0 1
-0.70372832282 -7.04428553819 9.19917760254 0 0 0 1
-9.27064441629 -1.32949360349 6.53079139943 0 0 0 1
-2.3512740571 8.95160612863 1.61978041822 0 0 0 1
-4.6229860092 6.900752196 -5.89049658853 0 0 0 1
-0.65474113135 -4.554466371 -1.71310989841 0 0 0 1
-6.77293487442 8.14148733797 -8.75577236467 0 0 0 1
9.19252329787 -7.01588722101 6.77449883117 0 0 0 1
-8.66198972226 -7.79828348482 -3.48231363789 0 0 0 1
9.54920599697 -7.99985267139 6.16215460911 0 0 0 1
-6.09033352318 8.05002973822 8.64451692685 0 0 0 1
9.69057790411 4.46019131183 -4.62955342724 0 0 0 1
6.24373701961 -6.10813172119 2.74251815641 0 0 0 1
-1.42216924344 -3.16296480646 -1.06243059197 0 0 0 1
3.44958097258 -1.58382373068 8.78775236449 0 0 0 1
-9.37620267734 6.06381215609 -6.51900259981 0 0 0 1
-8.34250611098 5.472540006 3.24642860579 0 0 0 1
-4.56222421311 -7.52688905977 -3.10980448405 0 0 0 1
1.62649907067 0.174037420113 -8.37310329807 0 0 0 1
6.95756472779 3.91434991674 -4.0828300478 0 0 0 1
-6.90588290434 -6.34642991956 9.41896457218 0 0 0 1
-7.53978595757 -7.91269847456 2.47095912924 0 0 0 1
-6.2221074376 -0.289197003202 9.92237640516 0 0 0 1
-3.65904112569 -3.18534361269 -5.29094417585 0 0 0 1
-1.91915607682 2.2608519927 7.13314623443 0 0 0 1
3.07050113567 -6.61566922493 -0.0173580228078 0 0 0 1
-4.38139165119 -0.427943942775 -4.13900513119 0 0 0 1
-0.307402623874 4.91314636651 9.05975557379 0 0 0 1
-2.44087222467 4.46565655724 -8.26451532468 0 0 0 1
5.49155497769 0.680936379951 4.28929622281 0 0 0 1
-9.74751305206 5.1812737194 5.74368169793 0 0 0 1
-4.94636497448 8.18567477767 9.17102397105 0 0 0 1
-8.9740338133 -8.32150324575 7.44300659915 0 0 0 1
4.58248967281 -1.38669406164 -9.83911569297 0 0 0 1
-7.58514140613 4.75514760926 -4.77752966026 0 0 0 1
1.5188160977 6.57695674145 9.90708044079 0 0 0 1
9.86620801223 2.20240908961 1.26536265269 0 0 0 1
9.43848873448 -6.00318380635 -5.83940376289 0 0 0 1
3.79973246848 -2.91917478151 6.81419785999 0 0 0 1
0.4641751833 8.56818296816 9.8369205015 0 0 0 1
8.6194839308 -5.78356647682 -2.67116218391 0 0 0 1
9.55560964784 -3.85751901341 -6.70278959357 0 0 0 1
-9.94050761284 4.85052481851 -7.43907831146 0 0 0 1
-1.77727634724 7.61581757256 -9.77557277474 0 0 0 1
7.76715606495 0.169841890619 -6.04446835538 0 0 0 1
6.42581021487 9.23978392513 -9.38216742045 0 0 0 1
-9.95564512421 9.09830008088 6.4038440327 0 0 0 1
-6.57790343587 6.39834403593 5.38758940318 0 0 0 1
-5.59347824442 -6.81909028074 -8.16261857592 0 0 0 1
3.1702121195 -5.55450215687 7.93021460367 0 0 0 1
-7.93693257587 2.39896247965 -0.289776661174 0 0 0 1
7.76025551208 -0.0146207419289 -8.40480798247 0 0 0 1
-7.19438745992 -2.87822912975 -4.05709673307 0 0 0 1
6.55685112628 9.36907706452 2.81396334381 0 0 0 1
-0.214893199026 9.14699040102 -5.78294725015 0 0 0 1
-7.3173653323 -3.58057609605 -4.28930945965 0 0 0 1
5.51317682877 -7.95391336242 -2.05235832724 0 0 0 1
7.61208215218 6.27319216025 5.61508275564 0 0 0 1
-9.47584441662 8.38147983486 -2.64112144631 0 0 0 1
2.24518950717 -3.87924154216 7.36367811642 0 0 0 1
-6.10804210182 7.47364863668 -0.371136866519 0 0 0 1
8.967600989 1.19278094472 -4.3944727568 0 0 0 1
-5.53607714279 -1.73934353792 -4.18645258834 0 0 0 1
8.34168096533 -2.01218171746 0.889774252542 0 0 0 1
0.519393269606 7.06502630501 -6.1842153496 0 0 0 1
-6.3928951974 -5.06586246104 0.567714631739 0 0 0 1
0.650304750567 -5.39157080993 -9.21273041485 0 0 0 1
7.31978259939 1.58410776091 -8.22302036797 0 0 0 1
4.39291706691 -6.86811777462 3.69847633104 0 0 0 1
-9.48028888459 -4.07542604319 -1.34827842366 0 0 0 1
-9.91867689383 -4.80862788452 8.13425202376 0 0 0 1
6.82938851562 -1.54463262821 8.80229925612 0 0 0 1
6.02515819032 -0.737808740199 0.730560673755 0 0 0 1
1.16804349502 4.23970598711 3.04513030633 0 0 0 1
-5.84100445363 2.12316346721 -1.1369508166 0 0 0 1
-9.90926185839 -7.79931709777 5.67916435481 0 0 0 1
-9.15021435028 -5.46868348177 -9.74332515573 0 0 0 1
-1.16114151475 1.37351292098 -1.10863578911 0 0 0 1
0.432956430291 0.336249910531 -0.580659875909 0 0 0 1
6.31819837205 2.71516819972 -2.93008245646 0 0 0 1
-5.91090381372 -5.17050390298 -9.94659095236 0 0 0 1
-1.32313263953 -4.09350358233 1.97210313165 0 0 0 1
-9.58055733493 0.877124269818 9.86784776411 0 0 0 1
4.6694508536 -5.84988286637 5.33993545187 0 0 0 1
5.24426108121 3.35970419668 2.77922191611 0 0 0 1
5.60381514082 8.25045415853 -9.11981477824 0 0 0 1
-5.12405894154 -5.31656345176 -9.29544959572 0 0 0 1
-6.41433776799 -9.33246717063 -0.548530759197 0 0 0 1
2.8985782603 9.90075889 7.84030751977 0 0 0 1
9.3851348253 0.431016058843 -2.00264716862 0 0 0 1
2.39868763098 -4.44841193917 -3.8541428276 0 0 0 1
-7.77713184208 4.0483573276 0.141520705499 0 0 0 1
-2.41570812149 -5.30697057514 3.18222072451 0 0 0 1
-6.53367173153 3.03877215474 -5.9385330714 0 0 0 1
6.73736577843 6.17646842874 5.74601455691 0 0 0 1
-2.25561994183 -6.47923183075 -8.92381568968 0 0 0 1
-1.20862175353 -3.02206548586 9.5213457196 0 0 0 1
0.608863241211 6.25326257935 0.522562843977 0 0 0 1
9.40803596847 -8.62166257039 1.04710111019 0 0 0 1
-7.78581955377 8.87685042947 -2.04524577805 0 0 0 1
3.06309623337 2.56387902865 -5.60013794989 0 0 0 1
3.92204966639 5.76564323509 -1.45415160716 0 0 0 1
-8.20988159833 7.03561658854 -5.5727941703 0 0 0 1
-0.803945021008 -8.4867203104 -8.15783862943 0 0 0 1
8.26190834519 6.0239059785 -6.80392524489 0 0 0 1
4.87315539488 8.57278442227 9.81963966965 0 0 0 1
-3.87890855386 -4.88137589406 8.80938066305 0 0 0 1
-2.91911884671 1.22466597865 1.88719652201 0 0 0 1
-1.21060047687 1.9440496711 -6.64790453976 0 0 0 1
0.943407550994 -4.72778027997 9.45470181791 0 0 0 1
-4.88900037776 1.6838141605 -3.31055410032 0 0 0 1
0.154466917207 -6.89909201972 7.4894362876 0 0 0 1
4.86992980552 8.23801524621 -9.90038788702 0 0 0 1
3.17231766895 4.55910901283 -2.1935010038 0 0 0 1
5.36124284096 -3.17674589257 9.89979686381 0 0 0 1
5.27644908425 3.99683857456 9.95308729271 0 0 0 1
-0.610538373751 -1.82098196202 -3.54524689208 0 0 0 1
-2.21035738616 7.17063491426 7.08688076283 0 0 0 1
-3.56626731124 -8.82450991417 -9.83253972664 0 0 0 1
-6.79213179836 -5.61626896215 2.12793922375 0 0 0 1
-6.06866971439 3.1395036365 7.10005312886 0 0 0 1
-6.26848757318 -2.121885477 -0.623433136412 0 0 0 1
4.90436550799 8.28301565406 7.27804708011 0 0 0 1
