 8 0
 4
 0.E+0,  0.5D0, -.025
 -1.0E-14, .F.
  1.000000  0.000000  0.000000  0.000000  0.000000  0.000000  0.000000
  6.583826  4.038281 -8.575840 -2.104055  6.520486  2.091872  3.271793
  1.045944  6.775095  8.627237  0.012123  5.357942 -2.730604 -8.448731
 -9.105914 -6.818198  0.613231 -0.858318 -6.593509  6.111904  3.407805
  1.533410 -9.456849 -4.295679 -5.533182 -8.810575  5.988630  5.735959
  0.604460 -8.386526 -7.853066  4.293257 -1.788696  9.922828  1.697154
 -2.470094 -8.308785 -5.758597 -6.845582 -2.389500  1.673347 -5.483253
  4.316911 -9.667209  0.665834 -9.207112 -4.669970  9.311971  5.254253
