1 0 0 0 0 0 1
-8.80880857075 8.27743224619 -3.19527022544 0 0 0 1
9.32301980237 4.43796169464 -1.95769361646 0 0 0 1
8.68637979753 -7.04202808073 2.73581541852 0 0 0 1
-3.77102811612 7.92564001256 -0.492004517128 0 0 0 1
7.30605545082 8.44332897119 -2.73357320682 0 0 0 1
-4.50510308992 -4.0821152056 -9.60589347508 0 0 0 1
6.39784901814 -0.387803673245 1.62491934888 0 0 0 1
-5.85302675143 -1.49064773872 -8.45529218541 0 0 0 1
0.670005466338 -0.0553818168573 1.67775276743 0 0 0 1
-1.12584551076 2.6521138992 0.243547599656 0 0 0 1
-7.07174914211 -9.08999346923 -7.95970234352 0 0 0 1
7.1674086485 -5.20264338121 8.8286798765 0 0 0 1
-8.07030582797 -6.02591878166 -2.32945033541 0 0 0 1
9.2397223053 6.05705527272 -0.111606139161 0 0 0 1
-8.7489407399 -8.15173285981 -8.4233851412 0 0 0 1
8.34462495105 0.207704866818 2.57432064443 0 0 0 1
5.56152051489 9.67163101497 -0.586507918 0 0 0 1
-9.12817695777 6.68134259579 -1.49967179533 0 0 0 1
9.52545225476 -0.758934659622 3.01823634164 0 0 0 1
-1.27380122288 7.36478093341 8.34225137034 0 0 0 1
-2.97884648213 4.80677324948 1.62307906024 0 0 0 1
4.63323892246 -8.98978592115 -9.04877277476 0 0 0 1
-2.86105370316 8.43044657005 2.92320903928 0 0 0 1
-1.35028296609 9.56496459145 1.4865447236 0 0 0 1
7.17680116252 9.15528408358 5.61301488523 0 0 0 1
-8.82275612286 -4.21652814965 -7.98383123302 0 0 0 1
-7.41302814112 2.36796621937 1.11732763971 0 0 0 1
-3.45374179181 -2.632489639 -4.22467461896 0 0 0 1
-2.97993337647 -2.6868877514 0.823028584306 0 0 0 1
-6.31526627245 -9.98467993978 4.1356145192 0 0 0 1
-7.4797769332 -0.0781663845161 -9.05563666968 0 0 0 1
8.80237403358 -3.11368539481 9.61160066708 0 0 0 1
3.70617468602 9.3813992745 -1.80993249114 0 0 0 1
3.68797199995 -7.25163481208 -3.15458566376 0 0 0 1
-5.79395908428 -3.71886912827 -4.64133176044 0 0 0 1
1.31222855184 4.30667337389 -7.37646871126 0 0 0 1
5.92512376492 7.29840972715 -5.10568880934 0 0 0 1
-6.65881762581 9.86129692515 -5.24088811376 0 0 0 1
-7.86974061742 2.68312961206 1.54686851224 0 0 0 1
-8.31930591386 -4.90400617044 1.2651923941 0 0 0 1
7.80777272502 2.34605803212 0.471208650919 0 0 0 1
-7.98969488693 -4.01391081105 -4.71900963582 0 0 0 1
5.26387310704 3.11936170377 -6.68931427929 0 0 0 1
-9.86605056529 4.28987506897 6.21511256447 0 0 0 1
2.04389506349 -9.61046611939 -8.9922686973 0 0 0 1
-9.55918925719 5.14682116655 6.97604068436 0 0 0 1
5.39091965222 -5.65214101277 0.905917968568 0 0 0 1
3.4242639562 9.26012133034 2.78892255903 0 0 0 1
2.76900889284 -7.99526965622 6.05283845311 0 0 0 1
6.4998296076 2.09801099815 -5.00520420959 0 0 0 1
-4.72244978329 4.20746430865 -9.84524099725 0 0 0 1
3.85555940183 -7.89766225148 5.04972557147 0 0 0 1
-3.98398139295 2.88707066295 4.0993530457 0 0 0 1
-2.83918767659 7.25987673803 6.48713249702 0 0 0 1
-8.97215229893 0.856151187415 4.14953201183 0 0 0 1
5.12860530516 -2.43349609599 5.07403997719 0 0 0 1
-1.13824856624 1.35135520322 2.27257799891 0 0 0 1
2.53402350164 -5.24520674503 9.03893593916 0 0 0 1
0.280845347471 -3.17826455214 8.13500388999 0 0 0 1
-0.216626060355 -2.54740296914 4.38756849292 0 0 0 1
-2.97749491258 3.9645768756 6.64336883656 0 0 0 1
5.99883338434 -9.83801236338 3.62238715782 0 0 0 1
5.39680695359 -2.80435224869 -4.76437969568 0 0 0 1
5.15193843303 -6.4614933994 8.75087422135 0 0 0 1
-9.26091620011 -4.43722618363 8.69479984396 0 0 0 1
8.94478234678 -8.63258907146 9.17675806734 0 0 0 1
-3.21541559902 -9.22446810809 4.67719416831 0 0 0 1
-0.841922662287 -1.97294804902 0.832599121915 0 0 0 1
0.960931914843 3.75028572528 7.5851608235 0 0 0 1
-1.06495419396 -9.80195677291 -1.38380048562 0 0 0 1
-5.8134075362 -0.966474464897 5.70568927154 0 0 0 1
7.9898523368 9.2445949055 0.654597134688 0 0 0 1
6.73444484622 -9.13817799233 -3.90627016334 0 0 0 1
2.4444356821 4.73977556518 -9.39533604334 0 0 0 1
2.20906311064 -3.14290453819 7.73538950251 0 0 0 1
0.466396836684 -5.59685455559 -4.53003968865 0 0 0 1
9.08849744931 -1.56704346942 2.70982622528 0 0 0 1
-8.66767953166 8.18317057667 1.43192375908 0 0 0 1
8.27246484399 -1.99961056253 -7.1911254752 0 0 0 1
-3.00536018434 6.84972326404 -2.08157479423 0 0 0 1
1.9034073194 -7.33574738135 1.56128618727 0 0 0 1
-4.05463706727 -2.00956836943 0.663424345583 0 0 0 1
-1.49147070193 6.23958192375 8.25594338992 0 0 0 1
8.05851073064 -5.63415452705 0.553580743443 0 0 0 1
1.49663204204 0.54357829132 -3.10893805826 0 0 0 1
2.04887921593 0.671886900054 1.33276496416 0 0 0 1
4.44965342515 -8.90232470408 6.20739031087 0 0 0 1
-6.73696482863 -3.35739335829 5.02577648748 0 0 0 1
3.18859565827 -7.14676761898 6.39016214507 0 0 0 1
-5.79537222528 -0.615268797629 -7.90479795805 0 0 0 1
-1.07382373669 8.36101963493 -0.136192037686 0 0 0 1
3.88403534455 -1.99133037106 6.61713766523 0 0 0 1
-9.07505644339 -2.31547467256 -8.11363616541 0 0 0 1
0.25605925782 -3.22203904006 -0.571706928258 0 0 0 1
-7.86642522136 1.68249938689 -2.8907275389 0 0 0 1
-9.9787588302 -4.54786944379 2.65779207566 0 0 0 1
-1.38544840916 -6.63114354397 -5.91513795695 0 0 0 1
2.92762472168 -4.13380638231 3.78451683701 0 0 0 1
-0.954325462972 7.59784444869 -9.12509354173 0 0 0 1
3.31057708265 6.09815153957 -7.07279756324 0 0 0 1
3.61724546752 -3.57122682192 -8.8921129593 0 0 0 1
1.58611904894 -6.47543464423 2.33483536141 0 0 0 1
-3.12022839221 3.54671218397 -4.41923550955 0 0 0 1
-4.01892744327 8.86305350564 -7.90674434933 0 0 0 1
-4.75772731742 -1.62913441233 -2.2230228682 0 0 0 1
-0.21590529971 4.90388091779 -8.87084627779 0 0 0 1
2.76837392041 -7.83217246739 0.588763455478 0 0 0 1
7.47284578035 3.11452041833 8.06346326437 0 0 0 1
-7.61232001398 6.45655023503 8.1654138518 0 0 0 1
-6.52767006616 -8.17382280196 5.19378146552 0 0 0 1
5.90897553079 6.89188526227 5.68451968978 0 0 0 1
-3.40043138578 4.0291746293 -6.16893588487 0 0 0 1
1.20481996239 -9.64782006734 -1.04592723638 0 0 0 1
6.22885999146 4.53010662952 9.42392325526 0 0 0 1
9.69740702909 -8.5832469103 9.42056691756 0 0 0 1
-1.40815938156 7.7525075223 9.41216092062 0 0 0 1
2.59021170321 -7.08652787354 7.02756752089 0 0 0 1
3.59847586346 3.18924279908 8.48060175829 0 0 0 1
6.47518836435 -5.00479239383 8.60444669631 0 0 0 1
8.53791067711 2.8721566206 -9.61793387338 0 0 0 1
-7.27434946543 -2.04050849303 9.94925130901 0 0 0 1
-1.32956596109 1.70505328486 -1.88065038199 0 0 0 1
-5.78031530454 -6.65046629974 8.10522987864 0 0 0 1
6.88956533106 1.16198305313 0.643045932829 0 0 0 1
2.14244788679 3.3878094528 2.01569295863 0 0 0 1
5.78703863151 -5.99142736714 -9.49204202158 0 0 0 1
4.49370288095 -7.94702313605 -9.25385332492 0 0 0 1
7.79826127791 3.24547825228 -2.17163376306 0 0 0 1
3.11861820676 7.78798220283 3.30094770802 0 0 0 1
-7.94571929727 7.72920422116 0.669390795121 0 0 0 1
6.99893720058 -7.96357706409 -7.75327548946 0 0 0 1
-8.88428538644 -2.2755641439 0.718222623893 0 0 0 1
6.77465563059 -2.47921977482 8.40142873149 0 0 0 1
5.05369096254 0.283393594038 2.41452182003 0 0 0 1
-8.81626497489 5.98443215499 -6.92622115907 0 0 0 1
5.12000358793 -6.36540017735 -6.84722584991 0 0 0 1
-9.11534364781 -2.77607168784 7.00278571658 0 0 0 1
2.15581793917 -4.23280632554 -3.25393298496 0 0 0 1
8.84481755945 9.86973814275 0.176503122044 0 0 0 1
5.48211063109 -2.96529456464 2.70172475821 0 0 0 1
3.20901418686 -5.05380397565 0.130853396213 0 0 0 1
4.21661210092 0.31232254068 3.86410669687 0 0 0 1
0.995889703991 8.87006592922 2.54637581451 0 0 0 1
9.19733515466 0.981977717719 -2.05471334215 0 0 0 1
-0.536298952167 -2.88063300991 -6.8321194932 0 0 0 1
2.40914385831 9.09691164868 -6.00185222009 0 0 0 1
9.89679812132 9.95682652098 -5.37267770065 0 0 0 1
-9.45298237311 2.88577354047 6.39058044339 0 0 0 1
8.20550455475 -3.1207988937 2.43504853814 0 0 0 1
-2.36255800623 -3.34331090023 -9.28200335227 0 0 0 1
-0.471592527689 4.96510988671 -3.55027521388 0 0 0 1
-6.18126004306 9.32404256623 9.9980428381 0 0 0 1
8.1172012776 9.22317126176 -8.45854816873 0 0 0 1
9.76416439695 -7.67238943155 -3.70916783885 0 0 0 1
3.77482055284 -5.11712054398 -6.97843908705 0 0 0 1
4.12986530942 -7.47333384207 4.11103718969 0 0 0 1
7.09242617535 -2.14926813202 -7.93588949552 0 0 0 1
-5.98324721783 -8.11595832431 -8.93299267484 0 0 0 1
6.287274165 5.45199353636 3.10326204244 0 0 0 1
6.48602899105 -5.30029722813 2.49679779735 0 0 0 1
9.94311792951 -6.53993910058 -2.24897066305 0 0 0 1
-2.70834571784 -7.29448420479 3.03684186971 0 0 0 1
0.132229854969 -9.16782905746 -5.99811497728 0 0 0 1
-8.58804403003 -3.63949141335 8.86716272636 0 0 0 1
7.36590063785 -6.63469751712 -4.25465083622 0 0 0 1
2.85109303624 4.18859524854 -5.00057897019 0 0 0 1
-1.694872517 0.528350298965 8.42669204986 0 0 0 1
9.76829645265 -4.84691463945 -4.1669229648 0 0 0 1
4.56549035279 7.18218472818 -1.5159640816 0 0 0 1
-4.36059960807 3.81652658476 -7.28206203188 0 0 0 1
-5.10038287814 -8.9867702604 -6.94413729502 0 0 0 1
-3.78066873315 -4.32594849109 -7.05748369671 0 0 0 1
-7.61887655498 -6.69635454534 4.79346975551 0 0 0 1
6.21020626507 7.83565055363 9.81340535512 0 0 0 1
2.77109527016 -1.8492181549 8.86287787059 0 0 0 1
4.95861267054 5.35757702644 -6.27035398306 0 0 0 1
5.63132964857 -3.37466714967 -8.41870484891 0 0 0 1
2.58876542484 -8.54257999997 8.7292467423 0 0 0 1
8.53258039111 -4.3334093062 6.24418233444 0 0 0 1
-4.0111842823 4.91268303905 5.9277200237 0 0 0 1
-7.93499191941 8.92033367456 -2.59993968796 0 0 0 1
-5.93421818432 3.3488004554 -0.173645753161 0 0 0 1
-4.04107476363 2.6644997557 7.28480625091 0 0 0 1
-2.08185765595 3.19621623555 -4.0877497153 0 0 0 1
4.46865152017 9.63961466994 5.30059812138 0 0 0 1
-2.14797400815 -3.1186356373 3.19203251311 0 0 0 1
-6.45198000927 5.39243692057 4.96959585858 0 0 0 1
6.56783606263 -4.32489035164 -5.63241184969 0 0 0 1
-4.92022588715 -2.51473223518 0.804954193191 0 0 0 1
8.08536063431 5.45644997985 2.09656277877 0 0 0 1
-3.65590674071 8.40134501122 -5.64495440095 0 0 0 1
-2.10780608819 -0.205729861755 -3.76750264737 0 0 0 1
-8.02957613989 4.29176774721 -5.97750844993 0 0 0 1
-8.21987083231 3.88576968478 -5.38343845223 0 0 0 1
3.37607970445 6.61771805293 -3.77078301971 0 0 0 1
0.415903300079 7.89207803525 -8.88135810993 0 0 0 1
-3.04168034311 -9.76546789629 6.31884797431 0 0 0 1
-5.695039821 -4.27116212128 -0.799875903233 0 0 0 1
2.53871181133 8.04778980699 1.8908308534 0 0 0 1
-3.73978748567 -9.07059770705 -7.2412151841 0 0 0 1
-7.82614675693 4.53737454531 -7.33382935827 0 0 0 1
7.87583792567 -6.33874965551 -6.39176395366 0 0 0 1
4.94976550609 2.35840882398 -7.03855556711 0 0 0 1
3.49225246583 -0.952659874171 2.60140985087 0 0 0 1
9.96010248778 6.58260749245 2.13096119845 0 0 0 1
3.88671659647 -0.851006742358 -2.79512844347 0 0 0 1
-1.42084437844 -6.19239616997 -0.343774782949 0 0 0 1
6.57450608876 6.86602182298 -5.30673674245 0 0 0 1
1.21429280184 6.63952961334 -3.40543076752 0 0 0 1
-4.59524700597 -0.300165557742 -2.09693153321 0 0 0 1
-9.76649219637 7.96161919596 -5.18689759696 0 0 0 1
1.66624037455 6.71534428376 2.14538586599 0 0 0 1
2.29711665763 9.02012615195 4.27553427379 0 0 0 1
-0.706923298058 -0.365921771464 -7.30357610283 0 0 0 1
1.46299138175 4.94533868639 3.84072613853 0 0 0 1
2.31818462807 -5.75937174544 0.838792272461 0 0 0 1
-9.80586687095 5.18829964612 9.464854945 0 0 0 1
4.35517084245 0.603803141749 6.47029977093 0 0 0 1
2.29476417246 3.88548525404 6.59663176473 0 0 0 1
6.7772949747 -0.383306196795 2.23758332096 0 0 0 1
2.78248987078 7.03072875962 7.091501908 0 0 0 1
2.15733742567 -3.60428421064 0.0236283573177 0 0 0 1
7.51042827496 6.22540930709 2.08564484911 0 0 0 1
0.503401757955 2.48340761871 5.37256958684 0 0 0 1
5.18956624463 -5.9967818179 -1.2783506098 0 0 0 1
-7.96107325495 5.62377107565 8.37913680391 0 0 0 1
-8.79993607993 4.22448429283 -2.30197085148 0 0 0 1
-7.50654746641 6.56892411762 -1.79875272573 0 0 0 1
5.90024313534 -2.94260820872 6.24713663587 0 0 0 1
1.22565628549 0.503970469828 -4.76442960127 0 0 0 1
2.86787510976 9.89274032045 2.7653137797 0 0 0 1
0.735664593209 -4.72296110237 -2.83024404107 0 0 0 1
-4.85305541126 -2.83170525997 7.4831671146 0 0 0 1
6.20290642437 0.275202200374 1.54969307403 0 0 0 1
-6.59733986257 6.78410366605 -5.1249164996 0 0 0 1
1.7640860798 0.248334201044 -4.3445102992 0 0 0 1
5.45857191693 9.29999508606 -1.30780987179 0 0 0 1
-1.3545289665 -1.97664808624 -9.2023594982 0 0 0 1
-6.12498146093 1.31163815694 6.70009041556 0 0 0 1
3.49743388727 9.06235167546 -0.511330141933 0 0 0 1
-7.74800037987 1.97362636527 2.9701672886 0 0 0 1
2.14608037949 -4.75291035888 3.86239820496 0 0 0 1
-6.96504163395 -5.22335725536 -0.330820037177 0 0 0 1
-1.73592729398 7.81132898859 6.48210979352 0 0 0 1
9.43423981959 5.7276408982 1.75935185962 0 0 0 1
-9.24000430784 5.86934210994 -9.07868146041 0 0 0 1
-7.24614463874 -5.2849412596 4.19542530378 0 0 0 1
6.13493350765 -3.53740549342 6.47297162744 0 0 0 1
-2.03366073988 6.63775155257 -3.79351249461 0 0 0 1
0.757362944743 -7.85442980628 -7.58710291999 0 0 0 1
8.8083853854 -6.18815935934 2.27658942373 0 0 0 1
-8.89096496092 -1.83708582411 6.59143288481 0 0 0 1
-4.59903087202 4.13811077845 5.69653176638 0 0 0 1
9.5057395885 -1.6111826658 -4.24808331162 0 0 0 1
6.19953008102 6.97150294582 -8.08814516437 0 0 0 1
2.17889094705 8.3163247413 -1.53673428421 0 0 0 1
-3.75163864551 -8.62948060014 0.34554538525 0 0 0 1
-8.68624111242 -6.83622173471 -4.94914046725 0 0 0 1
4.65539125447 -2.16687432283 2.28458985007 0 0 0 1
9.92166958086 0.790786858785 -4.72037334364 0 0 0 1
2.49111442818 9.54689952281 8.4923578808 0 0 0 1
3.11397422811 1.40923171946 -4.48044610702 0 0 0 1
9.66564540705 -0.525955702478 1.99944751971 0 0 0 1
7.77139645272 -2.57064745623 -8.98121417173 0 0 0 1
8.63632877486 -6.63595725153 -1.30015567366 0 0 0 1
8.61792780502 -7.85855249217 8.49209289023 0 0 0 1
-6.79355026631 6.84379669134 0.651239925537 0 0 0 1
0.562994723741 3.81374219163 -6.98016092113 0 0 0 1
-0.595991782884 5.82049318711 -7.96199987711 0 0 0 1
0.503171142216 -9.76054379092 -8.37158837238 0 0 0 1
0.476514893762 6.86745556526 -8.72465779774 0 0 0 1
5.71751006288 -7.41297086102 7.48225130518 0 0 0 1
-9.80115780631 0.313742207683 -3.54919787615 0 0 0 1
-9.50823769876 2.77228352433 3.75015230071 0 0 0 1
-3.33435870456 0.713504868871 6.97938837333 0 0 0 1
-3.46814588954 -4.7494900735 -4.81460552321 0 0 0 1
-0.839598878669 5.5986700846 0.301174273055 0 0 0 1
-6.22166399238 -7.27362063751 4.72300262308 0 0 0 1
2.53701704675 5.26307948293 -5.26151870706 0 0 0 1
-6.25051940291 8.53965032233 -4.50429706092 0 0 0 1
-9.56285294093 5.21087808477 0.5082904308 0 0 0 1
-6.62188879217 3.33650630586 1.16293411474 0 0 0 1
-8.92940486996 1.0892303845 -9.62272030214 0 0 0 1
9.0444351088 -5.63266785511 -4.55938520224 0 0 0 1
6.14229852485 6.20343690451 -6.30808228222 0 0 0 1
7.89698389391 8.7026347252 6.33529107315 0 0 0 1
-3.20684419857 -7.83351764342 -5.0774681938 0 0 0 1
-0.746639692219 -0.0726302623377 -0.732903662491 0 0 0 1
-1.17763427739 -4.397391606 -8.87747146659 0 0 0 1
-3.00664135654 -7.58629733753 0.294631831052 0 0 0 1
-2.22852190269 -3.91245378437 6.58593195817 0 0 0 1
-6.37890955015 0.901575490631 9.67423452013 0 0 0 1
-4.6091536178 3.22413833068 -7.82585613623 0 0 0 1
1.57716482228 2.28642074354 -1.68743739286 0 0 0 1
9.23172605708 -8.4138297221 -1.23186915203 0 0 0 1
-4.01155753937 1.51651543487 -0.987805408451 0 0 0 1
-6.26896647983 -7.18634898386 -1.13424873159 0 0 0 1
0.77945051144 4.5504043137 8.433079889 0 0 0 1
-2.49270143597 6.3008925791 -7.18899788757 0 0 0 1
-8.58043547864 -7.66425947211 6.44385995043 0 0 0 1
6.57381005569 4.81972141486 5.1697698851 0 0 0 1
-9.1667259348 -3.469500358 -6.33060568147 0 0 0 1
-6.41140749845 -3.38546875602 -7.50016099053 0 0 0 1
6.0644586237 -3.89583977514 -3.96286668413 0 0 0 1
0.733917421554 -2.25805386905 3.98543087747 0 0 0 1
-7.96880139234 -4.22469632944 6.47274412093 0 0 0 1
-9.88190277921 -4.63167197707 9.84390529696 0 0 0 1
5.47392724593 -5.93764781649 9.016174323 0 0 0 1
5.36943459502 -9.39027841687 7.38284414915 0 0 0 1
-3.38476988644 -8.62042690852 -4.80785999405 0 0 0 1
4.50754817409 -7.38148488591 1.63469392032 0 0 0 1
-3.23082220239 7.32051108554 -8.40956782721 0 0 0 1
4.95729055215 -5.93141773668 -4.44073002623 0 0 0 1
-9.88315455619 3.30235219144 -3.85359305466 0 0 0 1
-4.979235351 -6.96295424844 9.85046258916 0 0 0 1
-8.37442852649 -9.57074994454 -1.22647368308 0 0 0 1
-8.7128937791 3.56649149243 8.85731772848 0 0 0 1
9.06249772952 -6.53774065316 6.51290730835 0 0 0 1
0.0484914549838 -9.98573688294 -4.50825120576 0 0 0 1
-3.44670031986 -9.00321813111 0.957808601827 0 0 0 1
-7.54728386413 -3.10519969157 9.35744069145 0 0 0 1
6.29267571046 8.02835658777 -4.51769347191 0 0 0 1
-8.21214450323 -8.77946875109 -4.72430327508 0 0 0 1
5.58918753137 -7.12206095355 0.64827819992 0 0 0 1
-3.00714893304 9.0062291358 0.421893617467 0 0 0 1
-0.323689403976 -0.274369792671 8.17151651265 0 0 0 1
1.77334111977 6.9358243079 4.2303800938 0 0 0 1
1.9889639039 9.00482903875 -5.31348897312 0 0 0 1
-5.79192355664 8.66602537623 -1.1647098078 0 0 0 1
9.19776472585 0.659008965998 -5.79629514152 0 0 0 1
-9.56876047783 9.95387504223 -9.25085357371 0 0 0 1
-2.55722416902 3.51157215966 -9.69806063944 0 0 0 1
7.2950390046 8.19868661418 -9.51627714516 0 0 0 1
-6.55912540026 -4.76145944311 -8.84018795165 0 0 0 1
-1.67918452382 0.317453511451 -5.5741162796 0 0 0 1
-0.0673594524619 -2.22411516772 3.41478563062 0 0 0 1
9.2454699313 1.02071782754 -4.65634483974 0 0 0 1
7.21166478118 1.2955734681 -3.92673887031 0 0 0 1
-5.88627505703 7.96640423887 4.57224909715 0 0 0 1
8.70444909596 0.378660077692 7.88070743841 0 0 0 1
3.84158128977 5.5345788921 4.98443131207 0 0 0 1
-9.28726236574 3.24899722543 -1.83486594652 0 0 0 1
-6.4693276008 -2.86961467725 -6.2267725352 0 0 0 1
7.34209401476 8.98438337876 -7.41060031903 0 0 0 1
-5.29536995575 9.13154995888 -5.61593536085 0 0 0 1
-1.14956674622 7.03733806793 -0.861001525116 0 0 0 1
2.0841516273 -2.35387134586 -5.75192798148 0 0 0 1
3.8760922328 0.408966919526 6.27149957 0 0 0 1
-5.98357130456 9.14622378044 -5.02666853819 0 0 0 1
-4.16193161236 -4.59049408139 -1.26464120925 0 0 0 1
5.21142191744 -0.473721783462 7.72704297681 0 0 0 1
7.3764660736 2.31423890129 7.57106093412 0 0 0 1
7.06636573561 -4.07275853608 -0.5019494854 0 0 0 1
6.76410182714 -0.16151987075 7.35018224233 0 0 0 1
-3.3072447058 8.22634964459 -4.52108844814 0 0 0 1
2.97207403584 6.45384987899 -3.84227328135 0 0 0 1
0.786720566404 -4.17973485364 3.81083034391 0 0 0 1
-6.57223943826 1.38993327055 8.04784402341 0 0 0 1
-4.72839833685 7.3995171799 -0.684164530972 0 0 0 1
0.287283531011 -8.19409452508 4.43041411015 0 0 0 1
9.97142343893 -4.14577450924 3.98710361279 0 0 0 1
-2.87384900549 -3.14854379575 -8.98225541687 0 0 0 1
2.45976576189 -4.58300359228 -4.32517338338 0 0 0 1
-9.65918870579 3.53628072456 -7.39870199762 0 0 0 1
5.96848465614 -4.20334622083 -6.97080121165 0 0 0 1
-2.28699659845 -7.55796701195 -6.00691967914 0 0 0 1
5.24326366521 -3.79791608969 6.65204059633 0 0 0 1
-6.79005131118 8.53922557381 -0.426533975484 0 0 0 1
-6.93938786901 -3.85987865481 -5.60020820634 0 0 0 1
-6.50897533202 4.67717909683 -9.07118591481 0 0 0 1
8.82763835804 -6.59875381907 -6.45746031038 0 0 0 1
-5.66831873508 1.06410702946 6.71285120028 0 0 0 1
-1.48115462526 -7.12385405501 -0.806345914964 0 0 0 1
-1.96621194728 -3.43143162941 6.84863260433 0 0 0 1
-5.12709613404 3.72273394486 4.69888592939 0 0 0 1
4.10682306119 -7.73014786847 -2.34091545476 0 0 0 1
1.26725995917 5.50343108627 2.89716297573 0 0 0 1
7.05612880114 -3.55118126688 -8.53027843223 0 0 0 1
7.11361493602 0.946497170777 -5.7730138799 0 0 0 1
0.000592466980116 1.73041796331 -4.54675242116 0 0 0 1
-5.94476625055 2.59877928015 -5.5062981828 0 0 0 1
8.36802078032 4.98043741311 -4.83686234918 0 0 0 1
-2.49058158587 -0.277737496256 -2.41970675832 0 0 0 1
-2.19425468767 5.5152162615 2.27848460718 0 0 0 1
1.68717174606 -0.0357033184447 -0.60480464963 0 0 0 1
-3.40957717739 -9.68058050843 -1.64191738685 0 0 0 1
3.37201718204 -2.07833083025 4.76997721634 0 0 0 1
-1.69286190714 9.59701839646 8.71045586514 0 0 0 1
-4.91962798099 -1.80757384899 -1.13098770856 0 0 0 1
-5.4428225091 6.91965922176 1.71024488936 0 0 0 1
-4.24631617434 2.80105147509 0.0363050429262 0 0 0 1
-2.12342352976 8.73194156463 9.80810029849 0 0 0 1
-5.43270163632 -2.93249705721 -6.29944751876 0 0 0 1
-8.05525362163 -9.10030136474 -6.4262195721 0 0 0 1
3.14366744439 -7.9283197133 6.72556793178 0 0 0 1
3.06204451502 -7.80624397608 7.58852359104 0 0 0 1
3.33436062942 4.22439974095 -1.54598286521 0 0 0 1
-3.58668706012 5.11067208851 3.17306938406 0 0 0 1
-8.23501058721 3.0433448846 1.15599877497 0 0 0 1
-1.70909362665 5.53876060289 -2.70353955712 0 0 0 1
5.37372365376 0.798420773458 -8.78072438215 0 0 0 1
-6.69294034622 8.00153591852 6.6621604524 0 0 0 1
8.21124773324 9.83455053766 2.24824224812 0 0 0 1
2.48267693566 0.918800532917 -3.84080844757 0 0 0 1
2.00607238762 -2.85378702178 -4.28401824737 0 0 0 1
-8.85238879786 5.50175672633 -9.97940810776 0 0 0 1
1.66573051304 -2.39375115011 5.75288550164 0 0 0 1
-9.07828086583 -7.36069323913 -5.68246496444 0 0 0 1
1.91519494388 3.48070135816 -1.42567307315 0 0 0 1
-5.37299112769 3.9044753997 -0.104769601608 0 0 0 1
9.93384850406 -3.30055564527 -9.99204963982 0 0 0 1
2.89378380359 -3.29274051472 3.06724553225 0 0 0 1
1.3312734655 -7.41973546247 -2.11674924061 0 0 0 1
-6.71827272928 9.50799437967 -2.96892273431 0 0 0 1
8.11157115358 4.51374523082 -9.5991837185 0 0 0 1
1.45267670886 -0.0871434167373 -6.98528552532 0 0 0 1
0.164319885849 -1.69876101387 0.771865030229 0 0 0 1
-5.99440888924 -0.760076890727 6.94825581207 0 0 0 1
-0.387272162819 2.39266086266 2.65831465666 0 0 0 1
3.00748052368 4.68818680773 -3.50877569044 0 0 0 1
-9.55037791879 -2.87068247947 3.32571597998 0 0 0 1
-6.05426334123 6.32602542309 4.76710387603 0 0 0 1
-2.87121205011 -8.84690631329 0.964380054491 0 0 0 1
-3.10786916863 -9.22960452598 -0.0663807962241 0 0 0 1
-6.53908434821 -9.40374081691 5.55435362595 0 0 0 1
7.67025351236 0.0582033228728 -3.13826166669 0 0 0 1
0.939722795249 5.5233175128 -5.23315143722 0 0 0 1
0.729954432747 4.27807795748 3.53430192356 0 0 0 1
-0.588879962586 -3.62829749381 -7.69720226797 0 0 0 1
-3.20805564393 -1.06430607486 -1.52598528529 0 0 0 1
1.25405574802 -4.15545265019 5.10774374259 0 0 0 1
-3.71851177907 2.42133878286 1.14776732509 0 0 0 1
-9.84430494725 7.97876183523 7.41961768674 0 0 0 1
9.09725029406 -3.01144720827 -0.213861710357 0 0 0 1
-3.12988753762 -8.24198081896 -2.82810897908 0 0 0 1
-3.32947732826 -3.63961623304 -5.28256269906 0 0 0 1
-2.40915652154 2.51424053432 5.22182862129 0 0 0 1
-7.26652950239 -9.80461061974 1.77174002043 0 0 0 1
-4.9201682333 -8.79736000764 -7.20340586606 0 0 0 1
9.83461422689 -7.80317039538 7.41900419073 0 0 0 1
-6.60714070676 -3.13294233657 -3.65159969501 0 0 0 1
-7.60866842625 8.75009885789 -0.258330773087 0 0 0 1
6.1314917499 -3.98047358432 -7.16846595085 0 0 0 1
-9.57302260764 3.29331006202 -2.51044316453 0 0 0 1
-4.89274832883 -9.57359134008 9.72630957928 0 0 0 1
3.5417046135 -4.96175570809 4.48518247903 0 0 0 1
1.34142373037 -6.40309446121 0.943504667473 0 0 0 1
2.99206433901 2.23404739276 -0.564361109936 0 0 0 1
0.686414486607 -6.24046294692 -3.90297791908 0 0 0 1
6.73197815786 5.02539236074 1.73081255304 0 0 0 1
2.23483452157 4.15966047325 2.0856011129 0 0 0 1
3.32812474741 -8.17919486769 6.51175633653 0 0 0 1
1.21923763895 -2.89123216613 3.9581582474 0 0 0 1
8.87649078917 9.7751931079 4.89875086339 0 0 0 1
9.8663041012 4.85309550021 4.22509781614 0 0 0 1
-5.44791975841 8.17782707941 -7.08858304995 0 0 0 1
-1.86992931362 2.80427902145 -9.19438610851 0 0 0 1
-4.73404460983 1.32981385854 1.01767747149 0 0 0 1
-2.73333903218 2.05827102906 -4.0693048846 0 0 0 1
-5.50567214793 -5.40978743385 7.44681982598 0 0 0 1
3.82412113545 5.24782506245 1.83334127318 0 0 0 1
3.07120598741 -4.89257014714 -7.26152540619 0 0 0 1
2.33054547907 -4.96563666869 -2.19108388248 0 0 0 1
5.36759995287 -9.59124480747 -2.33797353627 0 0 0 1
-1.00318785917 -1.21591965232 8.01995126404 0 0 0 1
7.24251765702 -6.43615993041 8.75785286337 0 0 0 1
2.97155067281 -6.63666500615 3.51181197809 0 0 0 1
9.01786344647 -5.6870180969 9.00603850366 0 0 0 1
-1.28472123676 9.93475156247 -7.08913074274 0 0 0 1
-2.35571077185 5.54012359988 9.52247067406 0 0 0 1
-2.10560260681 8.92523546748 -3.04703496761 0 0 0 1
-5.41080023349 3.60079005917 4.21732671784 0 0 0 1
4.07739773613 2.65027489233 -9.7256191165 0 0 0 1
-6.662022022 -4.82945977123 -5.27843592144 0 0 0 1
3.7482883266 0.137221426397 -5.45326928187 0 0 0 1
1.44592527728 4.52800105925 8.74995698098 0 0 0 1
9.213908255 3.78579450513 2.33143790161 0 0 0 1
-4.85662669588 0.191682108699 -1.3103922406 0 0 0 1
-8.64319011551 6.67919187844 -1.09993581059 0 0 0 1
-2.90319506631 -9.68193227838 7.82128415906 0 0 0 1
-1.78013149873 -2.83853207803 8.57608902132 0 0 0 1
-1.78018249306 1.27974093715 2.15561908249 0 0 0 1
-4.87646142839 -9.53244602564 -8.5066954432 0 0 0 1
1.35951049156 -7.17408288608 -8.45037276301 0 0 0 1
-8.73599269535 -1.69434252573 -2.336272655 0 0 0 1
-5.02787711006 -9.766620829 -8.7597629982 0 0 0 1
-2.19852450968 -6.47004006175 -8.78746665638 0 0 0 1
-7.33490036314 -2.21257152169 1.75437014705 0 0 0 1
2.83615763515 1.40384321974 4.82087074821 0 0 0 1
1.29939161168 6.53947071036 5.12212612226 0 0 0 1
-4.34846116913 8.62285113263 0.329358032048 0 0 0 1
-7.71584343543 7.63642396717 4.77897105765 0 0 0 1
-8.1411271989 0.446585057061 6.32996731313 0 0 0 1
-6.61081932224 -0.993126099962 -5.34362788148 0 0 0 1
7.44878573575 2.63280891637 7.93337338907 0 0 0 1
4.21952527793 1.26191671528 6.17402567144 0 0 0 1
-7.98374268925 5.36358287166 -8.49337750913 0 0 0 1
-6.68618709679 -3.33212899965 -2.36005881062 0 0 0 1
6.94753638452 2.93636717403 -9.790386395 0 0 0 1
-7.21005100369 -6.1518381384 -9.11399157354 0 0 0 1
4.72295118409 -2.84334816258 -4.45081818508 0 0 0 1
2.66113366803 6.47405315523 -1.79630313294 0 0 0 1
9.26754308907 9.59455164137 -5.20111577312 0 0 0 1
6.26130215641 -4.17575710726 -9.20503200024 0 0 0 1
4.65603086102 -7.15788948648 -0.828780884132 0 0 0 1
-2.73917794471 -5.96196189544 -3.06002262708 0 0 0 1
-8.73144106334 3.17699242939 -2.75683514351 0 0 0 1
7.20085661352 1.53593026713 -0.85344302142 0 0 0 1
2.66224269293 -4.47270372666 -9.75888792491 0 0 0 1
1.90308306803 6.21195190814 4.26440227771 0 0 0 1
6.88611032788 -8.5759010088 0.967917773322 0 0 0 1
