 1024 0
 4
 0.E+0,  0.5D0, -.025
 -1.0E-14, .F.
  1.000000  0.000000  0.000000  0.000000  0.000000  0.000000  0.000000
  3.176169 -1.403946  8.596833 -7.710026 -6.942649  9.333044 -5.221119
  4.913575  5.977110 -2.639408 -2.100388 -6.427003 -2.636881 -9.343871
  3.562201  2.325324 -3.911805 -1.339004 -5.599910  5.621517 -0.537145
  5.476289 -6.003457 -4.100550  6.970147 -1.031840  1.807690  9.805101
 -2.271365  9.757540  7.742910  7.169443  8.495094  8.031166  8.989158
  6.723084 -3.373165 -2.764768 -2.546323  9.798731  7.399732  3.698071
 -6.443300  4.410220 -7.796902 -0.652517 -6.071470  3.058842  1.279185
  1.907746  0.402114 -2.604920 -6.008875 -0.247359 -0.311119  3.089918
 -5.413811  8.354225  7.311141 -9.474458 -5.312790  6.533056 -1.657110
  1.085400  2.470622  8.354500  0.014036  1.449035  5.230098  6.075422
  1.469831  9.327353 -7.610434  5.794234  1.505290 -1.630047  4.350002
 -9.639787  5.228339 -8.386115 -0.916388  8.139897 -7.051384  5.338207
  5.684387  0.607229  7.199615 -9.452266 -6.950403 -9.861754  1.339250
 -5.360182 -1.280389 -0.168984 -8.421251  0.420013  4.403273 -3.156650
 -0.100838 -2.023511  2.656407  8.609200 -8.985809 -1.095615 -1.610403
  2.875591  0.081195  9.936003 -7.473677 -7.686448 -6.315515  3.898289
  5.445003  9.740214 -6.455834  0.926475 -3.311862  6.061003 -0.616077
 -3.892775  9.037917 -1.746873  6.217727 -2.540046  1.773416 -7.153523
  2.653387  7.597700  4.416426  6.374343 -8.633303 -5.830557  0.291145
 -4.752130  9.635055  3.817176  1.851564  5.080435  5.108886  1.070695
  4.248490  2.453287 -5.474794  8.398218 -6.718127  9.731821  1.050612
 -7.064311 -5.410403 -7.523878 -1.215815 -1.461409 -8.110569 -5.631298
 -3.596412 -1.766372  4.401025  3.488992 -3.227199 -6.331820 -8.212262
  8.548393  9.716979 -0.876568  0.450981  6.526401  7.226484 -1.588775
  2.379932 -4.859850 -5.100778 -2.600045 -0.231462 -8.005564 -1.995326
 -2.493336  6.760725  3.484881 -1.211315  5.007112  5.490371  4.780372
  4.145462 -7.853426  9.412393  1.726729 -2.956143 -4.393379 -1.244372
 -4.888278  9.144121  1.911464 -5.267703 -4.488391  1.260933 -0.887812
  5.320241 -7.259366 -3.338516  9.001045 -2.129993 -2.764158 -9.605217
 -6.208614 -7.053428 -3.343469 -5.724764 -9.981218  7.421945 -4.880212
  8.185879  4.234579 -7.083722  0.964563 -8.303540 -6.234304  9.400883
  2.279904  7.806066  8.504314  5.029016  0.415352  1.765880  4.400645
 -8.233318 -8.181716  0.521631 -4.576050 -0.124892 -1.791488 -8.619792
  6.952592  8.666071  0.775596  6.298551  6.347079  6.354250 -3.348516
 -9.976269  5.668318 -0.850578  2.376739 -4.365237 -9.672514 -6.584510
  1.272872  6.621256 -4.155920 -8.723055  8.477944  4.647934 -9.149796
  7.017335  2.988251 -1.979428  6.118367 -5.357846 -5.549838 -2.671540
 -1.808462  7.667545 -8.358928  7.392563  9.337647  6.298214 -5.613719
  9.614835  4.719489 -5.502360 -6.101658 -8.422030  5.873089  9.345193
 -3.317990  2.647968 -3.218663 -7.222038 -8.829840  1.534729 -8.585675
 -0.558620  8.701976 -7.078490 -1.166533  9.515874 -1.098871  5.086282
  1.090528  8.926562  8.862957  4.152888  4.187510  1.358518  9.250588
  6.718930 -1.568037  1.076638  2.014136  4.802134  0.365690  5.120566
  5.837772  7.251506 -8.152224 -5.866982  5.335890  4.993296  1.649399
  7.511040 -2.058412  8.306506  5.229725  6.988184  5.636286 -3.097699
  0.544353  5.772745  2.498306  2.663116 -2.432762 -5.829363  0.882385
 -6.771141  3.852832 -7.947433  3.829901  6.854773  0.654889  2.345669
 -0.116482  1.981316 -4.630720 -5.556839 -0.278293 -1.850160 -4.924182
  1.349618 -6.018770  6.377199  0.125025 -8.667988 -5.132981  5.475489
  3.178489  2.083112  7.292941  6.010618  8.464427  4.832878  4.011312
  2.055327  4.980761  4.714847 -2.195405  2.199825  0.409228  9.407062
 -0.500020  4.327825 -3.757660  9.996330 -8.610915 -9.198078 -1.111174
 -9.785742  7.435595  8.461920 -3.225514  4.288108  3.760027  5.466089
  6.220514  3.014963 -7.248076 -6.873706 -9.507606  9.350571  6.795838
  4.759974 -9.157320  9.782474 -1.678928  2.109908 -8.663030 -8.001198
 -8.511640 -9.503712  1.829676 -2.246051 -6.935215  4.446733  7.259707
 -8.693375  3.688866  3.751578 -3.422962 -8.505826 -5.028464  6.812984
  8.396867  1.889744  3.312050 -9.129182 -8.469326 -9.048526  7.503478
 -8.470839  8.671019 -4.591900  7.070605 -0.148804  2.930692 -0.401377
 -1.220404 -1.317350  4.140077  3.025926  8.797143  8.349353  9.078423
  9.487961  7.549878  2.742078  4.105282 -9.205295 -5.742177 -2.011546
 -8.160607  6.012001  1.778862 -6.602719 -1.790677 -5.405752 -2.082555
  4.442679  5.338829  2.562857  8.386645 -0.773146 -7.722681 -7.524392
  7.950286 -1.521482  9.111914  1.687350  5.835487 -3.581320 -6.555894
  5.296483 -0.500033 -5.909160  3.416774 -4.409373  9.296102  7.265869
 -6.108570  2.748068 -4.967773  7.704433 -3.250575  2.793859  3.524030
  7.572554 -7.460522  7.646862 -6.739609 -5.382153 -1.987072 -5.489531
 -5.226259  4.888815 -3.979528 -5.671579  4.727236  8.413250 -1.962675
 -2.764294 -8.093267  9.151071  7.482002 -0.138314 -4.078395  4.844731
 -2.690759 -6.214676 -1.136515 -4.813551 -8.681993  9.548434  7.118986
 -4.259641 -8.685633  6.572348  4.658059 -5.278133  8.810835  9.975409
  0.162558  8.654138  9.920241  7.138962  2.107146  7.191356  0.877278
 -0.936341  2.347214 -5.450892 -7.656287  4.569399  0.605243  5.854200
 -7.551882 -6.498723 -0.216763  0.923961 -3.155114  5.987329 -3.873509
  0.671954 -6.350578  9.640853 -2.598205  7.058539  0.307244 -2.434869
 -7.071071  7.180955  8.431947  8.486666  4.664379  6.004493 -7.155285
  7.625858 -7.317460 -3.411143 -1.242357 -0.778150  4.216135  9.660877
  1.835460  6.550182 -8.457679 -0.962347  5.928674  2.863621  0.575067
 -9.425270  2.089672  9.408572  2.358107 -8.028817 -4.040287 -3.052667
  6.579086  1.460301 -0.007281  9.742190 -5.352317  1.656711 -4.400027
 -7.730691  2.620063 -0.093240  7.174853  8.163568  2.316078  0.539670
  4.520443  8.700241  2.927516 -7.718168  3.094472 -6.539652 -9.255184
 -3.614934 -0.419266  3.209548  0.016328  5.007935  7.063011  2.480553
 -2.999133 -4.624439  9.252904 -2.985855 -6.975358  1.113116 -5.670342
  2.377610  8.798032 -1.556391  5.376687 -7.795271 -6.637698 -8.045496
  5.149570 -3.138223 -2.727572  4.788036  9.357575  3.271358 -6.773957
  8.492563 -9.474050  3.688310  7.913180  1.652500 -5.409465 -9.796936
  5.254379 -8.052854  2.389035  8.074897 -4.500063 -8.660749  6.176909
  6.460485 -1.545030  6.058398  7.242234 -7.340113  1.071924  2.225913
 -7.152808  5.579127 -6.284055 -6.131100 -1.792304  1.884019  3.602989
  5.521601 -2.935672 -6.179316  1.701346 -5.112540 -8.127103 -5.331570
  7.317256  3.789813  0.729160 -9.086922  1.998808 -7.956710 -3.770213
 -6.278861 -3.302615 -4.087896 -6.797202  8.981344 -4.965633 -2.383479
  8.751811 -3.990896 -9.827739 -6.247900  5.795345  2.896288  1.608252
  8.651698 -8.167564  9.796067 -3.387994  1.566101  1.456275  1.307278
 -7.468902  1.254313  2.265434 -8.595988  9.497086  7.374707  2.003381
  8.881511 -0.471081 -9.889245 -2.052629  8.508151  9.803502 -2.573934
  9.363070 -2.331847 -8.045279 -7.427446 -3.302023 -1.534441  0.680696
  8.678396 -4.911992 -3.439123  8.858289  5.760949  0.452225  0.956700
 -7.988339 -8.485414  4.392336  6.401321 -9.800894 -4.636275  6.530517
 -4.039602  0.355566 -8.199023 -8.124414  8.358584 -5.073680  8.796872
 -6.682761  7.576197  9.628929 -7.316268 -4.658173 -1.927933  9.743073
  9.879467  8.911307  1.054745  3.134300  8.993612 -8.477781  9.783404
 -6.763921  8.555933  1.098642  4.357635 -1.049090  0.584958 -4.995247
 -2.790399  7.129258 -7.267140 -3.064921 -5.397812 -1.117829 -8.007650
  3.620020  2.293594 -6.564463  5.816408  2.059703  7.629217  2.189857
 -7.348070  6.848762  5.473507  5.372564 -6.611631 -4.286257  5.732820
 -8.806080  9.689952  6.329180 -7.217547  4.731321 -1.673542  6.850746
  0.235178 -8.712409  3.282593  1.579709  8.499197  0.154978  6.811565
  5.966805 -5.676271 -0.701301  6.514778  5.597738 -7.186851 -3.677243
  8.651114  5.457792 -1.934449  5.868654  2.099811  9.167745 -0.527893
  0.384998  1.426702 -9.579378 -4.814269 -1.888067 -1.978529  0.024083
 -7.470903 -4.096097  8.555438  8.167895  2.225065 -2.384099 -7.483037
 -8.660903  0.654612  6.384680  7.165697  2.092216 -0.696839 -0.648363
 -6.350353 -1.726722 -2.046806 -4.742613 -9.167803 -4.085816  3.679352
 -7.008806 -1.954769  9.112897 -0.767094 -3.397554  7.890719  1.263376
  6.481353 -0.791066 -7.176073  9.841701  2.753521  3.628042  9.702432
 -4.672948  6.933387 -4.554106  4.415259  5.652342 -8.593574 -7.856608
 -6.254895 -9.584046 -5.526409  3.272224  7.925632  1.797410 -9.909766
 -2.454820 -8.018732 -5.315355  1.582097  3.627541  0.232601 -0.170180
 -2.941175  7.546615 -1.549388  7.348453  9.559108 -8.476620  6.223375
 -9.261050 -4.930344 -3.472681  4.835543  3.334904 -3.623250 -3.327732
  1.325154 -6.124236 -0.021534  3.027470 -6.616704 -5.877692  8.850512
 -6.353743  4.874142 -6.357689  9.522141  5.835729 -1.740952  0.828316
 -9.055593  3.255507 -6.516147 -0.939258 -8.936372 -1.438359 -0.033179
 -2.808263 -5.786698 -9.392258 -7.853423  5.857929 -7.185674  4.490799
  1.692407  4.393774  6.577802  1.388504 -3.622694 -2.201904 -2.021692
  0.764387  7.988061 -4.413530  6.870894 -5.867563  8.867983  7.274872
 -8.601046 -6.030360 -6.275607  5.686509  4.901497 -7.330783  5.686209
  7.359511  8.813911  3.415016  5.825519  2.878753  9.423153  5.305298
  3.555412  9.167673 -3.634568  2.044606 -5.309654 -4.992285 -9.545313
 -4.948060 -6.657377 -8.830039  8.771993 -1.415457 -1.664668  9.075503
 -3.727360  6.827260  2.527333 -9.423274  3.495610  1.165718 -6.433780
 -7.622278  2.892334 -3.783853 -2.601442  3.876816  9.236514  7.002990
 -1.169054  9.817112  3.753290  9.868099 -2.490008  7.512404  8.475253
 -9.723522  9.470011 -9.102306 -7.845453  2.753494 -5.856850  1.661692
  3.068995  1.231691 -7.097776  6.952551  4.260758 -5.159064  8.960625
 -7.974119  2.530847 -2.919331 -6.806996 -3.462458  7.149028 -3.338925
  3.837269 -7.040974 -8.915814  8.147983  3.498019 -9.553930 -0.564288
  2.836695  6.958178  0.788923  9.833695  7.886143  0.606488 -3.443729
 -1.082519  9.029794  4.177210 -4.680190 -1.586964 -6.181728  2.709735
 -3.254670 -5.516169 -0.452538  6.889106  5.815892  7.797971  3.619594
 -3.414508 -2.587370 -1.009111  2.986196 -0.854216 -6.739115  6.053342
 -0.062618 -3.510668 -6.211506 -3.961435 -0.010959  3.608482 -9.440723
 -5.514776  7.291680  9.998691 -1.042225 -3.255601  7.602362  9.992790
  0.441107 -6.573889 -3.628594 -8.659436 -4.835310 -5.868892  3.919343
  8.946730 -5.714998 -9.626000 -6.846476 -9.444945 -6.951705 -0.298404
  9.108628 -8.390502  5.032605 -7.816931 -3.107373  4.788952  9.091530
 -7.739841  1.277947 -8.379368 -2.010881  0.384882 -5.370641 -7.113963
  6.768232  6.279256  2.011793 -0.715053 -0.488909 -3.261315  3.668066
  1.537171  0.983030  9.679913 -2.718751 -1.739826  6.972471  7.495363
 -1.378641  7.679002 -4.552067 -7.204728 -4.350716  9.754974  9.742570
 -7.205410  4.763563 -5.045184 -3.910282 -5.986358  6.656771  6.891962
 -6.594445  1.920817  2.321743  4.855596 -2.744799 -7.674109 -3.113460
 -0.081818 -4.628546  7.787452  4.005889 -4.623190  8.576261 -6.638374
  9.252071  7.576222 -4.428364  1.283836  3.071099  4.971922 -1.457833
  0.600638  5.366274 -9.422404 -7.013947 -8.161451  3.227440 -8.355377
  8.736074  6.151282 -2.062665  8.836605  7.161910  0.679070  5.330532
 -7.717799  3.674841  7.790629 -2.320663 -1.865516 -6.239212  4.103548
 -4.926936  1.915600  8.392235 -4.858580  6.210232  0.427477  3.850437
  7.137280 -6.133783 -4.580432  6.623840  8.726958 -8.324997 -6.366268
 -2.606449  9.780375 -1.167794  9.319629 -5.000350  4.318803 -9.625564
 -1.958006  8.815132 -5.024660 -4.853738 -1.269210  0.408327 -2.436398
 -4.672790 -1.100886  2.332954 -4.537083 -1.972723 -7.998866 -6.354070
 -4.007737  7.392416  6.686288 -9.630360  4.149505 -9.166687  2.662361
  8.156961 -4.803850 -5.380670  8.699312 -8.233808 -4.564561 -2.701219
  1.008947  8.713761 -7.595377 -2.364626 -7.364543  9.467438  0.610603
  2.630244  6.943177 -8.931630  0.423925  9.861536  9.291092 -0.052998
  1.295673  0.508164  8.876507  7.662326  4.468044 -0.422160 -0.650144
  6.789682  0.153953 -9.595632  4.496300 -7.063942 -1.434211  4.066232
 -0.076958 -6.119098 -6.413735  1.258889 -0.585080 -3.681556 -5.486046
 -5.575402 -7.244825  8.611460 -9.888039  8.887289 -1.613767  1.050194
 -0.893416  9.241104 -1.917443  0.276755 -0.663708 -3.713430  5.498126
  3.508081  7.095903  5.562826 -3.778054  9.867598  3.112412  4.068317
 -0.355101  1.221848 -7.419415  2.898472  7.656764 -6.564902 -6.341933
  8.199555  8.919727  7.879172 -6.326242 -8.683615  0.749838 -2.536632
 -0.042198 -6.651256  1.127950 -9.104124  6.771974  2.776105 -9.023640
  6.326310 -4.535426 -8.584117  6.157368 -0.724181  0.615385 -9.910007
  7.030078 -8.926706 -4.592411 -5.145747  0.274836  2.039984  0.006874
 -9.049341  1.506609  2.358896 -6.006941  9.920947 -0.322449 -1.963108
  9.578007 -6.226472 -9.632530 -3.023549  1.482434 -7.682279  6.690507
  2.416671 -4.061856  2.139347 -2.711047 -3.640069  2.104271 -4.745527
 -5.046462  2.330948 -6.148380 -1.431949  4.004207  8.680068  1.022256
 -7.538666 -3.579178 -8.177854 -5.102313  3.290834 -1.636842  9.936775
 -9.230735 -5.089448 -8.436857  6.466761  2.471214 -0.506465 -1.821151
 -4.921233  6.640769 -0.195659 -4.447283 -0.123912  5.979660 -9.836576
 -7.464692  2.619261  9.106741  8.223080 -6.674785  4.166742 -7.088013
  7.458355 -2.337921 -6.094274 -6.193952 -0.278799  2.100806 -6.150963
 -9.366466  0.585573 -8.818183  4.128049  0.920844 -1.226175  9.542486
  2.245392 -5.957467  7.718798 -5.955880 -3.816009  3.027421 -0.333327
  5.316034  3.294173 -1.527746 -7.719845 -3.167095  7.756012 -2.132071
 -1.996752  5.726093  3.997607  4.087299  1.180901 -0.892170 -0.639502
  5.045420  4.357029  9.192389 -6.938142  1.331372  9.388836  0.256953
  0.539987  6.054794 -2.488079 -2.455728  3.322558 -5.812908 -1.585657
 -1.540437 -7.167423  3.856015 -7.898245 -8.815532  1.929325  6.244920
 -6.781558  0.415438  8.705347  4.778877  2.537281  6.586521  7.339419
  0.506057 -2.770432  8.205507  0.114420 -8.073964 -3.069898  0.213225
  5.223974 -1.655953  9.338024 -9.551433 -4.532399 -2.818232 -6.515566
  8.673948 -9.142781 -0.954027  1.079096  1.323535 -1.246518 -0.239560
 -4.980023  2.817893  9.644939 -2.039503 -0.914617 -0.258515 -8.263552
 -0.748745  8.590866 -8.475229  7.237396  0.722705  2.943012 -4.992324
 -3.945275  1.400185 -3.408964 -7.162326  5.571492 -3.817835  9.221896
  6.658060 -2.406616 -9.133044  0.230332  8.268035  1.292109 -2.550342
  4.878533 -6.265568  9.056837  4.205821 -7.657697  7.118832  7.412662
 -8.178316  4.243623 -1.123357  0.344482 -7.147712 -8.057943 -5.374818
 -4.891369 -1.400848 -0.517351  3.688004 -4.662370  7.777189 -1.709834
 -7.492615 -0.931097  6.394835 -1.256781 -4.894764 -6.799724 -7.849038
 -3.497715  8.669198 -1.026043 -1.786515 -2.857764  7.949020  8.044253
 -7.204359  2.320204  0.111464 -3.151183 -7.646383  7.069344 -8.195926
 -8.231702  0.754566 -7.023087 -6.028680  6.742143 -3.633831 -3.745587
 -7.082563  5.894816  9.802760  9.718161  8.971021 -2.948452 -2.462582
 -6.420471  3.925102  0.885029 -7.523310  4.807905 -7.238403  7.417923
 -6.984696  7.800819  9.783689 -1.862244 -4.646700 -5.937238 -3.775900
 -6.871964 -5.244435  7.791617  0.363080  3.826041  0.491874 -6.227802
  4.419617  2.552362  3.910440 -4.710694  5.875331 -7.586633 -0.070859
  7.873114  4.583097  3.745791  4.838809  8.453001  1.903414 -8.024751
  1.467212  9.772727 -5.719667  6.466746  3.740712  8.095428  9.624440
  1.852162 -7.184972  2.889956  8.648717  8.256581 -1.815025  4.602734
  5.978289  1.139643 -5.199474 -2.021492 -0.821031  3.118829  4.974355
  4.717230 -7.089689 -7.757821  0.296987 -2.825608  4.514132  2.702776
  2.297980  8.698546 -4.684927  1.874939  0.808015  4.550372 -0.934123
  5.165384  5.462204 -8.208379  9.142843 -9.249492 -7.637720  8.970576
 -7.432177  7.616015 -0.361448  1.807011 -8.929870 -6.085456  2.315871
  6.359392  7.472618 -2.942656  3.532063  5.235944  4.136109  0.159420
  9.086427 -4.873013  9.447759 -6.325110 -9.641093 -5.742968  2.555665
 -2.219588 -1.232469  2.751439 -1.150267  9.172887  7.452316  9.064330
  3.264779 -3.089651 -1.328371  8.464435  7.215345  0.038164 -9.965110
 -9.745595  9.263082 -0.386416 -7.276700 -6.692433 -5.686219 -0.335570
  9.183575  5.587245  5.787922 -9.193177 -2.660952 -4.828198  9.463370
  9.249418 -5.832987 -4.065478  3.784661  5.461537 -8.334578  1.712154
 -6.755614  4.199419  7.094006 -9.022318  0.975483  5.425485  4.204054
  6.844674 -2.088612  1.269679  9.483812  1.703810  6.875646 -5.699122
 -7.100061  0.847409  5.130800  8.995706  2.734232  7.149722 -2.422251
  6.309576 -4.578391 -6.759911 -6.139618 -1.477643 -6.923058  9.647376
 -1.068623 -5.049178 -5.206418 -9.867968  9.225746 -6.765242  7.940975
 -1.833049 -4.415186  0.224645 -8.643490 -0.126400 -3.776180  1.090529
 -0.997662  8.573517 -0.145226 -8.934699  2.384766  4.929233  9.493895
 -4.442019 -5.062783  3.749581  9.175615  9.450839  8.473445 -1.434083
  5.880101 -5.820230  3.897405  8.818423  5.288081  4.483271  0.283609
  9.140370 -0.501972 -5.385733 -7.584330  3.567695 -6.084717  6.366568
  8.462616  5.904211 -1.986406  8.825256  9.540065  7.558575  5.746106
  3.038384  8.174387 -3.443548  5.264901 -0.420825 -0.821957 -7.347867
  1.995378  7.553823  4.491316  5.651868 -5.429862 -8.591371  1.755079
 -7.657179 -7.729549 -5.805666  6.276501 -1.530071  2.995133  2.733275
 -2.639348 -9.956780 -1.743024  7.704117  1.508624 -8.362520  6.015585
  4.044063 -3.828317 -5.620953  2.195815 -9.918093 -6.919157 -6.848504
 -0.876227 -0.010743  5.369581  6.676516  2.539554 -1.547744  5.408502
 -1.044643 -5.136719 -6.463087  7.909302 -7.503951 -2.954752 -8.030977
 -4.539951  1.575049  8.090254 -2.992407 -9.044264 -9.329225 -9.593633
 -7.084362  5.896274 -4.221466  6.373177  9.631007  6.334970  1.336472
  3.390795 -6.024212 -1.788149  2.649164  9.902964  9.389058  2.278194
  9.357454 -4.030863 -9.577765  1.571236 -9.069800  1.507606  0.621255
  0.097792 -3.871237 -1.705422  7.985138  3.432481 -7.409171 -8.728160
 -7.510731  4.412142 -0.226932  1.834988  8.817702 -2.350177  8.911148
  9.408590  7.274308 -8.994423  9.852279  4.873393 -4.793268  8.436149
  7.864116 -7.882856  9.799107  1.649409  2.638682  3.032490 -3.289470
  9.088706  0.981119  0.739465  0.729589  5.086102  6.759103 -4.959416
  3.992010  4.325658 -2.216195 -4.360077 -8.098036  7.183610 -0.725895
 -9.471958 -3.341993  5.965482  7.301058  8.063280 -9.688300  6.317237
 -2.109920 -9.919715  6.858714 -7.077967  9.726155 -0.327751 -0.491963
  7.064121 -4.027209  7.387471 -8.058190  8.874035  8.264167  9.330812
 -4.087741 -2.641092 -1.930074  3.813207  1.572654  3.688395 -8.743854
 -6.953310  5.938586 -7.922863  4.670738 -1.009516 -9.872828  9.421178
  9.906121 -7.425472  5.341207 -1.701387 -8.352068 -2.507607 -1.682104
 -9.009729 -5.195653 -3.207366 -1.160708 -7.960634 -5.780720  4.763283
  9.480175  7.806677 -7.723371 -0.790198  2.038480  0.545358  3.897588
 -4.259942  1.074112  6.196939 -6.374194  9.750954 -4.792978  8.520020
 -8.847172  9.826801  2.480242 -5.729300  6.885630  5.002572 -9.982155
 -5.765747 -3.615109 -0.199213  4.422735  5.243260 -3.220727  8.618607
  0.683191  3.498559  0.232240  0.944378  9.635392  1.274142  1.908001
  0.926117  0.690036  8.480834 -9.146176 -6.416843  6.921168 -8.522289
 -1.886456 -2.346976 -5.311488  7.969974  9.994119  7.985774  5.957860
 -4.215254 -0.514928 -2.526033  2.900289 -1.424631  3.514897 -5.956259
 -9.338030 -6.024876 -6.006402  2.007202  7.964926  1.647344 -1.638271
 -8.080439 -5.272641 -5.255150  5.697596  3.267358  0.296085  4.318293
  6.064954 -4.526322  4.438604  5.007357 -7.813564 -8.537796  3.473271
  3.585364  7.104768 -3.698328 -3.015585  2.297346 -3.977171  6.709637
 -5.867092  7.868723 -8.071289 -4.611573 -4.979611 -6.190000  8.323060
  8.510936  3.993714  1.906067 -0.045813  2.028235 -2.496219  4.340355
 -7.969662  1.905344 -5.894606  5.414314 -4.762052 -9.967527  7.329793
  0.534252  4.050349 -7.201289 -7.819077  7.154070 -3.293544 -6.717330
  6.178154  1.068519  9.743732  9.990013 -2.826779  3.253543 -7.257463
 -7.159946 -2.455344  1.866549  4.568832 -2.829869 -9.593571 -9.256919
  7.329117 -5.306307  0.296368 -7.786293  6.277097  7.137269  7.286726
 -4.800010  9.907850 -7.233619 -2.123702  0.301246 -8.874492 -4.535770
 -2.546881 -0.423015  2.318498  7.843401 -1.623825  2.806777 -8.613740
  8.195264 -2.090279  0.720641  4.591041 -2.360345 -0.382656  5.647460
  4.996971 -7.408258  6.806552 -7.766297 -1.789134  5.965467  7.021354
  5.353066  4.241160  9.341278 -6.950372 -4.547685  5.210329 -4.752767
  9.555702  7.899187  0.663073  5.921699 -3.282867 -6.996831 -3.230071
  2.628369  2.991216 -0.870737  0.113962  2.169107  8.621917 -9.108967
 -3.854710  9.093828 -3.112100 -5.175305  0.853506 -0.805767 -5.569473
 -8.177662  7.943123  8.242294  8.238221 -2.166904  5.485143 -9.783763
 -6.433025 -6.486651  3.508835 -6.127098 -4.651220  7.591117  2.052358
 -5.480322  3.409141 -5.943191  4.547803  3.043524  8.315244 -6.498210
  3.260648  1.824390 -7.007039 -9.355638 -6.335291 -5.041637  4.686992
 -2.394314 -7.017035 -8.635720 -8.779503  1.387914 -2.292526  4.119034
  8.915491 -8.838026 -2.369879  7.510288  8.541536 -4.256856 -3.947809
 -3.258334 -2.305603 -8.282377  2.491605  2.843638 -4.451712 -7.162898
 -1.604160 -6.594005 -6.791791  5.712105  5.936321  9.261753  8.742823
  5.786625  6.258476 -4.561844  1.171882 -1.942857  2.807864 -7.630229
 -3.760670  5.309754 -2.517237  5.841762 -8.421994 -8.997239  9.202286
  4.887507 -4.847652  1.269539 -4.468719  5.076832  6.459970 -3.700036
  9.335848  4.168625 -8.121613  2.604263  6.029437 -1.365631 -9.709532
 -1.554265  5.459043  0.877824  6.728559 -6.139904 -2.268619  5.037377
  6.833534  4.070060 -7.072682 -8.374184 -4.377582  6.319982 -3.295822
 -8.894929  2.610737  6.349557 -9.184762  6.321172 -7.723907  7.659137
  9.510000 -3.871747 -0.774522 -1.921333 -1.859587 -3.845754 -1.971733
  8.065075 -5.549117  5.737987  1.646367 -5.761639  3.564465 -6.919908
  8.921474  0.657546 -5.835487 -9.297613 -1.559633  2.821454  4.920998
  6.506233 -0.196381 -3.940869 -7.490285 -5.405901 -3.624476  2.647688
 -6.075828  3.911614 -1.967030  1.554627  9.009513 -4.828870  7.735160
  3.199864  0.608400  9.115191 -4.606892  5.553950  4.997375  5.612588
  7.012469 -3.427755 -2.449683 -8.665766  7.285171 -7.557710 -8.893996
 -9.304253  1.738857  3.809110  1.781701  0.404223 -0.003930 -9.100454
 -4.597979  5.445196  9.997506 -4.196554 -1.850120 -4.938579  3.871023
  5.322189 -0.950130 -1.052816 -5.613286  1.864050 -1.026923  5.935810
  0.560118 -1.558961 -1.977514 -6.065041 -6.110418 -9.370170  4.255599
 -8.121466  3.398657  8.725366 -7.581416  6.852088 -5.578597 -2.082864
  6.777237 -8.712565 -7.201350 -3.070144  8.009776 -6.093886  1.205047
  6.263154 -3.607399 -6.141388 -6.944510  7.993149 -9.788092  6.414182
  3.123394  2.338667  2.608946 -7.074240  6.622081 -9.859032 -3.346052
 -9.758632  5.860546  0.919072 -9.513879 -0.418790  4.423388  3.830583
 -2.058392 -1.257364  4.258031 -7.483128  1.500258 -9.969887 -0.787898
 -0.816227 -7.715238 -1.751200  3.403266 -2.250357  3.196884  9.383022
 -2.218915  4.452596 -6.705983 -1.440910  3.309823  1.683507 -1.235715
  2.857597  1.519255  9.440010 -8.636651 -7.503498  1.861666 -1.383683
 -9.273420 -8.745490  8.081928  0.191157 -0.627859  0.849623  8.822349
  7.952856  3.053199  3.056435  5.487302  7.413723  2.500151 -6.799569
 -0.142059  6.809723  8.318111 -1.291721  6.345140  1.977004  4.850573
 -4.204452  2.340765  9.229812 -8.929259 -1.328652  9.491991 -3.630547
 -8.505122 -6.773536 -0.767708 -7.392362  4.650495  3.493235 -1.857145
  6.011746  5.215234  3.515427  6.855989  0.471963  9.565743 -0.013963
 -2.312173  2.473907 -0.298294  2.749746  0.970479  2.171659 -5.222975
 -9.793186  0.916442 -5.957434  0.419051  3.536849  5.978778 -0.378718
 -5.176369  2.569189 -3.573784  2.326134 -1.968325  1.130136 -7.460946
 -5.529677 -4.258356 -1.933533 -3.206800 -3.746014  2.065826 -1.612838
 -2.836823 -2.867918 -5.098708 -0.221641 -5.447737  1.726113  9.391080
 -0.003454 -4.618651  0.252070  9.090379  2.721616  2.709172  9.156033
 -7.393443 -2.028225  0.626529 -7.431860 -1.601174 -0.150502 -4.242480
  8.633072 -7.753902 -5.877035 -2.966775 -1.938878  7.264076  7.768755
 -5.225568 -5.715321  0.301610  3.773217 -2.076195 -9.570349  5.469235
  9.516132 -2.134674 -1.372747  1.826689  3.724045 -0.923395 -7.341154
 -6.912934 -8.714275 -2.880898  3.812225  9.869943  2.122970 -8.594918
  6.148252 -2.820174 -2.031915  3.670637 -9.778318  7.663817  4.763294
  5.550156  0.961992  3.682560 -8.906046  4.857503  0.244234 -9.235342
  1.789425  9.210848  3.279610  2.404566 -6.614836  5.520169 -3.643674
 -1.960552  4.957382 -7.967906  7.333431  5.557924 -5.109497 -1.443347
  3.555500  5.166525 -5.915349 -3.279748 -9.528661 -5.853599 -3.290062
 -9.184934  8.882135  3.220732 -1.867471  0.276616  9.489288 -4.585237
 -2.609200  2.113978  3.822800 -3.599461  0.280988  7.126946 -7.446623
 -8.308226 -7.468200 -0.657090 -4.761702 -6.388051  4.895797  2.575451
  1.285628 -6.171619 -3.174101  5.260372 -4.463225 -6.555351 -8.491605
  9.046098 -4.093389 -3.557261  7.361329 -9.553347 -4.335878  3.839264
 -2.445004  4.294428 -6.703133  0.326138  2.713302 -0.517059 -2.402334
 -7.415494 -3.212506  9.998349 -4.012279  2.293029  9.624240  8.632650
  7.318191 -4.364783 -3.929935  2.207514 -3.374776  0.767247  8.742839
  8.571777 -7.986541 -7.597365 -8.289700 -7.436707 -5.732850 -4.491967
 -8.523267  1.240627 -0.662683 -2.644571  1.661759  1.014115  6.805045
  5.829929 -1.954910  2.245833 -1.086678  3.157847 -9.196506 -1.786464
 -6.428017 -6.544726  3.055964 -4.150387 -9.336877  2.456501  3.549330
 -9.028476 -3.457130  2.008891 -7.902776 -0.387256  0.484387 -4.981165
 -0.851477 -9.939448  6.406048  3.304643  4.067983 -7.728399 -2.338742
 -6.829754  0.307735 -7.603813 -3.898430  1.208520  7.381955  6.746450
  7.256014  4.801834  1.630684  9.703141 -9.588545 -3.620533 -0.282491
  7.958274  4.702280 -6.380881  6.768388 -1.835337 -5.221512 -8.121222
  8.602420 -5.933871  9.010388 -9.134805  9.348009  4.529416  6.250964
  1.042672 -7.232639  3.487035 -9.257137  8.860313  5.627243 -4.863054
  6.869440  8.462582  2.343662  4.900525 -3.926304  6.555490  0.911826
 -3.946154  4.145619  3.856064 -0.139056  2.662742  0.463804  9.357133
 -0.668190  4.691140 -5.773597 -6.234686 -4.526588  4.560285  9.202691
  3.897749 -8.175960 -4.993959  6.391092  7.725331  2.612589 -7.612767
 -2.461082 -8.775375  5.994193  0.571971  7.565183  3.618783 -5.262758
 -8.959673 -0.678703 -9.868928 -2.364188  6.213673 -2.325983  2.195701
  4.288121  2.468532 -1.003199 -7.176555 -2.442135 -9.577102 -6.140968
  5.875319  2.771138 -2.157578  8.529561 -6.582431 -5.262593  6.389774
 -0.485240 -6.178564 -3.213238 -3.560739  7.125218  9.798759  4.939537
  6.825927 -9.289183 -0.389097  7.700524 -1.799938 -4.029321 -3.400530
 -5.315664  6.814376  4.374431  6.001694 -8.077129  6.117107  5.736292
 -4.010786 -1.422978 -0.127234  5.818716 -6.341832 -3.405603 -0.237580
 -4.908091  1.075798 -4.495950  0.264158  7.943269 -3.470320  0.161437
  6.109349 -9.047177  4.155476  1.438368  7.901530  5.186484 -5.946179
  8.624485  9.638836  4.039264  8.499886 -8.061665 -1.639977 -8.229216
  1.859708  4.589856  7.895906 -0.113731 -6.996722 -4.301374 -4.855455
 -4.069236 -0.006576  1.808295 -4.059662  0.495100 -7.059345  7.167807
 -6.253699 -7.140710  5.659216  8.799697  8.404945 -0.314044  1.445193
  5.709368 -2.750991 -0.038260  1.229163  7.078110 -2.637585  1.002428
 -8.983062 -2.242142  8.720543 -1.841591  6.221530  7.951949  9.597782
 -5.910191 -3.051918  4.922277 -1.995906 -2.772557  9.455406  9.881095
 -3.609017  6.159720  6.267372 -6.131840 -0.579342 -7.294512 -5.224659
  3.502354 -2.207395  3.947962  0.196488  7.005820  5.469293  2.196796
  6.127430 -5.828097 -3.520138  7.096979 -9.246565  1.949003 -6.145628
  2.866007  0.808383 -4.856533 -9.425777  6.132613 -8.162171  9.985069
 -8.246380 -4.238647 -7.565044  7.623142  8.504686  5.677313 -2.620657
 -7.925323  6.446387 -8.927339 -2.169911 -2.851940  2.555705  8.756302
  0.603529 -0.085298  2.831449 -1.022384  6.765963 -5.298755 -4.971386
 -9.408750 -1.170263  8.191467  7.543901 -6.074849  5.419234 -7.035322
 -7.230552 -7.946078 -0.446440  7.197888 -3.941343  7.798489 -2.545805
  7.242194  3.233166 -2.204065  1.129089  1.010012 -1.928853  1.908001
 -1.247698 -7.150570  6.952089 -8.843473  4.737116  5.095546 -8.229055
 -0.522771 -5.858271 -4.388437  7.551604  0.873778  0.709698  8.538737
 -5.889260 -1.652900 -0.915059  0.149184 -9.324808  2.755381 -1.506403
 -5.165357 -5.452162 -4.847434  2.974781 -1.027895  7.171560 -1.009694
  2.497876  5.981787  0.095780  7.446883  2.120754  7.923806 -2.757635
  3.087852 -6.058298  4.357743 -7.142132 -2.216187 -7.301867  9.577953
  1.346737 -2.987745  5.372647  9.805150  4.166178 -7.556914 -4.848014
 -9.629639  6.671969 -0.507449  1.402699  5.851963  6.883529 -0.299642
  6.431911 -7.525366 -8.944749 -8.520655  4.156912  9.555329 -1.261022
 -0.640615 -8.421786 -9.184939  2.906548  6.676447  3.229477  2.438633
  6.260429 -4.038499  3.411628 -6.768232 -7.403470 -4.445953 -5.824947
 -1.035587 -2.101093  7.931261  8.795350 -4.174961  8.155319 -5.283649
  0.120791  2.575811  4.364355  2.946130 -0.796567 -2.840053 -2.294923
  7.778439 -4.010852 -5.869435  5.210343  0.687305  3.213170  4.384787
  6.591666 -4.406853  3.791146  4.031204  7.538337  2.078117 -5.988453
  6.232885 -8.138963  8.122970 -7.104614  3.404083  2.616348 -1.722675
 -1.177904 -9.101160 -1.832774  6.971413  0.066883 -7.198134 -9.646849
  3.196620 -9.047247  4.238730 -6.796422  5.854917 -8.629730  2.163997
 -5.885669  4.254435  5.173763  8.752873 -1.967585  3.214895 -0.309769
  7.270244 -5.296784 -1.942062  9.805821 -0.918209  4.991459  3.865657
 -8.861048 -1.808264 -3.652592  2.288910 -2.614619 -5.526271 -9.060316
  2.721843 -3.084384 -6.184475 -5.530297  7.362792  4.682827  3.385887
  7.586837 -9.573180 -0.369449 -6.341920  4.946936  4.814418 -7.655211
  0.458109 -8.632263 -1.724346  8.823783 -8.460910  4.821238 -8.467132
  6.317855  2.363051 -0.114747 -6.835891  6.549367 -0.093700  2.481223
 -0.806244 -8.091010  0.408539  5.255523 -7.675769  5.516717  5.160179
 -1.923833 -9.102965 -2.910936 -4.487161  1.409134 -8.526299  8.977143
  5.039713 -7.483412  0.350486 -4.920671  7.170302 -5.644176 -2.503403
  3.931367  9.964421  9.592766 -1.041541 -3.916254  5.490822  5.656862
  8.395507  7.202173  4.447441  3.344810 -0.941078  9.836953  2.057805
 -5.351914  7.641669 -4.409506 -6.766457 -7.019526 -1.489974  4.339809
 -3.087338 -5.936666 -9.632347  9.936201  0.650585  7.281395 -3.067743
 -8.946916 -0.900801  1.952440 -8.201682 -8.011715 -3.715006 -2.719550
 -8.532706 -5.497472  7.255407 -1.933180 -5.763501  2.791185  7.890630
  0.734278  6.475198 -1.142053  0.844837  1.904289  8.343368 -6.806433
  1.375698 -6.371776 -4.058651 -9.738972 -2.832030  5.980778 -5.486880
 -6.385218 -4.578860  6.072224 -2.890636  4.925288 -9.621534 -4.104042
 -6.281715 -3.272009  2.280616 -9.517849 -7.494209 -9.541748 -0.800120
 -6.825156  2.499901  0.623370  0.997319  2.645791 -1.816003  2.324480
 -8.459737  3.580405 -7.529990  1.671767 -7.039487  4.182372 -4.697833
 -7.480903  9.976337 -1.721020 -4.070540 -6.127228  8.091621  2.515751
  5.744903  7.341450 -2.742502 -3.151255 -6.377230 -7.983170 -7.825128
  5.263476  2.100893 -8.269724  5.063060 -7.926915  5.449893  8.201376
  9.586002 -3.468577  9.583520  0.879930 -8.015491  4.900859  8.926816
  7.813804 -2.292847  9.463255  7.932331 -9.479698 -4.589376  3.803447
 -3.034839 -1.353466  8.011311  5.095313  5.133329 -7.154944 -1.791481
  6.638236 -6.068930  0.872818  8.876032 -9.768322 -8.628170  0.681401
  1.893555  7.409786  1.854577  5.044315 -7.389530 -9.764925  6.990757
 -4.262249 -0.958839  3.034711 -6.573977 -9.844811  5.811902  9.219365
  4.130566  2.706685 -8.750539  4.597978  4.630192 -0.619837 -3.738568
 -1.723879  8.960181 -9.709867 -7.971554 -9.973702  3.194573 -9.865094
  7.537808 -4.718545 -7.519119 -2.537072  9.175652 -4.261829 -9.689263
 -6.430336  2.025334 -0.064822 -5.073626 -9.342551 -0.348408  0.227677
 -1.837395  2.753588  9.741098 -4.463215  8.883869 -5.007819 -0.847259
  1.160605  9.797235 -3.716838  4.345797 -3.578706 -9.315420  7.256391
  2.770818 -2.616797 -8.141872 -8.429651  1.472183  9.614797  6.908906
  2.553021 -3.742558 -5.491270  7.517788 -2.867620 -1.574223  8.506938
 -7.575075 -5.120171  2.360977 -1.681202 -9.599175  6.620839 -0.430665
  7.594398  4.422222  0.030896  3.319357 -5.566729 -8.736837  5.603162
 -5.609354  7.804999 -6.552417  1.992845  0.316053  3.499016 -2.034393
 -7.894744 -3.178463 -6.234326  9.421871 -7.043726  5.043509  9.324182
 -8.714330  9.024910  1.823536 -3.798879  4.446045 -6.300451 -4.881095
 -9.390593 -5.162149 -3.717189  0.905605  3.688280  6.381852  9.880339
  4.005865 -0.157574 -0.839437 -1.875921 -3.482729 -3.531651 -8.701715
  5.377962 -0.816205 -2.528769 -0.593015  2.206743  3.828397 -4.876727
  9.015534  9.316500 -5.584172  9.188008 -5.759505  1.824940  2.660291
  6.137841 -0.681584 -8.436394  0.027270  0.004304 -4.214595  8.559482
  1.464988 -7.336754  5.001839 -1.664481 -5.435018  6.786893 -9.884261
 -1.001518  0.656228 -6.516947 -3.587211  1.997114 -9.403639 -8.900060
  0.084041  0.605628  6.296375  4.431616 -7.332678  5.922968  5.203203
  7.724394  5.545476  9.745611 -4.398976  4.994289  3.233988  8.720904
 -6.629403 -7.179394 -3.483493 -0.626938  6.372215  1.621283 -3.234695
 -4.303982  1.125081  9.549782  4.763994  2.175936 -5.231304 -5.475973
 -5.457408  0.570301  1.167156 -5.160364  2.507772  8.764917 -9.468583
  0.374941  2.074771 -2.158042 -1.765064 -3.262302 -9.047950 -0.888482
  8.387462  8.796200 -4.430261 -8.674499 -7.757735 -9.036010  2.867324
  4.902611 -7.049947 -7.062330  8.378360 -1.527722 -9.681396 -7.137488
 -5.449325  2.604382 -4.951843  5.071212  2.680724 -8.352301 -8.009975
 -7.137960  8.446297  1.824205 -5.429847 -3.884315 -4.272094  1.653052
  8.972157  6.361316  6.674469  9.532346  9.189262  1.478767 -7.894371
 -5.018911  5.126818  0.563493 -7.146444  5.008424  5.911183  2.882013
 -5.668161 -0.158057 -3.395953 -0.674168  5.683576  0.895402 -0.347181
 -1.900782  7.487686 -6.867298  9.902862 -7.623258 -2.250554  3.952549
 -7.373513 -1.068506 -0.938675  8.570969  2.195427 -1.549812  1.501313
 -9.493500  6.063265  7.753718  1.993645 -6.813956 -5.482426 -9.725033
  4.609710 -2.873295  6.442187  8.796911  1.982728 -0.277148 -6.986132
  6.037953  1.671851 -2.886647  5.380455  2.862755 -7.202438 -2.879931
 -4.751443  3.071977  8.891033 -9.853804  3.596621  2.673118 -6.917167
  4.709714  9.677811  7.467037 -6.808626  5.331619 -7.062210  8.272100
  2.439869  8.972851  7.927441  2.080124  3.615691  8.376524  4.401219
 -2.356003  6.901883 -1.151063 -9.586265  8.172875  1.229508  1.873700
 -2.956565  5.036888  3.049029  0.527802 -8.651113 -8.020512  3.946699
  7.022770 -5.510596  7.742210  8.724006 -2.640086 -4.710084  9.845290
  0.399214  2.990282  7.958937 -2.221650  8.153322  2.321139 -8.707895
  0.218381 -3.352545 -8.530218 -9.672239 -3.346918  2.170777 -1.973858
 -6.719191 -7.062968 -3.534664  9.554141 -4.215469 -0.079060  2.445017
 -9.471983 -5.004083  9.094504 -8.730729 -3.098667 -1.532352  1.709040
 -8.493682  1.807958 -8.043281 -7.646909 -8.217011  2.186295  3.030365
 -2.190047  9.407029  8.008283 -7.346465 -8.533147 -5.988763  3.379049
  3.098406 -8.951348 -6.733373 -4.273018 -2.341346  7.571913  8.692638
 -7.127479  7.921078 -4.638569 -7.870066  8.194158 -0.260156  1.739700
 -8.988809  7.880511 -2.908365  8.790924 -1.512139 -4.437217  9.378778
 -6.175206  7.924265 -1.762333 -4.865526  6.384190  6.717080 -3.641437
 -2.654013 -5.015259 -0.061127  5.701200 -2.350166  4.326209 -0.117812
 -5.427879 -2.513919 -2.095306  5.541990 -9.530176 -0.067888  8.518888
  1.814749 -9.903868  9.390071 -8.460145 -7.882791 -5.454670 -4.511104
  0.874975  7.948231 -5.407102 -6.196137 -0.153598  4.345746  4.658721
  4.596712 -1.846453  5.176515 -1.153499  0.322743 -3.952628  4.413444
 -0.679565  1.039630  8.268015 -2.202234  4.418567 -4.929236  5.239265
  8.994980  1.013669  0.795981  1.181523 -8.440740 -8.858569 -3.838976
 -8.641217 -4.198340 -9.973727 -4.535493  6.968558  9.683899 -2.545920
 -4.800716 -7.804096  3.999386  3.183144  2.099859  9.945919 -9.697880
 -8.304318  7.450376 -6.279269  9.409269 -9.524470 -7.902194  5.267806
  4.443601  7.603006  9.962599 -7.173760 -2.114728  0.821367 -5.194125
 -2.082641 -9.144092  2.151586  9.017229  2.679958  3.181092 -5.864202
  7.402273  2.528312 -5.615128 -6.522001 -2.751315  5.389415 -8.884522
  3.056991  3.290080 -2.684128 -4.436796  5.509919  3.465791 -4.049606
 -2.164686 -0.715741  9.148660  0.140992 -7.599468  3.382835 -8.194960
 -8.107779 -9.111530 -1.149880  6.761591  6.522081  9.472508  2.200063
  9.285384  2.548664 -1.155948  3.027160  2.314226 -7.025231  7.087876
  2.190837 -7.511944 -2.632075  8.937207 -4.786137  1.997258  4.320666
 -2.897834 -6.817907 -3.635164  9.941134 -0.636432 -2.219174 -4.149731
 -5.803895 -5.417355  6.704063 -0.449445  0.574056 -4.944551  5.156030
  3.190136  7.725885  2.814960 -2.267412 -2.081636 -4.600140  9.876826
 -2.223133 -2.680799 -2.940183  2.101719 -9.179865 -5.585666 -2.719391
  4.406259 -4.090466  0.066092 -4.217842 -7.556175  0.832615  4.991231
  1.645675  3.327534 -4.033315 -2.650146  6.040791  5.301638  5.226415
  6.354344  2.870124  1.325775  2.745407  1.661621  0.794589 -0.794213
  6.020034 -5.889758  4.736756 -5.927203  9.659108 -1.686765 -0.981091
 -2.985847 -4.986407  7.713852 -0.205373 -4.580626 -8.077504 -0.949131
 -4.376734 -8.772513  5.908167 -8.197067 -2.689784 -4.960755 -6.221958
 -0.527784  6.776561  8.607958  4.231760 -1.795300 -2.650216  2.030752
  6.855348  1.575999 -0.121844  5.521405 -6.810989 -9.961587  1.918992
 -5.507899  4.880540 -0.814631 -8.092419  8.814972 -3.693173 -5.996737
 -5.723018  0.653591  5.130383  2.052277  6.467515  0.981104  3.049314
 -9.284275 -0.312917 -1.429694 -3.641818  8.402267  4.075578 -8.977585
  2.039083 -1.536281 -6.043631  4.502439 -2.508994  4.489256  2.342186
  1.759759  7.562548 -9.539833 -3.738111  0.658822 -5.225967 -6.339926
  2.375734 -9.141629 -5.391673 -0.996318  9.448573 -5.589627  9.526319
  1.458077 -0.104449 -2.818238  7.657438 -3.868540 -2.575566 -9.982530
  0.696393  2.626005 -7.147104 -7.893648  7.409089  8.985905  2.622003
 -2.125948  9.238352  7.040537  3.833770 -0.481205  9.668537 -4.067231
  2.115650 -0.930609 -4.108396 -6.892617  7.175512 -9.988446  8.969205
  2.736615  3.940848  9.903748 -6.454596 -4.965889  3.418334  7.668663
 -4.399957  0.575967 -4.629501 -1.076623 -2.125211  8.308442  5.509509
  0.150267  7.459704  4.226563 -2.147000 -1.541453 -7.853266 -9.333214
 -3.647677 -7.300625  8.419442  4.337156 -6.506606 -4.244956  8.033016
  8.291459  8.128959 -1.065687 -1.716750  6.920516  0.251066 -5.349922
 -5.235225 -8.300577  6.576500 -2.582840  8.849121  9.654458 -6.624253
 -7.676040  3.038745 -6.358245  8.615529  6.476378 -0.005403  0.231792
  9.433376 -8.550165  9.159284 -5.098567 -6.898678 -0.890461 -1.562660
  0.212292  2.405304 -2.576923 -3.774572 -8.415763  9.187722  3.670207
  0.329157  3.540387  3.855916  3.720401  4.132328  7.848377 -4.005575
  8.420900 -7.187988 -0.867788  1.070855  2.670569  3.838912 -9.382151
 -6.292405  3.706770 -1.129202  3.179513  8.709277 -0.972136  9.424119
 -3.091544 -2.914198  0.300568 -0.431821 -5.215145  9.537729  1.642804
 -0.263302  7.628669  7.423599  1.027442  1.311592  7.651345 -7.452222
  5.190898  3.817091  5.221625 -7.393308  7.374081 -5.732991  5.009469
 -6.688338  7.987358  6.078016  6.418878  5.734240 -8.803423  8.515491
 -6.454230  4.100079  6.626106  9.679075  2.446781  6.731348 -4.952121
  2.061614  4.471923 -7.181742 -3.413403 -2.296841  3.517252 -6.236242
  8.488924 -5.018790  8.365383 -3.171896  7.823541 -2.163702 -7.975061
 -7.717135 -9.328884 -4.533287  5.156350 -0.911053  8.275841 -4.983426
 -8.344915 -1.585772 -8.861203 -2.546817  1.895370 -4.175077 -4.350985
 -5.394698  2.063513  2.244378  7.978241  2.311216 -8.020599 -5.123748
 -1.509423  1.477844  8.313660  1.113451  1.844632 -9.746551 -3.648164
 -3.848362 -4.026815 -0.805404  8.637005  8.122166 -6.238930  7.612788
  5.851312  6.021055  9.969739 -5.579753 -3.501049  4.085714  5.858822
 -2.601618  4.510621  1.352376 -3.441471  1.914476 -1.230448  6.853465
 -5.942820 -6.603108 -0.608213 -9.765703 -8.897632 -2.430138 -0.527004
 -9.861492 -1.785277  7.794632  4.065440  6.660812 -3.841162  3.572661
 -1.915788  3.010326 -8.011862  6.163920  1.698154  2.114497  7.858128
 -6.973463 -6.089213  8.118613  8.250935  9.827079 -0.581164  8.163934
 -3.358588  7.050098  5.996709  0.825476  5.545874 -0.774893  2.525778
  0.987195 -4.778101 -9.095956 -2.337948  5.715529  8.735814  8.147891
  1.230291 -5.295922  9.976685 -9.329191 -9.741807 -3.269747  1.925784
 -8.028401 -5.432738  3.526209 -5.186466  1.208125 -7.206559  7.176771
 -4.759003  9.902970 -3.638289  8.785752  8.985231  5.297369  4.759932
 -1.463285 -5.202186 -6.358259  7.302472 -6.294188  6.585027  5.106744
  7.309033  7.508852 -8.172768 -4.707043 -6.644998  8.313129  1.813613
  4.813411  0.638587 -0.225775 -3.210207 -6.592880 -6.141742 -9.194438
 -2.137987 -7.837074 -5.318820 -3.993649 -5.670740 -1.931245  6.209657
 -4.084406  3.998959 -7.059095 -1.481483  8.767779  4.874125  9.546295
 -1.183663  5.240043 -5.790563  3.246366 -0.074851 -3.645956 -6.880964
  6.629014  9.170688  1.309262 -9.596494 -7.991495  5.079244  0.527640
 -7.803283 -0.908188  1.411525  0.752576 -2.309195  5.339347  1.723312
  7.844256  7.411055 -4.409670 -2.511238 -6.207388 -5.875077 -8.923223
  1.811965 -4.341279 -9.172606  1.913683  1.290926  2.206994 -8.146819
 -7.228100  9.249765  9.078645 -9.371889  6.026597  8.049484 -1.496809
  0.494214  3.168263  0.582803 -2.063993  7.638927 -4.121646  2.545855
 -2.092249  1.011952 -9.991893  7.086509  5.225822  1.986540 -2.978345
  7.657922 -0.378505 -5.269564  3.843414 -1.094545 -8.755886 -3.360763
  8.657842 -5.812194 -9.761109 -8.147918  9.156861  0.708457  6.375796
 -1.595151  2.586232 -9.678113 -5.418309  7.268748 -0.968128  0.172604
  4.350152 -3.530817 -7.835607 -6.720937 -6.800186 -6.150655 -2.924056
  3.723533 -1.059714 -4.521394 -5.765014 -4.087120 -9.019907 -6.605539
  7.914286  1.938485 -4.671204 -8.740265  4.943708  4.430078 -7.360435
 -6.502653 -0.314976  4.045218  2.992700  9.389459 -2.887658 -3.349621
 -9.321161 -1.665050  1.020590 -3.493110 -5.336331 -7.567138 -2.702374
 -6.792512 -8.651307  0.046882 -6.610722  4.646974  5.367982 -2.825499
  8.707716  9.172205 -8.882355 -2.119306 -9.095022 -8.506649 -5.542982
  9.041065  0.786414  7.543226  1.471758 -7.382360  5.471466  7.403640
  5.425097 -9.040351 -1.770594 -9.680779  2.408889  4.213385  3.625755
  9.769164 -6.089268  3.119501  8.917266 -3.373960 -0.357868 -5.352690
 -5.852714 -1.163158  2.349416 -8.761154 -8.378882  6.359275  1.041768
  3.631625  7.261197 -1.377561  8.580725  7.988656  8.211043 -5.720025
  9.499985 -1.358212 -6.207723 -4.215475 -4.217573 -1.019693 -1.718016
 -1.205192 -5.875265  4.172610 -0.304386 -0.586327  0.594847  1.071153
 -6.276829 -6.492851  0.509335  9.669228 -6.129505 -7.303780 -6.684034
 -4.762031  0.946661 -7.368733 -0.699246 -9.049445 -4.908629  0.759610
 -8.897970 -0.940751  8.526484 -6.592850  6.507872 -1.716824 -5.498725
  3.299227  1.803087  9.718374  9.328066  6.918656 -5.097869  0.220430
  2.357885 -7.407733  6.031592 -4.730381  0.904658  6.819243  4.799423
 -4.593977  4.901086 -1.172102  7.588800  1.105123  1.681170 -9.395751
 -6.017302 -6.484621  0.004102 -5.157919 -9.488582  0.462639 -0.579710
  8.184427  5.256944 -4.441433  7.219299  8.064586  7.167369  1.669704
  4.096906 -1.673775 -4.192311  1.132178  1.632452  4.337044 -4.388733
  7.842889 -7.013601 -2.546299 -5.409212  0.891986  6.218792 -5.254062
 -5.318575  8.549747  9.883532  1.558919  9.133008  0.787807 -3.826720
  5.421477  5.266326  2.822084 -2.444800  4.875201 -1.567205  4.844716
 -8.847184  8.345082 -9.882532  0.679221 -5.181393 -0.613429 -8.855749
  6.889288  6.161804 -9.047953  8.833645  8.444788  6.550927 -4.611160
 -1.532388 -5.438378  3.760729 -6.213316 -3.125633  0.386264  0.706100
 -6.898000  7.071950 -5.932373  1.662470  0.299516 -5.772446 -0.751780
 -3.624589 -4.240946 -2.658085 -0.935988  2.235284 -4.701696  7.031558
 -4.867510  7.507334 -5.884977  5.516978 -6.452331 -3.540790 -7.337985
  7.739470 -3.710605  5.213378 -3.118895  8.540695  4.711251  5.416255
 -6.102421  3.543629  4.985266  5.039846  7.730696  1.928662 -5.571111
 -0.242856 -1.170832  5.033656  2.535912 -1.197015 -6.906848  7.491790
  2.742210 -9.565295 -7.422982  0.555565  5.845600  6.054871 -5.126067
 -3.926651  2.668037 -9.973003 -5.348299  1.129309 -4.398634  7.350967
 -8.086440 -2.892686 -0.476184 -6.988428  9.432111  0.715010 -1.997174
 -3.692779 -2.107097  6.393871  8.264100 -9.413100 -2.221747 -6.759920
  1.484910 -6.490437  0.134734 -3.318888  6.404017 -1.147057  4.293063
  6.169596  4.500966 -9.814250  1.634392  5.237538  2.981761 -8.794635
  0.963808  4.622243  8.965072 -3.938796  8.411815  2.952031  7.566439
 -2.457124  1.883704 -0.503649  2.284258 -7.548338  0.286223 -9.524616
  2.594585  0.597804 -7.514579 -5.267008 -4.109054  5.428247  5.614773
  5.661762  2.246155  8.676596  8.302088 -6.621926  9.671239 -0.814584
  1.438732 -4.416560 -2.581288 -6.494364  4.708208 -5.122764  9.264414
 -3.610530  5.515987  4.357559 -0.756045 -8.362281 -0.369771  4.782208
 -2.911490 -6.133905  9.885004 -1.164382  2.426134  5.861881 -9.919633
 -7.901932 -2.041128 -1.326298  2.953158 -1.771018 -0.827124 -0.828121
  9.127162 -6.808838 -1.558490  3.837616  7.048871  7.999992  3.798386
 -5.552878 -7.846018  8.393071  8.652139  4.650693 -8.715595  8.353138
  5.879048 -7.909608 -5.387963 -8.671939  0.313224  1.148919  7.005645
  5.146173 -3.655318 -2.587554  8.317421  7.920413 -1.146753 -7.561641
  3.213667  8.681661  4.624264 -2.547514 -7.056888  3.212059 -0.363242
 -3.735478 -8.284337 -1.347236 -9.033871  7.311794 -2.392156 -7.426838
 -1.171159  4.835935  8.908181  7.735816 -8.328493 -6.846673  7.640351
 -7.216547 -7.719933 -5.387241 -1.127067 -5.256577  7.086611  8.205281
  9.967884 -0.819536  0.143350 -1.020543  1.036252 -6.440414 -9.445824
 -4.139344 -5.339459 -6.907289  0.628910 -5.729851 -6.527417 -9.929527
 -7.136856  1.538608 -6.877555 -4.440109 -5.895803  7.446087  4.921234
  0.513797  1.165226 -8.344956  0.290263  9.984043 -2.010149 -1.620145
  7.798755 -6.433295 -4.770922  9.329825  8.050353  1.922518 -1.908032
  8.480107  0.883036  2.753228  4.133381 -1.858327 -3.408612 -3.012013
 -6.001538 -3.358543  3.824387 -5.251217  6.963349 -8.294732  8.184842
 -9.033608  8.175834  0.263691 -4.973996  9.702502  4.240669 -5.116014
 -3.494746  1.438934 -9.469120 -2.947623 -4.733902  2.597250 -6.087397
 -9.336852  4.160539 -1.487447 -1.462838 -8.831399  2.764965 -5.333132
  0.221917  6.218783 -1.971516 -3.041111  4.163766 -2.631389  7.717153
 -4.890276  1.296066 -9.679415  1.158879 -0.700373  4.290899  6.941337
 -0.463615  4.533231 -3.955382  2.422075  0.808757 -8.919284 -8.165782
  7.864669 -7.243468 -9.867234  9.824665  1.912317  0.624319  7.375736
 -1.970511 -9.914759 -6.191727  7.995798 -2.576045 -8.277754  7.746567
 -6.255348 -6.817210 -6.460889 -1.135878 -2.958194 -8.868056  1.493318
 -4.198090  6.147444  6.436951  0.342960 -3.160380 -2.863859 -5.671041
  3.972498 -0.900035 -2.257577 -5.324074 -8.567043 -9.478165 -5.013014
  2.815265 -5.405059 -8.762233  3.421188 -6.619093  8.584135  5.731602
  7.630701  2.298663  6.158896 -0.507826  7.362959 -6.050447 -3.062338
  9.439370 -9.115167  5.789056 -9.688996 -2.949592  3.054114  5.918865
 -2.659258 -3.052583 -4.317087 -5.948493  2.688121  0.264252 -9.309538
 -8.062506  9.715298 -9.291917  2.436557 -5.624629 -5.066610 -1.862518
  2.092125  9.410451  0.003649  4.978416  8.729881 -7.328090 -0.374760
 -9.668527  6.053149 -7.019447  6.440644 -3.731012  5.166825 -2.344750
 -2.088967  0.410803 -5.075926 -2.779488  8.192766  7.219774  7.058613
 -4.595645 -3.050971 -5.946317  8.769139 -6.374242 -4.410380  5.244366
 -7.939549 -8.705870 -7.839417 -2.598582 -3.889978  0.263288  6.627067
 -3.014609  2.548156 -4.366405 -5.902558 -1.698378  7.204625  0.736017
  1.393129  5.134654 -3.672221 -1.570264  7.223740  7.663184  4.420991
  7.849371 -8.506771  3.041681  0.209204 -6.293381  0.091333 -4.508888
 -8.382124  6.795687 -7.991639 -4.984890 -9.526196 -4.833545 -9.425814
  9.223991  7.339314  6.255140 -3.805361 -5.654901  7.011354  2.333392
  1.290978 -9.464886  1.325925  3.020261 -0.388568  9.294490  6.274381
  9.710918 -4.705447 -2.323395 -1.407826  6.528196  1.759142 -6.944761
  2.187502  8.456633  3.158248  3.600007  6.958532  5.692432 -2.740348
  9.895086  1.918299 -9.334467 -6.865086 -7.212498 -1.216599 -2.960065
 -8.478770  8.502104  2.230998 -2.932876  0.403138 -7.278188 -9.339093
  5.229518 -7.863265  5.472347 -6.186014  7.942609 -9.836447  1.537654
  7.475633 -5.960726  2.708796 -8.152140 -7.176774  8.133367 -8.093580
 -3.878413 -0.558205  9.046843 -4.604504  2.047068 -9.572885  6.528074
 -4.284740  4.172060 -2.036288 -9.147685  8.096550  9.292378 -9.850769
  4.583674  3.274493 -5.343233  3.530188  5.489638 -1.063489  7.204657
 -9.305208 -6.040071 -6.630509  0.706778  4.203868  6.508091 -8.101306
 -6.904605 -8.449700  7.993390 -5.040666 -5.668294 -5.515522 -9.500492
  5.370058  3.835611  9.617954  4.117393 -5.930290 -5.065759  6.724174
 -4.593909  3.309734 -0.742312  0.724450 -2.904663  4.400765  9.802890
 -6.775146  1.857792  7.120798 -4.841898 -2.933670  1.542677 -6.704979
 -7.415440  8.156603 -5.488953 -3.736266  0.542779  7.021968 -4.486589
 -7.335740 -8.640629  7.112515  5.718877  9.945360 -3.927143  4.212096
  2.187956 -5.574342 -6.961484 -4.628713 -7.697835 -3.260353  4.490498
  4.483768  5.856486  6.423802  6.724611  8.797318  9.744222  9.537216
  7.375039  0.475623  9.146024 -5.782627  3.444284 -3.717027 -4.094059
 -9.933642 -2.691733  2.181233 -9.509454 -1.476481  3.667040 -4.778537
 -4.768174 -3.243837  2.076069 -6.065616  8.686906 -0.425917 -5.640597
 -8.453670  5.749192  6.540947 -0.100010  0.643545 -0.159090  8.402810
 -5.821769 -3.153309  9.503744 -0.920261  5.161648  8.798832  0.034523
  2.267104  1.930167  3.745274 -3.788096  4.166437 -6.043454  1.663078
 -2.610289  1.728701  6.514305  2.705127 -1.944359 -6.094895  0.873403
 -6.124844 -5.982815  1.777895  3.137455  6.177777 -6.937935  6.044700
 -0.339692  2.086054  0.530103 -3.820666  6.500608 -3.789419 -7.100960
 -4.450849  3.376237  7.271105  1.669292 -0.648343  8.621711  2.192950
 -1.312696  7.733981  4.451765  4.774243  0.429112 -8.760112  4.838978
  9.045017  4.698037  6.510772 -4.396307  5.324133  2.688286 -3.936628
 -4.558288 -5.721840  3.496425 -8.902484  6.326498 -3.910061  8.146775
 -8.523806 -4.296244  5.113049 -1.053891  5.141353  9.785226 -5.349788
  6.633030  7.439417 -4.878429  5.414741 -6.276003  8.941559 -8.841136
 -3.559247 -7.319415  9.872472 -5.337325  3.860478  6.335845  6.464600
  5.080079 -4.981315  0.044034  3.239459  8.166989 -3.291564  1.510662
 -6.191394  5.099821 -3.379640 -5.216189  4.532461 -1.065408  0.849789
 -7.836910 -7.972167 -6.476096 -0.326748 -6.987343  6.715523 -2.757048
 -1.632660 -8.232289  1.138786  9.086179 -9.796522 -4.975475  8.135410
  0.283714 -4.894598 -9.285173  7.777310 -8.590915  1.412070  6.060095
  3.880414 -8.078809 -2.909946 -9.416793 -9.982955  8.634287  6.485786
  6.956870 -7.527301 -3.488576 -7.771639 -0.136625  1.140304 -6.203782
 -4.856985  0.818449  1.940152 -9.390191  7.029958  8.891694 -9.010077
 -9.947629 -7.479908 -9.291642 -2.243762 -5.828760 -4.664242 -7.151692
  6.833284  5.321168  8.821743  7.903931 -9.384359 -1.715545  0.491085
  5.622051 -1.973503 -1.819304 -6.949218  6.459381 -2.255155 -8.029298
 -5.643058  9.080186  7.239182 -9.821291 -3.781956  2.151855  8.729229
  3.621802 -0.692736  3.405901  8.829598  4.538040  4.302537 -5.628184
 -9.338802 -0.511297  9.765314  8.464080 -5.420222  5.896853 -1.232200
  9.927043 -5.392747  8.469696 -6.118443 -3.393865 -3.281027 -4.776662
 -0.167847  6.467788 -2.897119 -5.743949  6.158387 -1.937992 -2.887179
  5.143402  7.813601 -4.044226  4.948018  6.197785 -2.272990  8.672033
  4.739766 -8.124736  9.078015  4.671869  1.128616  8.985051  1.687519
  4.307361 -0.236300  0.885641  3.759732  1.413170  3.216782  4.497816
 -4.972014  4.141153  6.937049  4.503131  2.553526 -9.811822 -2.034389
 -3.370480  7.511005 -0.420464 -0.885671 -0.483870  9.729788  1.929094
 -4.065043 -6.620601  7.267954 -6.059644  6.950216  0.951928 -4.601496
  1.298604  0.397732 -3.526788 -3.709417  0.145506  1.145929 -9.527745
 -3.879302  7.403482 -2.727609  7.566335 -1.006324  3.022256  9.762627
 -1.122947  3.233761  8.975241 -1.842151  1.926628  7.888959 -1.234746
  3.290734 -8.487988 -8.654802 -7.406593 -5.104090  0.898371 -6.062181
 -3.946487 -5.857284 -0.240769  5.647555 -6.360339  0.994872 -0.700358
  1.427650 -2.304176 -1.511455  9.708210 -8.460355  9.885728 -4.288588
  1.720876  3.835551 -0.781135  4.594902 -7.131078 -9.173568  4.093570
  2.818814  0.557455 -6.889189 -1.416503  9.788900  9.026495 -6.372471
 -5.334466  2.163380  6.160375  8.431370  9.526508 -7.964677 -9.130028
  0.024453  1.685494  3.419806 -2.851512  2.878930 -5.700161 -2.077991
 -3.966563 -4.818543  2.841171 -8.163892  2.147712 -5.304737 -2.667416
  0.199340 -6.661076  6.277231 -4.722529 -2.649413 -5.594316  7.460931
 -1.515761 -8.346199 -8.844613 -6.502880  4.111708 -6.064034 -6.083622
 -8.775343  2.751889  4.835708  4.935460 -7.400719  4.307204 -7.634036
  9.741251 -2.475861 -8.151973 -2.839454 -4.496963  8.539099  8.241778
 -9.852298 -2.308643  1.377118 -0.344610  1.701395 -1.783750 -9.440579
 -8.752423 -2.549787  5.685590 -0.711671 -6.259476 -4.707231 -9.684308
  8.569783  0.270734  5.075826 -5.274504 -9.758557  7.317486 -2.941688
 -6.860766 -3.759240  1.174052  6.414422  2.884709  6.905719  9.911276
  3.014240  3.021728  1.801839  5.930179  7.481389 -7.528372  1.179634
 -1.818056  9.155562 -4.605640  8.193277  4.508219  8.651692 -0.345159
 -7.371492  9.126641 -4.191879  8.763267  5.855545  6.157590  7.101781
 -7.851830  9.499201  5.942389 -8.312966  8.943855 -1.727119 -1.143241
  6.778909  3.178090 -9.674462 -5.976505 -0.934273  2.931836  9.032417
  0.321061  1.534593 -0.895285  6.899473 -9.912911  1.172975  8.170582
  7.313274  3.495913  3.290391 -7.594672  7.955880 -9.107842  8.883562
 -0.205348 -3.806545  8.281254 -3.776272 -6.169464 -7.147349 -0.296265
  5.650358  1.223929 -6.904410 -8.926497  2.341266  7.472005  5.280222
 -3.552679 -1.477801 -6.266732  7.278713  7.125218  4.845710 -5.430323
 -1.331512  5.764566 -8.548361  6.995965  8.934960  4.378977 -9.379596
 -8.998913  2.389798 -4.688238 -9.436581  2.863669 -7.290812 -9.586103
  8.580860 -8.469024 -4.527569  0.519779  2.232565 -6.108202  1.526786
  7.568732 -1.366766 -3.026466  4.014738  3.544283  8.002877 -0.556836
  2.490225  2.461078 -7.493949 -6.116126 -6.956721  5.780815 -9.278581
  5.822688  2.534324  8.282327  0.278880 -0.785536 -0.768886 -3.313323
  2.530039 -2.357392  6.665323  2.101458 -0.227928 -6.526035  4.904626
 -4.324637  1.523035  5.747981  2.660968  8.590085  4.519276  0.075846
 -1.643327 -6.199302  3.238239  0.989361  1.176478  5.097536  3.923700
 -7.402538 -2.998241  1.220860 -5.551350  8.710746 -8.615805  0.925043
 -1.905767  2.318982 -4.068062 -5.687950 -0.708484  1.813134  1.912108
  2.004058 -0.448164  9.820661  4.250269 -8.252655 -2.505217  1.766946
 -6.747078  3.001031 -3.974622 -3.976829  5.821472  2.944067  2.838166
 -0.044654  6.717415  5.389980 -7.531434  9.976400  5.319084 -1.043881
  8.373852  8.877881  9.659113  2.935260 -8.303107 -1.855798  2.361883
 -6.643869 -8.132190  2.326335 -8.410547 -2.492190 -4.491769 -4.146659
 -3.464153 -7.445896  6.265315 -5.624376 -5.821696 -8.453966  2.709059
  2.722367 -8.671636  7.604133 -0.258148  3.879269 -0.520690  8.018806
 -8.298470 -9.803343 -5.123373 -7.409838 -1.873507 -3.511558 -9.683374
 -0.045987  3.363112 -7.922341 -3.523043 -5.360213 -5.980673  7.839836
  9.168940 -7.929948 -2.752222 -5.216002  6.511797  5.319500 -8.885623
 -8.947712  3.945173  3.949182 -9.702082  9.161561 -0.010101  7.378361
 -1.229463  3.343361  1.097933  4.026294  3.971589  7.830440 -9.592097
 -0.928669  6.578838  1.279342  7.568805 -5.946229 -3.392522  8.906274
  3.935924  4.410458  2.174193  4.834035  7.460687  2.394787 -8.924212
 -7.774874 -1.952694 -6.552616  9.011978  1.015325  8.756936  6.044524
  0.296703  6.967752 -3.377164  1.352673  2.545583  0.230946  2.815582
  0.401236 -1.370527  5.461918 -9.277138  9.797939  6.453505 -7.640081
 -7.614766 -9.051713  9.270103 -7.879401  0.592597  9.041109 -4.128980
  9.241955  4.735315 -6.470049  3.045978  1.694973 -2.598473 -2.977248
 -4.582500  7.699052  0.896388 -6.594959 -9.777788  9.641920  3.585327
  3.503734 -9.360233 -2.484303 -7.398107 -1.394906 -0.491934  8.023691
 -5.505483  5.606690  4.107347 -9.513937 -1.317624  6.538539 -6.495256
 -8.416971 -0.547146 -0.078075 -7.871380  2.495784 -2.979599  0.067371
  7.745260  9.262829 -5.115811 -2.992644 -7.984217  4.823303  2.753803
  3.046998 -6.153210 -6.428186  4.048618  1.561006  1.867392 -6.906165
  0.422282 -8.571931 -1.857200  1.713541 -5.332219 -7.427680 -3.487875
  2.818462  6.784123  2.246177  5.549841  7.929831  2.633992 -6.186177
  6.184467 -7.640344  3.788628 -8.685051 -1.239866 -8.656282  0.765620
 -0.666722 -3.153079 -2.792821 -6.361639 -7.222908 -4.059102  1.230426
 -7.815908  9.369182 -8.823112 -7.701953 -4.981578  5.449321  1.469967
 -6.958239  7.287910  2.907356 -9.655792 -5.187109 -9.845225  0.574392
 -8.881342  7.063245 -0.434483  6.081136  1.126575 -3.145518 -5.869650
 -0.358058 -5.122106 -3.791925 -1.499921 -0.804183 -8.721919  0.936196
  2.241150  2.182506 -6.956137 -6.423947  2.819233  9.172109  4.363739
  7.596876 -2.884639  9.544696  6.541074 -8.962876  0.092230  9.122378
  5.323587  6.400570 -1.330750 -0.617546  4.817443  8.982898  3.200717
 -3.557072  2.387961  0.773071  3.302180 -0.332217  3.513273 -3.064850
  6.078016  2.061291 -9.458600  5.842560 -7.993756  3.249739 -7.848994
  0.836070  8.826601  5.898140 -3.546023  7.670878  1.862146  7.113124
  2.123150 -8.138498 -3.545916 -7.861025 -7.906269 -2.883217 -5.971126
 -7.907844  7.545789  8.529844  9.066221  8.472027 -8.996356 -6.056158
  7.038865 -1.555855 -2.503991 -8.239935 -7.755029 -4.139101  1.723381
  5.577770  8.587727  2.248764  2.374061 -0.485752  0.734819 -8.354038
 -9.319449  4.650922  0.453747  4.787551 -8.137507  6.250953  3.164570
  4.852931  5.213908 -3.542201  7.581479 -7.246963  3.477003 -8.840725
  2.712485  7.531736  9.172609  8.025608  0.747768  9.332056  0.577439
  6.679925 -0.009927 -3.389515  8.539207 -3.272261  9.089558  0.131567
 -1.331705 -5.579646 -5.154789  7.899246 -4.006158  5.045449  2.759677
 -4.678401 -6.584088 -0.865898 -7.250039 -9.614390  2.048134 -4.148849
  6.491224  2.773146  8.118837 -6.737805  5.676889 -2.609076 -2.519137
  4.021019  5.514866 -6.077049  1.499138 -8.803832  3.504656  4.940124
 -7.970736  3.517074  3.762681 -4.849639 -0.432604  5.976846  7.896939
 -0.996031 -1.938423 -4.942113  7.044395 -0.850887 -6.137586 -1.386650
  9.483806 -3.992462  1.437083  9.669263 -0.951107 -9.185597 -6.543965
  8.441641  3.475725 -1.509999  9.021918 -2.891069 -6.005372  2.592535
  7.339130  5.504925 -2.038911 -0.204488 -6.033576 -0.667639  1.814329
  1.479289  2.871547  1.839763 -4.951452 -4.280655 -2.051131 -9.919733
 -9.299497  6.720342  0.123910 -3.884209  1.176159 -6.158489 -4.229466
  9.152318  3.745127  5.295666 -9.466259 -9.182759 -3.760899  4.769760
  3.009471 -8.882214 -4.667093 -4.766737  6.426730 -6.227749 -4.408783
  1.439550  1.613807  5.435664 -9.396967 -6.370088  8.562689 -3.261717
 -3.005220 -3.794359  1.302411  1.182836 -1.275006 -5.707116 -2.398240
  3.815855 -3.013547 -0.580803 -0.350774  8.454977  8.929814 -2.216695
 -6.705181  9.989195 -4.159851 -7.067373  5.475032  1.579976  1.453037
  3.167548  9.141453 -4.453974  8.729246 -2.198049 -4.078812  6.366271
 -6.432393  7.753754 -1.189600 -0.010147 -9.269977  4.263795  7.849490
  1.118705  8.851671 -4.224493 -7.775901  1.903989 -8.013802 -6.287353
  0.393199  6.768122 -5.750266 -2.814688 -4.206805  9.045307 -9.262792
  0.798578  1.478078 -1.731827 -5.213018 -8.289898 -2.791040  7.101137
  7.158260 -1.474452 -3.643026 -6.140682 -6.042342  2.396492  1.227594
 -8.060900  7.996044 -1.938043  2.576280  4.874744  4.367450  6.010676
 -9.892569 -2.175557 -8.834333  0.862786  9.664586 -9.461661  7.543232
  4.621365 -7.568068 -7.132436  3.840447 -9.036005 -5.413620 -4.226754
  7.232184  8.120083  3.374818  9.645529  0.443923 -9.771499  3.845681
  0.062609 -7.203314  4.629081  4.947773  8.515145 -7.544716 -6.969510
  2.127959 -3.507836 -6.054038  1.496543 -4.171456  6.773579  9.675308
  3.187853  3.444331  4.036340  5.372531 -6.753923  5.925908  7.185259
 -6.724842  8.346198 -7.838917  9.524688  6.320274 -4.630843  1.586733
  6.503580 -3.291357 -4.560279  7.902388  8.402742 -2.138389  3.302289
  0.464281  9.050082  7.512343 -0.907033  2.788494 -1.762137  0.184179
  2.877457  6.568157  8.584656 -3.935367  5.749682  5.268664 -0.476992
 -8.460766  1.288314 -5.028692 -9.638662 -7.591984  2.324370 -1.730099
 -7.566201 -6.458581  0.024129  0.708976  1.912087 -7.622725  4.504745
  5.212279 -2.829441 -9.875310  5.235354  9.645247 -9.690301  6.817143
  4.042227  5.500376 -2.345523  5.112099  8.191714  9.930124  7.980202
  3.323966  6.155659 -4.590504  9.975753 -1.989885  9.805802  5.542544
 -2.331581  2.057130  6.639874 -1.016768 -0.599004 -7.453540 -8.676941
 -4.795136 -9.093011  8.888495  3.545713 -9.043526  3.298257 -3.823713
  0.725659 -6.243546  0.172519 -9.257776 -2.015581 -9.715381 -1.257888
 -3.219209  8.851290  5.967157  3.516192  1.080500 -5.396017 -6.832713
 -9.673271 -7.393455  0.344364 -9.501397 -7.363179  2.664446  5.799749
  1.450867  7.486581  7.414362  0.717802 -9.381031 -5.453660 -6.623955
 -7.344447 -9.377471 -0.355302  1.619575  0.050685  4.004402 -1.402877
 -1.435189 -3.948871 -9.781751 -0.474180 -5.856016  4.470411 -8.587627
  9.207929  5.219218  0.596176 -4.102566 -0.079963 -4.869350 -9.628052
  3.359744  4.841109  9.554059  6.158921 -1.765862 -2.106906  6.618818
  3.837883 -3.785204 -3.162576 -8.801102 -0.754343  2.973719 -6.054487
  0.904102 -4.391853  7.036113 -9.302693  1.418955 -1.774750  7.090177
 -8.952320 -7.975550  6.945668 -3.135941  0.325878 -5.289144  6.438895
  8.366163 -3.747497  4.122184 -3.414992  6.333536  4.893142  4.773537
  5.219359 -8.786116 -6.431031  5.174369 -8.184131 -6.906267  7.788602
 -3.486445 -9.961243 -4.177278  0.510075 -6.840565  2.713977  9.991412
 -9.561794 -1.506810 -6.188844 -6.560114 -4.661769 -2.414494  6.588124
  3.721116  8.350393  0.501027 -1.588946 -1.092920 -0.119247  2.092612
  7.794774 -9.908626  5.826451 -3.823495 -7.551989 -2.140337  5.291108
  4.921136  7.054825  6.018538 -6.891103 -0.280319 -1.612315 -8.869787
 -2.303469  7.501351  7.519937 -3.753079  1.987914  3.769603  8.231514
 -7.770759  2.147335 -6.665347  0.105115 -4.805599  3.852268 -5.432682
  2.087053  0.139986 -0.740223  0.818331 -3.456174  0.201459 -7.288584
  5.336635  7.550660 -2.002768 -4.510117  5.753879  5.886848  1.546375
  0.067815  8.105343  2.231146  3.576360  2.600879  8.859037  8.275794
 -7.453332 -9.052516  8.857788 -8.324664  1.195843 -3.096581  0.633705
 -3.995200 -5.115266  3.706703  8.653249  7.387093 -9.664379  7.785146
 -0.892816 -6.911421 -6.901175 -1.003145 -5.961704  9.475794 -7.191022
 -3.544624 -1.699044 -6.755651 -8.055739  9.465317 -0.113793 -1.489032
  2.377221  5.279838 -8.545744 -0.263414  0.857164  5.442780  3.062948
 -9.422913  6.057110  4.809499 -9.010380  8.506906 -6.258625 -3.679119
  4.090442  9.725874  4.093108  0.885460 -4.870885 -9.525275  8.058598
  3.366803 -3.454753 -6.393226  7.812601  5.275123 -1.123741  1.411456
 -8.148663 -4.333987  8.244537  6.943470 -3.657151  6.612585  5.743821
 -8.937661  0.275687 -3.760155 -0.656631 -1.639022  1.707840  7.748767
  2.197206 -4.198344 -2.131412  3.155883 -7.032506  0.018371  3.662238
  0.642695  8.283019 -3.871965  3.283179  7.361929 -4.353785  4.185079
  5.813493 -5.389294 -9.277227 -7.859610  7.627972  9.228045  1.055021
 -0.606548 -9.802961  6.422089  8.413636 -0.579300  4.883304  1.921181
 -3.690040 -7.807120 -2.622507  4.451361  7.821494  3.203839  8.074055
  8.239956  4.488748 -1.647092 -1.964186 -2.569000 -5.337135  4.771902
 -5.071009 -0.378947  3.079833 -9.619568 -6.714441  0.873524  1.884698
  1.462061 -7.666340  3.128722  4.477254  4.464319 -7.670578  5.154822
 -5.046144  0.462189 -2.770354 -5.028388 -6.215189 -4.224947  4.819875
 -0.539402  4.200367  7.918762  2.791192 -7.555174  7.614044  3.033783
 -7.509997 -9.327672  1.494910 -8.688089 -8.156226 -9.384381 -3.716181
 -9.740339 -0.642854  6.858860  8.990001 -1.000785 -4.030040 -0.641369
 -5.946969  1.657048 -7.528790  7.224687  1.139783  0.257517  5.392075
  3.360124 -6.958959  6.651043  8.719053 -8.841045  9.886867  3.740965
  1.336747  0.905461 -9.049754 -3.631063 -3.970603  1.394237 -4.334909
 -0.338462 -7.790315  6.797609 -1.444840  3.338603 -9.636154 -2.656554
 -7.835813 -5.295612 -9.585303 -2.674810 -8.953595  5.918127 -7.225201
  6.589742 -8.372401  2.840617  4.424259  2.450864 -4.627877  3.898042
 -1.946545  2.215484  9.514430 -8.330968  6.142232  1.980157  5.954976
  7.445337  0.611562 -2.877009 -7.447041 -0.706400 -0.030642  2.246216
 -9.395589 -3.821399  4.563448 -4.280347  9.651390 -8.010297  3.764896
 -9.871409  0.663481 -2.369905 -4.317998  6.289756  9.776834 -7.097921
 -8.082953 -3.836991  2.707463  0.560703 -6.541365 -8.575172  8.029655
  3.595575 -3.946237  3.400189 -6.704138  5.345814 -0.399382 -8.144730
  0.704804  7.946910  1.633272 -5.623486 -8.446074 -6.077239  2.407489
 -8.815341 -1.863196  0.368451 -7.539763 -4.923695  7.980352 -8.224098
  4.839748 -4.898820  4.744158 -2.593251  6.396355 -1.499470  5.452065
 -8.981403 -5.488845 -9.668202 -0.944140  8.980096  1.654346  9.688698
 -1.268141 -4.313280 -2.235823  8.993719 -8.768213  6.045710 -7.458722
  4.161958  2.348498  2.894758 -1.040308 -0.902410  8.840909  1.964287
  0.772234 -3.566979  3.495406  4.143646 -1.732879 -7.659821 -4.657086
  9.978041 -2.781573 -7.711105 -6.852589 -7.477837  5.157422  3.766309
  1.148880 -2.933278  3.501790 -8.073387 -5.839759  6.453553  4.345174
  8.513348  9.144619 -5.914109 -0.405427  7.517036  3.024980  5.226474
  2.855675  9.596171  4.972990  9.847129 -8.266483  9.571860 -5.964278
  6.073853 -7.334137  6.603541  0.112117  5.489074  2.521070 -7.352957
  7.893257  6.244284 -8.742371  7.750295 -0.599192  8.448313 -5.857238
  8.148700 -8.278953  2.395296  6.088093  0.115645 -7.454181  1.508810
 -3.365572 -6.290274 -2.663456  9.130201 -3.554093 -6.985621  6.268241
 -5.991208 -3.710432  5.159266  0.656633 -5.666575 -4.807017  2.021222
  1.950428 -4.667611  4.558439 -4.936970 -4.694419  9.190399 -5.869199
 -3.353997  3.435947 -6.841565 -9.593225 -1.583171  0.115998 -9.103811
  4.457182  5.895916  6.371203 -5.409599 -1.775664 -6.225677  1.550107
  2.170303 -0.690928  3.256606 -2.720567  2.512892  0.011206  6.722317
 -7.724966 -1.341000 -9.659638  7.222422 -3.504537  0.067239 -1.829052
 -7.915649  2.924865 -5.810029 -8.079287 -6.446409 -2.339331  0.819129
  0.722626  3.944075 -6.386146  1.582467 -2.423264 -6.003072 -4.828622
  8.186526  9.065982  3.191200 -8.211253 -2.016935 -1.793453 -1.425502
 -9.305916 -4.507249  0.007212  1.850537  2.016919 -9.380041 -8.736626
 -8.696141  8.686508 -5.073822  3.556065 -4.570474  7.810284  1.948572
 -2.173273 -6.232153 -1.386891  9.504393  1.741130  3.185220  5.701055
  4.775059 -8.985598 -3.910959  2.595658  8.473148 -8.769102 -7.211976
 -3.163771  1.289403  2.540186  3.637507 -9.445053  5.393790  9.729142
 -8.057208 -9.209249  3.891732 -9.433824  3.025950  6.918134 -2.973406
 -6.345510  6.145709  8.298280 -3.803397 -3.955563  3.147058 -2.883179
 -3.104668  0.409722  5.989740 -1.169315  8.809163 -3.202820  6.104687
 -1.131297 -8.250492  2.451616 -1.668961 -6.923049  2.872042  8.241992
 -9.615058 -4.260637  3.179040 -9.734167  4.600366  8.237635  1.876356
 -7.820441  9.921988  2.382867  0.790586  6.756879  4.574762  8.931407
 -2.375279 -2.357141  6.274061  1.172443  1.132450 -6.073156 -2.958058
  9.927980 -4.026360  5.566489 -3.283439 -4.982021  5.400152  4.300313
 -3.087908  3.174064  7.253331  7.740470  4.977805 -7.978022  1.237004
  6.033759 -9.547083 -9.295617 -0.996791  7.466882 -9.381942 -5.102163
  6.872868 -8.301000 -0.437966  6.245703 -2.717628  9.367208 -6.895288
  0.556490  2.172996  9.010248 -2.272753 -6.786599 -2.752654 -1.909487
  5.355553 -4.590725  5.116260  1.051481  0.810088 -1.078631  7.615685
  9.778627 -5.834032  2.992210 -3.445644  7.621103 -2.193480  2.655708
  7.476744  2.052871  8.814406  0.430500  8.944927 -9.371749 -5.446414
 -5.248932 -9.644615 -2.538260 -6.187774 -2.898490  3.151596  7.930156
  9.967814 -6.403998 -2.599366 -7.003061  7.072634  2.440016  2.497130
 -8.451406  0.508353 -6.517273 -1.926028 -0.770478  9.869315  5.447311
 -3.574332 -5.629915 -3.222861 -1.477624  5.620320  9.110772 -1.993778
  8.751621  0.212531 -2.522561 -5.952506 -1.721018  2.396294  6.631332
  3.123177  9.744731  5.223426  1.999276 -1.626952  2.580719  0.009104
 -2.355514  1.799657 -4.061892  3.400038 -0.326185 -6.157136  4.479659
 -1.863406 -7.815936 -2.133797 -2.768705  9.104167 -7.099141  9.340372
  4.382057  7.333259  9.668654  1.866009 -0.877088  6.909094  6.423272
  0.528765 -9.909066 -7.802027  2.277021 -2.536913 -0.246374 -0.546931
  4.461371  6.045909  2.136087 -8.883804  4.557832  9.170080  5.561651
 -6.357546 -5.099228  0.215446 -9.022137  1.120110  9.559153 -5.178708
 -7.883355 -2.427843 -3.651886 -8.446563 -0.795930 -4.078770 -0.912408
 -1.491701 -5.832507  2.336422  2.650819 -2.875447 -6.485794 -6.942092
  4.935732 -6.777518 -6.192726 -3.811966 -1.912299  9.324347  1.738465
 -2.961413  5.309723  7.125820 -5.970545  0.480866  4.392016 -8.308580
 -6.311010 -1.087175 -5.194868 -9.510919  2.327049  9.147876 -8.548246
 -7.029229 -4.097047 -1.398666 -6.866387  8.513126 -5.474857  0.345954
 -6.022019 -6.453189  6.165680  1.399203 -0.658307 -4.155502  6.247749
 -2.430980 -1.095358 -8.548201 -7.847196  0.214313  4.785423 -6.556939
  1.604571  9.704519  9.848084 -2.149592 -6.802281 -1.816160 -0.856807
 -7.038124  6.909478 -0.563395  7.801244  0.465308  2.777111  8.885999
 -3.254871  6.717732  0.822650  5.265893  7.356337 -9.199102  0.165095
 -0.636535  3.838913  2.148937  4.795909  3.948869  4.777777  6.601523
 -7.965557  2.578166  4.128883 -4.562874 -4.118398  9.825512  1.403092
 -0.674847  6.802296 -5.609399  7.587093  0.876041 -9.554348 -6.063525
 -4.853947 -7.852880  9.855133 -8.214430  6.535798 -0.766744  3.077983
  3.913479  6.174290 -7.287956 -8.855859 -2.874719  5.194697 -8.394573
  6.827521  6.064097  8.219815 -9.368450 -2.109379  9.312065 -8.828456
 -2.854455 -6.057998 -2.737682 -3.129250  2.823157  7.269990  4.197712
  5.301417  6.465304 -8.601642  7.844556  4.110627 -0.871821  5.756829
  7.096357  6.109490  4.613194  9.330271  0.795355  5.782960  0.915241
  6.704484  2.677645 -9.786311  6.549064 -3.517230  1.493023  9.572852
  7.088470 -1.642473  6.670572  1.661070 -8.843823  6.901452 -1.479495
 -8.405487  4.916947 -5.797433  8.877234 -3.161388 -1.538866 -4.926976
  7.696300 -3.948375 -1.326601 -7.925308 -7.774311 -9.218082  2.580475
 -7.910930  4.757116  7.841095  7.577125 -3.267152 -5.336273 -2.498073
  8.395343  6.399608  5.747274  9.099889 -5.781232 -0.230705  6.816218
  7.915699  4.683925  5.690550 -6.980069 -1.709949  0.416370  3.940258
 -3.666893  1.097044  6.231766  1.095050 -5.876051  2.979946  9.863505
 -4.861444 -8.031953 -7.459939  2.366404 -4.778835 -8.080157 -1.169671
 -5.237260 -6.473831 -3.416952 -7.504240 -2.181842 -4.651974  3.021673
  6.796108 -5.711320 -1.036049 -7.000623 -0.292034  6.203304  5.867574
  2.497773 -7.553219 -8.432637 -8.534002 -5.066187 -9.784788 -1.021994
  2.285299 -3.772514  1.162791  1.133838 -4.190700  5.545975 -5.702252
 -8.851679  1.719744  1.597647 -3.327026  8.139428 -2.503117  4.063060
 -6.220514 -2.412280  3.660302 -9.580721 -2.648795  8.801432  7.047436
  4.788528  0.376110 -1.156438  4.404286  2.871034  3.224517 -0.068310
 -4.034131  8.458746  5.509057 -4.601732 -4.978496 -2.221575 -0.996432
  8.250629 -9.641348 -5.528429 -7.927345 -8.924927 -9.614353  7.314773
  3.722344 -9.727321  2.325269  2.113339  3.001150 -0.001704 -3.968355
 -4.541441 -2.810766 -7.315475  0.676613 -5.285033  4.541821 -6.185455
  9.199685  1.105190  6.535215 -8.505938  9.476741  2.800483 -1.910511
 -2.790166  7.868394 -1.440720  0.817660  9.858149  1.875504 -9.646454
