1 0 0 0 0 0 1
-1.92306768941 -4.00164410763 -3.55448097783 0 0 0 1
-5.42333476359 -5.21611336493 -5.3947059029 0 0 0 1
-7.2607853626 1.2511237424 6.65166746556 0 0 0 1
-4.83410566485 6.68258796516 -2.70082874568 0 0 0 1
-3.36205701772 9.07925285891 -6.17504120434 0 0 0 1
-3.23810224241 8.37781482095 7.14311999052 0 0 0 1
-3.68993172007 1.0541094676 8.80708994595 0 0 0 1
9.84199137711 -1.68785170473 -6.78010211157 0 0 0 1
-0.193699737805 -7.43241762771 1.00291683182 0 0 0 1
0.426367094952 8.76247309118 -6.86157842342 0 0 0 1
0.834515396877 1.48126197496 -4.81145905397 0 0 0 1
-9.47948057925 3.62279823678 4.93278390111 0 0 0 1
8.96300798617 -6.47487063807 5.95860864167 0 0 0 1
-8.47247477489 -7.78075310638 -1.12864994814 0 0 0 1
2.93958715746 1.50948021859 4.91119574782 0 0 0 1
9.43887753655 9.32642106275 8.72442827254 0 0 0 1
-3.04916312729 -7.70808377487 0.747273710582 0 0 0 1
-2.04943875111 -4.40661321911 -4.07837237845 0 0 0 1
9.53768331228 6.98262993351 7.86473611371 0 0 0 1
1.76769258941 9.69011328711 -4.42035074745 0 0 0 1
8.96464999842 -4.24546296172 -1.60640336981 0 0 0 1
0.274244064646 -3.63352909726 6.75265038961 0 0 0 1
-8.46400458533 -7.64091879036 -5.07247048806 0 0 0 1
-2.37408594405 5.99087015873 -8.08839052063 0 0 0 1
1.09461520981 8.40167207289 -1.13263631543 0 0 0 1
4.6378213724 8.00762987742 -2.50821186398 0 0 0 1
2.36478925342 -9.04400176857 4.94684667513 0 0 0 1
-9.18983604021 7.30196005664 7.39021542 0 0 0 1
3.83319865728 -6.7867639698 5.88204439322 0 0 0 1
-8.6621182775 -9.94224335466 7.88446936285 0 0 0 1
3.08051006036 0.0401591903287 1.01930532427 0 0 0 1
7.50474927028 -7.19446161491 8.80324699749 0 0 0 1
3.71012944631 -3.5676593437 7.80611987086 0 0 0 1
1.14203564906 -2.00843519439 6.95424471262 0 0 0 1
3.02510893969 -0.955667299526 7.13780890942 0 0 0 1
2.48133656902 7.4432255678 -8.56674698772 0 0 0 1
6.18164714826 8.03130258324 -4.19964463934 0 0 0 1
-5.70434397877 9.97626262133 -3.57575842686 0 0 0 1
-4.17178884993 -3.71826488489 -0.36801346387 0 0 0 1
2.64331926521 0.128950324472 -0.936244944029 0 0 0 1
-3.90517637974 -8.45442941309 1.53031583317 0 0 0 1
-5.49281252787 6.55130877882 7.67087924176 0 0 0 1
-7.15351939484 7.65430485449 -8.97931037353 0 0 0 1
6.33354526575 5.54871014965 -7.41060301849 0 0 0 1
1.64670735036 -4.12696927138 -5.03952555186 0 0 0 1
-2.96077860305 8.74740409093 3.92258684275 0 0 0 1
1.58140971653 5.13493534372 -0.563309103951 0 0 0 1
-5.09752442944 -2.69286516356 -7.79120071463 0 0 0 1
-6.96778207866 -3.11914919407 3.30650213552 0 0 0 1
9.73836111967 7.80625011662 8.97226729959 0 0 0 1
-3.20341952322 6.48450314653 9.61578133962 0 0 0 1
9.5781822754 -8.1604097261 -0.838542835399 0 0 0 1
5.44822909922 -1.69688694874 2.59849387633 0 0 0 1
-1.05866684658 -3.8708109736 6.48505703974 0 0 0 1
-4.51238347536 3.18380916193 -0.629524074626 0 0 0 1
0.968238859748 -7.78699877583 8.65838656992 0 0 0 1
-1.34894512994 6.18795836964 -7.48185215701 0 0 0 1
0.533974543001 8.44222385245 2.14615052413 0 0 0 1
-1.71392850046 1.93618314063 4.25131022803 0 0 0 1
-9.03272719605 -7.95597868958 -7.17323355458 0 0 0 1
-8.15762397847 -4.9517183655 5.6877973115 0 0 0 1
4.71342340202 5.90585780322 -9.00491935982 0 0 0 1
0.246834778791 5.74782691822 6.26906832887 0 0 0 1
