8
1.0
0.0
0.0
0.0
0.0
0.0
0.0
810286321.88
-629584266.82
-625512991.539
247361370.612
-635159407.498
-219378402.536
-67547210.8985
552731333.389
263253601.342
259964980.412
-87364513.5183
610784451.616
-503840254.268
19402194.2418
50642668.8218
961873475.017
-981118486.941
-553313186.558
800214037.242
411442048.419
50510627.7275
886148503.426
35325913.3201
-864286156.917
932893879.259
-59737729.1604
-142197139.681
417565527.41
160943882.098
-96351858.7634
-686161658.361
-351413977.613
993297270.826
944354813.346
341394247.931
491613499.704
-909037213.4
424555000.685
-669382587.082
-468504741.514
-540913693.154
-928034975.363
479426700.504
205215380.204
-139018110.773
802393357.076
-969654847.48
-588976680.439
121358501.289
