32
1.0
0.0
0.0
0.0
0.0
0.0
0.0
913125640.634
388484966.449
-258342650.247
153887810.473
-311152166.557
854269752.316
-134584222.916
198194229.159
-809204962.648
121432617.386
-289552845.204
649944181.215
96858907.4953
687301080.097
549075549.947
263663817.125
-76422008.8935
54446553.8734
320570885.177
-582705578.723
636904913.878
952996417.182
-199642470.412
-816869818.722
-817612153.452
-871380310.531
42914566.9183
883199779.364
697752410.036
-439306707.592
614577426.119
691491318.285
-279389319.043
-212592605.094
-297516039.085
120650757.015
-751959549.005
107125859.801
-348744234.97
262916398.128
10970714.1365
359358581.955
985104237.27
-684121529.414
-497227159.792
-680207155.678
716136254.78
-817249613.107
-298871470.825
311747337.197
-906933439.338
426386612.659
769753002.804
584060429.26
765006538.759
-631327969.971
271056931.816
98773407.4151
-657963668.627
511009648.685
-465959737.869
75718380.5735
263362745.244
776316419.12
-897072111.316
-766318683.055
731440127.398
620944142.457
-156395524.673
525313295.748
557435371.599
-400506493.618
-624824960.989
-271857838.243
149470367.335
533764151.559
-499014156.987
36512227.8887
-314212818.245
347323030.706
-461532966.435
-78971138.5774
482528592.788
181324095.456
558947269.585
819804986.13
-962009793.465
-147194831.711
-55323392.319
-9797697.05519
-172653763.099
111283221.965
-10256026.9427
849766393.739
-352579767.442
59594140.2184
-612807390.089
401417905.147
26527451.3279
188161092.587
473707434.648
385506854.05
293159392.852
-448222574.533
2451344.38579
534064668.596
860316191.226
-585734587.321
776469807.683
55389069.2127
-501351955.119
-237271017.698
960755670.56
-999350471.02
576969490.876
811940537.19
338958369.813
384028373.802
-638069089.256
550409262.21
-400561703.776
245952988.033
-667402059.41
-852042125.018
12977172.9
-125660337.151
388261466.684
-859805380.869
356176023.128
896476339.087
471019772.44
527372887.154
79180465.3356
991062456.621
-694223130.967
344426925.052
-433525139.322
-808609591.53
-246874521.324
-114732952.406
454652535.936
-176888165.115
-12599092.2082
-782680398.561
-618185164.023
356304086.015
-872305319.11
421707047.565
927817594.369
-389144953.391
268025685.549
-999522585.274
-640583032.769
-211418648.293
759657989.161
428151344.98
384552080.039
47345638.3865
-321450287.129
-35361449.1698
-196871421.7
97143097.6683
-419572658.447
-771625840.061
-266812004.829
392042344.411
-310962997.389
-189958543.343
33542865.6904
-627109936.682
-532106572.078
-204136260.102
866658911.307
658369492.143
-958707906.142
290131979.409
963729233.898
-271907436.22
-178931581.688
-515921411.296
-246922659.45
66894324.1212
179253103.731
570215671.553
-166520246.85
206031241.092
-238484649.46
-23351879.0068
-65586548.4372
237923510.106
-834832509.4
-198410745.002
162443320.734
-437622451.393
-513804368.287
523467041.632
637965259.55
842797517.464
189901340.199
911807199.18
927888744.759
706203611.886
952526378.152
643430320.697
-636629436.06
-147386545.157
363634952.922
231321168.604
665257553.098
351593404.45
373302621.625
-445505842.224
951038344.148
-551080795.065
254527810.862
-603115545.793
-102875191.677
