128
1.0
0.0
0.0
0.0
0.0
0.0
0.0
648237931.653
-918637764.721
243610611.513
-371159539.258
749264067.26
-349634238.372
-585882281.222
736828347.618
628183550.267
341174252.486
-928214497.37
703142548.562
494432712.97
680498614.109
824054876.14
696200222.338
367209743.576
-616949262.241
605161507.044
259485688.101
-678678268.585
88208285.7062
604133838.294
659948074.015
188860649.437
-636381434.232
-730122863.089
281504109.303
677798007.156
761639549.89
-913809557.058
-13020740.9687
-850664494.401
847034094.031
-760696707.033
307701517.885
-478491098.991
-305862588.799
-755755645.869
-865008556.917
-616139835.167
-682538832.35
588561853.82
669841864.359
105358449.938
385212863.071
-883254510.779
694783024.971
-713980885.921
542092390.064
-536959912.068
-179268013.967
404775172.788
-386221791.101
-42233257.6513
577401778.55
165894540.883
-429954869.642
-460888933.664
-911119052.909
504270394.039
316588459.286
-491556781.405
537326649.516
-738181852.328
-61074330.1302
524837288.268
-833372800.029
94561318.306
-841454861.526
887302267.626
-671713052.486
322220884.148
351850339.296
-269955809.245
-513299529.019
446473980.948
705424673.908
131403955.169
62171129.7472
-453188028.063
-432641028.865
-439038169.884
159635139.669
403347926.898
663016960.355
133420891.557
441934402.772
463026854.865
500445774.464
10603958.8114
304226368.212
-384733609.499
-236269098.745
98040662.1661
-980063354.001
-540616027.82
-52128142.2067
324260594.759
663645837.763
-434235632.286
-600235752.12
266419053.737
884910029.12
370268508.452
397960530.98
488098214.979
-204342051.532
-919827951.585
876282864.949
-285472670.959
757307601.884
434159286.167
-665661010.206
62965263.7588
733158086.796
-434978448.967
-498269889.091
-820058257.722
1224822.7602
-822138748.489
-254598249.288
9091569.75576
-969728211.623
160376835.488
753986654.588
777480835.226
-982562853.254
207433348.334
-817969746.819
-439411497.826
410669684.518
-858785687.086
899086548.644
-923665325.86
-520573241.686
328571825.022
-408559688.84
-773267299.601
625673608.656
628193717.791
345335537.483
770042771.955
-531973596.626
433283502.732
470438682.558
809029201.088
755993235.309
65795016.8275
344708108.214
23335265.0015
505825193.892
982382574.683
423634972.761
501019229.893
-807009279.141
808424182.829
752582554.111
-795525115.404
-661355265.23
-570439582.714
413794599.682
494127064.503
-392311564.001
-247323558.576
373027360.419
494626132.861
-140854329.925
606831837.1
-379292381.552
151690718.649
925667141.322
-388165927.579
118435589.423
310666576.529
265912727.384
-471267600.164
872268382.574
-145407373.572
378288081.644
145861878.124
257365509.205
670386777.052
575127842.875
913602385.108
793917837.321
26919233.1749
-556381009.264
35665477.6972
575553410.952
609177515.377
-141677772.247
-426133904.998
-284669196.286
-811468663.062
-171808052.125
27714568.1154
-448467673.709
903944818.567
-966901250.036
800766560.202
725618380.473
402599620.799
571132424.898
303242636.455
-210319923.767
-517767301.617
-586240008.017
-593836686.6
-190692195.904
149461916.05
-954747834.853
126582005.613
-623640646.373
-53799392.6129
-617375254.318
14027507.7305
159912724.619
-700636577.795
78748112.6118
215387531.85
745464941.834
-171473890.158
-329787959.128
874225091.374
-115120640.917
586767928.658
104218421.659
259466814.748
-129627758.878
525480428.286
883612349.606
-857471284.794
163180.28672
248262728.664
327333534.565
479409799.165
446014270.496
909342388.463
-668351503.055
303014873.793
-689500091.779
-884556971.625
-792585348.131
-337986836.934
905388915.795
-419437660.248
890056703.854
-526671811.321
742882600.601
-431808514.612
788278730.142
896899382.112
-999849653.979
-938387818.095
-90565544.3513
-618709773.287
547297282.061
991982371.303
329454321.621
-696895255.349
412927077.445
-720374259.727
68778089.5253
166552894.666
-915902826.635
531241822.201
333971709.027
918160185.878
-92939566.0058
-620132163.64
401677347.957
682634035.61
559814469.805
264134899.697
-42059127.5417
-68013468.8831
854284638.62
-782786355.435
959487709.549
336140138.1
-24512492.72
-961066231.154
-247050160.624
703493039.251
224252027.039
85369741.4646
910533101.943
140462305.704
966064537.802
-519913199.709
629095385.768
204323784.553
-325000472.648
882341035.166
-342286772.416
850044420.45
488944381.336
145532036.015
-624018593.412
-838128197.351
584387293.401
-993258800.211
905478628.724
-755693652.118
-447255313.312
956561406.875
376546264.463
965741238.334
-328233462.259
415786246.316
-591961704.789
-509904358.733
975391498.551
-836147915.038
882352114.135
544874105.17
-243181226.402
-800243941.034
398697794.481
-863478363.933
236201530.204
214479399.156
-491745101.351
274448776.736
-806623973.709
893905945.268
-847370162.999
973748494.188
291778085.506
-922088852.13
818116594.084
-256632801.989
-86033770.4582
509776219.098
344309923.653
894554723.16
-605561200.193
444294059.004
-725283984.037
-500015817.183
-979599120.623
-488596381.739
346661537.299
-335466538.345
-372670986.054
977665124.249
558784359.94
-321991017.018
-901660088.867
89879210.0696
-635028431.461
567882561.173
-888298602.479
-66640711.007
565960648.84
801500638.026
170247681.827
563325798.926
-876038295.316
-418970784.56
223876464.226
-324145168.671
-729820362.132
835081983.403
763168342.882
-125087406.317
3898628.38
-198365048.588
638524255.419
445869740.176
748818834.541
-667628126.048
-36637583.2921
547370417.918
-98094760.2284
525581626.741
-449811775.659
587401050.051
-640191531.364
78959677.8061
-820939557.899
-479102496.87
-719446069.601
202911936.363
402353772.273
783263216.413
-950210673.815
-518394402.745
609925124.624
-571689034.287
-79600200.9144
132194529.756
864502478.829
-373885456.547
170150360.272
-961565193.841
531346522.666
-780305663.724
741591447.003
-646678658.995
-705111889.893
643751101.742
-287391548.143
458271447.205
-630061714.099
66886236.0543
-24896841.1796
609389372.934
-946088639.14
-763532592.356
799362064.243
-428097689.122
558942739.283
822497764.547
-754179522.456
-318087545.193
761933516.594
493949065.266
-278057117.232
323783559.875
-283986778.188
33552101.841
529543690.314
64479275.8201
-922585940.177
-150465311.258
617490914.965
-570947917.916
-295799587.54
-155050493.442
-958206579.577
604492008.968
-145650013.966
861879333.573
-608529082.253
257697030.899
52384129.4493
354065925.271
733485861.772
404222273.596
901318328.676
955754216.258
-55685564.1367
888765602.891
-50462069.0256
360674256.761
-246527712.846
421611457.561
-455915585.755
-569093968.832
840916638.371
-643092232.778
-6532726.38311
-831392224.875
199967798.627
358219041.65
-622015954.982
985706234.764
-71363793.1179
-978251442.298
190700487.797
962273230.261
-710639581.846
-781307689.19
187656641.271
-749075469.978
-618276967.72
-249192147.3
124439042.983
-469255347.06
-99516061.8842
282650412.464
69670612.2984
-11862858.3482
-635195761.139
565974609.53
980942567.535
-991313395.013
-729649818.045
728497117.893
-129526378.103
597305562.863
609325755.666
-537517907.356
90542927.3363
-407869871.8
-667862979.469
332504456.979
589836164.703
363395693.473
-724500205.277
666021932.029
-306777170.52
745032852.532
-241510373.82
-199829898.891
592350941.54
-635671549.891
316877909.68
-479971089.488
720254458.365
659104203.207
-221515344.208
772779284.861
-71216759.6105
-77267737.1152
-817102165.002
514289283.01
-632362911.406
34935405.0113
482440797.2
579403741.865
-448340047.814
-773410801.253
-426704040.531
-803310276.964
-464853540.119
887670633.994
834319191.881
452092410.521
767367229.864
-402115449.337
830958190.098
678789564.943
94100178.1389
-827249116.628
-886928351.549
560626094.235
730292490.303
-807042599.006
-627205680.896
704303681.519
735029546.878
-815021959.02
486127947.928
-750722007.019
413372839.869
392377077.14
650514639.127
-215391593.452
-33850060.6724
-580853459.393
913448409.798
-143720664.334
501653821.085
925741959.352
-531547874.479
562550389.428
771274454.385
430578389.597
-890874281.498
-266966582.635
523073154.291
797142181.47
-63043296.4528
-229205821.045
-543133716.705
-185487476.48
-434015941.046
837860362.309
-199135264.202
-36241225.2136
798695687.299
61906726.2612
853011525.123
625444937.359
686043008.775
-592881184.875
672309927.372
-724927296.976
-482719642.822
899296968.091
48721132.4289
291057617.149
700240527.686
590242582.372
-40354825.5401
23166286.7538
173364604.415
869888262.808
800077846.835
780331925.211
245312215.751
354479735.576
269941826.792
-726332321.736
415695655.364
272085853.671
-851079115.264
637616819.181
395488277.241
-38719997.5794
-761913735.044
798939855.969
458695467.426
-665664622.522
-60429055.1188
-296494947.818
-510090246.921
-618523514.537
820861891.964
263099965.775
759805513.179
662032332.581
-636917655.085
-105213615.979
-146414588.02
674676748.109
917029405.066
648005762.462
-19854052.7788
-487355904.379
778904644.428
-485313981.855
278751005.713
100548442.306
-209660152.317
-665537272.241
-338293742.518
-412903735.612
838586578.26
-356681063.35
167169072.836
-987013467.943
164212127.389
928126089.95
-221614940.74
-630830608.958
-110736548.067
368331310.003
714026484.705
722966269.187
-580178657.7
297078144.488
-506950521.761
-483386073.074
306664327.569
-289555406.6
471727108.596
393309960.35
720798644.863
-516520843.746
188892330.811
294411535.183
587714518.484
-591214464.183
273475323.144
542387732.119
346104953.063
775111455.68
368132403.443
-949725743.978
-760772464.973
685546339.889
-403505246.954
-961654618.366
-763371610.498
187165339.29
-454683781.302
315991358.557
883308549.33
759483601.391
685949712.562
561695698.924
748492036.239
48363471.5105
-723885371.905
-110221282.907
329889478.145
-772599161.527
250923268.995
319767402.828
673026404.496
947894890.599
266774440.323
611303160.541
-862513522.728
364454364.068
47674877.4548
297838218.933
383587229.07
-541586940.61
386831253.541
-515185209.381
416739525.102
790663321.032
200417849.79
-558774913.834
716300372.266
-710638126.875
201111704.792
-590953959.587
967829742.159
962888367.541
368993294.698
846086507.252
-224213175.82
-528067257.482
-995434803.41
924665381.916
-412166215.626
-939448465.005
-416389783.476
807521808.12
-357855871.644
443384037.393
835377768.619
-165946710.805
-776663726.976
-943802368.615
471791292.403
-292093701.317
467890485.742
935283634.264
-879494253.271
-920666906.764
-980731849.964
315191791.673
380719152.82
-897151945.267
697850621.073
-178652883.273
635000224.368
111635133.478
-550228453.328
-440361858.257
970353764.62
355084083.733
-763682270.312
947399034.722
954415876.906
-507453594.888
389339145.657
259371876.266
757937977.785
923942479.949
-164927586.851
-513260032.263
701614384.126
-159777700.391
95067846.213
718153762.069
-770357884.758
64723102.1923
-169695612.979
-645227655.128
526661404.305
209958959.468
962870153.9
888132571.057
200717029.581
-220662838.682
395234504.764
-961089321.511
-377421738.054
595716343.831
-136840.958821
-216215617.468
196665830.034
40195907.5698
-816034435.934
-1250300.9206
46247447.9712
-227021861.349
855395646.197
277127098.166
761264753.617
738132725.308
181304170.063
648594250.285
462732022.964
-175192642.353
126976736.293
47123971.9172
751078257.478
-949912046.838
950569346.969
-335534020.947
631726979.44
-23275861.6657
-138878645.124
-601598001.769
258552200.482
408868270.332
821105405.402
-806930200.497
828045175.416
-767137070.274
-695576476.007
433041182.213
559521205.124
265570724.264
-198986638.683
-566248278.028
-984776897.757
-461904702.707
-755914483.069
851801218.59
474839213.704
97296683.0665
284414943.574
70985176.1009
-552479876.839
-141116427.626
828183391.36
269126482.356
-426689913.816
411758344.149
-353133466.83
-964577202.401
19635089.6375
775500089.992
540147995.405
-557730750.245
789119122.273
330720776.054
433338116.079
-188249007.103
69315634.5993
-156480068.713
394195036.401
73807383.4055
552211132.008
-557531027.159
-412448772.588
129108375.445
-925857421.325
136345111.786
914377179.664
528956678.491
-443166767.295
-264200315.1
512534339.029
57565845.0539
-396368107.007
520686591.456
-393662954.272
915938234.305
24087860.1423
824404282.664
622344419.326
-293192480.767
-647782076.756
431906702.374
383828153.19
-447734295.23
157409208.895
612683879.797
-635731652.793
230659341.422
466854463.603
981647805.224
-798910962.712
3796217.28726
527107985.551
-720103533.228
123153854.021
531652810.664
-255225432.94
-241934146.073
428794686.799
806520435.657
-483699450.044
900433719.129
325540731.431
812863352.171
-804530769.659
756398558.238
555372438.371
125345639.101
-639341403.872
-992114646.058
-673361472.59
-552396982.277
965727070.632
933588163.189
-823272128.148
-376697383.526
-174585007.196
196008489.774
539434279.589
364196519.577
462903118.737
694850654.519
135226390.994
-386853535.465
-92539649.7896
901235173.764
