-9.14622936454 -7.0812074343 -3.16306538649 0 0 0 1
-0.666949193303 1.16752888282 3.41144130385 0 0 0 1
-1.11853118893 2.9223781699 0.00706633983743 0 0 0 1
5.20584420594 4.06779088884 0.770947954088 0 0 0 1
-9.74947759072 -3.72116932777 1.75808314579 0 0 0 1
-1.0928894387 1.08966382665 -5.62020254555 0 0 0 1
-3.85679121205 4.98062880197 4.54832336212 0 0 0 1
3.58329860414 7.39350965481 9.60627385466 0 0 0 1
-6.48080313734 -3.97604513005 7.79864236749 0 0 0 1
-2.04212121989 2.95217476496 0.958569774096 0 0 0 1
4.33865198852 -6.03818929607 -3.98169080248 0 0 0 1
-3.43857051707 2.03483636532 8.81683207498 0 0 0 1
7.33489167954 -6.96424082165 -2.13113170834 0 0 0 1
-0.909360974997 0.855520199956 -1.83780287898 0 0 0 1
1.15665591043 3.01905684269 -2.08962034688 0 0 0 1
-0.356818601274 -9.58898194667 1.66402778565 0 0 0 1
-5.75818092469 0.0823998152146 -8.70044838719 0 0 0 1
2.28590112362 6.31328150648 -5.08800748989 0 0 0 1
-8.14591787485 -1.67075311872 6.11523864329 0 0 0 1
-7.16011978997 9.01811788109 -2.19994078308 0 0 0 1
-5.56028554163 8.57158298157 -3.13355263142 0 0 0 1
-8.63993854541 -8.48676977033 4.29468307153 0 0 0 1
4.95056281598 -2.15716535899 -6.93194579949 0 0 0 1
-3.55941570501 -7.47522761513 -1.99244943848 0 0 0 1
0.78866763806 -4.32521748104 -1.47059445806 0 0 0 1
6.82046280213 3.66972008201 -3.93934489962 0 0 0 1
3.54780066394 9.90711626243 -6.23199946873 0 0 0 1
9.99422417779 -7.05499573606 7.05724902441 0 0 0 1
-4.66868590846 8.42720221675 -7.79089308093 0 0 0 1
-5.34061984219 -9.91400348446 -8.86343068748 0 0 0 1
-5.11824794296 0.803618753245 6.07671276934 0 0 0 1
-4.67636490431 -2.20883136445 9.62294714874 0 0 0 1
9.02472680063 -1.54684616644 1.319747113 0 0 0 1
1.53529404572 9.03180528237 6.86647300536 0 0 0 1
-2.8263768277 4.79765471795 -8.66626164484 0 0 0 1
5.33641904159 1.90411736761 -1.37142802005 0 0 0 1
5.45482438331 -4.3983932766 -6.79529928105 0 0 0 1
-3.13750934101 -4.32140588664 -5.16179755387 0 0 0 1
8.20607964533 4.71448896101 -6.91387535056 0 0 0 1
0.0779103241854 3.36104926438 5.67812836646 0 0 0 1
-4.83127719892 0.415087170531 0.649642539732 0 0 0 1
2.54325760465 7.25769676678 -8.65349470712 0 0 0 1
0.301584713177 3.7401969405 -3.93260337285 0 0 0 1
4.1241176196 1.56701000955 2.29439736039 0 0 0 1
7.26633452336 3.10748609551 2.19630309689 0 0 0 1
-9.24617350522 -2.11081950979 8.7388308977 0 0 0 1
-5.71056197419 5.47986640069 -3.43565599043 0 0 0 1
2.23996801519 7.56481284056 0.897225364554 0 0 0 1
0.822202295526 9.07959439322 0.127969576067 0 0 0 1
-5.67870214765 0.590203768357 -1.49831659906 0 0 0 1
-7.5633156199 9.04915538824 4.15507940995 0 0 0 1
0.959216025216 5.75540311563 0.0493797883107 0 0 0 1
-9.63985559573 -8.98611523853 -6.13904253965 0 0 0 1
-2.89103496069 -6.73033324862 6.08304150862 0 0 0 1
5.27994166468 4.62160324136 8.75595748611 0 0 0 1
8.48210157287 8.17487307137 -8.73433277864 0 0 0 1
8.68703483505 3.90477748979 -3.19031053695 0 0 0 1
-7.40640348763 2.48824018248 -2.89336479328 0 0 0 1
7.13473478944 -7.06328846991 -4.04532065903 0 0 0 1
-6.93022409027 -7.55774758916 3.54564234522 0 0 0 1
-1.49553978072 8.29138252725 4.93657858276 0 0 0 1
-3.74196342097 1.35997741647 3.91020885572 0 0 0 1
0.178148859038 -3.44891696221 -8.04299975806 0 0 0 1
2.1468827841 -9.6202506057 8.49090054016 0 0 0 1
-1.59560380887 5.32826617116 4.11115791164 0 0 0 1
4.51964630085 -8.33139379876 0.459749381615 0 0 0 1
-4.67857879426 -4.03949501946 4.45546476687 0 0 0 1
-4.26611510101 9.41663142166 8.67840309357 0 0 0 1
2.15534974219 -2.68024432214 4.12797169057 0 0 0 1
4.9517073392 -6.08218398629 -9.46312753686 0 0 0 1
-2.72758639942 -9.20427681145 -7.84382365806 0 0 0 1
-4.27594570471 -3.79326144789 4.47695295578 0 0 0 1
-9.36532935608 -1.42462035281 -9.93353436298 0 0 0 1
6.63632234378 -7.24566122354 -0.362855979584 0 0 0 1
7.32320860351 -2.04439375581 0.849396773214 0 0 0 1
2.86887620485 -2.39342043113 2.89366849489 0 0 0 1
4.60158279776 -6.32266004214 -8.2110726023 0 0 0 1
-9.96214213025 -0.969627707138 4.53004980041 0 0 0 1
-3.57308320661 6.61640088974 9.06814192532 0 0 0 1
-0.298026568364 -7.43193343289 3.55044359366 0 0 0 1
9.81681767309 4.34254364791 -7.49718967609 0 0 0 1
-8.14514227583 9.1467722778 -3.3016503439 0 0 0 1
-8.67830479597 5.31226011888 -3.6861090532 0 0 0 1
-5.87006493409 3.40813640504 2.31862846306 0 0 0 1
-7.08924821946 2.22080767154 7.52944203674 0 0 0 1
8.04773856525 -9.70854721319 1.4474493054 0 0 0 1
-9.31436122245 1.10824946632 2.31524428015 0 0 0 1
-1.79344284795 0.0458619163136 5.0936434327 0 0 0 1
7.67357659966 -7.32843902381 -4.70041905319 0 0 0 1
-8.96277663575 7.93270605544 8.40679213227 0 0 0 1
6.28049949838 4.47725379588 -4.73408856224 0 0 0 1
-2.12300915363 -2.91800540084 1.69589956311 0 0 0 1
5.8995566976 -3.36159376523 -5.72840668907 0 0 0 1
-6.51968804633 2.26429320507 0.235654085502 0 0 0 1
-1.81519277619 -8.13688232738 -6.28913584618 0 0 0 1
1.67375265602 6.22642742342 -1.23701771643 0 0 0 1
9.86740051664 -5.97362031666 -6.2121406586 0 0 0 1
9.07548753317 5.11733470441 1.60436219679 0 0 0 1
1.09986940628 -9.22729567119 -2.9394525238 0 0 0 1
6.60138068126 -9.04591228672 -7.99803488013 0 0 0 1
-2.87021654028 -4.36822781686 -8.3080354119 0 0 0 1
-6.06944264891 2.23336254847 -5.47283361566 0 0 0 1
0.942407605491 -3.99145829365 0.858562148094 0 0 0 1
6.95170984085 4.29537205343 -7.7321942052 0 0 0 1
4.33555030904 8.58024849102 7.76236397458 0 0 0 1
-5.11166032249 -0.540064410078 4.46844269659 0 0 0 1
-1.63284761801 -5.60082282348 0.701308192312 0 0 0 1
-0.521481043822 4.09771974136 8.6940153288 0 0 0 1
3.92796484308 -9.35922144406 -9.43852625771 0 0 0 1
5.90471838443 7.68193440254 -1.48084208721 0 0 0 1
-5.66669870037 -1.4196650629 9.66765715593 0 0 0 1
-5.39649181894 -1.49205711949 0.906386984266 0 0 0 1
-3.24240857939 1.45486933911 9.30521487151 0 0 0 1
-1.55872626606 -4.66063533712 7.70418644051 0 0 0 1
4.64637001288 -2.90191267763 -7.22681060827 0 0 0 1
4.54129500119 6.60267311785 4.09119326498 0 0 0 1
1.7952435239 5.91701985851 -9.66983352735 0 0 0 1
-4.3012011311 -7.08160959422 6.39664486463 0 0 0 1
-4.21493297672 3.92032174598 -9.26671848484 0 0 0 1
3.54610042562 9.98597625564 -9.80544647824 0 0 0 1
-0.936271470054 -3.60664464508 -3.2912246939 0 0 0 1
9.06791032495 3.76770848751 -3.15302783861 0 0 0 1
7.95354721727 7.19752464764 7.33138002227 0 0 0 1
7.43423779363 8.40295488503 3.72341159895 0 0 0 1
-9.79149698504 3.30442107153 7.5635994842 0 0 0 1
7.75861320509 0.849029813783 -0.380928852513 0 0 0 1
-0.904696475987 -4.46780408156 9.15436041279 0 0 0 1
6.6863961131 5.44141332873 9.53632266817 0 0 0 1
-4.68671195514 -0.430953157217 1.45124197894 0 0 0 1
-1.13164236556 -2.63712902174 6.36059431818 0 0 0 1
-3.86075591127 4.64280410242 0.558100056152 0 0 0 1
-8.4614527338 -1.37047567878 -0.33112404687 0 0 0 1
-6.30550892061 -1.43235452598 -6.28136050123 0 0 0 1
4.46379756171 0.546999768263 3.43148469817 0 0 0 1
3.63489067477 2.75552316721 0.858613827867 0 0 0 1
-7.97425760011 -4.14329661747 -1.0214405556 0 0 0 1
6.32229421473 -0.613246368107 -8.71187969978 0 0 0 1
-9.06701653145 -1.76360011834 -8.19986095036 0 0 0 1
0.950790415722 8.30960139494 1.56549176993 0 0 0 1
3.21621065166 2.70649920481 -9.35636673109 0 0 0 1
6.82003008659 3.70687959909 -9.67039096674 0 0 0 1
0.428115604084 -9.86316228441 -4.32087683392 0 0 0 1
-4.1446709025 -0.258231851536 9.14717118694 0 0 0 1
9.7143852965 -1.46277709927 -4.48929903942 0 0 0 1
3.6399663848 -0.777441396487 0.233693756698 0 0 0 1
8.38685117764 -0.746683421714 1.62203951509 0 0 0 1
6.02443311499 -8.45553760795 -9.48125028499 0 0 0 1
3.21694206402 0.734074677173 8.47723908677 0 0 0 1
3.65833306726 -1.86215168502 3.11035555571 0 0 0 1
-0.668047085833 8.39605790186 4.92027783582 0 0 0 1
-4.36854800921 -0.793841765474 5.78815987504 0 0 0 1
1.3642330033 6.74247245429 -0.0678408606599 0 0 0 1
8.94003589247 1.10225686778 6.4453547845 0 0 0 1
-0.812168317482 -5.25534882175 7.03717130677 0 0 0 1
4.19021600095 2.31099258717 4.31018802422 0 0 0 1
7.17402021295 -4.63660739545 9.95218302242 0 0 0 1
4.30925155206 -0.976194547746 6.32393471068 0 0 0 1
-1.89991137956 -1.2880245489 9.28386949922 0 0 0 1
-3.46070660196 -4.17157170022 8.78197874076 0 0 0 1
6.86093234246 -8.68393788338 -2.10068998715 0 0 0 1
-0.952656250033 -3.79947670998 -1.33042019448 0 0 0 1
7.7992671972 3.44432766709 6.69695804217 0 0 0 1
8.33699091731 0.267916472932 -8.7549124884 0 0 0 1
0.373623258806 -0.573441919152 -8.82282891448 0 0 0 1
-6.60823719028 9.91409207727 -0.616912252702 0 0 0 1
-9.43249258346 4.5641047422 0.165837867214 0 0 0 1
-2.65080182283 9.7525024046 -9.89022721173 0 0 0 1
5.72203579978 -4.26947872691 4.25818867742 0 0 0 1
7.61754918815 7.54285134007 -7.74817115603 0 0 0 1
6.9439650561 -5.42057796848 7.52886416013 0 0 0 1
4.80643758876 9.12469997734 -1.14530439957 0 0 0 1
8.19254191989 -9.6331664245 3.16535256815 0 0 0 1
8.65935232588 -9.11242816947 4.66325324509 0 0 0 1
-8.53329447561 -7.82340872799 -3.05809606002 0 0 0 1
3.09906449275 1.94372148828 -5.9815157917 0 0 0 1
0.142572219435 8.61389135416 7.46832665936 0 0 0 1
0.217462294982 6.82430389604 -3.87671594953 0 0 0 1
-0.918624245214 2.3530448146 -3.23503366735 0 0 0 1
1.58911120242 6.5299426496 -1.05022130811 0 0 0 1
-5.03942275838 -0.265916059337 -3.79961053412 0 0 0 1
-0.494592721723 7.41662775148 5.5448262505 0 0 0 1
-7.06887029096 3.4569847675 -0.148067042233 0 0 0 1
5.50181146971 -0.193736233717 1.93823221452 0 0 0 1
9.91731325892 -0.667398423983 -6.31488996811 0 0 0 1
-9.93074931022 9.12963034036 -2.60951977023 0 0 0 1
9.27724621755 0.17569931227 8.24737832101 0 0 0 1
8.41548188104 7.86675552804 9.77816576437 0 0 0 1
-8.58873596271 -7.7502770587 9.83764414781 0 0 0 1
6.50545259518 -3.0981859841 0.0189197042492 0 0 0 1
-9.69121499931 -2.58991873423 2.48749094501 0 0 0 1
3.55327235704 6.72210636141 3.46180003088 0 0 0 1
-7.37664158328 -6.16024835772 -3.7317356622 0 0 0 1
9.35700747804 9.02288378496 -3.49168874621 0 0 0 1
-8.8298401176 6.16201305615 4.38134191802 0 0 0 1
8.81725792547 -4.35059268579 6.28038287026 0 0 0 1
-7.14545526725 4.07727471302 -7.32015860759 0 0 0 1
-6.4262809553 8.72846931554 -9.01579706357 0 0 0 1
1.17328609457 5.10687557251 -6.59985018971 0 0 0 1
8.02027667082 -5.86754685086 -9.49943885607 0 0 0 1
-5.19481706721 4.27022041975 -5.89655836379 0 0 0 1
-6.33941875255 -7.43159667752 -4.94484853984 0 0 0 1
2.39695451581 0.459158015302 1.76688784156 0 0 0 1
1.45954521383 7.90554475905 -2.34971217287 0 0 0 1
2.87565049777 0.737692462297 5.63618129949 0 0 0 1
-6.5092914066 -7.21493583156 4.91818002545 0 0 0 1
-9.55454620019 1.45798017336 6.23336894701 0 0 0 1
2.07642325323 7.75864543768 -4.33737314919 0 0 0 1
-2.79662795034 -6.98400410522 8.30188980965 0 0 0 1
-3.45456625144 -1.19442522124 -4.15798075851 0 0 0 1
-5.73992917395 4.67662540327 -7.10152580307 0 0 0 1
8.82857824267 9.87669193408 -2.55179162169 0 0 0 1
9.24775397462 3.82897377628 -1.59217715261 0 0 0 1
5.14023166471 2.07817884287 4.00157059308 0 0 0 1
3.31636302961 -6.7480819335 9.05761985742 0 0 0 1
-2.45151299653 -9.21500807471 -8.08232107553 0 0 0 1
7.83494551735 -4.45340630224 5.08190643746 0 0 0 1
0.645694542692 3.08703719501 8.64361723406 0 0 0 1
-8.53820157566 7.14468090334 -3.56759824596 0 0 0 1
-0.915226880403 -6.43897116758 -4.39418158189 0 0 0 1
-7.10710460132 -0.629378464577 -1.37411997171 0 0 0 1
2.34116289717 -6.45696437355 0.58822861171 0 0 0 1
3.45811460946 7.58975801279 -8.76933935575 0 0 0 1
-0.379298939944 -0.00254405439857 2.56659955357 0 0 0 1
-8.44451090354 -4.81230982831 -7.69338058477 0 0 0 1
6.09246776618 -3.8491445672 -3.36559343968 0 0 0 1
-8.27117356922 4.3745215218 -6.43868509681 0 0 0 1
3.20007585067 9.62821660965 -4.21486090311 0 0 0 1
-7.80341958623 3.51756445184 6.31430498621 0 0 0 1
8.28965888103 -9.88288638958 6.3644211182 0 0 0 1
-7.64002557195 2.94021079792 -2.58405801101 0 0 0 1
5.98772817245 -5.18237471738 -9.47059734074 0 0 0 1
5.02820554036 5.2629797403 6.79097635917 0 0 0 1
-2.60354937576 -3.60481803472 8.57015821262 0 0 0 1
5.09126338816 5.23432858474 8.93969534254 0 0 0 1
-1.20891870001 9.25226444428 -3.116430107 0 0 0 1
-2.51144267438 -6.49818935429 4.188976574 0 0 0 1
2.52580304989 4.71365730706 -7.84548382494 0 0 0 1
5.95169001831 2.81903620952 3.93258953084 0 0 0 1
-5.51876176761 -5.15637648616 -2.91129481385 0 0 0 1
-7.37480165916 0.211003379317 9.12854475243 0 0 0 1
-7.72935826753 -2.95497104557 9.45370534056 0 0 0 1
7.9782117264 -7.40989701861 7.71494081109 0 0 0 1
-6.87051993581 -4.79632403663 -6.20476784916 0 0 0 1
7.79127279359 5.65428777765 3.44649463755 0 0 0 1
-5.75466010944 -2.40373955661 9.53221539297 0 0 0 1
1.63288438983 -0.630808479556 -1.00909677346 0 0 0 1
-6.14993247951 8.77100718569 5.5024022668 0 0 0 1
4.33757997951 -7.68283173128 -8.54671242721 0 0 0 1
-8.48893712101 -7.2918124435 0.35481635694 0 0 0 1
-7.70886062856 6.70199238135 7.15779995662 0 0 0 1
-7.96495331745 0.975750174211 -0.222733363271 0 0 0 1
-3.24076359972 -9.7354577278 -1.64362344809 0 0 0 1
-6.04633770255 0.508258114561 -5.72817297748 0 0 0 1
9.90582230533 -9.60706012125 9.79758398955 0 0 0 1
5.21708688665 -2.76192573659 7.16455082042 0 0 0 1
-3.56865025011 -8.53651209235 -9.28991661618 0 0 0 1
5.37678016956 -2.94775784516 -0.338235640531 0 0 0 1
7.26237314164 -4.87311801117 -1.62351286832 0 0 0 1
0.568794343218 1.24779528235 8.38292858384 0 0 0 1
-0.415184356929 2.9912652387 -1.75315329795 0 0 0 1
-4.80395489088 9.46373843791 7.46079457979 0 0 0 1
-5.26573035033 -2.11460618478 3.36284148419 0 0 0 1
7.61699415385 -5.57408759043 3.81685281397 0 0 0 1
-5.73751797253 5.37887052872 -7.90156073761 0 0 0 1
1.43796245296 8.98948056827 4.50865346397 0 0 0 1
-0.00729354812309 4.90871316454 -5.13224001675 0 0 0 1
-6.47022315344 -8.87584083501 9.43663524489 0 0 0 1
7.49573776792 -2.51634597709 -8.63356790507 0 0 0 1
6.09976730148 4.69355229799 7.74622534516 0 0 0 1
8.96978560968 -8.9221404274 4.90364832781 0 0 0 1
-0.283271854183 -2.18782070613 -6.99700109451 0 0 0 1
0.486133898715 -3.75480801099 -8.7030751674 0 0 0 1
-9.89484333236 -1.37667429709 4.80105267976 0 0 0 1
-8.39951394259 9.01496594393 -1.65003655563 0 0 0 1
-0.385115868606 4.59366633167 -5.50760130476 0 0 0 1
-6.50936897389 -5.68894860075 -8.0589378448 0 0 0 1
-2.94735679713 8.58629452741 8.68677114236 0 0 0 1
-0.453294728109 -2.27096147922 0.607030967487 0 0 0 1
-0.379293907293 -2.42885058967 -6.86447898384 0 0 0 1
8.77464182893 1.24686538606 4.55326332173 0 0 0 1
2.10594428801 -3.74397678303 4.99349979594 0 0 0 1
-4.65106036832 3.24260436482 -2.75342461347 0 0 0 1
7.11256623432 2.0207514252 2.52996879929 0 0 0 1
-4.67727066672 -5.37324565382 -9.20972465009 0 0 0 1
3.79370859216 -2.86162730744 -2.15395013378 0 0 0 1
9.27662646153 -7.56024859133 -6.06010824552 0 0 0 1
3.10108018667 8.3069738706 -3.67619351296 0 0 0 1
1.52971703697 -6.85663359119 -6.97320504784 0 0 0 1
-9.89685436413 -6.71777696632 -8.32584663432 0 0 0 1
-8.25072863056 3.38202378103 -6.93327875409 0 0 0 1
4.11220340772 5.69056580707 4.1909920639 0 0 0 1
-8.65376650088 3.00495291446 7.62265056889 0 0 0 1
-4.44149156592 -8.40032778631 -8.14275484249 0 0 0 1
7.02562706353 -8.30488695765 -9.66535838006 0 0 0 1
0.942737459984 9.69392842283 -0.800938700273 0 0 0 1
-0.0306487468755 8.2323401188 6.17581578609 0 0 0 1
9.03538409103 -9.03959324576 1.87644582707 0 0 0 1
-4.13683187499 1.98313638731 2.30574044283 0 0 0 1
2.29474019304 9.49415290097 -2.04227433801 0 0 0 1
2.82492376747 8.92724464645 1.86638005187 0 0 0 1
1.90556102158 -7.22610688654 -1.73206897145 0 0 0 1
7.04282361549 5.45890532902 9.52381747955 0 0 0 1
-8.20833450256 7.30492892634 3.09495081084 0 0 0 1
4.73719228575 1.24144771028 3.89028110407 0 0 0 1
-7.44443137754 2.33778769246 8.12153906574 0 0 0 1
4.62751843495 6.11100270008 -1.41776832725 0 0 0 1
0.527511982411 -0.28409696946 -7.43888201915 0 0 0 1
0.674349017555 5.42276118735 -1.37436298353 0 0 0 1
-4.90778812153 6.95130064049 8.52911674365 0 0 0 1
9.86450867245 -9.29243975161 0.0157147888871 0 0 0 1
-4.75158943542 0.255691719263 -1.07463732126 0 0 0 1
8.52468392529 2.07298745244 4.87823709078 0 0 0 1
4.08390733973 -7.93979630782 -1.90445923873 0 0 0 1
1.76011834238 3.43316453342 -3.19811899022 0 0 0 1
-1.8375307403 7.46812252413 -9.17954585014 0 0 0 1
7.77011011536 1.29086687001 5.06737352177 0 0 0 1
3.05765621784 -0.333482299328 0.822921150106 0 0 0 1
-7.69734244841 -5.10718957392 -7.15323202954 0 0 0 1
-7.16032244983 -8.82802785277 -3.60403085053 0 0 0 1
6.32450521691 0.762553514207 -4.6650704304 0 0 0 1
1.63313307709 -6.75041437015 2.77257707473 0 0 0 1
-7.44440595208 9.38207597797 5.81294758372 0 0 0 1
-6.01446551398 -5.40928803373 3.56766842258 0 0 0 1
2.76653782471 -5.97988999627 -3.81112748161 0 0 0 1
-9.31808282449 -2.20264292962 -8.89636071565 0 0 0 1
-9.08741036706 8.20165760076 2.66509914274 0 0 0 1
8.19743521092 -7.20793075763 -0.165940016684 0 0 0 1
0.730252478386 -7.70695361675 1.08765153107 0 0 0 1
-4.55132426527 -0.0864135568549 -3.62505306651 0 0 0 1
-0.143482684956 -3.44809118565 -8.65609204193 0 0 0 1
-1.49414673861 -0.376261615764 -4.14936742041 0 0 0 1
2.07381851297 -3.02463948229 7.7453649807 0 0 0 1
8.94842512533 -3.37784172805 -2.2064746361 0 0 0 1
-4.7082536126 6.27144254871 -0.418992579593 0 0 0 1
-6.17575207649 9.71623536488 -6.06872187769 0 0 0 1
9.26181974392 8.6516600232 -6.25409035126 0 0 0 1
-4.42452641132 -6.86921489826 -0.790595560859 0 0 0 1
4.26942843912 -3.0915064387 3.18658883846 0 0 0 1
-2.22849220809 -0.155423639272 1.48506868295 0 0 0 1
9.97444881295 -2.46910974479 -3.59635438097 0 0 0 1
-9.418162049 4.19428654165 7.0237331148 0 0 0 1
7.07060562583 7.49896699674 9.42980641479 0 0 0 1
5.25276275896 9.2169141788 5.90002975841 0 0 0 1
2.19424197925 -4.72370931522 0.486485869952 0 0 0 1
-8.23507251069 -1.45130952672 -1.76120043967 0 0 0 1
-1.81598133374 4.69492540917 -6.90975565608 0 0 0 1
5.14820067233 -7.92273305229 -1.71904988194 0 0 0 1
-5.518411525 2.62517925948 -2.04888664518 0 0 0 1
-0.502941018708 -0.337628011197 1.76053681356 0 0 0 1
-0.925861496001 -0.0552324108126 -3.09528139148 0 0 0 1
-0.251620307949 4.09842903232 9.6435185239 0 0 0 1
-8.76447021146 6.05650817482 0.414365538278 0 0 0 1
-0.540557880981 -5.61517462316 -7.46644838969 0 0 0 1
-2.12120217447 -0.500751389652 7.06426226741 0 0 0 1
3.97500923482 -5.69617117215 6.44331039148 0 0 0 1
-0.185308769314 8.90679790716 1.94045942849 0 0 0 1
-2.78593844111 -3.10398321003 -6.05933367072 0 0 0 1
3.05283682378 2.4329340267 0.618646867084 0 0 0 1
-0.383053468113 6.17207636962 3.0411712277 0 0 0 1
6.27171306574 6.51629350651 6.4488796658 0 0 0 1
-6.11889119827 -8.7883395368 -1.04890215829 0 0 0 1
0.749479994592 -5.56719405985 -1.91668854787 0 0 0 1
2.37021196884 -0.155071979719 0.210187324984 0 0 0 1
-6.68779704994 2.19864532448 3.92138453704 0 0 0 1
-4.18039437552 -2.28975393162 -9.04917481436 0 0 0 1
7.71345856131 -1.48149233706 3.74174938921 0 0 0 1
4.16900657413 -7.05007339848 7.50755042087 0 0 0 1
-6.32908560853 -9.24181124364 -4.0593061126 0 0 0 1
2.48185985727 2.00394719837 7.22086685312 0 0 0 1
5.75833357745 4.49242042311 9.74841995815 0 0 0 1
-3.0670813462 -9.74386321462 6.40702867963 0 0 0 1
8.29757910609 3.29890853211 -5.61899558566 0 0 0 1
2.94726220576 6.83839422995 6.28215122183 0 0 0 1
-2.75598150661 2.23725762975 -8.87173704828 0 0 0 1
-8.76496153293 2.19999289456 -9.90204526126 0 0 0 1
-4.37344544595 -0.712398594026 6.81733262168 0 0 0 1
-8.8266212337 -6.5956993024 9.89844552006 0 0 0 1
1.77617324699 0.0252031203258 -6.38035910722 0 0 0 1
-9.65006328192 3.3619432267 -4.28173328525 0 0 0 1
-5.76115803478 -3.49829740918 -6.83902258174 0 0 0 1
4.03108494015 7.5420465418 -9.50888464589 0 0 0 1
6.68593644687 7.77691427681 -0.385624848792 0 0 0 1
6.4511520303 -9.83977988338 1.18667254389 0 0 0 1
0.113517095118 3.60954267183 6.76996122955 0 0 0 1
4.74057247799 -5.56711653813 -3.79806534074 0 0 0 1
4.2105932953 -9.45960102943 -3.49870807328 0 0 0 1
0.970227532573 4.76728581314 -6.6887063729 0 0 0 1
-6.55708124521 -1.67517217556 -7.89667909558 0 0 0 1
4.69021394174 4.52683938555 5.13528665411 0 0 0 1
-6.33710767199 -8.50559091225 7.09852719385 0 0 0 1
-6.4211002622 3.91786127979 -2.75458499312 0 0 0 1
-8.41457009002 -9.97774117229 3.6214638577 0 0 0 1
-1.17510513243 -6.232850005 -0.908341428108 0 0 0 1
4.5673218811 -2.06566843647 7.93706154203 0 0 0 1
-3.2860735852 -7.81707730182 -5.58205269129 0 0 0 1
2.20360815077 7.57432333367 0.777033866189 0 0 0 1
4.27990180548 -5.33026389538 4.84917330153 0 0 0 1
9.35610426211 2.34753415261 1.7378311724 0 0 0 1
2.7078433172 -5.75531023557 -8.51597702596 0 0 0 1
-5.7231061745 0.403122230615 0.450473555756 0 0 0 1
-6.87599786934 -1.23791626704 1.35357095636 0 0 0 1
-5.75393030144 0.549607219523 8.49634923094 0 0 0 1
8.0159659178 -5.60338573875 -6.8258032736 0 0 0 1
6.6751214098 -4.11625726072 1.3662631524 0 0 0 1
8.08400304363 3.78065030109 4.37119323368 0 0 0 1
7.60957041687 -3.83730674317 4.57034764273 0 0 0 1
-3.47497027715 0.724735386159 -5.18344495673 0 0 0 1
7.63685169978 3.76828554496 -1.16038311683 0 0 0 1
-7.95442208376 -2.19124348186 7.50916272559 0 0 0 1
3.14583224046 -9.3223657781 9.11546489787 0 0 0 1
2.07477101606 3.7515188165 -0.223210931099 0 0 0 1
5.7793251638 6.07921937708 6.37507208504 0 0 0 1
5.45463773769 0.305206090888 2.8549719074 0 0 0 1
-1.30495123545 -6.0489217588 -6.68230569555 0 0 0 1
4.33331461237 -0.214089501736 -4.98723048442 0 0 0 1
2.33651653677 -1.13797865928 7.82386793001 0 0 0 1
4.44386352328 9.46409533064 -9.6404850385 0 0 0 1
1.96201186232 9.90220297562 -7.68619515432 0 0 0 1
-7.90069346228 -6.5059495552 -4.07868094517 0 0 0 1
7.88102890203 -7.08133841334 -9.31250590529 0 0 0 1
-9.83883956053 -9.9432256156 5.68927587674 0 0 0 1
7.73034567002 -8.04715395201 -1.56260410509 0 0 0 1
0.90135289286 4.99445768056 9.63867325961 0 0 0 1
1.6564744871 -5.50073363265 -7.4397879134 0 0 0 1
-1.36972400463 9.12037757731 6.06065250413 0 0 0 1
1.52185801531 -2.9500515351 4.0815909339 0 0 0 1
-4.23274792826 0.67567996379 -0.255429182331 0 0 0 1
4.37532311661 0.112532362263 -6.86360967898 0 0 0 1
8.90219467297 7.92384404563 2.54529349894 0 0 0 1
-6.62108074855 -5.25781647298 -7.88001895534 0 0 0 1
4.89403821475 -9.47076062828 7.70873376057 0 0 0 1
-1.21825801889 4.40641516155 4.85965202024 0 0 0 1
-7.83654470762 5.88517039969 -7.59188540689 0 0 0 1
-5.41961837017 7.26077630385 7.66250659108 0 0 0 1
-3.56787868653 2.74155498452 -3.61533474922 0 0 0 1
-0.558967414372 -8.8659186974 -2.37168072442 0 0 0 1
-8.4524911317 -1.6495751379 -6.78437461061 0 0 0 1
5.13598371127 -2.04658061867 5.72529568642 0 0 0 1
-8.13061147866 8.85570873381 0.935888470083 0 0 0 1
-6.23891918619 3.60740668682 7.60076500493 0 0 0 1
-6.55443895688 1.22674177005 -5.1346764254 0 0 0 1
-2.18828103289 4.12683329297 4.75580259171 0 0 0 1
3.84195953049 -4.54654171161 -1.7978660738 0 0 0 1
1.0880708265 -1.53053822705 7.27450411626 0 0 0 1
-5.32513061692 -8.77447977245 -7.02949542961 0 0 0 1
-4.59043901574 1.23958943722 6.69605076011 0 0 0 1
0.828799226404 9.70597531614 1.99587779551 0 0 0 1
-8.45271714993 0.30748898904 -8.3913284557 0 0 0 1
9.66595511887 -7.35946614444 8.74613122562 0 0 0 1
-7.18212459869 3.16051420045 0.4881287181 0 0 0 1
4.10052700829 7.21794582457 7.4189555346 0 0 0 1
7.74317121926 0.573849974463 -6.75663581549 0 0 0 1
-3.74515124896 -1.18116784977 -0.339344054297 0 0 0 1
-0.905806692089 -0.579764025 -2.90409495651 0 0 0 1
9.08413016403 6.33111824869 -0.979998503601 0 0 0 1
8.36177387589 4.14474563746 9.3384079996 0 0 0 1
7.72707246171 2.03544989261 1.91060917216 0 0 0 1
-9.01343267521 5.5009688978 -6.4233648643 0 0 0 1
-5.75950443097 -1.41731233815 8.5596929687 0 0 0 1
-5.30084403156 4.85858208524 -8.15425787493 0 0 0 1
-0.438624044005 1.43036091561 7.6536031453 0 0 0 1
-3.87794815774 1.51343698084 7.38196649679 0 0 0 1
8.56617399221 2.87419608448 7.15791171656 0 0 0 1
-1.66997671988 9.42291363084 8.68561716494 0 0 0 1
8.26937080718 9.93246113358 -1.23669581919 0 0 0 1
-3.3727660217 1.53468331153 -4.55388067488 0 0 0 1
5.26115556181 5.05657528413 4.81266417391 0 0 0 1
6.8514496681 -8.63493374447 4.59097152711 0 0 0 1
1.72654647423 7.01961695659 6.39813905308 0 0 0 1
0.337235346301 -9.76102438863 -0.354261845572 0 0 0 1
8.89914643129 -9.84898035879 8.42213196897 0 0 0 1
1.02154716133 4.31967529737 -6.74064802484 0 0 0 1
1.28604051834 -4.66822077015 -1.76741620847 0 0 0 1
7.97744969872 1.02834853918 6.81289442283 0 0 0 1
1.96539760102 -7.5047808892 5.49931369243 0 0 0 1
4.08456303392 -8.67353391523 -7.43683298478 0 0 0 1
-3.06933937094 -1.19963175347 1.05766249635 0 0 0 1
6.28556602579 -0.558758066919 -2.27765965545 0 0 0 1
-2.76313626603 5.81111098577 -7.73919397555 0 0 0 1
-1.66238526553 -6.88740116649 7.11227391344 0 0 0 1
-9.12716472405 -2.67040386187 -2.54465526326 0 0 0 1
8.80768111756 4.77108877681 2.03573807704 0 0 0 1
4.95290327357 -2.92310021168 -2.24585165592 0 0 0 1
1.17616471637 6.46605399224 9.87685092189 0 0 0 1
-6.78484193521 -1.67858090055 6.99357479247 0 0 0 1
-4.46412710504 -1.87200555238 0.354915081421 0 0 0 1
6.85320545388 7.48825070597 6.98388758564 0 0 0 1
8.62196682859 -8.71381749753 6.38418896644 0 0 0 1
7.12575763588 -6.82176265745 -5.3121044859 0 0 0 1
9.39381083518 -4.55492262249 2.05441531506 0 0 0 1
-3.80543035258 9.16718333379 7.47114862063 0 0 0 1
-2.01738478543 -9.49762514997 4.7020942108 0 0 0 1
-6.33314138963 3.89286941701 3.80446434865 0 0 0 1
7.80894640542 -3.03808973885 -8.39385223974 0 0 0 1
-8.25910437525 8.42197721716 9.99228227467 0 0 0 1
2.27794297059 6.97788899223 -6.6136336969 0 0 0 1
-9.96992084026 6.94559276288 -9.96988574675 0 0 0 1
-0.886564047807 -3.58082558727 -9.59128204157 0 0 0 1
6.34913909231 9.99891057345 -6.60296337497 0 0 0 1
-1.4301672916 1.01474357065 5.15396652738 0 0 0 1
3.76080867934 1.70187276635 6.24511186883 0 0 0 1
-2.11850877736 5.43887636403 8.73949968983 0 0 0 1
4.10205943528 9.46207365542 9.06840575134 0 0 0 1
-2.52230912451 -3.89026194001 -0.832517425734 0 0 0 1
-8.52402246532 -1.47497521176 6.91727390316 0 0 0 1
-4.04157658296 6.45307838544 8.30304742937 0 0 0 1
9.38786723433 -7.12367663807 6.37518960363 0 0 0 1
5.60066952342 -8.11741625268 9.49566442519 0 0 0 1
3.80530701831 -9.16814073804 -9.76762533537 0 0 0 1
6.21331943693 -9.19560654649 4.972889084 0 0 0 1
-6.87245297966 2.17281350716 -5.25475190478 0 0 0 1
-3.15338789492 3.21455483208 4.21740623391 0 0 0 1
-3.84139473077 2.62964699375 -6.57409663439 0 0 0 1
-2.30563812103 -7.40312045128 -3.61622785322 0 0 0 1
-0.556477385372 -6.16514767407 3.05789599716 0 0 0 1
-0.199793396725 -6.86224341878 -7.04468022038 0 0 0 1
1.06531156009 -0.734518303053 8.47626963442 0 0 0 1
3.92283305539 4.26249459343 -3.92073209082 0 0 0 1
3.34325869376 7.55872748233 2.31990890608 0 0 0 1
-3.53126584241 3.51848530928 -0.611124456501 0 0 0 1
9.82540750568 -2.78815320059 7.15864711926 0 0 0 1
1.20140949297 -8.72098995142 9.16229828005 0 0 0 1
2.81467146153 5.24531188982 0.983238000217 0 0 0 1
-8.36700653436 -4.2730518259 -9.2156851743 0 0 0 1
-4.68796802582 1.91477914923 -4.45603943465 0 0 0 1
8.14430825164 -9.7470698385 8.60608493298 0 0 0 1
6.4972392218 -8.37134286139 1.82497208858 0 0 0 1
-1.44156598078 1.98393794205 0.248256255922 0 0 0 1
-8.92111836767 6.04820455504 -8.21929770882 0 0 0 1
-6.8877423085 -8.46914716047 -3.4852905966 0 0 0 1
-1.85186837747 -7.18975968894 7.83999558105 0 0 0 1
-3.51081330254 -1.66761605761 -3.2567825265 0 0 0 1
-3.46377750719 3.68509392842 -6.07934438444 0 0 0 1
-8.33955720967 -7.82706768525 -7.13038098329 0 0 0 1
0.775464122679 3.05185290127 -6.80668528201 0 0 0 1
-1.56910712182 9.26822798566 -4.00813938477 0 0 0 1
9.04501714544 -8.21990852163 3.37214587601 0 0 0 1
5.14734229198 0.29019821588 -1.41930418516 0 0 0 1
-1.04716459166 7.70386245747 -6.54034552594 0 0 0 1
0.542177934477 2.82829103893 9.33648975461 0 0 0 1
-0.0950952978363 3.53876967462 -2.28700731478 0 0 0 1
0.428321699982 -4.96208695858 -0.72848426488 0 0 0 1
-1.32990051461 4.70198634633 5.20534066438 0 0 0 1
9.23184687825 -4.69847752535 1.45579369063 0 0 0 1
1.02231282828 4.29290291662 -1.24148907462 0 0 0 1
3.13081255769 -6.99999379828 -7.72209497985 0 0 0 1
-7.56417974336 -3.78958945259 4.9604068443 0 0 0 1
-9.34321549907 -5.53249390602 -2.01354431936 0 0 0 1
-4.21916567426 -7.90078800955 -6.5615970985 0 0 0 1
-5.38273788109 -2.73082477103 9.53431016744 0 0 0 1
7.59402272449 -1.4407037074 -7.66107017464 0 0 0 1
-0.0559266746826 -4.52871617478 -3.02573519023 0 0 0 1
-5.59890028098 -7.49388796377 -2.69156355157 0 0 0 1
1.29345509065 9.8331120404 -8.98128693303 0 0 0 1
1.09167594766 3.75324940115 -6.87559300921 0 0 0 1
-2.59607684349 -0.758312144315 2.40068947923 0 0 0 1
-8.15796204072 5.95419467565 -4.48764281637 0 0 0 1
4.92754410236 8.04297696914 -6.78098834377 0 0 0 1
-7.65260382095 6.22945493631 4.14397517269 0 0 0 1
-6.23554249064 5.21075422396 -6.78723130366 0 0 0 1
5.72901177915 4.68683500016 -5.26490470741 0 0 0 1
8.86574507092 -1.95708284903 5.85267131876 0 0 0 1
-6.45090044183 -7.66297960959 7.65362573196 0 0 0 1
-2.10687287975 -6.88342306723 -1.30773524335 0 0 0 1
7.37812121304 -7.30651051306 4.89224412646 0 0 0 1
7.52828907737 -3.3827461145 4.83772890464 0 0 0 1
-1.16735137786 -0.637899313579 -1.80855106147 0 0 0 1
-2.5062950044 -0.531641962957 -2.14805101751 0 0 0 1
-1.92219516798 3.3971538929 2.44919727545 0 0 0 1
7.70011861218 6.92018324192 -4.13677807666 0 0 0 1
-1.97126338162 5.32194910958 0.430724432268 0 0 0 1
-6.63641633877 0.35702242065 9.31487210828 0 0 0 1
-0.954634966984 -5.55176345906 5.34129697916 0 0 0 1
6.27514432056 -6.4620691634 9.93687483561 0 0 0 1
6.39422403679 6.31247901273 -3.18737048443 0 0 0 1
-1.43191464966 0.972975744825 3.12453865593 0 0 0 1
6.94288580014 -6.74513934977 8.21952534785 0 0 0 1
-6.30004168389 1.20354341881 8.27661172386 0 0 0 1
-9.52053247667 3.70108252919 6.33169846265 0 0 0 1
6.95635026555 4.05142383304 7.37488757841 0 0 0 1
-3.37766725925 -7.49946728694 8.05262305775 0 0 0 1
-0.523369748398 7.63807076569 8.87440500291 0 0 0 1
5.18554472828 -9.18061631412 -3.86802493712 0 0 0 1
-9.03274774843 8.65455084484 3.6542274153 0 0 0 1
4.59063697656 1.49443537822 5.57749110253 0 0 0 1
9.57896489405 1.43824017154 -4.55600166022 0 0 0 1
-5.26893048671 -1.85405885884 6.59385167754 0 0 0 1
-7.58556993024 8.9168375462 6.43169328536 0 0 0 1
-2.84820583262 4.69531615354 -0.606226408522 0 0 0 1
-0.342580000608 6.77043382149 4.39004358551 0 0 0 1
5.23002382807 -6.19795544096 2.01746669515 0 0 0 1
7.61149127394 -4.55118911311 0.761254195564 0 0 0 1
-9.34247245124 -9.59545983333 3.2029803303 0 0 0 1
8.02786131536 -8.521959965 -5.48858357327 0 0 0 1
-4.98826714679 4.99417335561 -0.769471737588 0 0 0 1
-2.24360523819 6.88415713301 -0.334645755761 0 0 0 1
-0.557304130124 3.86082630376 2.20999293993 0 0 0 1
6.5403576682 -4.59488303022 4.78437983425 0 0 0 1
-0.536946206491 8.47004143937 -9.09293111056 0 0 0 1
-0.0235043844531 -3.79193350403 1.28768185684 0 0 0 1
-7.74694533516 -1.32641778352 -4.73854585408 0 0 0 1
2.72773176746 5.31912677906 8.54059785407 0 0 0 1
-1.14008645724 4.16371768732 0.821474054576 0 0 0 1
-9.32444697258 -8.75921790429 -1.35236673997 0 0 0 1
-9.30809672844 7.26947053883 -5.54203245142 0 0 0 1
-8.45161854129 0.256046428143 -5.88984526835 0 0 0 1
-1.95068291009 8.44121057939 -4.45069622338 0 0 0 1
6.17813521425 9.94219943522 -8.51847394095 0 0 0 1
8.41262279133 5.35324334745 7.08796193196 0 0 0 1
3.06596650888 -7.81649418098 2.02097152449 0 0 0 1
-7.5077590718 4.28406526947 -6.1319006462 0 0 0 1
5.70685970564 5.84844425654 7.422105733 0 0 0 1
-7.16598209081 -6.01713108068 -7.40990852827 0 0 0 1
2.7713373237 -6.23563295444 -6.40643176603 0 0 0 1
-6.15572333697 -8.0702243923 -9.02861802701 0 0 0 1
-5.13580799804 -1.29904524637 -1.50560040363 0 0 0 1
-3.82139541006 8.71222270056 6.39728013655 0 0 0 1
-8.25573818167 1.94660242936 3.9707394208 0 0 0 1
9.56502561391 -8.64090901604 -4.36965628385 0 0 0 1
3.43812793966 9.21718427807 -9.49074526166 0 0 0 1
-9.1089946963 -2.24333735914 -0.25172987862 0 0 0 1
-9.2026875761 -7.74082465816 -9.09915306861 0 0 0 1
-6.61655031674 4.38920823406 -2.07262995129 0 0 0 1
5.92056150198 1.4528429422 6.36982488083 0 0 0 1
7.05770221522 -0.521921881911 7.90857568129 0 0 0 1
-0.933794550239 -1.41670687918 -3.56377273499 0 0 0 1
-6.00472289725 -0.0173020384264 6.09976957235 0 0 0 1
8.14941660602 3.91502655789 -0.708891355151 0 0 0 1
6.09265783402 -8.01261064998 -9.8918273469 0 0 0 1
-6.17218696145 2.51528325359 1.67944047783 0 0 0 1
5.63967416661 -0.0968721627079 -5.4021224452 0 0 0 1
4.70183513026 6.25528664988 5.85576638567 0 0 0 1
-3.25509314308 7.46758162129 8.45991132463 0 0 0 1
-8.27705686451 -7.24410246221 3.84747969188 0 0 0 1
4.60789531082 -3.88543910407 -2.0714343986 0 0 0 1
9.31944795885 4.13997488788 -0.740693909387 0 0 0 1
6.81493627653 9.22456215574 7.05379528999 0 0 0 1
-2.24234823444 9.84876311244 0.869274427944 0 0 0 1
-9.93484144403 -9.45431341013 1.45087013869 0 0 0 1
4.12917469676 -4.80621471969 0.455432268261 0 0 0 1
-7.30168772214 9.46140969439 -6.26013238668 0 0 0 1
0.00506176726714 5.69572286176 -9.97964952999 0 0 0 1
7.45407995524 8.17177647283 -3.85853854411 0 0 0 1
6.9312601376 -0.911708287235 -6.9948479877 0 0 0 1
8.5160600213 -9.69935926994 -6.31416207142 0 0 0 1
-3.1582676119 9.37515619113 -5.48727755942 0 0 0 1
-0.246020694091 9.1876897867 -8.00528326182 0 0 0 1
5.05835705186 -5.88762369528 -9.48875467807 0 0 0 1
4.1755895441 3.08435407403 -2.62045331777 0 0 0 1
9.84589848391 -3.53694954441 -0.227776810414 0 0 0 1
8.50543484048 -9.14710606243 -7.73347271897 0 0 0 1
-1.35455828242 -2.83192364722 -7.50573034694 0 0 0 1
2.43416219361 -7.20431219135 7.83076311989 0 0 0 1
-0.529994064218 -6.6855875332 2.65830332162 0 0 0 1
-4.5844053518 -1.57569391145 1.8975019947 0 0 0 1
-1.44930368755 3.81234482481 2.28143018644 0 0 0 1
3.66360001062 -1.73975018742 -3.6832937555 0 0 0 1
5.23339450472 3.7133748779 -8.24328888844 0 0 0 1
-4.30187946021 0.577991308033 4.33910564389 0 0 0 1
3.92202780467 -2.10391204594 6.27182198278 0 0 0 1
1.71008683048 -8.36641316197 5.88194886013 0 0 0 1
-1.58815151758 -3.68295009108 9.40827340683 0 0 0 1
4.24894162909 -9.52113536269 -2.9958817969 0 0 0 1
8.14410664387 8.82264461297 1.13859698366 0 0 0 1
-2.288086207 4.53663877551 -5.13243976146 0 0 0 1
1.09728666437 -7.27850127534 -8.60142930805 0 0 0 1
-8.89655963301 -9.48565016027 1.2123001376 0 0 0 1
-6.39103686981 -4.6638801226 6.00555895483 0 0 0 1
-1.0594259605 6.26119803872 -5.28814531459 0 0 0 1
7.1698534457 5.94222026213 8.93813218461 0 0 0 1
-3.44541457556 5.67470849355 9.67654953858 0 0 0 1
3.99509210474 -4.50352412733 2.07271813062 0 0 0 1
-9.93424159315 -3.2157268067 4.94751228506 0 0 0 1
-7.67987007838 -7.46504118649 -8.45397168741 0 0 0 1
0.323805613489 1.42884217875 -6.95530387211 0 0 0 1
8.87301773826 -9.77961315583 2.54973065596 0 0 0 1
6.83183735305 -7.42798300393 -7.49370060471 0 0 0 1
-2.65819001753 4.40978629912 -9.51130612021 0 0 0 1
-6.44929373799 8.79780620085 6.5544916535 0 0 0 1
-8.32396869129 7.01767676811 0.36735478729 0 0 0 1
7.75034509009 -5.05872606352 8.07130747926 0 0 0 1
-6.07042195344 -9.00882965076 4.04460311339 0 0 0 1
-3.13471126045 -3.60801626131 -5.72428148615 0 0 0 1
-8.76853979528 -4.53458552302 -3.68709077798 0 0 0 1
2.5604795198 3.20104471385 -6.94184986189 0 0 0 1
-2.75046956588 0.0365120280217 -5.43006273775 0 0 0 1
5.3262800491 -6.52668854113 -3.0212686098 0 0 0 1
3.36569911054 -7.96314977358 6.98472495599 0 0 0 1
-1.79779159274 -6.71666583398 7.98108000758 0 0 0 1
3.23429508471 -1.17099144159 -1.2099780559 0 0 0 1
-7.95197629428 5.50239915816 -6.19952585827 0 0 0 1
-1.8585900569 8.83302741446 -7.40311577679 0 0 0 1
-0.989806304472 -1.92188064909 -3.7760305402 0 0 0 1
-0.703418806812 -8.13762053481 -6.30454760749 0 0 0 1
-4.3115438554 -2.77340400543 -4.80431535158 0 0 0 1
-4.37175653185 4.68386483551 -1.15556102397 0 0 0 1
-1.48176977943 -5.51634516733 9.07111573161 0 0 0 1
1.0127417664 8.29863628237 0.0163248394395 0 0 0 1
-9.9803026896 0.929688635149 -8.26189978518 0 0 0 1
3.83858619968 0.789415453951 1.00347406979 0 0 0 1
2.8025946198 -4.68978273861 -9.1245839569 0 0 0 1
-1.33738236512 1.0346465306 3.89426916531 0 0 0 1
7.66941157434 -7.17024157888 1.19083711646 0 0 0 1
-1.30800904444 -1.51177256039 -7.08566005848 0 0 0 1
-8.31587377287 0.0824589462926 3.12845060146 0 0 0 1
8.64175654118 8.4385093377 -8.26488546972 0 0 0 1
-0.818892823845 6.66508478678 -1.66664628072 0 0 0 1
8.15824066345 -2.49089288127 -2.11718478673 0 0 0 1
-1.21135031177 3.11791995993 9.94001720128 0 0 0 1
3.45119567552 1.17050632537 -0.557036244674 0 0 0 1
0.693722984516 6.5167123381 6.44355366851 0 0 0 1
3.30061574003 -0.890137506393 -9.21577709524 0 0 0 1
-7.96304724275 8.6737047997 -8.14018227966 0 0 0 1
-3.21635600374 4.0972154807 9.27245740592 0 0 0 1
0.63847165164 -1.94473048281 9.5541585537 0 0 0 1
7.54020654767 -1.2696318299 1.61341288272 0 0 0 1
7.58598010412 -8.5631478388 5.41790324801 0 0 0 1
9.10724276546 -3.06548091243 5.20582670776 0 0 0 1
-4.65022371574 8.7107399204 -9.23702225814 0 0 0 1
7.77273043277 -3.12644129686 5.22213298723 0 0 0 1
5.45473196628 -5.86925936097 -8.91323865252 0 0 0 1
-7.25928872132 8.01948124344 -9.4257611408 0 0 0 1
3.14378669575 9.07762281473 0.204172333868 0 0 0 1
9.96996262595 -1.34619222115 0.733527764373 0 0 0 1
-4.74066209873 -7.46599029585 5.13782078835 0 0 0 1
5.13717688256 6.90522910597 9.49268478834 0 0 0 1
-7.10284646758 9.07897688126 9.26331584233 0 0 0 1
9.87983940008 8.23948689957 -9.93731755983 0 0 0 1
5.52868007074 1.03113652763 -3.38502774076 0 0 0 1
5.22135245679 -1.01858411387 -6.5718898518 0 0 0 1
-9.18450227534 9.96598354147 -4.29690507496 0 0 0 1
-1.94827986359 -9.20816363881 2.75340013531 0 0 0 1
5.88206862315 -3.6156228117 4.16300338226 0 0 0 1
0.216026132363 -9.06083205676 -3.66224499702 0 0 0 1
-9.94407682658 1.81992982776 -1.22638627316 0 0 0 1
7.68702869518 -2.88970639681 8.17924684432 0 0 0 1
-4.14414200501 -0.287864350008 4.85046699396 0 0 0 1
8.04640300584 -4.39154838173 6.33833933851 0 0 0 1
-4.2485323007 -5.25602308741 -6.22164093086 0 0 0 1
2.3069804966 -6.24951320155 7.47969544857 0 0 0 1
-8.57606120536 2.2579267576 -7.34432386261 0 0 0 1
7.16475857574 -6.83085943147 8.35413812996 0 0 0 1
1.31045689206 -4.7256862454 -5.60661334643 0 0 0 1
-2.53620387037 5.26234509927 -4.61218828269 0 0 0 1
-2.84873907536 9.49332030975 1.99394927955 0 0 0 1
5.53947958165 -9.70331057888 -2.45649447059 0 0 0 1
-0.900854393746 -5.84981753736 -0.280443377506 0 0 0 1
3.04157919344 -0.497241576886 -0.876165324026 0 0 0 1
-6.55533917601 0.458486716038 -0.42418179477 0 0 0 1
-2.08077946806 1.02855293797 -6.36620514563 0 0 0 1
0.698313584233 -2.41560297254 0.999685941442 0 0 0 1
0.575300051944 -4.77115095748 -6.00247365775 0 0 0 1
3.23173391472 9.76280279329 9.71270317917 0 0 0 1
-7.74320269667 -2.18236604541 -2.39300790523 0 0 0 1
6.8623269589 5.47488456736 9.24274761905 0 0 0 1
-0.533043978401 2.85872956904 4.71858657463 0 0 0 1
-4.63947219416 1.77490998114 2.03536491046 0 0 0 1
4.2768853059 -3.64895533897 7.94097497322 0 0 0 1
-1.63776871406 3.48452558794 -7.77158060077 0 0 0 1
3.1783987158 6.96295431955 -7.11745787507 0 0 0 1
-8.4269650618 -6.10583510826 6.39579668926 0 0 0 1
-6.78439136963 9.07700889297 -7.8905398455 0 0 0 1
8.70668571326 -9.02181996084 5.27638848237 0 0 0 1
-5.51276467033 5.70874638352 -3.87050560624 0 0 0 1
-1.90183530418 -4.43098710554 -8.86168543154 0 0 0 1
-2.64644973487 -8.8062361704 -1.81447718379 0 0 0 1
-4.18381931037 -0.610047586009 -9.20623682302 0 0 0 1
7.58788789141 2.40543486228 -9.79250607016 0 0 0 1
7.16449172955 8.46997056358 5.00595501153 0 0 0 1
-7.54522630099 8.94649916508 4.54063200199 0 0 0 1
-3.63872270703 -4.53865206159 2.32416648287 0 0 0 1
3.5602774053 9.11168528794 -5.91240025875 0 0 0 1
-9.08355054003 2.5310150865 3.65211905834 0 0 0 1
0.288271429941 9.32585688487 6.95143210888 0 0 0 1
8.51718349678 2.00054639871 -3.62096705185 0 0 0 1
0.233829351451 5.98621746971 4.36162159297 0 0 0 1
6.35742755675 6.38664210866 -2.66449743524 0 0 0 1
-1.98986527423 4.85044707924 0.908979150245 0 0 0 1
1.08088947698 -4.45721041428 5.46168238055 0 0 0 1
-7.55202200979 -6.47619190738 -7.93268941526 0 0 0 1
1.48247668475 -0.11563997465 -7.77690141481 0 0 0 1
8.14399877237 -1.70575262789 -8.48759633421 0 0 0 1
-0.801680208555 -4.8238407944 -4.90342196004 0 0 0 1
-0.82462356291 -1.73540823115 9.98670228906 0 0 0 1
9.29916004721 4.61885187396 -7.25487222364 0 0 0 1
0.215087673084 -4.96294785518 -0.216070940185 0 0 0 1
-9.55952139359 0.169072984266 4.50758050946 0 0 0 1
-4.07790137916 -8.73419851655 8.22365003103 0 0 0 1
3.99252219266 -0.913901805153 -6.05734633446 0 0 0 1
-8.13282625147 5.17312142312 -8.74940198219 0 0 0 1
-3.31819424676 -5.99823714567 0.936500560004 0 0 0 1
-9.15526039762 3.07001955356 9.00805962644 0 0 0 1
3.87169870958 1.11535699993 0.420945532723 0 0 0 1
8.29889437062 0.610453940831 9.42872378254 0 0 0 1
8.69596046423 9.31252959304 2.95701430965 0 0 0 1
6.9566620071 -9.81118552783 -0.579207557655 0 0 0 1
8.70007221636 -1.61302614155 -5.3657169727 0 0 0 1
5.99895850615 -7.59517948285 -0.0725641150106 0 0 0 1
-0.314418950413 -4.37132421643 -6.12542807456 0 0 0 1
4.87573679525 -7.9387080873 -9.88723211006 0 0 0 1
3.57157433796 8.61937166702 2.7471790153 0 0 0 1
0.30707967925 -3.08926981503 7.80611159913 0 0 0 1
6.36018853465 -2.32474691125 5.00752992913 0 0 0 1
4.79555172184 0.884627531495 -5.93081667994 0 0 0 1
1.50535523486 -5.98340208455 -6.49416562392 0 0 0 1
-9.9312964809 -6.44051687546 3.6415923745 0 0 0 1
-0.348223660509 -8.81719399694 -1.69220198285 0 0 0 1
-0.840906987334 3.11698434434 -7.05519816839 0 0 0 1
-9.09866860356 4.50516724508 1.52619808824 0 0 0 1
4.31728964989 -9.65550623236 -1.57011662366 0 0 0 1
-8.35979133035 5.2847575885 -9.61889420177 0 0 0 1
3.66113723349 6.88113330996 -7.62850001202 0 0 0 1
8.4905757716 9.45996173232 0.174353957052 0 0 0 1
-7.33958257725 3.80406510906 -1.97504247801 0 0 0 1
-1.26498519259 6.89506582127 -4.99074580782 0 0 0 1
1.0633818636 5.47963421088 6.7786113088 0 0 0 1
6.80774448048 -5.57791565649 2.74284206541 0 0 0 1
7.60302179157 -1.91720773566 -0.494656973976 0 0 0 1
8.74674212203 2.14879641454 7.89092932141 0 0 0 1
0.423112947752 8.92689197687 -7.8270584801 0 0 0 1
2.17191727971 -4.65511885133 1.89181453531 0 0 0 1
3.56888241184 -9.12255201131 9.94852536809 0 0 0 1
5.89753165891 -6.75763478109 6.71388088258 0 0 0 1
-2.03655368105 -2.67801403377 9.22326200605 0 0 0 1
-1.45692921632 -0.917869691473 -4.66725418269 0 0 0 1
1.34021114323 6.49842786024 0.345972608369 0 0 0 1
-8.71881147587 9.51541433766 -1.46522303789 0 0 0 1
6.20160985789 1.47226477879 -6.77229481574 0 0 0 1
-0.790266093284 5.28738748695 -7.24024761255 0 0 0 1
-2.15519219796 -8.20064753589 -7.09583478322 0 0 0 1
2.43201500706 2.4839986026 -9.24486112718 0 0 0 1
1.16697292571 4.65645560892 -0.733358184578 0 0 0 1
-1.47099441094 6.87237903815 3.77816015345 0 0 0 1
-3.16877837617 -2.43301995617 -9.82539184538 0 0 0 1
3.98609667558 2.28622133287 -8.29709363874 0 0 0 1
6.69948579933 1.14642189348 -4.62688348377 0 0 0 1
-5.53249323629 -9.8701625577 -0.862575974386 0 0 0 1
-8.37537597586 7.287954437 -5.23462480817 0 0 0 1
0.288913653817 7.27877015425 -0.316080664868 0 0 0 1
-6.00175183423 8.68747876354 3.04945659713 0 0 0 1
-8.07002855911 -4.11558373758 -8.32647897029 0 0 0 1
-1.17634893992 -6.37401744004 8.86882191082 0 0 0 1
-3.92341807007 7.3515075352 -3.26110742048 0 0 0 1
8.53991377344 3.61903488019 -5.55298607075 0 0 0 1
5.71131450261 -1.79179559341 -3.50317328568 0 0 0 1
8.27846759865 -3.0833113957 5.10903508271 0 0 0 1
0.719988894536 7.98734413536 -0.0920602126738 0 0 0 1
5.2391292262 -0.662500376053 5.26409362433 0 0 0 1
6.76857226897 -5.5446982979 0.162378503455 0 0 0 1
6.6874004974 3.26334557373 -7.65382326851 0 0 0 1
-3.00518264896 5.86672675296 -9.44482026213 0 0 0 1
-9.97843295066 9.362930419 -2.55960767058 0 0 0 1
-9.26845173029 -2.28265835209 -9.33458510987 0 0 0 1
4.31926995814 7.90721365298 -2.33899611052 0 0 0 1
-3.9113473079 8.11396754 -7.94863401552 0 0 0 1
-1.34288438553 7.02532540703 9.30606282722 0 0 0 1
-5.9140985475 1.46906220325 1.45003731107 0 0 0 1
5.53390992999 -5.31168015559 9.43325882287 0 0 0 1
-7.76534220135 3.03508875891 -1.33734464121 0 0 0 1
-2.57864059441 -4.20550734386 3.67660058988 0 0 0 1
1.63913174459 0.703258210397 9.75239211973 0 0 0 1
-6.75036917141 9.88797358461 1.88516414172 0 0 0 1
-0.731209713139 -6.9449935101 -9.17540258312 0 0 0 1
-9.05597060848 -0.213339500437 7.12494527206 0 0 0 1
-4.94456720256 -6.28337548743 -5.62122767093 0 0 0 1
7.00437513509 0.678728527768 7.57350948174 0 0 0 1
-5.97155576432 5.61021896186 -7.03271189722 0 0 0 1
-1.51211740605 4.99240386075 -2.12427186388 0 0 0 1
-6.59272393409 7.93981604332 -0.0239129247835 0 0 0 1
2.82456388585 5.90770863955 1.42103324284 0 0 0 1
-0.235844559848 2.53603769366 8.59722132084 0 0 0 1
-3.67227929667 -7.46381097254 -1.14597648611 0 0 0 1
9.61433242367 3.5858387558 1.37782050443 0 0 0 1
-9.81597568017 6.95617132581 -8.88869351607 0 0 0 1
-4.88251360503 1.42981966193 -2.46178339147 0 0 0 1
-1.54236525933 4.71792531447 8.786036303 0 0 0 1
0.196790687396 2.39393913263 -7.83513687275 0 0 0 1
8.56353286368 -4.08024318739 -4.10872799965 0 0 0 1
-0.743048607436 4.65069677663 -7.8673875177 0 0 0 1
-4.64449071624 8.12178431549 9.72237994579 0 0 0 1
0.237782870261 -6.33102920312 0.641343031016 0 0 0 1
9.88884542386 -1.03346780736 8.42034457291 0 0 0 1
1.32092119981 -1.3118020757 -4.06022084529 0 0 0 1
0.105051590118 1.79486504454 -3.00058285553 0 0 0 1
8.85972526384 -1.13257467194 -7.74604472533 0 0 0 1
-3.63771198071 5.56016237205 -4.68331753378 0 0 0 1
-7.33729911386 9.39541086733 8.2787036584 0 0 0 1
-2.63086202264 -0.039308825056 8.19520258011 0 0 0 1
5.7254229937 -2.39220330502 1.73326286042 0 0 0 1
-9.09619302634 -6.40318845075 3.83606043839 0 0 0 1
-4.54673009049 -0.12653914404 6.35774053712 0 0 0 1
2.32426843855 2.71435658579 -3.3387743965 0 0 0 1
8.29692092729 -2.38372158088 -7.46316926595 0 0 0 1
-2.68524924842 7.90758659111 -3.98548910273 0 0 0 1
2.82162040693 2.91498385847 -7.26257484613 0 0 0 1
-3.43697093011 6.88311225227 2.21576478811 0 0 0 1
3.57546738326 -1.80205134508 6.02626513689 0 0 0 1
-9.76297565676 -8.81597546409 -4.27782302606 0 0 0 1
-6.92911870408 -0.347750963415 -9.90277207024 0 0 0 1
6.23274469232 -3.50233490177 -7.48090848464 0 0 0 1
3.41603461912 4.71911420947 9.46385942589 0 0 0 1
3.04706996485 -9.572177039 -2.6784187597 0 0 0 1
-8.4174333957 3.48900926065 -4.83382380833 0 0 0 1
4.99343101183 -1.45256832959 -8.64809301368 0 0 0 1
-0.82388180931 -6.33413251418 8.9166655444 0 0 0 1
-6.3393063516 -8.92082986347 -1.36588076189 0 0 0 1
9.96529051891 -2.07504296381 1.58669908317 0 0 0 1
-0.0662286717346 -8.61364083508 9.48747751347 0 0 0 1
-5.06744464639 4.06181886001 6.22279522991 0 0 0 1
-7.57356915828 6.296601871 -4.40450042336 0 0 0 1
-5.50440531801 1.53470659422 0.889637411482 0 0 0 1
5.03939312411 -2.79907751129 -8.18957875462 0 0 0 1
8.64772352835 -9.65581431076 7.85617957646 0 0 0 1
0.521121462936 -4.81598714748 7.43223901035 0 0 0 1
-2.34430304874 1.08840776482 6.90243749463 0 0 0 1
3.05371063214 -0.262031504251 4.33627963079 0 0 0 1
0.922878212575 8.93376102735 -6.80585631133 0 0 0 1
1.78836796642 4.80251258217 -7.62314027576 0 0 0 1
-6.97612723816 -3.72511994882 -2.79225130138 0 0 0 1
1.32049836877 3.06146506043 -0.573137708078 0 0 0 1
-0.635813384901 0.855788348827 -9.27774516448 0 0 0 1
-1.07570785887 -6.6285005585 -2.95605380001 0 0 0 1
7.55775347226 -0.289468179033 -0.763536476858 0 0 0 1
5.48304329748 6.99626665678 -0.810483464813 0 0 0 1
7.24937563605 -7.41722879762 -6.49731951763 0 0 0 1
-1.67219791535 5.46569216402 -7.1969245916 0 0 0 1
-6.5389301356 -6.12304888711 7.4866196293 0 0 0 1
-6.93717763541 -0.72513360391 -1.54930915738 0 0 0 1
-4.15778390286 0.0451042111954 -6.03347043567 0 0 0 1
1.20075364223 -1.11328920977 -2.54491154444 0 0 0 1
-1.18262143033 -6.6970885239 7.48999227061 0 0 0 1
-3.57927569322 -7.38787391413 2.64446845204 0 0 0 1
5.16540191193 -7.10998159668 -0.89157373082 0 0 0 1
9.66786779266 -4.07577857655 -8.33273023841 0 0 0 1
-1.59291466494 -8.62620282162 5.93890491984 0 0 0 1
4.77104646299 8.08355831301 -1.21465320783 0 0 0 1
7.29643993995 1.65839965523 -9.11960765251 0 0 0 1
0.762381518873 6.30137255836 6.84930149601 0 0 0 1
-9.8284021894 8.63711778363 0.0400230150035 0 0 0 1
-4.67217411901 -9.9623760313 9.60882591097 0 0 0 1
5.57075091879 6.43399357618 -6.30552389479 0 0 0 1
-3.93670177583 -6.63459073352 7.69324121244 0 0 0 1
-1.9592886039 4.59458910503 -0.330002056754 0 0 0 1
7.73987651584 5.90744709579 -4.49103868881 0 0 0 1
-0.982243720568 9.88336628982 4.23346936665 0 0 0 1
7.84558363802 -1.79597346671 0.905639744694 0 0 0 1
2.33203613592 -5.08297695963 -2.31867343048 0 0 0 1
9.12579353156 1.87490507072 7.03475555233 0 0 0 1
-6.64561444939 0.195078752087 -8.81647008765 0 0 0 1
-1.42261894672 -1.17510540387 -7.6814903303 0 0 0 1
-0.833868214458 -4.41024728127 -6.4330999112 0 0 0 1
-9.8243612288 0.0894914916539 2.36352828023 0 0 0 1
1.07799469242 -9.37937237371 3.89772262685 0 0 0 1
9.24637323317 -7.29797268886 -4.94624075743 0 0 0 1
4.03946171882 1.16187098993 -2.69419332263 0 0 0 1
2.83406746241 4.76644225389 -5.84376613628 0 0 0 1
-6.59337104533 -7.13677974017 -2.29908946227 0 0 0 1
-7.65177513302 4.46654157891 4.40800584172 0 0 0 1
-7.65375324789 -5.18491491588 0.27893212731 0 0 0 1
9.70672365581 2.91589985707 7.47799010884 0 0 0 1
-3.54390796909 9.11884177223 -3.05987545993 0 0 0 1
-3.16857258007 -6.4944383122 5.55211753897 0 0 0 1
2.19745586533 4.94997107771 -2.48340188902 0 0 0 1
2.97668652009 7.72141467863 0.533729808554 0 0 0 1
-5.01951427077 -6.19827866974 -4.82086731738 0 0 0 1
-8.80061178199 6.6048105337 4.50961258179 0 0 0 1
-9.05836933497 -3.34791643782 -4.90591287246 0 0 0 1
2.26796073303 0.690548885925 -9.91552621557 0 0 0 1
-1.38239820049 -9.60935609599 6.29942287671 0 0 0 1
-1.45487836593 -4.80439515074 9.45232782685 0 0 0 1
-6.80343836906 9.86267824826 -8.00083558926 0 0 0 1
3.83991306146 -5.41845468651 2.54726276611 0 0 0 1
4.77721637827 -2.9697795493 -9.11727347086 0 0 0 1
-6.6475262676 -0.328523122455 4.49235533788 0 0 0 1
-8.1009405949 -7.98648407769 -7.62849314177 0 0 0 1
4.63896049773 -0.0703058555263 -8.77867719464 0 0 0 1
9.61758496811 -6.52777851386 -9.4256026744 0 0 0 1
-4.66161145901 -0.137709504548 8.59976062021 0 0 0 1
-8.48031597891 -6.54685064509 -4.39668979839 0 0 0 1
3.70100016541 -9.1687196907 -1.47240883224 0 0 0 1
8.41586668826 -4.05969894227 4.46394280653 0 0 0 1
3.51261533355 -7.18188561201 4.46834239055 0 0 0 1
-5.09496865911 3.94037859089 -2.28893549127 0 0 0 1
4.75733640991 3.22719729832 3.1395418296 0 0 0 1
4.41604045198 -9.09066918197 -8.20809308879 0 0 0 1
2.16246100169 -0.874006550038 5.59733705041 0 0 0 1
-2.53057496426 6.92701636372 -2.05665829628 0 0 0 1
-5.01227064265 -2.85851307515 -7.0345864338 0 0 0 1
7.20916741288 -4.10835809506 -4.16035289767 0 0 0 1
1.99581155622 2.85049990283 -4.45671587233 0 0 0 1
3.74803923394 2.60784829601 5.17027145335 0 0 0 1
-2.31378429121 -7.91471914282 6.57973779001 0 0 0 1
-8.18847350899 -6.80229843113 -6.79295975943 0 0 0 1
1.08151360551 6.01529312571 -3.93553220529 0 0 0 1
1.77958747645 0.691846354901 -3.57465441071 0 0 0 1
-0.447141538266 4.97633419903 6.93159150469 0 0 0 1
7.99280270246 6.66552117701 -1.15981306838 0 0 0 1
-7.32021265693 1.02247485301 -9.07051649482 0 0 0 1
2.91715377619 0.78367681626 -3.19172774693 0 0 0 1
8.41578659036 -5.96435694919 -3.86017687451 0 0 0 1
2.36255907055 -8.24401501748 -3.32661102096 0 0 0 1
4.66581970383 4.09621980311 5.74366818064 0 0 0 1
-4.80600563784 2.15505957107 7.60730633169 0 0 0 1
2.47285378825 1.00650559589 5.00091515424 0 0 0 1
5.19881682765 -7.04062967312 -0.555815037931 0 0 0 1
1.13838348913 6.63716701248 -0.0279183649593 0 0 0 1
2.76645792112 -9.92693339398 -0.321354592357 0 0 0 1
5.98579417213 -9.01355923877 7.52002810405 0 0 0 1
-9.50626234225 -1.60659926773 -1.11619779193 0 0 0 1
4.78852850431 5.57781671374 5.79312417019 0 0 0 1
-8.17357933448 -3.06349104366 8.20379014563 0 0 0 1
0.589340762622 4.36705255597 -3.70450400594 0 0 0 1
-8.52156514858 1.17234363562 3.30300888362 0 0 0 1
8.6269239079 0.783010207023 4.90286334639 0 0 0 1
-7.78181756355 9.97145355263 1.70796723887 0 0 0 1
-8.56183192114 3.48531705102 6.38949055437 0 0 0 1
-9.30446996126 -8.80093039032 3.92485325444 0 0 0 1
-6.00857153684 8.52068510144 -9.62263142702 0 0 0 1
5.17500692074 0.726023443787 7.68209498351 0 0 0 1
3.67014807036 1.87750346975 -5.19052563856 0 0 0 1
0.525518377767 1.33518993356 7.35445150675 0 0 0 1
-1.56658176925 -2.80308946744 5.34553287195 0 0 0 1
-2.21254833272 -2.41572042254 -4.3573631058 0 0 0 1
2.03239220645 -3.05481596766 -9.38162148834 0 0 0 1
-1.38806756811 -0.259868869388 -9.40552941452 0 0 0 1
3.45723035281 2.85572355578 8.00930109298 0 0 0 1
7.26354355364 0.90615343081 -3.80865399914 0 0 0 1
6.03965155557 6.08644571921 1.81351246412 0 0 0 1
7.88444193086 2.26026819073 -9.71888491502 0 0 0 1
-1.63762122449 2.47169090352 -2.41348999147 0 0 0 1
-8.12557155677 -8.67575195945 5.16861174709 0 0 0 1
-1.50333006479 -5.14195300617 -5.7743426639 0 0 0 1
-4.2605155933 1.15645775985 3.73840795206 0 0 0 1
4.3205531683 3.40581751767 -0.270258939048 0 0 0 1
-1.27483421383 -2.54224681981 7.05320439217 0 0 0 1
7.28684579568 7.71987176839 -1.38099927764 0 0 0 1
0.141611204104 -7.41071280704 -2.5587312154 0 0 0 1
-0.105074577311 6.97301102953 -3.10027814438 0 0 0 1
4.89897934169 4.45073744423 -2.53049778478 0 0 0 1
2.81745647921 -2.94297555501 -5.87227280134 0 0 0 1
-7.33493747903 -6.50537476435 -4.48456050815 0 0 0 1
-2.00417388727 6.23923955389 3.03868333571 0 0 0 1
2.27983787227 -7.19069731915 -6.80728819128 0 0 0 1
9.26470660477 -9.73297932543 -2.77147783426 0 0 0 1
-5.81098337313 3.96540234308 -2.82856567794 0 0 0 1
-5.6878887934 1.35526006335 2.97606895255 0 0 0 1
7.07935857956 3.40982863406 3.6767797591 0 0 0 1
5.81598511539 5.87828693054 2.47364147402 0 0 0 1
-1.29752904809 9.82864294279 3.67901052743 0 0 0 1
-6.3551704703 7.44859517323 -7.53387536983 0 0 0 1
-7.96150528495 2.31881381708 9.33482825187 0 0 0 1
3.33426946793 -9.68269283065 3.32688727992 0 0 0 1
0.388855401832 0.179299876947 -3.5484741486 0 0 0 1
-1.7403926023 9.04012377349 8.20533421209 0 0 0 1
6.23583668703 -9.95182234143 1.58490572243 0 0 0 1
-9.72972995992 -5.95588159539 -4.94780547011 0 0 0 1
8.21997703804 -9.27727388849 -5.33097240399 0 0 0 1
-7.02741983185 5.98381048533 2.45301866974 0 0 0 1
4.75617889665 5.1837300932 8.62783941232 0 0 0 1
4.87678178062 7.66230009985 8.77019861778 0 0 0 1
-0.486504141286 3.31281414157 7.94082042259 0 0 0 1
5.18527349335 4.24778702615 -2.2834220039 0 0 0 1
-0.719563698575 -2.5614628138 6.47921663868 0 0 0 1
-9.46199299787 8.22584813016 0.780394771783 0 0 0 1
-8.14874677782 -6.68499920548 -0.376390620802 0 0 0 1
2.34654815931 -6.45577234159 -6.25270129499 0 0 0 1
0.730503303381 2.31292705406 -5.39206121789 0 0 0 1
-7.05387359252 1.04732153999 -6.80059027156 0 0 0 1
-3.3691566376 -3.0501696423 -8.96033360718 0 0 0 1
-3.58069520599 -4.16936936032 -8.26941148045 0 0 0 1
8.65445146123 -3.34357626222 -5.65334178473 0 0 0 1
6.9143249216 -7.37961792292 -7.42219419865 0 0 0 1
-6.42311851961 1.35133953745 5.40067056633 0 0 0 1
9.80919664312 -8.42531892968 -4.88367096289 0 0 0 1
-8.67406167112 -2.74200259926 3.40905009381 0 0 0 1
-9.2076307552 3.35307231733 6.77702699539 0 0 0 1
-1.41368796361 -8.27528906819 4.79742958271 0 0 0 1
9.8739924819 -0.736963520636 3.52899055429 0 0 0 1
5.64579476276 0.913657224665 3.52830227587 0 0 0 1
8.1402282819 7.74697720996 -5.66128407492 0 0 0 1
6.76790984009 4.60369133871 -4.36994232073 0 0 0 1
-7.1674264428 8.57443344008 2.67877291962 0 0 0 1
-0.453704632372 -6.79364684523 5.88083268288 0 0 0 1
5.45947238861 0.287759947555 -9.38168737004 0 0 0 1
8.19453953954 -3.98923056929 -8.81638995325 0 0 0 1
1.65252073291 8.22341562621 -4.25909737548 0 0 0 1
7.10206754187 -6.404902489 -7.22397590044 0 0 0 1
2.62465617598 9.49091039424 -1.60988379676 0 0 0 1
-7.01276592476 -3.53692973447 1.73797345311 0 0 0 1
-4.46825667995 9.37216774526 5.56750548625 0 0 0 1
0.438538020131 -9.66470826602 5.18386326241 0 0 0 1
-1.06859652371 -1.03982546066 -8.77186760796 0 0 0 1
8.99708298555 -4.53763728074 -0.76064386757 0 0 0 1
-7.18281735583 9.79266797394 -3.50241333269 0 0 0 1
-2.6626478404 2.01822999583 -5.1290928095 0 0 0 1
5.44500453027 -3.927283686 9.38228121363 0 0 0 1
4.93274382619 -4.78613196295 6.73932355818 0 0 0 1
-9.98414162219 -2.06808169975 -6.70485535426 0 0 0 1
9.46032908505 -6.51620782983 8.41400320567 0 0 0 1
5.47264326083 -9.86939647921 0.139236328975 0 0 0 1
