-2.35191889655 -7.96784954141 8.2220469318 0 0 0 1
-5.26047400402 5.23490126517 7.69185586925 0 0 0 1
-3.30555478531 -9.38641886925 -1.57591100561 0 0 0 1
8.00063022648 -6.66417357399 -2.06770591644 0 0 0 1
-7.96898649502 8.60542617481 3.67403646979 0 0 0 1
9.24620402 5.71109679824 -8.41473673366 0 0 0 1
-5.48179787246 2.61638900888 9.22167405479 0 0 0 1
-3.57155431397 -4.52729055755 -8.13175019477 0 0 0 1
2.68494386833 8.20101245568 1.39614152617 0 0 0 1
-6.73620882331 5.44067099834 6.81390737491 0 0 0 1
-1.09940319384 -7.56647213127 -5.28057991975 0 0 0 1
0.690116857167 -2.36020371289 -7.58866850581 0 0 0 1
4.26678737295 9.8839228261 3.26759589432 0 0 0 1
-8.14676248629 5.24507233746 4.31791055107 0 0 0 1
-3.17906069597 -0.0221574538952 9.29253031277 0 0 0 1
-1.70001574259 1.78883493201 9.8250811605 0 0 0 1
0.706991543796 -5.76827581114 5.54064348938 0 0 0 1
-7.56088320449 2.34766601564 8.49607132655 0 0 0 1
6.25558541425 -9.33364702055 2.80907573207 0 0 0 1
5.74966424382 -5.02436508823 7.21134112654 0 0 0 1
4.77983735878 6.85340691167 -1.26423423423 0 0 0 1
-6.51635809546 4.01237238641 -6.85470717415 0 0 0 1
-4.4111961267 6.99172667901 -5.0073948673 0 0 0 1
4.39937498447 5.52133146365 -0.592116174948 0 0 0 1
-4.70699384334 4.94085823953 -1.12236989244 0 0 0 1
-7.62930245138 -9.99469653757 -3.749986375 0 0 0 1
-3.29752379236 2.27729800601 3.83271158212 0 0 0 1
-4.02657226352 -5.38090482505 9.0573218399 0 0 0 1
6.75828294407 7.25688888617 -2.34503044086 0 0 0 1
6.07976544739 7.84716057305 4.80280993008 0 0 0 1
5.63181362586 -7.2160674521 7.9265572688 0 0 0 1
0.276808574668 -0.785057927148 -0.310435465381 0 0 0 1
4.66142234125 -9.20212391147 7.53875788242 0 0 0 1
1.35000205555 0.592985408361 -7.91202448056 0 0 0 1
5.58010974269 0.662419109109 -6.59172968707 0 0 0 1
-2.77101449378 7.7513407026 7.43786097015 0 0 0 1
0.0127502195717 5.57532886592 8.37849894317 0 0 0 1
-1.98930572644 -7.5954029552 -3.9528772602 0 0 0 1
-4.42051741527 -0.241649075137 8.80665787758 0 0 0 1
-6.90780026422 2.29148182882 9.89970175701 0 0 0 1
-9.85331869561 -7.35293438815 2.53922683715 0 0 0 1
-6.91502281746 -6.30692708423 -4.85976418228 0 0 0 1
-9.13833217567 -1.18067772373 5.55940784399 0 0 0 1
-9.40359075598 5.27394692651 8.93638142915 0 0 0 1
-2.05037900967 -2.70109314471 -4.64693720549 0 0 0 1
5.3058672878 -1.93177999874 2.50861529474 0 0 0 1
6.31715748262 -5.43093606409 -7.17376420887 0 0 0 1
4.98333662259 -0.28360000533 2.73114032668 0 0 0 1
-9.36650122365 -7.45975208509 -2.8460183542 0 0 0 1
-6.38856419126 -2.47444141711 -3.18018772134 0 0 0 1
2.14948419826 -0.780530758923 -0.541861761091 0 0 0 1
-0.471811280097 0.250374500877 -6.93967841005 0 0 0 1
3.11908804358 -2.05861502615 7.10005410608 0 0 0 1
9.29421608106 -3.24783006524 -4.08293723633 0 0 0 1
-3.86113847231 1.22395722338 0.400166106942 0 0 0 1
-6.96135989807 -8.86017407061 -8.99823104369 0 0 0 1
8.73159763539 -9.93494285449 6.52477614037 0 0 0 1
-2.60456428362 -2.96067067 9.16367932447 0 0 0 1
7.31870296554 5.89676114897 8.70689296296 0 0 0 1
-1.54220761539 0.883893337351 0.918797708061 0 0 0 1
6.07442589693 -9.36269349827 -9.48572070108 0 0 0 1
-5.64445928015 -2.7492292588 9.79741640666 0 0 0 1
1.19086886387 3.05265693622 9.97530135942 0 0 0 1
5.83127910389 7.44755764282 1.94141995151 0 0 0 1
-2.69712834116 1.09948001481 -7.7884151053 0 0 0 1
-0.59070122133 -4.1271704507 5.55248830506 0 0 0 1
-7.63018682189 -6.36772877206 -7.52899774805 0 0 0 1
3.55599103913 -9.57612927787 7.63949432158 0 0 0 1
9.3776139421 -2.49144355186 -8.28364086828 0 0 0 1
2.38704474482 3.56682239039 -9.51151989343 0 0 0 1
4.3957742203 4.60086341364 -1.78460804718 0 0 0 1
5.45499924077 8.06931444369 1.03082309645 0 0 0 1
-3.78130438925 -5.81129939472 0.190531556938 0 0 0 1
3.36344546105 2.53623729504 4.55368203188 0 0 0 1
-5.93961567688 -3.49668681173 9.92623963712 0 0 0 1
-5.2252464267 2.62032018496 7.22606895329 0 0 0 1
-1.73180148335 -6.1630694776 3.20715640347 0 0 0 1
5.99861001817 7.43584065635 0.178505086342 0 0 0 1
6.35019519014 5.0939697065 7.6494236315 0 0 0 1
4.29805329948 7.32355205886 -0.671910768721 0 0 0 1
7.98013380008 -4.15500913346 -5.91922428697 0 0 0 1
5.37891721605 2.15291270209 -7.29940333349 0 0 0 1
-5.62131750094 -5.01018401273 -8.05075457093 0 0 0 1
6.25699684196 0.976889728421 -8.17688208107 0 0 0 1
-9.26863813518 -1.90654192859 3.53985701648 0 0 0 1
-6.27328850178 2.82559097156 -4.90763558839 0 0 0 1
6.35093789022 7.76744120439 5.82493014767 0 0 0 1
-5.74982458602 6.40898478439 8.60622887322 0 0 0 1
1.56400237616 -9.45350907378 -0.781391013996 0 0 0 1
1.16998907055 1.42469971345 5.86852224326 0 0 0 1
-6.14863801156 4.9366052602 -5.04898900259 0 0 0 1
0.131365570609 8.29934770508 5.43585125199 0 0 0 1
-0.781732521061 -9.05699949131 -6.63483689256 0 0 0 1
-5.60092111832 7.06076663158 -9.15860106568 0 0 0 1
-0.657256464275 -4.01914740079 -9.51940855044 0 0 0 1
9.93767006736 -7.28219471395 2.97176390511 0 0 0 1
-8.01800679904 3.16851541886 -6.52897365209 0 0 0 1
3.64204749332 -3.99383146636 -0.0324671355611 0 0 0 1
9.5835526752 -1.27838066944 -1.04807500829 0 0 0 1
4.08137918152 -3.98056087026 -8.79219413026 0 0 0 1
-6.03005286087 3.0072338872 4.70577629138 0 0 0 1
4.51854917512 -9.57056239444 3.29475010693 0 0 0 1
9.05667535796 -6.62375963701 6.76311418469 0 0 0 1
9.26332429346 1.20979693948 4.15562221972 0 0 0 1
-4.78668814249 4.9243316222 2.96704510095 0 0 0 1
5.95760708552 -3.94022159272 3.06542547733 0 0 0 1
-7.65619885225 -7.54614342553 -0.392744437668 0 0 0 1
0.680247806801 -3.77484216037 7.00922417399 0 0 0 1
-0.673588719559 5.48909628233 -1.96440430407 0 0 0 1
-5.3373193029 0.789720998176 8.95181500774 0 0 0 1
8.42925562878 1.05984965594 3.31737915889 0 0 0 1
7.45520679995 -4.95567645068 1.32919996092 0 0 0 1
-1.7858019619 7.75465649227 -7.41179299481 0 0 0 1
9.43220731234 6.61764308283 -0.353285423125 0 0 0 1
-7.73255854056 -7.93921857296 9.26724726702 0 0 0 1
3.90353125346 -6.98653883698 -3.60373048655 0 0 0 1
-4.62175411704 3.6232078013 0.895045140193 0 0 0 1
-6.97902377053 0.291796923203 1.57748784523 0 0 0 1
7.73278985174 8.55464603501 5.73649555443 0 0 0 1
-5.80375555539 -4.29838464208 -1.9214194044 0 0 0 1
-5.46951176359 -5.62995711108 -9.13900423889 0 0 0 1
-2.86047716687 -3.64451141027 4.54750165959 0 0 0 1
-5.23077341412 3.76822797764 -5.62377261426 0 0 0 1
8.91364257622 8.40799797494 8.63033198313 0 0 0 1
-2.43468072139 6.68277590472 -9.66353022493 0 0 0 1
-1.34053989568 2.71284783411 0.346531790912 0 0 0 1
-2.65508919373 3.986039236 -7.02935247649 0 0 0 1
9.80944005589 -6.24862663776 -2.07271838537 0 0 0 1
-1.96562846775 -1.17915624764 -7.94105802639 0 0 0 1
-5.28609041415 -4.93989840806 9.81653802448 0 0 0 1
9.92800055766 -5.7797386618 5.13613662247 0 0 0 1
-4.65121838273 0.345907168854 2.54383972775 0 0 0 1
2.97228496971 2.23893505995 9.15362103684 0 0 0 1
-1.79789874788 -3.23504296675 -7.15594864665 0 0 0 1
7.69807109931 -2.15961494155 4.22854311121 0 0 0 1
-4.06371863519 -7.92283315231 -3.90185424858 0 0 0 1
-4.58165327958 -0.148495118696 -8.39531994325 0 0 0 1
-3.13731672144 -8.81494332373 2.6847078496 0 0 0 1
4.28801842171 -6.96236050185 3.79675039802 0 0 0 1
-1.40279560472 4.78011163109 0.358743562697 0 0 0 1
7.37872437044 3.9876755429 -8.83241050243 0 0 0 1
-4.24727691034 8.1955575232 -9.44156627912 0 0 0 1
-5.02650424986 -1.94595932791 0.471360523229 0 0 0 1
-2.57744303257 -5.26869473299 0.157185265905 0 0 0 1
-2.41819132845 -4.26068951561 -3.70545086381 0 0 0 1
-1.9341572651 3.66943492125 2.41386133739 0 0 0 1
4.41430784436 -9.81151696497 7.47248756322 0 0 0 1
1.04303428478 -4.02230629236 -7.24806578726 0 0 0 1
1.28301357698 5.88414281261 -8.5203213674 0 0 0 1
-1.92209848013 -5.30256893661 -7.91482454641 0 0 0 1
7.85096124519 -6.60746428845 1.34832847093 0 0 0 1
8.87345183378 5.70277260403 -1.6176676822 0 0 0 1
2.17699305464 -3.07549812588 8.03147091621 0 0 0 1
-1.80962596261 6.049170666 -2.48479205989 0 0 0 1
3.18371599957 3.61137365675 4.08054719973 0 0 0 1
-0.234848808318 1.53622465401 8.80856063701 0 0 0 1
2.02691634326 7.94490170839 1.21399871172 0 0 0 1
-2.38355938934 0.623183723471 -3.70381529161 0 0 0 1
4.34999226224 7.58537922901 1.24912299776 0 0 0 1
-3.25335291777 4.81830944665 8.49940599588 0 0 0 1
-4.01327594359 3.45736217167 -3.75623799139 0 0 0 1
1.54520073994 7.39873931028 5.51880582969 0 0 0 1
7.96730238964 4.22237746106 3.9312624101 0 0 0 1
7.35886187797 9.62981878336 2.12968844811 0 0 0 1
6.24320541581 3.89838767465 -8.6454703528 0 0 0 1
-5.53698874574 9.66759641265 6.27669043308 0 0 0 1
-3.92056545388 3.15748440797 0.523480736253 0 0 0 1
-5.17209935803 -8.37839101133 -9.89278472939 0 0 0 1
3.15099638029 4.08043101888 6.189707915 0 0 0 1
-8.17890544951 -9.65003900386 5.05984802701 0 0 0 1
7.34737210161 -5.73165084583 1.49556382136 0 0 0 1
-1.57107319507 -2.44536848002 5.23687618678 0 0 0 1
-9.77968526967 0.595352148125 2.69867244574 0 0 0 1
8.13791633781 -4.08184312227 -1.99590203871 0 0 0 1
-2.49717107439 5.64726503355 -2.88984436195 0 0 0 1
9.89428954586 -3.46384741548 3.7684453552 0 0 0 1
8.28125286829 -5.00284831252 2.38216604316 0 0 0 1
-5.31957309839 -2.56117190729 0.395198237601 0 0 0 1
-4.99043821542 -9.67405641238 -3.10610615813 0 0 0 1
-1.16526327431 5.61440372524 0.140124528955 0 0 0 1
-3.62842972131 -8.09264890316 -2.81325707891 0 0 0 1
-2.02581719956 9.89303464311 1.71900794751 0 0 0 1
-6.31425790462 -2.99999645565 -2.2345600886 0 0 0 1
-5.29032849478 4.04565304988 -7.06203606079 0 0 0 1
3.88877290655 -0.504960592724 9.70258472032 0 0 0 1
-2.33760755644 -0.403486918317 -0.656165911637 0 0 0 1
7.4860004946 -0.50296182929 5.45860612512 0 0 0 1
3.71313563177 5.13066707228 -5.43744254418 0 0 0 1
-1.80148055835 7.27981310866 4.84932855827 0 0 0 1
-3.78032405657 9.35334631549 -7.14792776175 0 0 0 1
8.78636251044 -0.43447581819 1.63593697354 0 0 0 1
8.25484989773 8.14200691959 2.68896266448 0 0 0 1
8.69545800063 8.00710057112 8.10064972186 0 0 0 1
-0.39629824757 1.52675958911 7.04642790563 0 0 0 1
-0.257090692882 -0.525311443354 -1.29934566852 0 0 0 1
-9.49877838468 -9.53436586569 3.80472301554 0 0 0 1
-1.66387862221 -9.55983160902 9.46658570514 0 0 0 1
5.12214625245 3.22902681049 -9.83722689641 0 0 0 1
6.34633155476 -7.63409290297 2.10162343242 0 0 0 1
-9.35213287128 -1.42457078085 -7.04293557812 0 0 0 1
5.73129859207 -0.99690740835 -8.49612365066 0 0 0 1
3.7644848502 -8.4846913443 -2.59999696992 0 0 0 1
-2.90362092987 -8.51028397028 -6.59985525167 0 0 0 1
-5.79414747386 -4.30438593523 1.38179711515 0 0 0 1
-6.316559485 1.70730103233 -0.0968822125328 0 0 0 1
-8.22184327706 1.40401122224 -1.64780271721 0 0 0 1
-8.01383015368 7.78553364196 7.81717476189 0 0 0 1
-5.50678484351 6.69662238757 2.25138098864 0 0 0 1
-8.81340906399 7.05762132086 1.04518637018 0 0 0 1
8.98444423144 -0.193520443972 3.52695391727 0 0 0 1
7.23643768689 3.60979768234 0.185528455827 0 0 0 1
5.17015603246 4.11588756109 -0.295991440234 0 0 0 1
-0.714687703 0.900590044711 -1.35834806605 0 0 0 1
-0.472974214761 4.19981188789 -7.80598610517 0 0 0 1
3.99877959429 -0.371399105841 -6.26008156066 0 0 0 1
6.87681802673 -6.09284349327 -3.72505665821 0 0 0 1
3.51206123704 -3.18213016731 4.03683178732 0 0 0 1
8.40539189807 4.81955082747 6.99563188051 0 0 0 1
1.75717774606 -3.83391730663 -1.60666368153 0 0 0 1
-4.16700411235 9.84826397034 -9.54849714938 0 0 0 1
-1.62042277944 2.62851294843 -5.50395461633 0 0 0 1
8.93951534354 -3.3867475673 2.78140339653 0 0 0 1
-7.92026250148 6.55945586223 1.9559788033 0 0 0 1
8.15329725827 -0.0396979879268 -0.54686450835 0 0 0 1
5.51375059228 0.235758574623 2.78057553175 0 0 0 1
-2.68105631488 -1.83881724735 -9.44447567026 0 0 0 1
1.30578031085 -4.85492924065 2.84208477072 0 0 0 1
-9.83483957653 -7.99821276332 6.86099183017 0 0 0 1
-5.17202834004 -2.46157600135 3.017728041 0 0 0 1
-2.58930091778 0.434684914752 4.18328120497 0 0 0 1
4.36495047796 -3.27169529067 8.30530597359 0 0 0 1
5.73675930105 -3.74278334923 8.42141477584 0 0 0 1
-1.86021010541 -6.90136175669 0.359166214806 0 0 0 1
2.8567665052 1.29470577414 -9.70263463129 0 0 0 1
-4.4109225168 9.20070149829 8.95272678417 0 0 0 1
-2.38887072804 -5.6065090074 9.28788145262 0 0 0 1
5.89989815588 3.97836123912 -4.6221347109 0 0 0 1
8.84775068262 -8.98964550428 8.81794881273 0 0 0 1
-7.36060351026 9.83778432633 5.51363181862 0 0 0 1
-0.169962629504 1.2526759191 -5.81303539086 0 0 0 1
5.71430623729 -7.84876206119 6.37731619373 0 0 0 1
0.739278082437 -9.03405859253 2.15932542331 0 0 0 1
4.70339896457 0.663962984866 2.41165572079 0 0 0 1
1.99295460943 5.27132502763 -7.26842027774 0 0 0 1
4.7463763956 9.80332469439 0.743614973129 0 0 0 1
-5.0206621488 -0.572862566128 8.10483854163 0 0 0 1
-9.0958930477 -9.79502585995 -2.40974192431 0 0 0 1
-0.2721034036 -4.90279480542 0.763250687492 0 0 0 1
-2.19155969173 2.84336340202 0.194269303625 0 0 0 1
-5.63013079633 3.56985565396 6.06370800082 0 0 0 1
-1.51990675122 -2.68418304439 8.84289000508 0 0 0 1
-2.775437184 -2.3190084621 2.66936536953 0 0 0 1
-5.61047150057 -6.63149673613 -3.35301201511 0 0 0 1
8.89483898103 0.390152463083 1.67700382547 0 0 0 1
-7.66424313725 -1.09818920241 6.72470294693 0 0 0 1
2.29547265238 5.34584735694 3.1912198423 0 0 0 1
-4.21408023383 5.84682755878 7.29113518496 0 0 0 1
2.7835370383 9.64842664281 2.02109792241 0 0 0 1
-9.60097555354 -2.41592229924 -1.91857883353 0 0 0 1
5.36457938146 -7.89582356838 -3.61646825068 0 0 0 1
-1.76599806435 -2.85487667411 -4.89402901137 0 0 0 1
-2.42321495624 -6.46559816266 8.81597618909 0 0 0 1
0.118764437431 0.0255523323767 -6.74710770672 0 0 0 1
-0.207832606966 8.64840451988 8.94324516104 0 0 0 1
6.51539594184 3.48541968244 -8.02702072218 0 0 0 1
-1.1316441346 3.88263925578 -5.4311046704 0 0 0 1
4.06180275839 0.360853256043 -4.98292676773 0 0 0 1
7.30072619798 0.863581432713 -0.802562950414 0 0 0 1
-2.60419074332 8.50703031706 5.23855102709 0 0 0 1
6.50343914391 -7.24400629081 -4.27521183257 0 0 0 1
-0.60987508109 4.06111663709 4.86532380724 0 0 0 1
-1.12901145029 0.821875339728 -0.737305326499 0 0 0 1
-8.9177833241 0.0153686614695 9.85217858597 0 0 0 1
3.65432521819 -4.53947934824 9.83725029849 0 0 0 1
-8.50097195834 8.7652853689 1.61026465925 0 0 0 1
-1.44596285035 4.51838858586 -4.20410489555 0 0 0 1
-5.78126411034 -3.48000820124 9.0627951276 0 0 0 1
2.38108723402 5.54917743666 -9.30883102621 0 0 0 1
-3.03813748505 6.57355349958 4.07157544922 0 0 0 1
5.10167601556 -0.224137530305 -2.39376467221 0 0 0 1
-2.02690420412 -9.04344968067 7.23121357195 0 0 0 1
7.54164159534 -1.94793517464 -2.09671338062 0 0 0 1
7.77159045928 8.99071637679 8.95529345174 0 0 0 1
1.51986814288 0.230608552142 -9.71751535038 0 0 0 1
-7.99201744444 1.42085897456 -1.18547710602 0 0 0 1
-6.53970563201 8.19376094527 6.2975827408 0 0 0 1
6.7559575713 -3.50481252643 1.0033883679 0 0 0 1
4.27030263239 -3.22106281599 5.65162286462 0 0 0 1
5.50323775168 3.63342227017 6.51551581458 0 0 0 1
-6.54507218006 -9.96948804969 3.67213514578 0 0 0 1
-6.89545176523 5.2296320662 2.3512155409 0 0 0 1
-4.93310459985 -5.3127730785 3.51539861956 0 0 0 1
-7.50429509527 2.13464826803 -9.63860264905 0 0 0 1
-7.7673877769 7.07614827668 7.8911001236 0 0 0 1
4.85325415174 -1.16590819219 0.530794991644 0 0 0 1
-2.67214444558 6.42277982391 8.36475017105 0 0 0 1
3.27938654024 3.49368187249 -1.97721609957 0 0 0 1
4.43117353508 -5.91889746098 3.3576790358 0 0 0 1
0.661169107674 -0.32535353415 -3.12821581686 0 0 0 1
9.23509011408 6.90224949167 -3.62235332344 0 0 0 1
0.753714230597 -6.75786402377 -4.54998587149 0 0 0 1
-2.7574173145 7.74342525871 1.8627847408 0 0 0 1
8.65074956757 7.77245356438 6.64202338466 0 0 0 1
-8.98559240999 3.9722996869 -8.72002667018 0 0 0 1
9.46891442026 8.80733937649 0.328408916108 0 0 0 1
4.65116079442 6.54463802685 -7.78007646216 0 0 0 1
9.78346580188 4.97290601463 3.49966993245 0 0 0 1
-1.17059869987 -5.63312986281 -9.83522835582 0 0 0 1
-4.91243504222 4.74029464598 -2.79886661638 0 0 0 1
1.42290382089 5.55459016989 7.67768593507 0 0 0 1
1.42460778555 -8.09841825608 -7.83407497414 0 0 0 1
-2.18049472146 -2.9217166401 -9.94650406955 0 0 0 1
-0.0815837683122 7.2642098818 -5.56172091281 0 0 0 1
-2.97542473331 3.43395000122 -7.39208665834 0 0 0 1
7.40285759271 4.08252960133 5.472249075 0 0 0 1
6.46710094493 -6.37920096407 -8.62379302049 0 0 0 1
-5.33595851297 -3.51869884904 -0.783656757368 0 0 0 1
4.98254967142 5.92107745779 -3.04342361233 0 0 0 1
-0.0978239550921 8.52614060539 -7.04205894265 0 0 0 1
-0.515676603946 2.16384645161 4.10726482615 0 0 0 1
9.74939340648 -4.75822290422 -2.07006910234 0 0 0 1
-1.74202248869 8.83265786199 5.66103423583 0 0 0 1
-3.10318414825 -5.0671396029 3.8606618581 0 0 0 1
-9.89646935692 -3.12857958933 -5.1282417813 0 0 0 1
-2.95694440452 -2.81552219511 -2.42878312976 0 0 0 1
6.69927175314 -2.04125247681 -3.25626522257 0 0 0 1
-2.3872867364 -2.36757878091 -4.76038148564 0 0 0 1
-5.51727352024 2.72911909095 -2.12391703236 0 0 0 1
-3.10933740387 8.30682210709 -1.08352337138 0 0 0 1
-1.86986839243 -9.47032338451 9.82414837236 0 0 0 1
-4.57060654449 2.1205059351 7.84465193741 0 0 0 1
7.4628518845 -5.17532620262 2.92022789154 0 0 0 1
-7.49520592764 -9.97456434173 8.61920183007 0 0 0 1
-9.00720998597 -0.375388813282 -8.65488318815 0 0 0 1
4.57962701858 0.480161283425 -1.39708204912 0 0 0 1
-5.78115737953 -2.18261228876 6.52272020599 0 0 0 1
5.65602040913 -0.542002624771 5.7862420635 0 0 0 1
2.59597755882 -2.263984206 -2.30030911881 0 0 0 1
6.49586567516 -4.4631382161 2.6463339377 0 0 0 1
-8.57950722571 -6.63236884611 -3.72136843103 0 0 0 1
0.699371760823 -5.85923962929 0.953940429621 0 0 0 1
6.11249342052 2.44362608075 0.227317600158 0 0 0 1
9.77248083037 2.99439666761 8.60570535369 0 0 0 1
4.53640097983 -6.9663282107 -5.54801352521 0 0 0 1
8.86832856587 2.26061129715 -7.80594201366 0 0 0 1
-9.4026363839 0.475942813323 3.15795299455 0 0 0 1
7.24766143495 6.61700610839 3.16716525166 0 0 0 1
1.02124058977 -7.82202664562 8.96566976901 0 0 0 1
2.96957260755 -3.02300337754 -8.82125348143 0 0 0 1
-2.77724798398 9.22383767134 7.27051648954 0 0 0 1
9.74188012692 1.25419343041 9.72678664455 0 0 0 1
8.75104518509 -9.70013831353 -1.7237763266 0 0 0 1
-0.510491777334 9.05872767546 7.15663845348 0 0 0 1
1.83707543817 4.38408440923 -0.57722705025 0 0 0 1
8.79696710973 0.811009882531 6.6819499084 0 0 0 1
2.72125657081 5.41136562819 2.87470135861 0 0 0 1
-6.99878941168 8.13390419679 -9.62097348586 0 0 0 1
-0.401365070329 1.51463214401 3.78959261707 0 0 0 1
7.02821624977 6.38191854529 -7.4862900323 0 0 0 1
0.063978493974 -5.61412317764 -2.65759959571 0 0 0 1
-7.78315925835 5.01753928705 3.57491118312 0 0 0 1
5.81052694854 2.24217383305 5.44884168696 0 0 0 1
-6.83039477178 -0.798452782404 7.26346134706 0 0 0 1
9.1159116059 0.191567398296 -4.23436481072 0 0 0 1
2.2015208858 -4.97622177584 6.34310100032 0 0 0 1
-4.59270958628 8.52572969772 3.32207751995 0 0 0 1
8.89299138851 1.61432135557 1.44507001624 0 0 0 1
-3.55426771837 4.73819561988 -7.32037301552 0 0 0 1
1.64267311415 -6.99703266893 1.66426000344 0 0 0 1
-5.072471776 5.4900389446 6.83704782657 0 0 0 1
6.26539134842 -6.9823678099 -6.77175473737 0 0 0 1
6.07906666868 5.9672605806 4.49158155115 0 0 0 1
-0.250089115971 -4.54287967509 9.08192552998 0 0 0 1
-3.37927550476 6.18650616677 -1.15804814586 0 0 0 1
-3.76806568214 8.96032251022 4.34390744786 0 0 0 1
3.55562835975 9.39490041924 -7.2540822635 0 0 0 1
1.40995703 -2.41500177089 -6.17106251705 0 0 0 1
-5.82179018695 -3.17596983511 3.00364327019 0 0 0 1
-5.9230381687 -9.20598287648 4.99734900629 0 0 0 1
1.18041495686 -0.253451819269 -5.04936027559 0 0 0 1
9.60202495342 -6.50192480691 6.27477933323 0 0 0 1
-6.37827029575 8.86798157518 3.22134729758 0 0 0 1
4.69457014496 3.65018158984 8.58397359073 0 0 0 1
1.44034581808 -7.48289684016 0.893887616209 0 0 0 1
-6.50666958942 3.83194463646 -8.37515496084 0 0 0 1
-4.24355324945 -3.81198628166 4.54201326273 0 0 0 1
8.47664358823 2.8042529602 -0.470769282818 0 0 0 1
-1.08763992704 3.63109744996 -8.21028062338 0 0 0 1
-6.26582187918 8.2741817403 -4.67432456251 0 0 0 1
9.77551165583 -5.72332177727 6.66274924907 0 0 0 1
-6.34840237403 9.92163534944 -9.37999882777 0 0 0 1
-2.53829476257 0.540921871684 0.209575801635 0 0 0 1
-4.3303423897 -4.80105308791 9.67957272783 0 0 0 1
2.6346693652 -3.77100655513 -4.81849575724 0 0 0 1
-2.2829352207 6.72948330287 2.13261249441 0 0 0 1
0.361902872505 -1.07560012241 -2.27797553492 0 0 0 1
-7.66294116497 1.19993812159 -6.50354663064 0 0 0 1
-5.52507864987 -3.02464394579 -8.76543451688 0 0 0 1
1.58402933419 -4.28317552872 -8.09568659022 0 0 0 1
-2.17263681159 4.79549677009 -1.68852295658 0 0 0 1
-2.33326053006 -1.05653571879 -7.18139058047 0 0 0 1
2.13618867616 2.28174034348 2.8268663936 0 0 0 1
2.917848185 -6.25553530676 3.8586540545 0 0 0 1
4.29410808379 -4.79743584464 8.63687852634 0 0 0 1
-7.11593879375 -7.95573412619 4.35340101718 0 0 0 1
2.86419710908 3.86509970185 -1.98285337714 0 0 0 1
-1.15994565602 -5.56076542382 -6.84840860459 0 0 0 1
9.32603470004 -0.986452355503 6.75766713067 0 0 0 1
3.22888107045 -0.975371764078 -9.78895072761 0 0 0 1
5.92137942837 -5.22088895038 8.91864627131 0 0 0 1
-5.59461140857 8.06518664111 -2.56924698393 0 0 0 1
2.32695688706 -2.55062442793 4.13937362446 0 0 0 1
-2.20395076188 3.57111761426 5.36259513201 0 0 0 1
-5.0777628354 -0.656158470556 2.07491367751 0 0 0 1
1.54427381353 1.97901574292 -5.78939437159 0 0 0 1
-9.6383270668 -5.31790165189 -0.838707131591 0 0 0 1
3.39005584758 8.69684734435 2.41928698081 0 0 0 1
1.9610739409 4.45397335351 -7.07791794822 0 0 0 1
-6.78615101118 5.33852035149 4.41838625398 0 0 0 1
9.83662214251 4.37943072559 0.561581813239 0 0 0 1
8.65081993627 -6.9605811728 -2.98064535798 0 0 0 1
1.7482511398 1.11638640307 -7.48437051818 0 0 0 1
-2.99087262198 -5.0415484081 1.46337260357 0 0 0 1
-4.50133847 -9.84447622138 7.19330681676 0 0 0 1
3.8855566938 -7.41495680771 7.92340370183 0 0 0 1
7.79162674208 1.94576629988 0.393355955258 0 0 0 1
8.46995449412 -2.28937284824 -7.24274187549 0 0 0 1
2.8697920637 -2.80704178395 -8.44309076196 0 0 0 1
9.00478872948 -0.433829227704 0.381682253207 0 0 0 1
-9.62769564683 -3.05597026693 -7.88880861913 0 0 0 1
-6.27971769523 8.35520930642 4.02944170671 0 0 0 1
7.0396109491 4.55510154196 3.46308071368 0 0 0 1
2.62140514479 3.81251616018 -8.67274474913 0 0 0 1
-2.98606275637 7.39145779876 -0.58641392064 0 0 0 1
6.41296237025 -0.169570870203 5.56798207236 0 0 0 1
7.20589120457 -1.16775877908 5.48799643616 0 0 0 1
5.16169480371 6.80771213082 -0.990273089822 0 0 0 1
9.73136488246 5.98252723521 1.45424409559 0 0 0 1
-1.0662823583 1.36042346261 3.32546126247 0 0 0 1
5.30626172949 -5.27984298094 4.76736889063 0 0 0 1
-4.19401489122 2.92728317453 7.19375767451 0 0 0 1
-8.8544291954 6.34676657603 7.3400338566 0 0 0 1
0.778999772904 5.5058168409 -3.67477244623 0 0 0 1
-4.9577421034 -7.96643361598 4.70765689267 0 0 0 1
-9.82076051598 6.42655042284 -5.9712459803 0 0 0 1
0.490761993288 -7.81054543421 0.552779361795 0 0 0 1
-2.69488832091 1.85050435808 6.94550388247 0 0 0 1
2.60466718197 8.72583069753 -3.15554475076 0 0 0 1
3.41242250976 2.66239894536 -9.36879802561 0 0 0 1
1.46520068119 2.44345866559 3.90083608983 0 0 0 1
-3.40210371689 -0.535915926928 -1.38144082191 0 0 0 1
-4.34705381377 5.24345173804 -0.211638420065 0 0 0 1
-2.95560591946 1.53142869018 -4.70431243124 0 0 0 1
-1.2631582997 -1.36080693591 6.23112161286 0 0 0 1
-3.89268948207 6.45969310119 -1.80780123396 0 0 0 1
-3.94048960864 5.02988387263 -3.46250848783 0 0 0 1
0.96852144933 -9.33768090713 0.853911686368 0 0 0 1
-6.13980756756 1.59803428047 -6.65437552623 0 0 0 1
1.39068507141 4.21702633065 0.412025235079 0 0 0 1
-0.830651533055 -9.8618242406 5.10846640628 0 0 0 1
1.1207362714 -5.31916008739 -7.33539133057 0 0 0 1
8.24301196503 -9.77825166982 -6.1098944344 0 0 0 1
-9.86901570155 -0.680109927113 -5.42827267913 0 0 0 1
2.67981856449 3.98235087832 2.17860738188 0 0 0 1
8.21302354299 -5.05763614548 -7.36837920489 0 0 0 1
-5.2147335803 -9.49857529823 8.17502467669 0 0 0 1
8.21255089449 2.67953746145 9.66790513314 0 0 0 1
0.824946473979 -1.97232937249 1.69139506097 0 0 0 1
7.64536317416 -0.735757708853 6.28949270265 0 0 0 1
-9.79825225061 -5.65860294641 -3.78159260332 0 0 0 1
-3.38690403166 4.07370616965 -5.57558542674 0 0 0 1
6.05013357469 -1.02128520286 6.86576848463 0 0 0 1
-8.21437330384 -0.198467534744 4.10466440061 0 0 0 1
-1.6552991703 -6.06748465883 -3.63932562405 0 0 0 1
-8.04609157963 0.528938920397 -7.61119536854 0 0 0 1
2.610453506 5.6179392208 6.76746232082 0 0 0 1
-4.78382736457 -4.61889886895 1.72087301823 0 0 0 1
-6.48478484317 -6.83597475968 1.57353599641 0 0 0 1
-0.40304603827 1.83651048686 -2.28164590375 0 0 0 1
-8.15330419879 6.86151574765 1.04083529466 0 0 0 1
-0.000694778294363 0.89067933849 6.02467563906 0 0 0 1
4.74274670639 1.13350740699 -9.92983198173 0 0 0 1
9.46300225651 -5.34995900202 -3.74031509039 0 0 0 1
-0.984291192316 9.76216221627 -2.34507446356 0 0 0 1
0.666793507829 5.74377112017 7.43389644696 0 0 0 1
-5.52410037674 -0.30903715863 -4.95101370933 0 0 0 1
-1.36481106682 8.63139288536 -3.25818233685 0 0 0 1
8.7117540183 4.48692330483 7.77355131671 0 0 0 1
8.43772518999 -5.37475660207 3.87402201905 0 0 0 1
-5.23663985381 -2.82773221092 5.20739018038 0 0 0 1
8.99492950556 3.30062911723 -3.68955995157 0 0 0 1
-6.57295370048 2.97145112651 -3.60854640563 0 0 0 1
7.66034952947 -4.2020017831 7.32381035466 0 0 0 1
4.8445293949 -6.73854357478 -3.33048361896 0 0 0 1
8.5773983208 -3.35140640079 -6.17872962892 0 0 0 1
5.70703716605 8.0191535307 5.58462416744 0 0 0 1
3.39422070794 2.85589955024 4.97731640096 0 0 0 1
-9.87111356448 0.980301171761 -2.0124060353 0 0 0 1
1.75037465588 -2.37921827283 2.75976811882 0 0 0 1
7.32326393055 -0.501504844204 -0.0602648747129 0 0 0 1
1.42780167621 -9.56813098416 6.38994058954 0 0 0 1
4.74416810303 9.08339398034 9.18496842348 0 0 0 1
8.97246424175 -6.93206912201 1.38827925115 0 0 0 1
4.81400250257 -6.89920364023 4.63619877343 0 0 0 1
3.12705206959 1.89871285479 0.0217899537761 0 0 0 1
-1.43568857135 5.62257310763 1.88052517785 0 0 0 1
9.68763477767 -0.543731593106 -1.6220694245 0 0 0 1
-1.37695102223 4.94536124273 0.739339066433 0 0 0 1
0.588707778651 7.41909991029 5.57792899598 0 0 0 1
0.089761950003 -9.99856468946 7.38872149039 0 0 0 1
-5.48053499813 -8.65430106137 3.38784417907 0 0 0 1
0.16344320464 -4.5912015059 -9.62261703311 0 0 0 1
-5.62383050005 1.23436516439 5.00777098451 0 0 0 1
0.567703054879 3.38087945028 5.18544967825 0 0 0 1
1.69197000847 7.6244244122 2.8788170475 0 0 0 1
4.30569577308 -0.483538147252 -5.71901300112 0 0 0 1
-3.19246010046 -5.9790087014 -1.49318582682 0 0 0 1
9.89802080005 -4.39873842894 3.52799343944 0 0 0 1
-2.64075038397 -0.657098747058 7.43118807623 0 0 0 1
-5.04097242535 -3.05265468176 8.30877749273 0 0 0 1
-7.79252193175 4.89218739651 -4.37455401061 0 0 0 1
-8.76052730813 -3.47639701458 -7.34810757696 0 0 0 1
0.0603799719367 -7.94637167043 0.658336230178 0 0 0 1
-3.30342389491 -9.13602763686 2.15515933521 0 0 0 1
-7.31194109997 -3.49068113564 8.090870466 0 0 0 1
-3.88072120371 5.03584001949 5.5037007591 0 0 0 1
-3.18677126506 -3.84796339732 0.201855138203 0 0 0 1
3.9243583167 0.931671084286 9.49484275343 0 0 0 1
5.03507768188 5.36989784455 -9.94105744691 0 0 0 1
-3.88387026747 9.63120601082 1.1202358447 0 0 0 1
-8.36667491683 -7.1367074359 5.64025668489 0 0 0 1
-6.94339842747 6.36667263079 -7.18711829792 0 0 0 1
6.83959955804 -5.43665551491 8.49111776928 0 0 0 1
9.2726568844 -3.41102328049 4.15238317558 0 0 0 1
-5.12383411167 4.80140702981 4.56488493241 0 0 0 1
2.86919966175 5.96549378568 7.67791042372 0 0 0 1
-6.55600140735 -5.38638678788 -3.93372935924 0 0 0 1
-6.20229963444 1.28266795054 3.0655425689 0 0 0 1
-6.20501378881 -6.90310126271 -6.58487794966 0 0 0 1
5.850394011 5.25888430364 -0.762858854955 0 0 0 1
-3.88452264568 -8.91806523033 -9.08837116504 0 0 0 1
9.48442874861 -4.68484437983 -5.07796475866 0 0 0 1
9.11376580334 0.00767148322454 0.539207560074 0 0 0 1
3.16683963554 6.0772286578 -4.54119791119 0 0 0 1
5.87386166512 -1.06719778377 7.28411337598 0 0 0 1
9.35862058788 -5.2249530506 2.78840417535 0 0 0 1
-2.62561390601 -5.16120858579 -9.89306059602 0 0 0 1
-4.39655418181 -6.14020475198 -4.79174467068 0 0 0 1
-9.03592626902 4.66708064763 -4.75720859992 0 0 0 1
-1.11564724464 -1.32799079515 -2.43634509266 0 0 0 1
-0.532598230161 -1.63693457164 7.24606411461 0 0 0 1
1.59150740243 -0.0137079573095 -0.738690419211 0 0 0 1
-5.1859680394 2.89856439299 -6.59107748346 0 0 0 1
-4.33650493839 -4.51389140496 2.09211948183 0 0 0 1
2.68950938494 8.19276934435 -3.79168672288 0 0 0 1
4.78603481844 0.690271205025 4.04171039407 0 0 0 1
6.5014869403 -5.40289932812 0.0561709886563 0 0 0 1
1.34134457541 3.81157360287 -8.25110171641 0 0 0 1
-2.37268365702 0.194613032832 -5.10597609691 0 0 0 1
3.50534135085 -7.49376554977 -4.88735079168 0 0 0 1
-1.12810993887 -9.95717818301 4.6528685058 0 0 0 1
6.21053108028 -2.38911668771 4.14560499116 0 0 0 1
-1.59362692818 4.37453479225 4.636542516 0 0 0 1
-6.44973296693 6.05467707774 6.77174235207 0 0 0 1
7.91788065251 5.38049651804 4.67859911078 0 0 0 1
-9.68286610902 -5.32251033773 0.676980968474 0 0 0 1
-7.13217627289 2.80192443306 -8.16733401333 0 0 0 1
2.71652648245 8.18087699354 -1.03955628097 0 0 0 1
2.69067956465 -0.833680352925 4.87834225096 0 0 0 1
-9.88164032879 9.72285296949 7.46442098928 0 0 0 1
-0.587657059173 -3.58472405017 -2.74715899726 0 0 0 1
4.14459437122 3.3121619696 -1.86256150532 0 0 0 1
3.88606966564 -7.48573442447 7.16371008954 0 0 0 1
2.71791375382 -5.68748255435 -5.72712515887 0 0 0 1
-2.51303833439 4.4883107439 3.36404127364 0 0 0 1
2.07062043502 0.552273692046 7.74569153845 0 0 0 1
-5.56742809168 4.99870331777 6.61410877038 0 0 0 1
-9.10842899211 8.93144192862 6.08491490786 0 0 0 1
-5.59353556375 -8.70485192382 -4.20102187375 0 0 0 1
-4.70070846471 6.81315567413 4.40633973825 0 0 0 1
-0.664881024032 -5.21839247551 2.75453857292 0 0 0 1
5.20691211443 -0.386958593891 -6.74978650384 0 0 0 1
2.0936556967 -6.88983137159 -2.57436535343 0 0 0 1
1.3446284328 -2.96688586471 -9.58444279563 0 0 0 1
9.31861663134 -0.500407299284 7.74824929994 0 0 0 1
-9.8791773576 -0.722494994866 -3.62322144507 0 0 0 1
3.54692407198 1.59460153979 9.55851736508 0 0 0 1
0.264383435774 4.07973845791 -9.56281085819 0 0 0 1
-6.34167025086 7.02539950541 -1.3314843468 0 0 0 1
2.90717262396 1.73069379441 -0.874643557031 0 0 0 1
-9.19700630078 -7.79695218586 -9.43373591085 0 0 0 1
7.11744605535 -6.12268985116 -6.09113303225 0 0 0 1
-9.13426693712 -5.27828683644 5.35608339931 0 0 0 1
6.67597841414 1.37652485797 -4.20753829202 0 0 0 1
-9.54274450808 1.22668107747 -9.09026305595 0 0 0 1
7.1776508653 -8.38029194333 -2.13246591625 0 0 0 1
-2.80542718681 9.52161529058 8.57717489019 0 0 0 1
-4.47838854427 -2.51617460122 0.491340394086 0 0 0 1
3.00818359014 2.81245976531 -6.9451321293 0 0 0 1
-2.01698112643 -8.17899386164 1.67037983774 0 0 0 1
-8.94647459689 4.52532069833 -5.39266399804 0 0 0 1
3.10271433657 3.73954664472 9.10029699088 0 0 0 1
-1.80443635875 -6.53987877419 -6.05640298791 0 0 0 1
-1.11740932763 4.34000090897 -4.32801393809 0 0 0 1
-2.91852711481 7.03270588962 6.64414166451 0 0 0 1
3.67780992249 0.971273810293 -6.00015728258 0 0 0 1
1.02719228513 -1.12843624296 -0.286424639993 0 0 0 1
-6.22847145775 -5.69701711599 -6.15279975127 0 0 0 1
0.00850837813005 -8.14430602228 6.11739190799 0 0 0 1
3.15192056725 0.619756107012 -5.15587783354 0 0 0 1
-4.70141107003 4.31101888782 -1.6759758401 0 0 0 1
6.90041197704 -5.19468451432 -9.17647405452 0 0 0 1
8.8243505878 -2.79059804912 -6.40648785783 0 0 0 1
5.49944960625 -2.42089273148 -2.36353055046 0 0 0 1
0.374375327314 -8.20372298001 2.87275180684 0 0 0 1
-7.48543006647 -6.05071563441 7.16531174502 0 0 0 1
-5.52903879172 -5.82278924636 8.05580657493 0 0 0 1
6.72362402054 8.74375147521 1.87552252 0 0 0 1
2.42828647933 8.30990482216 -2.05987972816 0 0 0 1
9.09958957313 -4.15846484358 -7.04313893425 0 0 0 1
8.42682589012 7.36160555893 -3.55595038396 0 0 0 1
8.08051393849 -5.33556518204 0.989517402303 0 0 0 1
1.31081341291 5.20233994581 -6.71495005521 0 0 0 1
-4.1700696437 8.44280841887 2.49959269889 0 0 0 1
0.472899929124 -6.51486779965 6.78257550769 0 0 0 1
2.29473113478 6.78003316442 2.06032301641 0 0 0 1
7.30935907877 -7.57905978201 -3.45340450599 0 0 0 1
-3.25480308929 9.86634349468 -5.14337980543 0 0 0 1
-0.885725121988 9.39882070121 -5.13991031582 0 0 0 1
-6.26689963234 9.86621465464 -7.94529164176 0 0 0 1
9.94532286057 5.82422943462 -9.2988517597 0 0 0 1
2.84609482212 7.94162110034 1.77158700934 0 0 0 1
8.25696134885 4.96921088509 1.93056423499 0 0 0 1
-5.58027936369 1.20537356061 -8.95276089218 0 0 0 1
-3.21638232973 -1.96826696354 -2.47286136139 0 0 0 1
-0.759288601235 7.57563889466 -8.80493206391 0 0 0 1
-8.97021607247 1.29567752714 4.02248305028 0 0 0 1
-9.18023880791 -2.36598717409 8.05481987984 0 0 0 1
0.0651438759297 3.22361464983 -4.92647359206 0 0 0 1
5.0276659085 -3.87755766707 6.85725930249 0 0 0 1
-8.72266754668 1.57798788552 7.16266383835 0 0 0 1
-8.30959042773 -2.52743475519 7.85119225362 0 0 0 1
-7.5325774135 4.42932456698 2.9280902039 0 0 0 1
7.94792196614 3.24020751619 -8.42621787885 0 0 0 1
3.23357948126 1.98500815261 0.595192534893 0 0 0 1
2.4001209184 7.71557301902 2.50343527103 0 0 0 1
-2.94874586945 -2.0480797878 2.28913773554 0 0 0 1
-1.07939535981 -0.299260270666 8.93345462324 0 0 0 1
2.88377159612 -5.60426605948 -9.74221755878 0 0 0 1
-7.33989778302 -9.37639452065 -7.20832633015 0 0 0 1
0.487627240764 6.06866689206 -1.43559181946 0 0 0 1
5.84166645087 5.00198601183 -6.904317421 0 0 0 1
4.40786561939 3.29589579772 -5.07892877194 0 0 0 1
-6.33540230875 6.44386641592 0.882341150139 0 0 0 1
-7.46732036122 -0.942579175959 6.24046626437 0 0 0 1
5.3777286404 -8.44083859615 6.13040208164 0 0 0 1
4.79731625531 -7.87650696371 -5.34834140238 0 0 0 1
9.4013541994 -6.81186426168 6.49802534834 0 0 0 1
-2.55280303989 6.33781307524 7.3187052683 0 0 0 1
8.2694437122 -7.24476739506 -9.83757867739 0 0 0 1
-3.34760464191 4.62792867223 -9.68658572543 0 0 0 1
-3.52168121803 1.59602773999 -8.79945046522 0 0 0 1
5.94127579173 -7.85648670577 2.20587418957 0 0 0 1
-5.98390092062 5.29337484251 -7.98551865495 0 0 0 1
-7.16716782466 -2.59908534285 -8.2016295917 0 0 0 1
-5.83390308891 -5.02476260712 -9.98665993261 0 0 0 1
1.24321184972 7.09666657176 -9.7430023831 0 0 0 1
9.09036356736 -6.89858432142 -3.41996944497 0 0 0 1
3.14833399637 6.04128246139 2.983411279 0 0 0 1
4.58488038515 -5.0197304966 -3.81454031764 0 0 0 1
5.85862185388 -5.06346424828 -8.91607011736 0 0 0 1
5.61042123327 6.77679520803 -9.72650256069 0 0 0 1
9.41624638593 5.25851279013 7.83413335049 0 0 0 1
0.128811035605 7.98974001028 0.145250611207 0 0 0 1
7.54351595147 0.969053816157 3.68434324865 0 0 0 1
7.80461453143 7.79420973888 7.73518191399 0 0 0 1
3.39320871995 8.3060243219 -8.59071323978 0 0 0 1
6.20728531439 1.42795809253 -8.36149509865 0 0 0 1
-2.24830482486 -6.8788309773 -4.38120805907 0 0 0 1
-4.74248244004 9.41644337252 -7.92271959997 0 0 0 1
-3.04428709025 -0.506335145665 -8.93474676697 0 0 0 1
-0.0354116707452 5.61621114181 -4.44600329391 0 0 0 1
-5.74512592451 4.45843860682 -8.47615580284 0 0 0 1
-1.84445029355 -6.95761555297 1.4638096019 0 0 0 1
-9.53889165404 -8.75133192999 4.65575757055 0 0 0 1
1.79622497966 -5.41399095822 0.310723679001 0 0 0 1
-8.57636429313 3.57884544977 -9.40124318295 0 0 0 1
6.30868198044 -7.47363120576 6.7160816924 0 0 0 1
-0.970336056679 9.62851621326 -3.78525091372 0 0 0 1
4.11791038651 -1.26634706698 -8.67903378275 0 0 0 1
-5.78365881971 0.192159907116 -4.61391616419 0 0 0 1
-3.60690324783 4.96638090042 2.80484983309 0 0 0 1
1.26810805879 3.62441549753 3.52163605502 0 0 0 1
-8.30125885178 2.96820951562 -3.80907650424 0 0 0 1
-0.187559944016 -9.83804751816 6.10201413261 0 0 0 1
1.88684659352 6.54513512716 -9.74573445968 0 0 0 1
-6.39201625549 -3.36269426357 3.61584789508 0 0 0 1
5.59340310175 3.45477654299 9.00038186375 0 0 0 1
5.37565095898 -2.51569264722 -0.174003930334 0 0 0 1
3.6202922097 3.55948317603 -0.406606114422 0 0 0 1
-1.25740107479 4.8907304208 -5.95521828825 0 0 0 1
5.89117062436 -8.03187727417 9.2761379473 0 0 0 1
-8.29009048681 -2.06954371093 6.17884953752 0 0 0 1
-5.40181011873 8.26602708162 8.98800629034 0 0 0 1
-1.10836873998 6.95275212182 -9.06044375747 0 0 0 1
-2.76127721637 -8.28289429249 0.991079822826 0 0 0 1
7.98543786958 6.70444337 -5.76677128981 0 0 0 1
-7.00200877495 -1.74826311938 -0.398636951288 0 0 0 1
3.77748966728 -3.04681524784 -1.32223789486 0 0 0 1
-4.58786360096 8.03736613673 3.40006807354 0 0 0 1
0.00235397475818 -4.16570945032 -6.63492954764 0 0 0 1
1.94645508057 5.10745977626 -7.81571429178 0 0 0 1
3.18039768526 8.91117404721 -0.861139525512 0 0 0 1
1.25749192276 -8.64492525375 -3.94336169632 0 0 0 1
-7.92403088284 -5.26286599532 7.36443194913 0 0 0 1
4.5883314871 7.88461522795 -5.61357148455 0 0 0 1
7.30599800748 -7.74175854227 7.5731835293 0 0 0 1
-9.26430700618 -9.94070568021 -9.22847505426 0 0 0 1
4.4985724198 3.78620190962 9.98968710647 0 0 0 1
8.94851336945 9.7145997717 3.01030642616 0 0 0 1
-8.18294940631 3.75323030543 3.18195651838 0 0 0 1
-0.351427713525 4.90908827788 -5.43741566764 0 0 0 1
-0.226681598798 2.00721678533 2.34294159278 0 0 0 1
1.04967639256 1.62651952558 7.57816709975 0 0 0 1
8.72673722524 9.98491877022 8.8235586835 0 0 0 1
4.50919571336 5.17111795197 0.742096813639 0 0 0 1
-5.75951756888 2.92764885991 -1.49971579257 0 0 0 1
0.789992226081 -1.04820662455 5.52126819006 0 0 0 1
5.11870904712 -0.7291619339 -3.5084518515 0 0 0 1
3.84931442363 -9.90502457396 -8.89426439556 0 0 0 1
-4.93419715989 0.453882654868 -5.97659874064 0 0 0 1
-4.33741982544 -1.14288504323 -5.53567752317 0 0 0 1
-0.818106174964 -6.62781741651 -7.30226295553 0 0 0 1
-8.42471217023 -6.75781954207 -2.41691641915 0 0 0 1
-3.83085397073 -4.37597093731 -8.58444213659 0 0 0 1
-7.79313175402 -0.548276407648 1.8971430269 0 0 0 1
1.5127275933 3.13997886439 6.38727368575 0 0 0 1
6.82614114401 -5.01096074599 5.30827367999 0 0 0 1
-8.53965287533 9.65825125005 -7.92591136891 0 0 0 1
5.70190611721 -2.96331399445 -6.26374366774 0 0 0 1
-9.14660420253 -9.04795409878 -6.9591185504 0 0 0 1
4.43240476192 6.63062304522 -4.52045210312 0 0 0 1
-1.48363368234 1.39334202474 0.785176577505 0 0 0 1
-1.71120837292 -9.80385857596 3.10408048004 0 0 0 1
8.01067397789 5.28245449852 5.24667936918 0 0 0 1
-3.47472176804 5.8789582025 -7.25162058353 0 0 0 1
-2.15389249047 -9.12155964257 1.44484842568 0 0 0 1
0.862591975846 -4.36524042103 6.01242881506 0 0 0 1
-3.20146046311 -6.83871375027 8.86310798144 0 0 0 1
8.5780787089 -6.57900102737 2.67963853366 0 0 0 1
4.66960753977 -3.87017473567 7.81946649328 0 0 0 1
-1.003101988 -4.62143522133 3.98616495849 0 0 0 1
-2.24264416844 6.80822673823 0.50401013382 0 0 0 1
2.17891172705 -8.34711170894 3.02012022248 0 0 0 1
-4.88896154331 -4.70714664999 -0.698357487817 0 0 0 1
1.64590979149 0.0708403537784 0.837922384494 0 0 0 1
-0.436484833856 3.46755230407 9.19182355576 0 0 0 1
4.75280667851 -0.765177117678 0.499035116035 0 0 0 1
5.34396646972 7.77552470847 -2.51140781298 0 0 0 1
0.502542781768 -2.74159673281 -2.49202956394 0 0 0 1
1.74897625141 -0.593786052785 5.0134794864 0 0 0 1
-9.18894942749 -5.70864532825 -1.91345126479 0 0 0 1
4.10712079884 1.53602569222 7.21890567196 0 0 0 1
6.0631032956 3.51658060404 0.237336761401 0 0 0 1
9.90694082752 4.18505195422 6.47772347411 0 0 0 1
-6.03359490125 -2.8268944919 0.959662811196 0 0 0 1
-3.28655945055 -7.65205748877 -5.52611114861 0 0 0 1
-2.36023095726 -5.30528756556 -2.71482295162 0 0 0 1
2.67518412667 -8.37304091539 -6.78374834678 0 0 0 1
3.50305763225 7.19891461322 9.46634120839 0 0 0 1
-0.988334321038 9.40572490824 -1.56583311015 0 0 0 1
-7.04981986816 -0.903993533637 -6.34639454307 0 0 0 1
-8.89002106567 -3.12544643856 0.0942327320056 0 0 0 1
-4.35139391454 -3.79626489079 -3.73509108016 0 0 0 1
3.14217343475 1.95347050673 0.667974667627 0 0 0 1
-8.11390045546 7.3516438472 -4.06546290169 0 0 0 1
3.7016284043 2.29035765678 0.657556994276 0 0 0 1
3.33369606496 -9.00735383094 -1.83250139675 0 0 0 1
4.30720314257 -6.94809988882 -5.82958752077 0 0 0 1
-4.88277197994 -1.42335028435 -1.76317863643 0 0 0 1
-4.45630570062 -3.78792335288 -2.98033630648 0 0 0 1
-8.5136792162 2.41537590121 -4.32984786503 0 0 0 1
-9.79599727561 -5.29598136037 -6.98892998186 0 0 0 1
-0.801675596484 4.59654530625 -4.30742837874 0 0 0 1
-4.54619051226 -6.79498870031 -9.82376135807 0 0 0 1
-2.36461420049 -5.01832142878 5.61154503112 0 0 0 1
-0.232953986798 5.15472080544 8.5273566242 0 0 0 1
-9.42864501024 -3.03789067423 8.91675834021 0 0 0 1
-6.49437017334 -0.956372866786 5.23058372294 0 0 0 1
-4.71844636601 -1.73117923523 4.86512559416 0 0 0 1
4.25006885726 6.36788106812 7.51422952456 0 0 0 1
5.27845219306 -8.73409413816 -7.26097372797 0 0 0 1
-0.736295292635 1.55719615576 -5.75507309255 0 0 0 1
-3.54092055236 5.77211435772 9.12058051064 0 0 0 1
7.17307887979 -7.81053294538 4.90373101579 0 0 0 1
-7.31218546427 -3.75771604884 -7.96564460358 0 0 0 1
-8.25754562336 7.25604463496 6.45394042671 0 0 0 1
9.25570415747 -4.84684665102 9.66204630391 0 0 0 1
7.81557981788 -3.29758948301 -6.28815227318 0 0 0 1
-3.4940028044 7.3981090968 -1.49886326183 0 0 0 1
3.83165668634 -2.75821013973 -8.10529589748 0 0 0 1
2.52424657224 -5.30796411598 7.92203112924 0 0 0 1
5.91643668985 4.58190330158 -1.15697851049 0 0 0 1
-9.67289164113 0.841822931459 9.09976128021 0 0 0 1
3.56849052089 2.19081013342 2.09223629003 0 0 0 1
-8.88402314659 7.79273741572 8.63341543393 0 0 0 1
9.33852311744 -0.36650540637 -0.173354004418 0 0 0 1
7.19137065522 5.18520100269 3.51207720562 0 0 0 1
-5.76081716449 6.24165328412 3.35406919688 0 0 0 1
3.6837721223 -7.04141122199 9.55462925921 0 0 0 1
-8.61768139265 8.01506623832 7.16089672967 0 0 0 1
2.13576381532 7.11353429993 7.96512972066 0 0 0 1
8.19309201406 -1.05416604417 -4.44369318849 0 0 0 1
4.07345009327 -4.53779164765 0.28860686506 0 0 0 1
-1.88616982673 -7.14729441339 5.42635749125 0 0 0 1
3.97926649871 4.68902133442 -0.213422785674 0 0 0 1
-9.61703513925 1.7175025808 -6.80485022035 0 0 0 1
-4.57783427992 -3.35648753085 2.64304051632 0 0 0 1
-5.81333518476 -5.47238379391 -8.13951538193 0 0 0 1
9.66762325185 -8.47693448672 1.94368659827 0 0 0 1
7.34816852926 9.01086757123 5.30012631851 0 0 0 1
6.65139669957 1.08664681543 5.01073809437 0 0 0 1
-3.34544336663 -9.43866097336 -9.929032473 0 0 0 1
6.50575640831 -7.16195328888 -1.00795537548 0 0 0 1
1.95830203535 -2.96253658064 -1.75438664971 0 0 0 1
5.3478192021 8.23734645753 1.02217658961 0 0 0 1
-5.6531213457 -1.01672323657 2.38272558951 0 0 0 1
4.23322858293 6.05175801058 1.34633965233 0 0 0 1
-6.16469096468 -0.802803021218 -0.864266388974 0 0 0 1
-3.73299860317 7.03691058752 2.41444789013 0 0 0 1
7.38825714226 4.82134501672 -7.18816308671 0 0 0 1
2.88491453752 8.37338215292 -7.51569484403 0 0 0 1
-5.49841057136 -4.16419288438 1.66247250747 0 0 0 1
-7.95067521157 -4.26341163531 8.87289287851 0 0 0 1
-6.92801456278 5.61181805385 -5.44399503839 0 0 0 1
-5.70179692582 4.27095747256 -4.67054236942 0 0 0 1
0.0500570848883 4.03970048443 -0.775268445619 0 0 0 1
-1.19657200317 3.59019332879 -6.36732112164 0 0 0 1
-1.98517801301 9.51382435676 3.18865316192 0 0 0 1
8.21250489424 -3.38296944395 -0.537068785994 0 0 0 1
-1.12236319518 -5.66308966649 -5.59425049164 0 0 0 1
8.50039605307 -8.02816764968 0.108820888461 0 0 0 1
5.78092928298 0.157234423405 4.29157790757 0 0 0 1
-8.85658445526 -2.36134636663 3.16029904748 0 0 0 1
-8.46551203051 3.8542080528 -0.835023720232 0 0 0 1
1.16448260332 0.772335244853 -6.4624336646 0 0 0 1
-9.41933747493 -7.9386626469 5.34541458098 0 0 0 1
-8.71262603302 -7.89212376546 -1.69610231937 0 0 0 1
-1.89053106524 1.10006424483 2.59908394217 0 0 0 1
2.51581231143 -3.1878719213 -7.37512280094 0 0 0 1
0.135615155098 6.67345455561 2.8497294188 0 0 0 1
-5.12545130245 5.20062076852 6.54610020948 0 0 0 1
5.1201473483 -8.22130202965 7.80604074788 0 0 0 1
-0.452160636029 4.44570593915 4.85267763709 0 0 0 1
-6.98041231567 6.0899256383 0.351192501918 0 0 0 1
-8.47754512484 -2.38721813034 1.00773767917 0 0 0 1
-2.09603925778 -0.90849074344 4.589406386 0 0 0 1
1.56754967333 -7.21097484595 1.80083873914 0 0 0 1
7.08779636022 -5.53816001724 -0.384012976635 0 0 0 1
5.48229208598 1.24149122512 -7.48876496356 0 0 0 1
8.58326737601 -5.01686838199 9.42459531607 0 0 0 1
-7.76858851744 -6.49576189568 -8.79120558863 0 0 0 1
0.450976841529 -6.67186833854 -0.585572528851 0 0 0 1
8.25703835074 -6.85563987125 3.39739568409 0 0 0 1
-2.73647739291 6.88801291452 -6.85305325993 0 0 0 1
1.69143320745 -8.83492469092 -0.749710065674 0 0 0 1
-7.31710965279 -5.49565654254 -5.29348378967 0 0 0 1
4.72985141671 -1.87309599089 9.69263454609 0 0 0 1
-3.65346135728 1.19926880853 -1.66481743555 0 0 0 1
-9.29739807978 -4.38625911426 1.75802592337 0 0 0 1
-8.17445985514 -1.97107369724 -8.52621104489 0 0 0 1
5.2200099742 -3.36124216059 -4.31950117903 0 0 0 1
3.36058222209 3.83955559478 3.52499420125 0 0 0 1
5.00338590049 2.54800537362 8.40904170708 0 0 0 1
-2.43871518657 9.24751218194 -3.43155936265 0 0 0 1
-3.04199799656 4.55195342501 -7.63217372192 0 0 0 1
3.65192439973 6.7658779067 0.335313278637 0 0 0 1
-7.7022546693 7.34624618232 -9.57670401885 0 0 0 1
5.50165618365 7.08144421531 4.14280823435 0 0 0 1
-0.407220846027 -9.84108647048 9.33034898649 0 0 0 1
2.75833047001 5.55604944407 8.03559908406 0 0 0 1
1.78716483781 6.29150057634 -2.33004341595 0 0 0 1
1.20623868976 -3.69328869128 5.70722132659 0 0 0 1
1.30115810379 4.75518643777 -4.92163389433 0 0 0 1
-3.50228187312 -5.37186972128 -7.17709137564 0 0 0 1
-3.05029342881 -8.31858479648 7.53769758406 0 0 0 1
5.86112497794 9.21096865146 -6.0479804343 0 0 0 1
-8.57278769452 6.85028096794 8.69560866232 0 0 0 1
2.150357844 -4.73866420282 7.81166402483 0 0 0 1
-1.9356917234 2.09410982863 -5.21495980381 0 0 0 1
0.241343345764 4.17279654211 7.43188023886 0 0 0 1
-9.81199998565 5.6491701716 -0.169511486811 0 0 0 1
0.554247588332 6.24642843183 4.34602063594 0 0 0 1
-0.117379892011 -0.401536844247 -6.43718675872 0 0 0 1
-6.783908504 1.71999439537 7.42593244909 0 0 0 1
-0.745118758164 -9.64827603393 7.68285576331 0 0 0 1
2.44499361003 -6.07965591054 2.70496717651 0 0 0 1
-7.29097922838 -7.11061835328 8.95782031777 0 0 0 1
-7.22703059663 4.47038457171 -8.08798027559 0 0 0 1
-7.86545043678 -9.01505252521 8.26825750479 0 0 0 1
6.48922835079 -7.59451878659 3.65931762911 0 0 0 1
-8.43911089389 5.09088445638 8.91867068112 0 0 0 1
-8.37988166001 2.69868792774 9.81911457981 0 0 0 1
9.77141017122 1.31315424063 8.53219144907 0 0 0 1
-3.41249431467 -0.391705940765 2.02352707095 0 0 0 1
6.70730288102 5.34242779538 7.51198083031 0 0 0 1
4.46863324031 -2.58550509548 0.645792672466 0 0 0 1
-0.548361587611 -9.28037874915 -4.51314165547 0 0 0 1
4.93999898916 8.68783942752 4.20426852115 0 0 0 1
1.1369791318 3.98224595004 3.17118868634 0 0 0 1
-6.98602767417 7.89787204508 -3.78206495798 0 0 0 1
3.97220643094 2.03272694598 -4.86337681895 0 0 0 1
-6.50248238686 -1.62798006769 4.02940168706 0 0 0 1
-7.92047964996 -3.47559149114 9.10102749593 0 0 0 1
1.10040666692 -5.133088198 9.09858883448 0 0 0 1
2.01725783029 -0.0637104903346 -9.91226119691 0 0 0 1
3.68919035809 -1.46268417017 -0.881843472184 0 0 0 1
8.03335244045 -7.11428719201 -7.26492879489 0 0 0 1
3.97638125291 -8.89402100115 6.39679637013 0 0 0 1
-4.07261340186 -7.97704061474 2.69923870314 0 0 0 1
3.20167101415 1.13777506275 8.28926597071 0 0 0 1
-4.26317947235 8.75490946642 6.16916698953 0 0 0 1
-9.56680631745 -8.49896606957 1.35043135961 0 0 0 1
-1.04844403014 8.91975784353 -3.40244210866 0 0 0 1
-6.02835276786 -3.10636009093 -4.36355035737 0 0 0 1
-8.95456199245 1.63767993966 -9.35423023262 0 0 0 1
6.85462550543 6.29857982237 -3.73030807364 0 0 0 1
3.57549127248 -6.88733683824 -1.18005224032 0 0 0 1
-6.42635426532 7.6057052954 -9.32761757997 0 0 0 1
9.37145952889 -8.74317557583 8.34918940019 0 0 0 1
7.92263828262 -4.01071489448 -1.01740649002 0 0 0 1
4.90941137917 -3.67318921906 -6.32144068377 0 0 0 1
8.4667406117 0.515795430754 4.64455949163 0 0 0 1
1.332942828 -3.94872017937 3.6192725809 0 0 0 1
8.94766376266 8.29744052152 -6.82778263665 0 0 0 1
-4.55298072558 9.23899859089 -6.18382453134 0 0 0 1
1.19252604251 9.60706175892 -6.62894182584 0 0 0 1
-0.82776865065 -2.9194006831 -6.77127043617 0 0 0 1
3.5532819763 7.16144373689 6.55030688436 0 0 0 1
3.14768225799 6.81180945584 3.74986290214 0 0 0 1
1.68248870889 -2.34819654547 4.06214744375 0 0 0 1
3.2881955182 9.41207806816 6.27233400145 0 0 0 1
-0.668895849285 1.2587646226 6.71639252003 0 0 0 1
-6.6363952954 5.81989319665 9.65804000152 0 0 0 1
-7.79339855198 -8.13568531649 8.4930549441 0 0 0 1
7.10698103976 -3.07057625448 -6.13194963266 0 0 0 1
-0.982969397822 -9.33793090549 -1.95562633952 0 0 0 1
0.615209245841 2.4605297884 8.30964317753 0 0 0 1
-8.28456708167 8.63773572648 1.61374746738 0 0 0 1
-3.55836101239 6.2845877925 8.25654802911 0 0 0 1
-1.63093390643 7.55224684479 6.57639244713 0 0 0 1
-8.81529057462 0.970810063317 4.69836252892 0 0 0 1
-4.58159446284 -5.46659856407 6.77873225291 0 0 0 1
5.69386629197 -4.6179977151 3.31440155395 0 0 0 1
-6.15076239918 3.51803863437 -0.314173471249 0 0 0 1
-7.90762218117 -0.790737608428 -8.50046660656 0 0 0 1
8.33734051907 4.72835475526 -7.76156877164 0 0 0 1
-3.70429254279 8.82873719326 3.38580013527 0 0 0 1
-4.84667998119 -8.14776382993 2.90164791424 0 0 0 1
8.87695576778 -0.937138346381 6.97683544665 0 0 0 1
-1.49705625716 6.83979053664 0.471973022317 0 0 0 1
2.10762561874 -0.643015486164 -4.59899093787 0 0 0 1
5.19961514219 6.4593760619 -3.14060179496 0 0 0 1
-8.14778427406 -7.70902846862 3.01815884248 0 0 0 1
-1.03730229239 4.37360992859 8.93349995312 0 0 0 1
-6.5558340571 -1.48944701218 -3.4257936484 0 0 0 1
7.71449188398 -7.12722513849 1.89183124529 0 0 0 1
-9.70115784784 -4.73702049299 2.65521898579 0 0 0 1
-8.24065947673 -9.97320259894 6.67650732504 0 0 0 1
-2.82876403861 -2.83544315606 4.02548429289 0 0 0 1
-3.6769004125 -2.86786846963 -4.17037394417 0 0 0 1
-7.17141198427 7.97635849694 -7.20819663483 0 0 0 1
9.6209804064 3.42851022957 7.62547813648 0 0 0 1
5.87749185756 -7.6002665461 -6.3705862978 0 0 0 1
-1.90153112826 -5.2621854265 -9.4461950501 0 0 0 1
5.05899776584 6.70096998651 9.43460927587 0 0 0 1
-0.226181301403 -0.42160983216 6.76936270451 0 0 0 1
1.5918368656 -2.94256530197 -8.62110292569 0 0 0 1
-7.49461223192 -2.04933795743 2.45414955864 0 0 0 1
-0.117098749471 -5.20940233202 -5.10641555202 0 0 0 1
-6.0515528946 -0.073736255438 -4.81867214455 0 0 0 1
-4.54329585231 8.11661893435 -7.06180881026 0 0 0 1
6.43488020421 -6.83549006181 -7.09731354142 0 0 0 1
8.98184903177 -2.07240606884 -3.61949059393 0 0 0 1
8.28484443654 3.87210830129 -0.131603325593 0 0 0 1
-6.4209634988 -8.39474167887 5.12839575415 0 0 0 1
-7.1362384749 -9.05796541373 8.19904139361 0 0 0 1
-3.99342432297 7.63349231452 -5.4797003369 0 0 0 1
1.77260302105 -4.33141539434 3.51609371666 0 0 0 1
9.29336010559 -7.49672501552 5.38261494379 0 0 0 1
-3.02666060152 -4.65323167987 5.42039729099 0 0 0 1
-0.266450544234 -9.57865561243 6.08835447842 0 0 0 1
0.0994516420848 -4.31533957928 1.38116072315 0 0 0 1
-6.24256206123 -6.01149143843 7.45478230731 0 0 0 1
-3.32947813293 6.21377421156 2.91535551108 0 0 0 1
1.31676393626 6.75954813736 -8.14238913869 0 0 0 1
7.93349099687 5.13762790169 -2.39194990169 0 0 0 1
1.0159837149 -1.12294654184 3.23599913446 0 0 0 1
-6.42954164894 -6.08414159427 -8.69041615115 0 0 0 1
4.22580964734 2.84374342513 8.95750717466 0 0 0 1
-1.03845044273 -8.11805899816 -5.57310486183 0 0 0 1
-2.22918826994 -8.63007767989 5.88278641065 0 0 0 1
-6.14097217026 8.08330769827 -4.14078126334 0 0 0 1
-7.24475148805 -9.13555177813 -1.28253410652 0 0 0 1
9.74647471406 -1.51875615035 7.22992405473 0 0 0 1
-6.12693425865 1.0269831206 2.68252551394 0 0 0 1
2.1333790005 -3.61135615035 6.65128794065 0 0 0 1
9.83546703705 6.06523782356 6.10981739758 0 0 0 1
-7.22493919909 5.3487021088 -9.61110877778 0 0 0 1
-3.78612323367 -4.60693307546 -2.64484380432 0 0 0 1
8.35480645803 3.66184199512 1.05497042228 0 0 0 1
5.32441407502 -7.4347651613 -9.6419215161 0 0 0 1
6.69582428352 7.50012086862 1.40643491263 0 0 0 1
2.74624126657 -1.14889724271 -7.5122016194 0 0 0 1
-5.3976304771 -5.56097061754 -8.12602810757 0 0 0 1
-4.19751281986 3.05178658244 0.198957272679 0 0 0 1
-5.10496034303 4.11741420526 1.02172499076 0 0 0 1
-2.77675108132 4.31942756917 -5.22201869947 0 0 0 1
8.22711207532 -9.30197054964 -1.53309000913 0 0 0 1
-4.05111484533 4.83329075379 -6.61049133742 0 0 0 1
7.41543392803 -0.142090632822 4.5615669063 0 0 0 1
7.19420947255 7.66066903499 5.05102858876 0 0 0 1
0.846202433944 6.14243134137 5.36990844395 0 0 0 1
4.92365090094 -2.61425887101 -6.37793968381 0 0 0 1
7.67031944648 -4.84035523896 1.6286522345 0 0 0 1
-5.18257607169 1.6696445707 0.498316933516 0 0 0 1
-2.70954582633 7.39419033842 -0.512047950374 0 0 0 1
-2.1018913914 -0.284246849259 -9.28688299986 0 0 0 1
7.64117218918 9.8365206101 9.90319549217 0 0 0 1
-0.522965655587 -2.50752841212 7.47181445408 0 0 0 1
6.78678323631 -9.68597225217 7.00176742672 0 0 0 1
-5.94757266171 -5.66586083948 -2.06358128046 0 0 0 1
-5.84181410592 6.71013669837 8.54710692061 0 0 0 1
8.61656512747 5.91825163839 5.73814178034 0 0 0 1
3.98853781184 -6.99964005132 8.72937254004 0 0 0 1
6.28841522937 8.74748530299 -7.44620855653 0 0 0 1
-2.20848149297 -4.31346288051 -1.9065832644 0 0 0 1
-7.11964451336 -5.7674662486 6.88605650502 0 0 0 1
5.98816689408 -8.41419419275 6.07075366733 0 0 0 1
9.46710457012 2.57459019912 -4.06140108471 0 0 0 1
-2.90998113978 8.94875612297 1.29969768856 0 0 0 1
-4.18906500945 7.88480174656 -6.34840335459 0 0 0 1
1.88299278987 -1.65891831193 -3.47981258129 0 0 0 1
-7.35648920131 -7.53550568633 -9.26644557222 0 0 0 1
-1.60298169134 -6.59993471001 -4.11169458528 0 0 0 1
9.71752333022 9.72529273821 -9.9447017808 0 0 0 1
-7.79271446995 1.66761775268 4.20216252081 0 0 0 1
-5.42421497891 -8.35830556743 7.02256641565 0 0 0 1
5.93335313976 3.50032540622 -9.63178470733 0 0 0 1
5.25177697292 1.69349125978 -0.571094389114 0 0 0 1
9.58232785038 -8.74461190289 7.72842977295 0 0 0 1
-1.17156415895 -8.06080500654 3.83416628056 0 0 0 1
6.27589273223 7.77509182385 6.37996213605 0 0 0 1
8.04637232123 -9.05262483032 -3.5175034262 0 0 0 1
8.74913951924 -7.68870823627 -6.76332409043 0 0 0 1
-9.02462244641 -7.82646852049 -6.48666214211 0 0 0 1
-3.52856103482 9.8518233158 -6.30102321208 0 0 0 1
2.56793231638 -3.448739555 4.43723521392 0 0 0 1
-5.65758204756 2.65318746222 2.36765998668 0 0 0 1
-2.10445721634 5.74475163138 0.117216711341 0 0 0 1
-6.15139629161 -4.50069811911 5.50572213902 0 0 0 1
6.91174191468 0.440896540045 -2.40301295831 0 0 0 1
-3.52684752564 5.14267763694 -8.26561706272 0 0 0 1
-9.14464315375 -4.3256600098 -8.43159275422 0 0 0 1
1.75570595241 7.76100740031 -0.0568477915088 0 0 0 1
2.62057828991 6.52334722865 -1.07925130876 0 0 0 1
4.61916908305 3.18216986727 -6.92999722325 0 0 0 1
-1.85972561746 -8.78662523788 -7.38970575199 0 0 0 1
9.55348425992 -5.93955764172 7.62468326263 0 0 0 1
1.38344845733 4.99644270389 -1.31207122494 0 0 0 1
-8.53361163247 -1.70555248354 3.91243913761 0 0 0 1
5.94152257642 9.90112585512 -4.41961660767 0 0 0 1
-3.05508622517 -9.96748027885 -1.31006280677 0 0 0 1
-4.75741098845 -2.5754185542 3.92890913141 0 0 0 1
-6.41986115397 -9.10225903378 -8.56034251328 0 0 0 1
-3.94385485203 -4.52205223015 -8.66508447335 0 0 0 1
-1.10423256051 0.221613204867 -7.51168634026 0 0 0 1
9.6631765946 2.95358397007 -4.70875803315 0 0 0 1
-9.87798603689 3.23681229277 4.41499506102 0 0 0 1
-0.331719468588 -3.65869316944 9.40756257951 0 0 0 1
5.01780486304 -2.24778199932 -4.99337379634 0 0 0 1
6.98977488355 -9.40982975303 -4.47470272966 0 0 0 1
-6.91370607787 1.73962101994 7.75723078873 0 0 0 1
2.10955147628 -6.9034655887 -5.82104177991 0 0 0 1
2.56461357098 4.6508665918 -2.98377870386 0 0 0 1
0.932951404722 -6.0882093745 8.94122871218 0 0 0 1
1.96844137848 -9.93516401298 -6.98986801885 0 0 0 1
-8.08527163597 0.683102987278 8.81582021944 0 0 0 1
2.38902971436 4.9039904786 -2.27292409687 0 0 0 1
-7.63057358249 4.20538473859 -7.49368888475 0 0 0 1
8.85954567514 5.4189441417 -9.35694303679 0 0 0 1
-5.13415655494 6.67641886253 4.91525777864 0 0 0 1
-8.92237459482 5.57860672058 2.70676322929 0 0 0 1
-4.93736385395 4.20988183616 -1.57999372016 0 0 0 1
-0.0717359858177 1.3254656117 5.49851363006 0 0 0 1
9.54421617 -7.08786750396 5.19289070507 0 0 0 1
-8.24253881867 -1.24890446456 9.98057485465 0 0 0 1
-9.14980234994 -6.29320466737 -7.60517619402 0 0 0 1
-6.98919132665 7.25506536926 -6.97390046098 0 0 0 1
9.24504721186 0.67952810114 -3.85517533748 0 0 0 1
-3.27861550628 7.37418211078 8.02886983438 0 0 0 1
-6.09844416963 -9.23316553429 5.4917871032 0 0 0 1
4.20278093806 -0.187059380089 1.59711520542 0 0 0 1
1.80032247082 -5.11950204092 1.42518512637 0 0 0 1
-1.54106159936 -8.38699750201 3.17135493926 0 0 0 1
-7.63858942804 7.18338892812 2.99071534114 0 0 0 1
-9.29863987539 0.841472226187 -9.65502698076 0 0 0 1
9.39152099708 5.76289239338 4.67286476897 0 0 0 1
7.8145852423 1.0466230351 9.7033878237 0 0 0 1
-0.617370509798 -8.0793330524 -3.63814903131 0 0 0 1
-5.59173097581 2.03728567474 1.92937802188 0 0 0 1
2.81361866953 -6.1811928453 7.8334256889 0 0 0 1
4.03714493471 -9.71939288628 -1.08968453019 0 0 0 1
-5.42369552484 1.90009204339 -4.97693947445 0 0 0 1
9.66342828036 9.99314663438 -1.12676655876 0 0 0 1
8.92647430635 5.28338526784 -2.0833007344 0 0 0 1
3.84331775193 2.31288714786 0.931759007408 0 0 0 1
-0.628797112169 7.32767268743 -1.53519487196 0 0 0 1
-4.35849779072 9.73916330355 4.82815640392 0 0 0 1
-7.96777106337 6.9922412889 -7.81705726038 0 0 0 1
-4.76467875436 -2.41976570192 2.61930730356 0 0 0 1
-6.54108472102 7.79511752982 0.608353615931 0 0 0 1
8.43167202191 6.48610744744 -4.06735273046 0 0 0 1
-9.35259074098 5.02718193996 4.6020126338 0 0 0 1
-3.54020608756 5.14216609921 -1.9648051677 0 0 0 1
-8.0732244805 8.66913219793 -1.25318880135 0 0 0 1
-7.67991777476 -8.43721652585 9.7982738974 0 0 0 1
4.23697136788 -5.93938026662 5.23290194731 0 0 0 1
-7.30661440602 9.44768202364 4.3178134888 0 0 0 1
6.4519221906 -3.7599107296 -8.69302684788 0 0 0 1
0.349699534036 -0.858118821715 -0.411590396602 0 0 0 1
-8.16475281935 6.05759788382 7.81146214366 0 0 0 1
1.26978303005 -1.16924613022 1.34867234398 0 0 0 1
-3.56339323575 -9.00594631601 0.481843844306 0 0 0 1
4.55445539963 4.9681449665 6.81435486554 0 0 0 1
6.31536565998 -2.49953744079 -6.9919048025 0 0 0 1
9.98938919676 1.98025595498 -1.29382873238 0 0 0 1
-0.0997241737659 -4.13135337612 -8.08544648807 0 0 0 1
9.67304946999 4.74955322095 7.0460154269 0 0 0 1
3.94293392548 1.47892976112 -8.3396589205 0 0 0 1
1.66259984068 -1.91201317842 -2.96059788522 0 0 0 1
-6.10219915825 -3.70523305816 6.01167315972 0 0 0 1
-9.43856699515 -5.81012573882 -7.2988321928 0 0 0 1
4.23283651479 9.04273622719 3.46559705709 0 0 0 1
-6.93443150755 7.91513631888 -0.715956598409 0 0 0 1
3.6376665066 1.41869095708 7.32927045896 0 0 0 1
-5.1257287598 2.59192153502 0.0984602988928 0 0 0 1
-6.57050597053 2.90500920308 -6.23568880343 0 0 0 1
-1.92362432316 5.08688106148 5.30874982803 0 0 0 1
6.74779486181 -3.48050450645 3.51494572744 0 0 0 1
9.98790108621 9.80800240064 8.89088285064 0 0 0 1
-0.112604352458 9.77957107169 5.67378072913 0 0 0 1
-7.18819737261 -4.35920202655 -6.44447813757 0 0 0 1
4.79979119563 3.94235384641 4.06406496335 0 0 0 1
-8.58225606494 5.87311961179 -6.70704767039 0 0 0 1
7.63539818954 -2.64356739788 2.38673202039 0 0 0 1
-6.75546063913 9.24483595811 1.95464393317 0 0 0 1
7.95346182795 -8.61434456024 4.10905817811 0 0 0 1
-7.84651610291 -9.09072006185 8.78396133631 0 0 0 1
-3.13136508535 -9.13562001239 7.70336597647 0 0 0 1
4.3165780426 5.92795100283 8.99245797117 0 0 0 1
5.86905117899 0.236581089345 8.82001938776 0 0 0 1
0.0280104918899 8.46792218581 4.85332348829 0 0 0 1
8.3341585997 6.6363969415 -0.982138870877 0 0 0 1
0.830382998783 -7.30663176457 5.06846137026 0 0 0 1
1.51663291138 1.7557958652 7.32645967773 0 0 0 1
0.0381285116133 3.40665080472 -3.09466205344 0 0 0 1
6.20854377507 6.88147655012 6.68477426335 0 0 0 1
0.50984261779 -6.62481928943 -7.91345289621 0 0 0 1
-6.44283595357 -8.84897258913 5.70381810012 0 0 0 1
-6.11906914623 7.350006702 -6.62345925933 0 0 0 1
1.92865721305 -1.89272486375 4.89321791897 0 0 0 1
4.14915204452 -2.12550681119 3.66908479393 0 0 0 1
9.38497115525 4.69681033186 3.14409828773 0 0 0 1
-2.58978303234 3.2001039509 -3.22951644642 0 0 0 1
-8.07374563139 -4.81532139181 -5.97079855644 0 0 0 1
7.60172053767 7.02293487252 7.66261443084 0 0 0 1
4.53992030553 -4.86715579564 8.65280410324 0 0 0 1
6.24242051039 -4.95074539387 -1.89153911615 0 0 0 1
-5.43559899057 7.09293986556 -3.80699508219 0 0 0 1
-2.19543384331 6.58880444849 9.87959660393 0 0 0 1
5.04792393142 5.043422543 5.1126515624 0 0 0 1
2.42170627498 -2.74123774865 3.45347230999 0 0 0 1
-2.92913081335 8.90237812107 3.19405847326 0 0 0 1
9.02271543095 -5.01553312545 0.616585149895 0 0 0 1
-9.03917886679 -1.76992056286 -0.254304193581 0 0 0 1
-2.49184952205 8.34811704162 -9.85622367719 0 0 0 1
9.40673761983 -3.19086772385 5.06668632371 0 0 0 1
-8.92356530301 -2.7162443846 5.87338582017 0 0 0 1
-1.03207158011 -7.71514965558 9.81486463252 0 0 0 1
6.56212585339 -1.18242221852 -2.41151115806 0 0 0 1
-5.69656341548 -5.58215664856 -1.90531570985 0 0 0 1
3.93672916562 -6.40812749078 -5.22850149488 0 0 0 1
2.22405621351 1.55403208507 7.11168574295 0 0 0 1
4.80871599852 9.81553419144 4.19292788831 0 0 0 1
1.9141148459 8.82717109318 5.02982592334 0 0 0 1
4.9422610799 4.42589262787 2.18554194727 0 0 0 1
-0.689851138283 5.47168527068 3.72785663688 0 0 0 1
-9.50382795727 8.14151349613 5.56336893313 0 0 0 1
-2.67777794656 -9.44846687811 -0.122482624445 0 0 0 1
