8.23673291076 8.49394221919 -5.74288768286 0 0 0 1
6.85516258817 6.45330639928 0.520994775711 0 0 0 1
2.20279018371 1.2576520564 7.99440321085 0 0 0 1
3.17915488794 3.79039854813 4.78177866876 0 0 0 1
1.43870948283 6.75129335194 9.29916705682 0 0 0 1
-1.39843694863 -4.66181889501 -9.7444269822 0 0 0 1
9.43679910082 4.05641069781 -3.3170211377 0 0 0 1
4.70235719135 3.2604359978 -4.84260093013 0 0 0 1
4.3244345374 0.812301177992 4.40869099437 0 0 0 1
5.30834218842 -5.6742673865 -4.33432393695 0 0 0 1
-6.48387548447 -5.83166916184 9.3173260596 0 0 0 1
0.96689627667 9.06672518863 -7.76961566833 0 0 0 1
-6.67636411796 -3.08403189377 -5.5666572884 0 0 0 1
-1.81094898735 2.16408553739 4.22392987671 0 0 0 1
9.39908115102 4.99871345113 -0.053145938219 0 0 0 1
7.9637005331 5.53328797686 5.14828308139 0 0 0 1
2.37584194721 3.16342012099 4.77105782371 0 0 0 1
-3.83264387343 -2.85193334411 -9.26529057469 0 0 0 1
-8.20045323707 3.52396188965 -5.86321076407 0 0 0 1
-0.458461511666 6.58893735574 -1.90129640946 0 0 0 1
-2.73543703859 -6.33162388415 -6.52072797894 0 0 0 1
6.63622513665 7.53743665129 -7.39553165978 0 0 0 1
9.95894151315 -9.74991480686 -1.41279770706 0 0 0 1
6.86659178202 7.26778733657 9.35892751451 0 0 0 1
2.17940913111 9.98765888466 5.13897322787 0 0 0 1
5.25980064366 9.15765708933 3.9815460225 0 0 0 1
-0.285528710656 8.2600177389 -1.14539061033 0 0 0 1
9.84227473805 -8.5056134634 2.51178312635 0 0 0 1
5.26018737365 3.74262209195 -4.90332889584 0 0 0 1
-9.02364445559 -4.41016705795 6.70291199642 0 0 0 1
-6.33873728442 1.51210810475 -8.85407093743 0 0 0 1
8.48116815435 0.302306646701 9.3085751845 0 0 0 1
2.37031967786 -8.06132498333 -5.09368791101 0 0 0 1
-8.06746453507 -9.16660197574 -6.92808782824 0 0 0 1
-2.88212593635 -7.30112508325 -3.12172595925 0 0 0 1
8.88681623239 -5.57506575953 -5.45330645817 0 0 0 1
-3.28236795535 -3.03805542219 7.938740753 0 0 0 1
4.58106826472 -7.99045746826 4.12074328355 0 0 0 1
-7.38162150892 4.95567791395 0.310986079873 0 0 0 1
-8.33965117186 -8.89446092869 -0.333661698375 0 0 0 1
4.15098296647 -0.2090115637 7.4927760283 0 0 0 1
-6.84874445787 2.70712025018 -8.8626010367 0 0 0 1
-7.81392732681 7.22835047438 -4.58500639915 0 0 0 1
-1.34889647974 3.92815216912 8.64557111209 0 0 0 1
-6.54487689968 8.95152093338 0.0344248945908 0 0 0 1
-1.00759464623 5.4846923843 1.8529026828 0 0 0 1
3.56777597144 6.91280638428 -1.53223146088 0 0 0 1
-0.388987253272 5.94993265619 -5.69783553489 0 0 0 1
-6.72360108946 -6.31223642345 -2.95957392089 0 0 0 1
-8.02184193528 8.1274561193 -6.16791720025 0 0 0 1
-9.79345712441 -5.57575401079 -4.72476064046 0 0 0 1
9.19715051551 -6.50331745289 0.691617216147 0 0 0 1
-6.86102029731 1.58364825878 7.7044534456 0 0 0 1
-4.8279439278 0.175771412116 8.68315139948 0 0 0 1
7.36663025479 7.99727215224 8.27554661059 0 0 0 1
-9.36179998159 -3.14530522022 -2.31775606665 0 0 0 1
-4.72323757219 0.622059245273 -9.58613937525 0 0 0 1
-2.58443511116 1.37884134248 -5.01470727186 0 0 0 1
-6.58601050932 7.48486584102 3.93557104742 0 0 0 1
3.56904249549 1.36986794978 1.53367733926 0 0 0 1
-3.18834254553 1.01605659933 7.47540895393 0 0 0 1
-0.94780662811 6.93791786324 -9.31669714301 0 0 0 1
-8.10265593213 3.22617770936 1.10835901844 0 0 0 1
-9.65467644 -5.74696982181 -7.28050434613 0 0 0 1
-5.6781688919 -0.933481830265 4.97623507987 0 0 0 1
-0.0516051069166 6.62356553472 -8.72851634982 0 0 0 1
5.17819608327 -7.03792560337 -6.99528917926 0 0 0 1
0.10758816661 -6.89149899506 3.32263956581 0 0 0 1
7.99630912686 -8.25885237415 8.20295322446 0 0 0 1
-4.84220936788 -3.90146526851 6.58624078771 0 0 0 1
8.26082722845 -4.49412041567 -2.29622048982 0 0 0 1
-6.93614254549 2.27963105172 6.18980522779 0 0 0 1
4.18635640045 5.66088376755 0.828918391135 0 0 0 1
-0.797485195412 -0.863352457809 -0.310123590608 0 0 0 1
-3.43675260957 6.40709863731 -0.314851774148 0 0 0 1
1.47195254804 -1.35827445242 -4.62261510815 0 0 0 1
-0.443081295582 -7.1581050199 2.49641685674 0 0 0 1
9.78107943021 -4.85334218836 -0.569888102828 0 0 0 1
8.76155158787 -5.63610717693 -0.665637325226 0 0 0 1
-9.41011367282 3.30397695111 -0.153344520273 0 0 0 1
6.06658732019 4.17294678644 -9.35322384666 0 0 0 1
-7.4018609903 3.06204476784 -3.43070784714 0 0 0 1
-4.07455875887 -5.38680166204 4.93946024334 0 0 0 1
-7.14644501464 -1.69263348678 8.94421136831 0 0 0 1
-8.9746980979 -4.96103963454 -4.93819885826 0 0 0 1
8.09539693867 -3.95524088409 9.60803333242 0 0 0 1
-2.20515289723 1.39596641504 0.786679787582 0 0 0 1
-5.52467310702 -0.879679404559 -6.5423975479 0 0 0 1
7.54000026694 -4.78591870674 9.22027960138 0 0 0 1
5.78707271494 1.75346223209 -0.293065301479 0 0 0 1
-2.31206887999 8.90171882726 -5.72280001177 0 0 0 1
3.23227233559 9.22812496359 1.99902628055 0 0 0 1
8.69204901191 5.47139100153 7.95168982941 0 0 0 1
-3.78008705435 9.59924021139 2.83590154522 0 0 0 1
-3.10255969412 2.83449402306 -8.72812651144 0 0 0 1
5.1056468248 -4.07280933447 1.41366998983 0 0 0 1
6.29092142799 -8.76082597626 9.15428605943 0 0 0 1
-4.72784877468 -3.28770385789 -3.03265592809 0 0 0 1
0.448469216362 3.01064568667 -6.83302798826 0 0 0 1
-7.59474922486 5.25690675913 4.77488572227 0 0 0 1
