-7.96799802111 2.29815561415 8.26056316615 0 0 0 1
-8.62933663968 -9.32918273076 7.30680718736 0 0 0 1
7.9832728007 -4.07605896852 6.08417419796 0 0 0 1
6.62508345981 6.81278575469 8.93822926379 0 0 0 1
0.18658242703 -4.98642685798 6.19864009021 0 0 0 1
-5.94752736292 -8.98225442632 -7.39224010923 0 0 0 1
-9.27688415882 -4.22577703434 -0.466796745033 0 0 0 1
5.18500823468 -0.24803758552 -2.43463863429 0 0 0 1
-8.10630751543 -0.411424355203 -8.48367007732 0 0 0 1
-0.500130324817 -2.78620259778 3.63591313808 0 0 0 1
6.81086696551 2.7211992853 -4.01688985675 0 0 0 1
5.1277143375 -2.1300940981 -8.866881416 0 0 0 1
-2.25746238294 -5.26540294642 -7.02339929673 0 0 0 1
9.15360763042 1.14395145568 -1.7761076564 0 0 0 1
-6.23117964248 -9.71933229703 7.77752569983 0 0 0 1
6.9431953571 -4.81162129436 -1.88332159285 0 0 0 1
6.12412132319 1.10889779456 -0.443286362011 0 0 0 1
-9.09444841519 -5.28593959329 -4.60832565198 0 0 0 1
1.90336172336 -3.77106858155 -1.42377335344 0 0 0 1
-4.69129679899 -7.08507713546 -5.4009419337 0 0 0 1
-0.409069225358 -8.80160381846 -5.48469799408 0 0 0 1
4.18788610227 -9.19821855081 8.67148672853 0 0 0 1
2.46140431674 8.15342096409 0.407901599598 0 0 0 1
-7.38167624995 6.3112777677 0.968584746112 0 0 0 1
0.0706990198857 5.66359956858 -0.647713464469 0 0 0 1
0.292451693232 -8.19174923377 2.12911001205 0 0 0 1
1.39475356426 6.29212954702 -1.94200643715 0 0 0 1
1.5469493731 8.06511335944 7.66320676406 0 0 0 1
-1.26213325887 -8.19464506247 2.34821057814 0 0 0 1
7.96515362087 -1.55135256887 -5.66771181912 0 0 0 1
-4.42092384703 8.41682389282 -7.29132772813 0 0 0 1
8.04738174825 2.54659335179 9.4336778129 0 0 0 1
-9.9058157136 2.56212915685 -9.27179126274 0 0 0 1
-0.950604069981 -6.1801235995 -0.658766257769 0 0 0 1
-7.74169726195 8.60774707867 9.96395847413 0 0 0 1
-7.4610235481 -0.583543392218 -2.8588905988 0 0 0 1
2.40721871286 6.94634771303 3.38525392124 0 0 0 1
7.5200271296 -2.74409791203 1.46601994295 0 0 0 1
-3.28075074585 -0.584434505554 0.188114602575 0 0 0 1
-3.98327799099 6.94036460654 1.52609528715 0 0 0 1
-6.37826334545 9.0072969832 3.48680354701 0 0 0 1
2.41061986945 -6.07838124423 4.41615489677 0 0 0 1
-7.61504701242 9.39735891898 9.1953662255 0 0 0 1
-4.96086278247 -2.56979221073 4.64867926644 0 0 0 1
-6.48526549963 8.07755364172 -8.17396573854 0 0 0 1
4.81787911608 -3.30032760772 1.41284452705 0 0 0 1
-0.845279770162 -3.96634527118 1.77908891335 0 0 0 1
-8.16820406185 -1.32174659079 4.29924863019 0 0 0 1
5.49803627566 2.02248833535 3.05667435609 0 0 0 1
-8.45807100865 6.53672456865 -3.24341593339 0 0 0 1
1.65355257605 -1.12155669103 0.484506942882 0 0 0 1
9.92970958361 3.47701911019 5.90632555154 0 0 0 1
-2.18235230925 -7.74672445594 6.50953798371 0 0 0 1
5.84717670159 0.331334472276 -3.63069326977 0 0 0 1
-0.454563297042 9.80070782877 6.64274036407 0 0 0 1
8.2006409372 8.76738443476 -4.79072020743 0 0 0 1
1.32818552308 -5.04745168371 6.38936248236 0 0 0 1
4.22679293618 -6.49863697759 -4.45036722302 0 0 0 1
-2.54132294307 -2.34106963579 2.44929346717 0 0 0 1
-6.18011767615 7.29319661085 4.3409203561 0 0 0 1
3.20420666218 4.14097915818 6.02117146475 0 0 0 1
3.98461578274 9.20018619843 -0.573557792401 0 0 0 1
-7.19561990292 9.21197522738 -8.41843738088 0 0 0 1
-2.55682599261 3.28002090972 -3.17816916541 0 0 0 1
-3.53108548884 -1.1275154611 -3.47277417986 0 0 0 1
9.19165205688 -7.47607178894 -0.675245482047 0 0 0 1
2.22228605358 3.62146027249 -5.80929220693 0 0 0 1
7.59320061701 6.48146931239 3.13013435036 0 0 0 1
-0.899357652584 8.87692737209 -7.73546953124 0 0 0 1
6.40345647599 -9.40164729692 1.61869753946 0 0 0 1
-6.80507556061 9.27879026597 -5.53017366124 0 0 0 1
-9.28772830256 -3.58887542807 -3.23544041409 0 0 0 1
3.80728552222 -6.12625548588 -8.75498332104 0 0 0 1
-3.91566794524 4.35782231817 -2.30268120456 0 0 0 1
-1.74887083385 2.37761360644 0.310502801526 0 0 0 1
8.01932698746 -5.09046554777 9.11983185517 0 0 0 1
4.7048849457 9.50226696927 2.28194590538 0 0 0 1
-6.60487670752 3.54590574111 4.8515826929 0 0 0 1
-2.28083853266 5.68701971129 -8.31159167487 0 0 0 1
-4.70244732786 6.77432854138 -7.1904087623 0 0 0 1
1.41269381533 2.74718115933 5.02136776635 0 0 0 1
-9.3217244779 -3.72705696663 -7.4650000912 0 0 0 1
7.63521348467 8.18558808749 4.68904207292 0 0 0 1
0.379799757924 3.74827214291 -9.79859830446 0 0 0 1
-4.59605733929 -8.39624761715 -1.37808357494 0 0 0 1
-6.45737973647 -8.17463123786 9.15115823881 0 0 0 1
-1.58571289299 8.94209327686 -8.77477975963 0 0 0 1
1.21030956116 6.17670478783 8.82207846632 0 0 0 1
-4.03182378405 5.69135711787 -7.16196446233 0 0 0 1
9.82429970746 3.42605939159 -4.49060153653 0 0 0 1
-5.11072186704 -8.54926411129 5.26213622347 0 0 0 1
5.74842233899 0.554885453357 -8.54783655093 0 0 0 1
2.64364044956 -0.875127078473 -5.37053129585 0 0 0 1
-0.316489871253 6.09056233009 5.69641986409 0 0 0 1
-3.64643048126 -4.82892063017 -3.05869056774 0 0 0 1
6.93265063828 3.17691599075 -6.68503455376 0 0 0 1
9.98000605285 1.23683405743 -2.61715084579 0 0 0 1
2.33131648008 -2.99521595471 6.00315532621 0 0 0 1
0.788968046171 -5.99630337456 0.206879958582 0 0 0 1
3.12654283807 -5.47292034643 2.36382645965 0 0 0 1
5.65323832342 -3.76179521662 -1.50762603645 0 0 0 1
-8.64902938647 4.31531417719 -9.18836426417 0 0 0 1
1.32104450906 2.73235709115 -8.40765757767 0 0 0 1
-2.56183767314 0.850392279075 -9.43957247196 0 0 0 1
-0.579312655286 1.22071757317 -5.40601949838 0 0 0 1
-1.15382566016 -1.58644020643 0.323902065868 0 0 0 1
-6.75903574548 7.42062764275 5.22518554029 0 0 0 1
6.51904285379 -5.56560000355 -6.94177390625 0 0 0 1
7.67238415686 9.62003847786 -7.84515521062 0 0 0 1
6.13359891066 -0.615896839216 -6.48250759573 0 0 0 1
-3.26354895227 -2.93990274489 -0.341608497521 0 0 0 1
0.809616570944 7.45845642194 6.34503969718 0 0 0 1
-7.05772495568 7.25638437145 8.15763130721 0 0 0 1
-5.70039462638 -2.87963766524 4.94569809782 0 0 0 1
6.59867617276 9.01333080516 -6.58438508798 0 0 0 1
-6.24101273217 9.45100699171 -6.72116714799 0 0 0 1
7.79387706418 -2.87752714144 8.2700352805 0 0 0 1
4.04757265676 -3.27990843671 6.84256585358 0 0 0 1
7.04009298928 -7.9928430534 1.37483832188 0 0 0 1
-2.23439517482 -6.11282793324 6.57693515855 0 0 0 1
-8.44479388337 -9.98465024781 7.08878595773 0 0 0 1
8.00035389502 1.08469535154 7.43423743057 0 0 0 1
4.95064079523 -3.71202783738 -3.77540578309 0 0 0 1
-7.01752318051 -7.98321399134 2.9007332844 0 0 0 1
3.96851704 4.60676682765 -4.9860542277 0 0 0 1
-8.27500597577 -8.12286372828 -0.211988002476 0 0 0 1
0.404240178584 -9.89343773358 4.04818045891 0 0 0 1
-6.33763051176 8.16370765423 -9.4976418123 0 0 0 1
-9.83989969335 4.64006987922 1.95238713408 0 0 0 1
3.74568214497 -5.34242807765 -4.86101278427 0 0 0 1
-0.623825584598 3.62533955676 -7.24831479069 0 0 0 1
-6.28558384251 -4.15714978664 9.57303955561 0 0 0 1
-6.33503514586 -6.11818620303 9.74792498672 0 0 0 1
-5.79162487565 -8.72905035943 5.21386341424 0 0 0 1
-1.85214613331 -7.81276808079 -3.10099864073 0 0 0 1
-8.01223057196 -9.20514974007 -6.56766998038 0 0 0 1
8.8038512853 -4.96241420354 -1.22044825367 0 0 0 1
2.49668132524 -6.18360228567 5.71288792648 0 0 0 1
-6.67793065736 2.59516844154 4.60207931132 0 0 0 1
-9.27574969719 -1.67638059713 -6.28428941772 0 0 0 1
1.47387561381 -6.80827799717 -3.57012213148 0 0 0 1
0.862867106879 5.51352773289 9.97111633987 0 0 0 1
-6.49382817197 -2.4046051774 7.4203408836 0 0 0 1
-3.98827847367 -0.251658447367 -9.71547119065 0 0 0 1
-7.68120740056 -8.95195319456 9.21539456655 0 0 0 1
6.86159064434 3.66844876883 4.72316241249 0 0 0 1
3.90262125524 0.173282151376 0.586129662651 0 0 0 1
-8.78952589756 5.66845183841 -7.52416034499 0 0 0 1
-9.82904804538 1.10161224752 0.641620632981 0 0 0 1
-7.50722736088 -4.71883551291 9.97012200578 0 0 0 1
2.91927374794 -9.25663163568 9.58864137722 0 0 0 1
-1.23785303428 -3.22619399666 -6.46510712071 0 0 0 1
8.09654730652 5.24437051912 9.36068591469 0 0 0 1
-0.974907339052 7.02098739316 -4.85199275366 0 0 0 1
-8.68330325487 -3.02623030485 1.28077284181 0 0 0 1
0.920497952242 9.49957606143 -0.00997227676941 0 0 0 1
0.235265293265 -1.66123100078 -5.35514114903 0 0 0 1
4.60716818622 -3.5468020989 -4.34770521529 0 0 0 1
-1.93107029512 4.53601834563 -1.54188796137 0 0 0 1
-7.7019654815 -2.11302721222 -0.295591643763 0 0 0 1
6.26900699551 -8.07372596294 -1.01405441306 0 0 0 1
7.42143243146 6.99220084642 6.81778580401 0 0 0 1
1.09505730944 -3.91712593991 1.02839243573 0 0 0 1
2.53419936359 7.10356093064 1.89825234037 0 0 0 1
-4.41652986168 0.730665930256 -0.265055310348 0 0 0 1
9.98839917218 3.27577829906 0.046981320514 0 0 0 1
4.23644702672 -7.03697771026 0.443819449869 0 0 0 1
-3.18868389493 8.86287948936 -4.31527777709 0 0 0 1
-1.30216090721 -4.52685332898 8.31758964509 0 0 0 1
-2.15136559975 3.273951578 9.25242018149 0 0 0 1
1.48296954152 2.54824107695 4.33054715608 0 0 0 1
8.59630669119 -4.00477408301 6.66792250321 0 0 0 1
-6.61895377144 6.2967500438 6.52109438707 0 0 0 1
-1.11318533288 -5.19538868023 7.80458889684 0 0 0 1
2.88333740095 5.41483875259 6.65172682653 0 0 0 1
2.505695586 -8.2926285062 0.700988354178 0 0 0 1
-1.5874987052 4.63144880598 7.2988942727 0 0 0 1
7.26667691096 4.30606358472 -0.280100563079 0 0 0 1
-7.40352756823 3.35825152142 -4.92506329376 0 0 0 1
8.98039678856 -4.43225651489 9.23256055279 0 0 0 1
-6.50938294002 6.16597196489 9.95743912911 0 0 0 1
-2.35399342969 -8.276261947 -6.24962695672 0 0 0 1
4.72478116038 3.18058140885 -7.85822402751 0 0 0 1
3.79685022888 2.36107153539 7.86594465422 0 0 0 1
-4.52514377916 8.61797801335 -0.361315702419 0 0 0 1
-8.86021009798 -8.96142837699 -8.90666691059 0 0 0 1
9.11618203921 3.66242137872 1.94877873975 0 0 0 1
-4.6088271841 2.81205249079 8.18874469401 0 0 0 1
6.97564168383 -9.28537514076 -7.99380903746 0 0 0 1
5.80205408247 -0.829274835953 -5.0025610123 0 0 0 1
-4.15109783069 5.39963019657 7.23471645748 0 0 0 1
0.0728822002967 5.73059465298 -5.77323737752 0 0 0 1
1.76339912128 -5.70293754794 -2.48282771583 0 0 0 1
9.77576747047 7.34392267884 -0.0459777649211 0 0 0 1
-8.20744716451 -5.98245601184 -9.6197978666 0 0 0 1
0.377629151666 7.53354043709 -5.03015678157 0 0 0 1
3.11597476982 8.08377800477 5.33892088457 0 0 0 1
-6.94125699666 2.4612873961 7.30098215581 0 0 0 1
0.37392838842 -1.5106942609 7.97783388225 0 0 0 1
2.13891660404 8.98287618182 -0.306083185285 0 0 0 1
-3.7428035772 9.87071017927 -3.40685865154 0 0 0 1
-6.08122792937 4.86793474221 -1.47877937823 0 0 0 1
-4.80512404915 3.85797296593 -6.69505940829 0 0 0 1
-6.53028827791 -6.70407430865 -9.61898180914 0 0 0 1
6.26723957022 1.16028543348 -7.19741048439 0 0 0 1
-4.10908299077 6.89314137346 5.13504120871 0 0 0 1
7.57721817012 8.71532915893 -8.28455285276 0 0 0 1
-2.19197453409 -7.47522001099 3.7259728404 0 0 0 1
-3.28265133953 -7.79004012614 -0.897200103364 0 0 0 1
9.35358136231 -4.58249833993 -4.2878302573 0 0 0 1
-7.38837384447 6.42661543147 3.42776557946 0 0 0 1
9.94920177035 8.25583949482 -7.4318029896 0 0 0 1
-9.86872409876 3.01550298671 -2.37988914238 0 0 0 1
-5.50611368274 -4.05898856519 -9.00700805803 0 0 0 1
-0.763106878946 0.0711132857371 6.8884167284 0 0 0 1
-6.44013006603 -0.0736178687239 2.76468462846 0 0 0 1
-9.23546092858 7.21379604077 -8.7936540135 0 0 0 1
-7.45904637603 -9.1011645946 -6.63141110109 0 0 0 1
-4.40148006912 -3.80113024855 1.4955483091 0 0 0 1
0.803209605007 5.19746317765 -0.0674830355087 0 0 0 1
9.52619625076 2.0608228737 -6.7052431356 0 0 0 1
-0.0479078772268 8.69534366452 0.0133515406352 0 0 0 1
6.78935275572 2.32347137524 7.35753749029 0 0 0 1
-2.93795656092 -4.14627098842 -0.440944971755 0 0 0 1
8.62301943376 0.517415994174 -0.54751762355 0 0 0 1
-7.57404896893 0.302813017925 1.08373305517 0 0 0 1
9.84831761988 5.38302526013 5.01023335906 0 0 0 1
5.15194824844 -0.134499116021 3.99404747491 0 0 0 1
-8.87820490308 -0.899689269349 3.90623587355 0 0 0 1
-8.50877824366 -3.37388985433 3.24280489433 0 0 0 1
-9.31736864422 9.2000705985 0.646890367861 0 0 0 1
-3.31901907311 1.49961374312 0.319765976373 0 0 0 1
7.22801128997 -5.51002361987 6.48960247921 0 0 0 1
2.70030806399 9.80872869734 7.92926272181 0 0 0 1
-2.86415190399 -7.66317411978 6.92616134608 0 0 0 1
8.78989762492 -2.13667358405 2.95724945356 0 0 0 1
-7.32647647067 -3.14787042125 -6.58860730478 0 0 0 1
-7.26605304626 1.5645831183 2.31119420115 0 0 0 1
8.26742197944 -7.38382849299 -1.68116717449 0 0 0 1
9.55077375718 0.735062032191 9.44084772313 0 0 0 1
6.16627791032 -2.26565050467 -6.32595522821 0 0 0 1
-2.55927339084 -0.484273479066 9.36662672991 0 0 0 1
-0.314186624485 2.27703281476 -6.87714595602 0 0 0 1
7.04585072909 8.6341850907 -0.646538162469 0 0 0 1
-6.63332461413 5.20197374608 -9.23742421434 0 0 0 1
-0.934368112377 -6.83957986253 8.25879723751 0 0 0 1
2.30338656769 -4.8171219355 6.76443295792 0 0 0 1
0.21048766385 0.285968631463 5.36568308936 0 0 0 1
3.64052874522 7.41263238381 -1.00795848231 0 0 0 1
-6.9658959827 -8.49998927497 4.00264958665 0 0 0 1
-9.90821390146 -8.25006071491 5.0580617408 0 0 0 1
8.56912818528 -4.54431762609 5.66596082693 0 0 0 1
-7.97762058589 -5.75641016286 6.1869493676 0 0 0 1
-4.36459747994 0.522720318043 -9.82285251136 0 0 0 1
-1.30362406006 2.8269422635 -7.21385324699 0 0 0 1
-7.11637848311 -9.16583503827 -1.69270364793 0 0 0 1
2.57106499486 4.64772952801 -3.55653052476 0 0 0 1
-8.50846049106 1.66833983581 -2.24213124846 0 0 0 1
-6.66773882961 7.4802301468 -9.09388986526 0 0 0 1
-2.65693949829 5.44606921292 8.21615498631 0 0 0 1
8.35376514324 -3.95540551158 -1.72855839117 0 0 0 1
5.95751999482 0.607968704055 -6.9468291935 0 0 0 1
9.69861843146 -7.95465638622 -4.7322696445 0 0 0 1
7.04704714442 6.08070489639 1.660527551 0 0 0 1
8.93650732866 6.79677581815 8.28794091425 0 0 0 1
-1.86878975579 9.32268466695 0.917227554289 0 0 0 1
-5.82879161397 1.14415251863 -1.8371217926 0 0 0 1
5.02561682665 5.17665484559 3.11526851675 0 0 0 1
-3.44548427942 5.83467126777 -5.70652037426 0 0 0 1
2.88842114214 7.51944490626 6.80694295841 0 0 0 1
1.97292830101 1.09389335233 1.47557510549 0 0 0 1
-2.56312067703 -1.42734723331 5.66321477956 0 0 0 1
-5.48260611186 -3.00670564737 8.24090992223 0 0 0 1
6.87770492801 -8.38652001307 3.52430927093 0 0 0 1
0.73871905745 4.27890245753 -9.48926745685 0 0 0 1
4.39728483289 -6.19925189674 -9.31570397453 0 0 0 1
-8.42964500585 -3.73253808857 2.7918092923 0 0 0 1
-6.98297839968 -2.37213311172 4.09966294148 0 0 0 1
-7.87236353261 -2.03604651825 -0.809169187973 0 0 0 1
6.09108999153 -8.17229902354 5.56748420741 0 0 0 1
3.99253728232 7.55786469837 6.03726342207 0 0 0 1
9.91702072961 -5.65583479057 1.81741959503 0 0 0 1
-1.26721059739 -8.36727516067 3.34026895707 0 0 0 1
4.23363600767 -9.44433727428 -1.62907245551 0 0 0 1
9.1999969413 9.80862273676 -6.26941890195 0 0 0 1
7.65166346641 -4.05474857128 8.19051052973 0 0 0 1
0.481156733835 -0.848983410104 -5.1516123472 0 0 0 1
9.8241060958 -5.14964466875 8.66630226256 0 0 0 1
-5.31321768141 2.57457794304 1.05478071726 0 0 0 1
9.91678719333 9.76972404248 4.13586544847 0 0 0 1
-9.25839127977 0.0914955659865 -5.01983899073 0 0 0 1
-0.515186287386 8.31575885739 7.74146227566 0 0 0 1
-4.53932084224 -5.90452589561 3.1014742608 0 0 0 1
3.2663327919 9.32449567266 -5.92477406567 0 0 0 1
2.90091242546 -8.25693993298 0.630159040025 0 0 0 1
-1.67600265364 -4.830303928 8.17675121408 0 0 0 1
1.43801159096 -3.44632839019 2.84694131325 0 0 0 1
-8.42099145222 -0.742386129449 -0.866615522845 0 0 0 1
2.0568534595 -7.72578031335 1.70280576397 0 0 0 1
-0.526754664697 8.02920642711 1.86386365324 0 0 0 1
-4.11963687426 0.80253979079 4.48313730906 0 0 0 1
-9.90235415315 -9.96604707112 -5.58738063792 0 0 0 1
-1.84022686214 8.55664861835 9.93314846089 0 0 0 1
3.86219110243 7.97473122538 -9.98011159114 0 0 0 1
5.04775596663 -5.51935554043 -5.3829224756 0 0 0 1
-8.73692355481 -0.510492438484 -9.38196118641 0 0 0 1
-0.608321808408 3.30890869686 4.08503949195 0 0 0 1
-1.87632523966 -1.71073589501 1.69468211191 0 0 0 1
-9.36299427596 -0.115930669406 9.40078558026 0 0 0 1
-0.0113793446292 -2.47569133161 0.842532896335 0 0 0 1
-0.874149312874 -3.49702177813 -1.59981026226 0 0 0 1
-5.2147074734 6.19864427368 0.575548674281 0 0 0 1
8.87882197033 6.08834463415 -3.22827455215 0 0 0 1
2.21881131504 -6.70771936753 -0.5327889092 0 0 0 1
-8.3931812444 6.30682366705 6.31448902997 0 0 0 1
-2.16127950813 4.71906036097 -8.55129424492 0 0 0 1
-9.40941534671 -8.25402485228 -8.13732401321 0 0 0 1
4.44462731311 8.72537756288 -1.52903397667 0 0 0 1
-4.91268612597 -4.29849841227 9.77047791322 0 0 0 1
-9.93655376869 3.42994261435 -2.93377028012 0 0 0 1
1.80762245873 6.49727759073 2.80207903284 0 0 0 1
3.73454843732 -9.37188281639 6.45345988779 0 0 0 1
-1.61375630833 -2.66801684948 3.09214785723 0 0 0 1
-5.33225173368 -4.83541485846 -8.54276518308 0 0 0 1
4.88123510782 -8.69372573811 9.55591147563 0 0 0 1
7.29527808574 1.22651908866 -2.16801555205 0 0 0 1
-8.0883905124 -4.644824727 -4.38034348475 0 0 0 1
4.62328280658 -3.63679816543 -5.53958146453 0 0 0 1
1.14708524002 6.65513502525 -8.39322055234 0 0 0 1
-2.34453822277 0.177982934029 -8.8596168455 0 0 0 1
8.28602443974 8.90233357417 -0.168779859805 0 0 0 1
-2.76362287599 -5.23047850317 -1.70789912021 0 0 0 1
-6.29864447273 9.51075059567 -3.06295849033 0 0 0 1
8.21010470112 0.037017577651 3.1098871768 0 0 0 1
0.339819144328 -4.7058491348 7.11942111643 0 0 0 1
-3.29452382128 -1.09970054593 -0.756950376266 0 0 0 1
-0.357791343009 -0.299772476886 -7.69113590148 0 0 0 1
1.57465566762 -4.91611332822 -3.90323127359 0 0 0 1
-5.4242781972 3.87168517508 -0.375379201501 0 0 0 1
-5.1787404825 -2.33950218695 -6.04726033229 0 0 0 1
-2.00977642798 0.0733647757495 -5.49607031086 0 0 0 1
-8.02904804364 -0.445014289845 -9.09384939317 0 0 0 1
3.06208210286 -0.557564872201 -0.05098301428 0 0 0 1
8.04036546281 -8.03730825433 2.64182759147 0 0 0 1
6.52152201617 2.01771561265 -4.83037353815 0 0 0 1
-4.55705030822 -8.71211321463 2.9696652938 0 0 0 1
-6.87065320269 -1.47388479634 3.7217045254 0 0 0 1
-6.40358129632 7.39197875924 2.33661717984 0 0 0 1
2.96429386043 7.89645802372 6.77018721781 0 0 0 1
-1.24028972444 -7.02080186142 2.03519312344 0 0 0 1
4.96472102731 -8.11692054842 5.37362826442 0 0 0 1
6.98228819055 7.44973414085 7.67805023268 0 0 0 1
-9.19080307497 4.65755680105 -2.83848829717 0 0 0 1
9.08390128936 -4.74494586181 4.26652040386 0 0 0 1
-2.106261148 7.82067525401 4.581112426 0 0 0 1
9.10923782837 -4.44283880962 7.8978997385 0 0 0 1
1.05614107594 0.159760652914 -1.95316788539 0 0 0 1
6.62481141098 -4.63522003832 7.8581881973 0 0 0 1
4.90753773058 5.82245847966 -4.63030608952 0 0 0 1
3.11238371626 -5.47769768546 -0.67041274739 0 0 0 1
5.33953148067 6.09897246929 -6.33639891058 0 0 0 1
5.57147738232 7.3245830201 -0.678878032291 0 0 0 1
-5.01665489526 -8.38286682034 3.02173048389 0 0 0 1
-8.57637026995 -3.30654580338 4.00458085884 0 0 0 1
-2.64125699288 6.59742595179 8.67424637349 0 0 0 1
8.97947154104 8.79480472719 4.13133325975 0 0 0 1
3.40050906727 3.04527709532 -1.63025919083 0 0 0 1
4.51729829122 5.67046717574 9.40031584425 0 0 0 1
2.74333101921 -1.38384800304 1.31553321698 0 0 0 1
-7.15660208133 6.48294900701 0.5054833789 0 0 0 1
5.13953655331 -3.20222466264 -6.2394848219 0 0 0 1
-4.42045540607 -9.71402472422 -1.28137729134 0 0 0 1
3.61558138856 -9.37543797643 4.06794186428 0 0 0 1
8.41553721917 8.24223046948 8.80386447165 0 0 0 1
8.67654447422 -4.25507629373 0.606478933603 0 0 0 1
-1.65851333461 -6.01537149244 -8.69949394378 0 0 0 1
-7.32181402707 -5.8857562474 -6.73296131427 0 0 0 1
3.01194950357 7.16383886072 1.57821710508 0 0 0 1
-1.04614537162 7.01771481832 7.59677068835 0 0 0 1
5.961918108 2.6970999515 -0.806353059205 0 0 0 1
0.344761292247 5.29135910717 1.55823583402 0 0 0 1
0.409735645491 4.69121232373 -5.2115214367 0 0 0 1
4.76487038873 -4.58978044857 -3.27307271505 0 0 0 1
-9.47496822383 6.49321103601 0.323649602182 0 0 0 1
1.21417615249 2.09394679138 -7.62323071522 0 0 0 1
-7.11185923668 9.92230463925 5.74513706466 0 0 0 1
1.75015171439 7.71335630649 -4.55639625211 0 0 0 1
7.10762078165 -4.80994447052 2.2366062706 0 0 0 1
-9.15655926821 -9.00670070079 7.61199221965 0 0 0 1
7.7811254597 -5.56996271367 -9.16228011667 0 0 0 1
-1.16023523044 3.79627651048 -9.55419254943 0 0 0 1
-2.23049979918 5.68720206463 7.22097508586 0 0 0 1
-4.34367768744 -5.16117927339 -3.76161586697 0 0 0 1
-0.760687143768 -8.19627311335 2.27220886272 0 0 0 1
-7.49986487178 -2.97087570847 -3.40690577441 0 0 0 1
-7.94760329273 -4.74174919937 -0.231704839456 0 0 0 1
8.56240576423 -9.23551321965 -9.49567145925 0 0 0 1
0.691619400751 -3.27615001388 8.81592573184 0 0 0 1
-5.56763769678 -3.63710394897 -6.71166205531 0 0 0 1
4.89165452959 -1.47699777348 9.37251301947 0 0 0 1
-1.0036833509 2.04884824869 4.68498328247 0 0 0 1
8.91791204089 -0.25758233906 -2.98143087454 0 0 0 1
-8.31229766686 0.236089485286 -9.5411420741 0 0 0 1
-9.14707924382 7.64495902107 -8.71162203465 0 0 0 1
-6.42022758243 2.76017971182 -4.14888200297 0 0 0 1
-6.24011340145 -1.86197589501 8.55656039375 0 0 0 1
0.131428814491 8.48379492858 8.86560931543 0 0 0 1
5.66662234273 -4.52228582345 -1.94032093649 0 0 0 1
8.33373483036 -7.66339119718 1.88454029052 0 0 0 1
3.98800702711 2.77597127672 8.29274717229 0 0 0 1
9.30951677624 8.20544888436 -0.891157859922 0 0 0 1
-0.300304618243 3.87282634841 4.09573945491 0 0 0 1
-5.26171234056 8.21895519984 -3.30727055623 0 0 0 1
5.3823131223 -6.07883449252 5.61536197887 0 0 0 1
-2.58855010025 -5.74268440346 -8.88711250052 0 0 0 1
4.44445577852 5.16854855778 2.56116084196 0 0 0 1
4.83562863497 8.53752295794 -6.9100009198 0 0 0 1
-9.29204881798 3.17910848134 4.56384926678 0 0 0 1
4.38880136687 -4.00802745733 -8.41427702479 0 0 0 1
5.2898497807 6.0914889755 -9.6180019598 0 0 0 1
8.36120882105 -6.83362504938 1.31900835255 0 0 0 1
-0.956535716363 0.443034707415 -1.48448154741 0 0 0 1
-7.54025064434 8.75001913143 3.9002320453 0 0 0 1
-1.94580204827 -4.43948648235 5.67421418297 0 0 0 1
-5.26670694744 -4.27744893872 5.88770880913 0 0 0 1
5.46492066043 -4.60358889783 3.3124429497 0 0 0 1
-9.93796708507 4.35346110051 -6.08363543522 0 0 0 1
-6.38820973792 9.87509468154 0.0352172021488 0 0 0 1
-9.32578395088 -0.663963853895 -7.96768482819 0 0 0 1
2.39298592508 8.71740261578 0.817671431488 0 0 0 1
4.47359778028 3.47890980191 -0.0872175271729 0 0 0 1
-7.93938386635 -8.86454465183 -7.83117864594 0 0 0 1
-5.4291409371 -3.34504165926 -1.30733531683 0 0 0 1
-2.072154263 -1.20748272338 -0.170434451123 0 0 0 1
6.4135908468 5.86178829608 -6.48705271141 0 0 0 1
8.67208960557 5.79047429371 1.81122104903 0 0 0 1
9.41964175344 -1.28912311251 -3.88972883676 0 0 0 1
-2.93015183043 -2.03723913196 9.04643788051 0 0 0 1
1.21101461063 5.22803315932 4.87731260033 0 0 0 1
4.65623124691 -1.68773638184 7.03153435292 0 0 0 1
6.24703082989 9.58954117439 -5.39881475317 0 0 0 1
-0.668309292492 3.52978010621 5.38567565168 0 0 0 1
-9.88039493592 3.02977264303 -3.87094593043 0 0 0 1
-6.55172423547 -0.745387451778 -1.68309058871 0 0 0 1
-9.35156907974 9.91723775388 -1.99377092109 0 0 0 1
-4.69566281284 7.18554828887 0.685790973366 0 0 0 1
-0.955391925278 9.57626646722 2.96990582901 0 0 0 1
-4.18976636338 -2.94534041364 2.56056572384 0 0 0 1
7.26073976425 -1.69993448256 7.47199520089 0 0 0 1
4.70160990993 -4.41509710805 9.93617223129 0 0 0 1
5.60668540011 3.98137097339 1.54416892585 0 0 0 1
3.9894417306 0.728663247244 2.39678208968 0 0 0 1
1.48065507021 8.70915064925 6.40684323842 0 0 0 1
-1.26349973489 -1.15156513543 8.4325131358 0 0 0 1
8.91039048835 -6.18691474836 -1.61385696625 0 0 0 1
3.02483611108 -8.86718288426 9.47862588669 0 0 0 1
1.19834154007 2.98551782247 -5.93218260937 0 0 0 1
6.22086401866 -0.163281767983 0.642402684427 0 0 0 1
-3.04349478951 -4.20622925596 9.52657509552 0 0 0 1
-0.809365930529 7.07535831751 6.86994910305 0 0 0 1
9.66200050943 0.792772307315 -7.71276678645 0 0 0 1
9.58703730545 -2.08971815436 6.03479542811 0 0 0 1
-1.6336795859 -4.73736488924 0.651533831957 0 0 0 1
2.21613103986 4.64774662765 4.52093652981 0 0 0 1
5.90959096164 -1.9284108281 7.79645710791 0 0 0 1
-6.87397573721 -2.24769083884 -0.242845326438 0 0 0 1
0.615261083739 -2.41377017317 -3.29655679744 0 0 0 1
-1.39967265333 2.99444000132 -5.40469072983 0 0 0 1
-0.559186103742 8.10310713923 9.63435535311 0 0 0 1
-4.9229745406 -2.2656657236 -6.87150060041 0 0 0 1
-9.50271551959 8.03027703599 -6.11016501815 0 0 0 1
0.478061792405 7.05503527715 0.729208946686 0 0 0 1
-9.58753642819 -7.8122219362 -4.57855524391 0 0 0 1
4.24636704043 -5.58896749546 9.12733659247 0 0 0 1
-0.743227308583 -9.45268454002 -4.64123190517 0 0 0 1
6.48453128466 8.60422355654 -6.40879583538 0 0 0 1
-0.209764908216 7.01540702044 -9.84344747528 0 0 0 1
-9.45628330144 7.31159020418 -3.70524100345 0 0 0 1
3.67794345688 -4.86832578228 -8.06997929958 0 0 0 1
-7.1239877793 5.80631809942 -4.47868336819 0 0 0 1
5.90535097723 4.48823022259 -2.56151296087 0 0 0 1
-1.46841135381 -3.60794800639 5.28096111813 0 0 0 1
-8.49580340139 7.45366702783 -3.02028218584 0 0 0 1
-4.74704539062 2.15322329313 2.7638501897 0 0 0 1
-0.203694697935 -0.949272228449 1.36817857417 0 0 0 1
-1.27699287221 -3.65614431721 -9.39724202713 0 0 0 1
-4.78503599979 9.26021742706 8.68522858604 0 0 0 1
-2.45460177624 9.51172039306 9.81721748986 0 0 0 1
5.13615309773 5.88148674784 5.62218680948 0 0 0 1
3.99427427497 2.48146781505 9.80478540607 0 0 0 1
-6.22424630569 -7.82781938117 0.0503555777864 0 0 0 1
-8.77499768852 6.76761119257 -8.70403171403 0 0 0 1
-8.19117082765 -9.41387352364 -0.231833930087 0 0 0 1
-1.28044503762 8.10755591322 8.89808097759 0 0 0 1
2.10340051979 -3.80099491058 2.95557584321 0 0 0 1
9.17759117404 3.71526906471 3.04002682122 0 0 0 1
-7.56419914812 -7.29025264186 -7.70522189793 0 0 0 1
-4.18514629933 3.10215135701 -3.91560975 0 0 0 1
7.60455744051 -3.38851295467 0.484012900218 0 0 0 1
-6.94738555113 -3.9148700141 -1.97534105252 0 0 0 1
-8.40137960403 8.77517347339 1.57730238415 0 0 0 1
-1.57312335684 7.46399718171 2.64862801347 0 0 0 1
4.01384032231 7.04725150992 -6.76107105872 0 0 0 1
6.1949883429 6.79066576502 4.15972931707 0 0 0 1
5.63914838043 8.54106325851 -7.22707307681 0 0 0 1
0.59884890267 -7.01300764565 4.92639021122 0 0 0 1
5.03177935571 2.95055884104 4.89045407242 0 0 0 1
-5.71856480721 1.68934137528 -3.54206789298 0 0 0 1
3.79800037761 -8.60992139531 1.72824270915 0 0 0 1
6.52329719492 3.8784108652 7.58028185577 0 0 0 1
-8.98002294671 1.69849192625 -3.78744353957 0 0 0 1
7.35808595112 -4.04887405708 7.65021470109 0 0 0 1
-5.45415626809 -4.1259152214 -0.108702847406 0 0 0 1
2.60637312664 -3.88493528884 0.827715474321 0 0 0 1
-9.25772754738 8.89707811291 -7.83599101906 0 0 0 1
0.225111066319 3.4084822624 8.80075861261 0 0 0 1
4.59608874709 -2.1901180301 -4.40833680362 0 0 0 1
5.38751423843 -0.142289985148 2.75476948671 0 0 0 1
3.26999516392 1.56328598445 -8.39406026037 0 0 0 1
-0.988654014958 2.29758215389 9.01392682923 0 0 0 1
-3.98928029126 0.684404686806 8.02451374609 0 0 0 1
-1.56807175333 1.11260122247 -8.61134396291 0 0 0 1
-7.80819363249 -0.750017533934 -7.92943898057 0 0 0 1
2.22598535614 3.63945894473 -3.67557801155 0 0 0 1
2.29932108995 0.767150482621 -4.05556398632 0 0 0 1
6.23513655771 -3.20112179595 -4.53016113215 0 0 0 1
-2.68364359788 -9.67916424927 -8.87101107457 0 0 0 1
-3.0224669594 -0.152360259803 -8.60739136235 0 0 0 1
0.610010304564 -7.13109894336 -9.01408963229 0 0 0 1
4.96665754858 0.638858579287 1.41030975418 0 0 0 1
3.36801031416 -9.87881302747 -3.48474790785 0 0 0 1
4.71995605544 -5.48666625325 -2.88188313828 0 0 0 1
-9.69216536495 0.775750605263 2.9216424428 0 0 0 1
5.22402572283 4.29898961559 -0.912526299987 0 0 0 1
8.50321775307 1.02191396903 9.65467942678 0 0 0 1
-9.48986215354 7.96826794075 4.76638769405 0 0 0 1
-9.62895530287 1.45452507729 1.0479094923 0 0 0 1
-6.89350232282 -5.82285818019 0.386066507273 0 0 0 1
-6.62188901079 -4.16318970335 -4.31349981175 0 0 0 1
8.24662043076 -8.17882716783 3.36605126828 0 0 0 1
-3.23847587429 6.31850901457 3.65370708334 0 0 0 1
8.90854678638 -0.896171813486 -8.39674856262 0 0 0 1
-4.99953457798 1.56980405943 1.46202839441 0 0 0 1
6.33850890252 8.67333565911 0.508536498954 0 0 0 1
5.33601051996 8.52952943352 5.05766358067 0 0 0 1
-7.69349718009 -6.70592199131 -9.05647405268 0 0 0 1
4.11966389451 9.9603761031 9.51140753136 0 0 0 1
3.1941219262 -3.33816369491 4.12590211081 0 0 0 1
-4.33141254309 -4.32078490462 -8.34763443542 0 0 0 1
3.85247214236 -9.23164821071 0.165957750308 0 0 0 1
-4.57022859164 8.46457696091 -6.80746314103 0 0 0 1
-4.62409296871 3.764272802 -4.08096635057 0 0 0 1
7.15198626602 2.87621250971 -0.415546452846 0 0 0 1
8.86635676065 6.52011675844 -0.0660588111946 0 0 0 1
-2.13652203605 -4.19209838268 4.22161130161 0 0 0 1
-1.09952633865 8.79604862516 3.1920811408 0 0 0 1
8.94491874571 1.94393481492 -2.61385361981 0 0 0 1
0.118480641544 -0.7137676563 -1.75337145653 0 0 0 1
-7.2286872565 3.45450237103 3.36069070049 0 0 0 1
-9.27670716071 -1.12769591364 -3.36638974633 0 0 0 1
6.2722764489 4.46414699684 6.05561067296 0 0 0 1
-0.656478087483 -4.10905788855 -3.78789751489 0 0 0 1
-4.18342731844 -0.10469868758 7.39282256421 0 0 0 1
-3.7830051946 1.85023152853 7.62667005826 0 0 0 1
8.97726146364 9.55155431393 -6.33621925372 0 0 0 1
-4.14572781823 5.41742928764 -1.46928767247 0 0 0 1
1.09720700781 -7.2582342391 1.94251127405 0 0 0 1
-3.60024288696 4.62517843933 -7.76957330971 0 0 0 1
-2.0442946517 -7.77723089622 4.42666947186 0 0 0 1
0.354525855472 2.06959044686 -7.85061937635 0 0 0 1
-4.33235523957 8.85832077593 1.38946653136 0 0 0 1
7.93959943327 1.76429168052 -4.0901823754 0 0 0 1
9.45407605763 6.4716226564 9.70408823187 0 0 0 1
-2.40847905933 -3.21344571394 8.50207280014 0 0 0 1
3.25546450254 2.26150505627 -3.10393156318 0 0 0 1
3.51274534628 -2.02510466318 7.37901171611 0 0 0 1
-9.42854694928 -4.84804015475 4.13012588466 0 0 0 1
-8.87981098723 4.27396576928 4.68636235017 0 0 0 1
7.16900159387 5.49738968584 9.4694146945 0 0 0 1
-0.473714364681 -7.49213797719 -0.0568940870861 0 0 0 1
2.90288836766 -0.766954478557 1.0722636558 0 0 0 1
-6.29227297255 -1.44573628104 3.91157285312 0 0 0 1
5.44922627249 -4.97919210587 5.95851519983 0 0 0 1
-3.31184918112 0.0385973300821 -6.72449490619 0 0 0 1
-4.51621214229 6.55638882564 9.16422500201 0 0 0 1
0.136523802488 7.52225849456 2.43897166106 0 0 0 1
-8.43910057148 2.46503241305 2.9178422751 0 0 0 1
7.35353111838 6.78066123341 -2.9150367834 0 0 0 1
9.78416570505 1.47053263076 -9.55974299301 0 0 0 1
-9.74288959789 9.97853011719 -2.4592208005 0 0 0 1
1.74817674771 7.48238891974 -0.0634336783507 0 0 0 1
-0.109856116873 2.60508200368 -1.45444296809 0 0 0 1
-1.24602376519 6.07794310411 3.90693519165 0 0 0 1
5.11641899746 -6.35808490768 -3.06072071072 0 0 0 1
0.323773156985 -7.42214588915 -2.71859619833 0 0 0 1
8.4403687761 5.10524740977 8.2381884431 0 0 0 1
2.95854622226 2.84058324677 5.95404740823 0 0 0 1
-2.69989567217 3.77861417791 -4.87274171726 0 0 0 1
0.733599615722 5.56191381675 -7.12697583749 0 0 0 1
9.10607369478 3.7318145733 -5.74354962951 0 0 0 1
-8.41821834355 -9.22803439493 0.0670943235848 0 0 0 1
2.08975333043 8.6709567304 -6.10262652985 0 0 0 1
-2.84592021658 -7.02052758467 9.54454623447 0 0 0 1
5.11843999127 2.79654991868 -0.0481792760066 0 0 0 1
-4.92256392572 -5.44088998385 5.25508999205 0 0 0 1
-8.8523723248 8.0188476931 3.57949525532 0 0 0 1
-5.77966038009 -2.85433184813 -6.80554221644 0 0 0 1
6.8220791425 9.9006637482 7.16189493383 0 0 0 1
-7.08007007356 6.366954982 -3.36604496054 0 0 0 1
-9.97410129278 8.81989603479 -8.91846325233 0 0 0 1
-2.16162471512 5.85005941862 2.82537373344 0 0 0 1
-7.17356296888 -9.55621086646 -4.12075337763 0 0 0 1
2.12360352404 9.0611310463 0.555062178075 0 0 0 1
-9.36762898996 -6.29838621178 9.31964315121 0 0 0 1
-9.75183322918 -7.60886060668 -1.81157632693 0 0 0 1
-0.905143882453 -7.98797671547 1.86264998652 0 0 0 1
1.87416615325 6.66550477094 4.94032241355 0 0 0 1
-6.15825144912 6.26921597626 1.40823123646 0 0 0 1
2.75475583748 -8.52511625952 -8.25689164057 0 0 0 1
9.05151598971 2.52014427166 -5.94378337835 0 0 0 1
7.39888231198 -2.98118972984 -9.98384457059 0 0 0 1
-0.323214496273 -2.85510275842 6.13892438323 0 0 0 1
0.0674115626304 3.13939088574 -6.06049444076 0 0 0 1
6.15080753384 -6.5717811189 -4.58817420627 0 0 0 1
4.86032189104 6.73118066098 -4.80722071609 0 0 0 1
-6.45975376526 -3.91764009907 4.80328031585 0 0 0 1
8.36230340436 -6.33932145586 -0.152120076786 0 0 0 1
7.16219387123 -6.92308518354 -9.78454747546 0 0 0 1
2.08790572956 0.238841806228 1.09490537176 0 0 0 1
-0.813475970307 -7.05756013039 -9.90388414208 0 0 0 1
-7.23575412643 8.45311657921 9.61278797066 0 0 0 1
7.93030773871 2.0664989193 5.61470028806 0 0 0 1
-7.9875942542 -9.86472028462 7.70542705011 0 0 0 1
-0.595892294526 7.94667641945 -8.26883619514 0 0 0 1
0.102345936163 -5.00602439675 -9.3197834058 0 0 0 1
-2.79451535254 8.18324693813 -7.46817827412 0 0 0 1
0.132571771153 -2.18192529101 6.59635082716 0 0 0 1
-6.62095129199 -9.57233855829 -8.40338092616 0 0 0 1
7.27107089937 7.38256283361 0.0672919560421 0 0 0 1
2.12381920503 -5.61042791803 0.0575513914466 0 0 0 1
-2.72804370692 6.49890439467 9.02858437337 0 0 0 1
-1.19116149956 2.05344326666 0.991032229499 0 0 0 1
2.65995541513 1.32470572533 -2.75073183784 0 0 0 1
-1.78592499122 -0.63860152662 6.11612823378 0 0 0 1
-1.85921829224 -6.91898430879 8.9733949671 0 0 0 1
-1.70824861958 2.06873681633 -2.76605279399 0 0 0 1
-6.51475189601 -6.84145649781 -2.22523660476 0 0 0 1
7.24381781418 -7.04578998439 6.71385372199 0 0 0 1
-6.79727019862 8.47565783538 -5.46568460961 0 0 0 1
-3.88305576865 -3.30956712395 7.733590286 0 0 0 1
8.20573942701 7.61227092313 -3.91064056456 0 0 0 1
4.93964884342 -7.25703120109 6.41553174663 0 0 0 1
5.33233125243 -8.80151434424 9.51955175207 0 0 0 1
-3.82262871389 -9.03208285026 -0.769060869448 0 0 0 1
1.56088577607 -6.00483768116 1.74832679177 0 0 0 1
9.22005557405 2.09693073793 -1.60288036188 0 0 0 1
-7.89080260131 9.6485059917 -7.56259082034 0 0 0 1
-3.02723656932 3.93797217613 -6.28586987127 0 0 0 1
4.3715838819 0.541490953167 -2.98995904194 0 0 0 1
7.91264999528 -1.36250466406 2.26039898371 0 0 0 1
2.21676103995 7.10344773747 -8.20657215701 0 0 0 1
8.02205916781 9.12662907464 5.27963234623 0 0 0 1
6.91359236706 2.87726197172 8.88535820275 0 0 0 1
5.22583062156 -9.51668126627 6.08313498149 0 0 0 1
-5.33093984219 -2.95955401687 -5.35669897909 0 0 0 1
-1.11095880395 -3.88996488926 6.91837478062 0 0 0 1
-9.96332561768 8.30791159121 2.73052976473 0 0 0 1
-7.83282080841 1.93372405346 7.86317609839 0 0 0 1
6.10104820557 -3.82188935435 2.9181617768 0 0 0 1
-0.107408800041 -7.46599013078 -8.10471167318 0 0 0 1
-6.65221601237 -5.50676903275 -9.97765747768 0 0 0 1
-5.72930181772 -4.09951846169 -4.00920747013 0 0 0 1
3.01743042634 1.42539183178 6.92487221651 0 0 0 1
-5.51559927548 -9.91113578834 -7.69691479137 0 0 0 1
8.10217504783 -5.20281259956 0.163281191726 0 0 0 1
-5.52438946904 8.44928322926 -9.20962194363 0 0 0 1
-7.215057431 -5.21495930451 1.38583066355 0 0 0 1
6.64385091804 9.52669300391 8.63908347472 0 0 0 1
3.59182534101 5.91342613302 9.11135635441 0 0 0 1
-4.62359208911 -4.58896738904 -8.63311527777 0 0 0 1
0.252207891158 -3.67671290799 -4.24327324539 0 0 0 1
-6.40230352812 8.91585311645 1.03190794456 0 0 0 1
1.69531690928 9.80542139973 -5.70894326973 0 0 0 1
-6.47181793701 -8.55019842653 9.44351613874 0 0 0 1
-5.47685363074 3.29949704053 0.15104417743 0 0 0 1
-9.99178176079 4.39960613278 -2.37038948075 0 0 0 1
-7.58823560289 4.17992376371 3.54923928865 0 0 0 1
8.46954720177 -1.57516639153 9.15271799702 0 0 0 1
-1.04046716044 8.49584890986 -9.74624905114 0 0 0 1
5.26519381145 2.6321966075 6.98762114214 0 0 0 1
6.47333128991 -6.54448420366 1.62047463218 0 0 0 1
-0.543217221933 -6.31380963018 -7.47871436622 0 0 0 1
5.38597533016 -2.04583330263 4.07765373702 0 0 0 1
7.14172433687 -5.3820306467 -3.73957149058 0 0 0 1
-9.94532087556 9.17604886867 -7.68202027976 0 0 0 1
3.44276724107 -7.70375438497 2.53582240687 0 0 0 1
4.27498647547 -3.89681271448 -8.77199576698 0 0 0 1
6.66534058417 9.89147284844 8.87313626388 0 0 0 1
8.89519821465 1.28087804544 -9.76436982484 0 0 0 1
-6.02826628866 3.78593890771 -2.92316726023 0 0 0 1
4.23246059195 8.01647633914 -0.0538235215722 0 0 0 1
4.8595147899 6.14270732322 -0.932414345714 0 0 0 1
-9.54262661343 -9.0734207418 -8.3700953982 0 0 0 1
6.43198042535 -5.28056578134 0.573150353615 0 0 0 1
2.32588928216 -2.76460668065 6.92104863999 0 0 0 1
-7.09098354707 6.50670986822 5.61164981735 0 0 0 1
5.62747299442 6.0524134713 3.40817093866 0 0 0 1
0.616200662315 -5.68604442408 -6.29802854678 0 0 0 1
0.335436239043 8.68551259727 -0.999505618325 0 0 0 1
6.36664543487 0.0107846848367 -2.7963201505 0 0 0 1
5.59340990495 7.07273534639 3.9288869929 0 0 0 1
8.65904675621 2.73132320709 -8.9237204274 0 0 0 1
4.58971284916 0.307811911663 -4.1844301004 0 0 0 1
6.68363687309 6.63335374985 6.85934030728 0 0 0 1
6.78167387723 0.752840218162 -6.72660602909 0 0 0 1
5.27342911738 8.81526350347 0.912809904897 0 0 0 1
-5.90900061302 -8.3002227715 -8.28145292958 0 0 0 1
-1.34033017716 -1.42212268755 6.35755500101 0 0 0 1
3.81784491954 -2.87210135229 -7.31439298348 0 0 0 1
-9.99480259057 -6.72059536729 9.91717303306 0 0 0 1
6.84550465213 -3.17313975478 -4.4143441464 0 0 0 1
4.26033585738 -6.40950893591 -5.06299222591 0 0 0 1
-2.83236846141 2.99022168927 5.59481940253 0 0 0 1
-0.391470977768 5.50620329159 2.55506802117 0 0 0 1
-3.48881852939 -3.98374034514 -5.92553017245 0 0 0 1
0.849496458892 7.72518709532 -2.17446562056 0 0 0 1
-7.54147615669 3.04974344719 -4.82634448923 0 0 0 1
-4.7877298391 7.55289288691 4.84966977065 0 0 0 1
9.26675183019 7.76679576183 -2.79165910812 0 0 0 1
-5.19507728311 -7.36411988139 -4.99567606697 0 0 0 1
4.3266504268 3.89988716454 2.68236719197 0 0 0 1
7.02359839125 -8.7212476234 8.360056278 0 0 0 1
-8.48203596921 -9.77305484369 8.94212260076 0 0 0 1
2.63719015001 7.1981923272 -4.38946072265 0 0 0 1
8.42966344505 -7.8197494046 6.05048537427 0 0 0 1
-5.73765348451 9.11864581568 -7.10993758097 0 0 0 1
-6.12236543955 -4.24128709584 6.27297148404 0 0 0 1
-7.42834422496 -0.954652361998 -0.577226644049 0 0 0 1
-0.0964927278019 9.57612817816 -8.37408454424 0 0 0 1
-8.21734722239 0.766003771242 -3.40634993077 0 0 0 1
-6.56047276347 -6.32240973247 -5.44194013145 0 0 0 1
5.83503681762 4.27932113575 -6.84607277706 0 0 0 1
-3.78344713855 -3.59999048068 9.63963810897 0 0 0 1
3.36388436463 9.05667475141 -9.85124045036 0 0 0 1
0.976118989311 4.70750075708 4.29022650437 0 0 0 1
1.82918842317 6.69005611544 -5.91662766016 0 0 0 1
-6.11830577044 -2.97983733743 -2.42657065772 0 0 0 1
-3.62311348372 -6.86791727302 -3.65686251249 0 0 0 1
-2.5777160711 -0.229378295809 -6.42601500558 0 0 0 1
1.87109778635 7.62218549392 -6.62245356801 0 0 0 1
-0.114020606237 1.59396165154 6.90601241378 0 0 0 1
-7.58479206054 3.0864034615 -2.98263474994 0 0 0 1
-3.5057279005 -4.59535706605 6.89125116996 0 0 0 1
5.37365149764 -6.18512838254 -2.06539627601 0 0 0 1
-4.1033722612 8.04700588817 1.85919541919 0 0 0 1
4.225254303 -8.6452772139 9.62595245438 0 0 0 1
-5.26384264689 1.52400647624 -8.9064234838 0 0 0 1
6.61868597182 -4.53347318146 -7.05853258881 0 0 0 1
-3.88940849191 -6.66721429547 1.89249986493 0 0 0 1
-5.56880709129 6.41866422852 -5.31919064681 0 0 0 1
2.69173979267 1.6179247462 1.92419296606 0 0 0 1
-2.84897267535 -9.32255374685 -3.19242015632 0 0 0 1
-7.01319363181 -0.206317227198 5.06237660839 0 0 0 1
-4.0313853372 -9.70754325428 9.32999595913 0 0 0 1
8.93286449675 0.841475069743 8.07679334524 0 0 0 1
4.92488093429 -7.16880281714 -8.86512699665 0 0 0 1
-0.0173538553648 8.4727813845 5.59816945208 0 0 0 1
-3.4681074758 0.34985857878 -8.6974576388 0 0 0 1
-4.41005158632 7.9522779982 -9.35117346062 0 0 0 1
3.36837790296 -5.01576252046 5.96567206707 0 0 0 1
9.85215245243 -9.31701049682 6.67393162712 0 0 0 1
2.1651727372 -2.3789149638 -9.91370573461 0 0 0 1
4.31168543531 0.34763395932 -9.26580771642 0 0 0 1
-4.42208272155 -5.54578335664 0.92994387246 0 0 0 1
-1.20220619821 -4.99889486512 -2.72062328543 0 0 0 1
-0.389601719247 -2.40364553439 -2.67569977279 0 0 0 1
3.29449839145 6.54820943397 8.97948744923 0 0 0 1
-4.87088973031 -0.977143590547 1.07571448917 0 0 0 1
8.12417617756 8.53787350721 -1.93965892984 0 0 0 1
-5.25209838088 3.01215442026 3.29539672829 0 0 0 1
0.152816686956 3.15589252927 -5.88131976057 0 0 0 1
-4.57640340356 7.02363177474 1.48655449867 0 0 0 1
-7.79101495635 2.9173338257 -6.46581592718 0 0 0 1
-9.80888246397 -2.45855387507 -5.61345826843 0 0 0 1
4.98918395539 5.75599848177 2.5729369149 0 0 0 1
-7.68302798332 1.95471293875 -6.52918730321 0 0 0 1
2.1514293019 6.332079508 6.69917349617 0 0 0 1
8.33659179191 5.85043912491 1.70542072652 0 0 0 1
-8.13240658236 0.236278423734 2.54422542714 0 0 0 1
-1.34846791058 -7.2119101085 -2.50150484252 0 0 0 1
3.53088608673 -1.50979415013 5.8714491322 0 0 0 1
-3.34771193492 2.59279750044 2.62762039904 0 0 0 1
9.83113560422 -6.64508219708 -9.75577642696 0 0 0 1
-8.49880910763 -0.3793966169 8.75093595129 0 0 0 1
5.72693042374 -4.09831736975 3.06363348678 0 0 0 1
-9.86948771975 -5.20153688981 8.31430967954 0 0 0 1
-1.92684526935 9.7430698157 -2.75270428592 0 0 0 1
8.13880460422 5.4861870127 -6.39584809953 0 0 0 1
4.25236801185 -9.69974105913 3.83459702752 0 0 0 1
9.32722607163 -4.58265134843 -1.56705012053 0 0 0 1
3.61012578225 -6.15280196495 -2.81835575675 0 0 0 1
-4.14778427837 -0.962635472732 -0.463756991712 0 0 0 1
8.74081280269 0.853291220546 -5.43809820926 0 0 0 1
2.8017224666 6.29960504642 -0.369112600605 0 0 0 1
-2.48799669746 -2.74636566806 -8.60610357163 0 0 0 1
-9.23502915333 2.25392319874 2.9724285847 0 0 0 1
8.34739052911 -7.39112150918 0.963636812275 0 0 0 1
-7.01705281533 -3.09923809037 5.57738713621 0 0 0 1
-6.36254113322 2.14107523239 4.41998870926 0 0 0 1
3.05529309247 -5.09091446968 5.24886350208 0 0 0 1
-5.9218637291 -1.34708058754 7.53118445078 0 0 0 1
3.91910404651 -0.133672613164 6.13874358594 0 0 0 1
-0.32633740736 -7.28486756151 4.07932219962 0 0 0 1
-8.29076030867 -0.312698809019 4.12152536461 0 0 0 1
1.57395166157 -7.19629651518 -2.32683786288 0 0 0 1
1.76967966869 8.21819451456 3.80567652732 0 0 0 1
-7.92997694612 7.68785301893 -5.59800461255 0 0 0 1
-6.46848475265 -8.11271270936 7.91366109995 0 0 0 1
-5.80423843907 -9.29764868974 1.88065896557 0 0 0 1
-1.35298480114 -2.76909331554 6.52702386603 0 0 0 1
8.93666890137 -3.65335075391 -8.75958167 0 0 0 1
9.57828234139 1.34878760243 7.34894046846 0 0 0 1
-0.541695978602 9.67049570288 -9.38472194765 0 0 0 1
2.1389848933 1.71555875771 -8.23146946303 0 0 0 1
6.99159814642 -7.10348561437 -2.39009395962 0 0 0 1
-5.8472519053 0.3116385243 1.73182659958 0 0 0 1
-8.70901913481 2.90654745723 -8.48435986487 0 0 0 1
-6.6289392231 -3.68836060145 7.86261676854 0 0 0 1
-3.28446299163 3.96248739623 9.70995424975 0 0 0 1
-5.92991277903 -1.04140586338 -2.70780813574 0 0 0 1
8.82542682229 -9.46795420615 0.358499116879 0 0 0 1
8.13525711275 -5.2184922781 -8.64505599178 0 0 0 1
7.83320375675 1.36548257116 -4.4474116376 0 0 0 1
7.63357704324 7.74908251836 -6.00355941041 0 0 0 1
6.87384894604 -9.13488714167 7.53821334741 0 0 0 1
2.53210898831 -3.14270130441 9.44843982353 0 0 0 1
5.04085517545 -7.61459994848 3.27020819842 0 0 0 1
-2.29803829651 -3.95797785993 -2.10015492658 0 0 0 1
-3.19921469487 -6.80928754782 -8.27345154819 0 0 0 1
-2.14529882967 -2.20026436842 2.71601281077 0 0 0 1
-4.68339183171 2.36436430534 -3.41114337195 0 0 0 1
-2.53098186046 3.28359908309 -6.05877720401 0 0 0 1
-7.25061422642 7.24227684654 0.157025448795 0 0 0 1
4.804137644 -5.72592850998 -9.12506877147 0 0 0 1
-6.10450601644 6.84698313171 -3.13382969229 0 0 0 1
-5.82197233793 5.99288287805 1.10027787047 0 0 0 1
3.8834085478 1.446971662 -8.5651940398 0 0 0 1
-2.10968436997 0.405643260681 2.54101890148 0 0 0 1
7.79190312434 -4.11402177 9.16176580834 0 0 0 1
4.66417699208 6.77089112877 -7.92957924163 0 0 0 1
0.963768904681 9.68676968577 1.7775065872 0 0 0 1
6.83487455475 -4.59616346068 0.378674205821 0 0 0 1
-9.30795705736 -6.75674070629 -5.627400491 0 0 0 1
-1.1023451015 -9.2009141344 -2.14109638539 0 0 0 1
4.12396866495 3.74099634605 -2.02962120381 0 0 0 1
-2.72161871976 5.18785761812 7.95577056235 0 0 0 1
-2.99782973785 5.42312196661 -5.97067689174 0 0 0 1
1.19133297593 4.33168145215 -9.38307422874 0 0 0 1
1.40701018998 -8.27420203978 4.94002013091 0 0 0 1
-6.75499429713 7.71645917464 -9.46050752705 0 0 0 1
-4.09920305861 -6.27659420048 -4.75876796731 0 0 0 1
9.54614368731 8.49278096072 -0.407988033012 0 0 0 1
-1.91610852986 -5.41783801466 -3.34830411831 0 0 0 1
5.70702963344 -3.33380491158 1.20607825122 0 0 0 1
4.83855187116 3.77478291918 -8.40378369749 0 0 0 1
-5.66350437508 4.66163471008 -3.47913743219 0 0 0 1
-0.317681190278 -7.96907206801 1.66381620441 0 0 0 1
-9.24087900969 8.55053460033 -1.14333873129 0 0 0 1
-1.61377568479 -9.95801845096 -2.42554350166 0 0 0 1
2.75009906789 3.88634293545 -8.33635569576 0 0 0 1
-5.18810090734 0.608206424309 8.59512919275 0 0 0 1
-6.86772279174 1.75011669766 -7.36686569555 0 0 0 1
3.03884076666 3.95060363464 1.20611549436 0 0 0 1
4.06416701478 1.63194764783 2.57907328987 0 0 0 1
-8.54654307807 -8.27071278433 1.83737396983 0 0 0 1
-5.56714100688 -1.49643989253 -8.26713716126 0 0 0 1
7.01775101852 1.72053866585 4.69319704267 0 0 0 1
8.75190664966 4.73647008027 4.56813592677 0 0 0 1
-6.01045345501 3.61604723108 -1.79244344823 0 0 0 1
1.09256773387 6.63497650624 -1.83892834015 0 0 0 1
-4.75321291095 -1.67159876071 3.39834643894 0 0 0 1
3.50787397959 3.00768471533 8.80430109992 0 0 0 1
7.23309598569 6.51809457993 2.07120281712 0 0 0 1
-3.95920682699 1.5470475593 1.17399096171 0 0 0 1
-1.89516245182 -6.10723268108 -7.47337373678 0 0 0 1
7.6026210184 -0.238671227297 -7.04145310225 0 0 0 1
-5.42698055276 -7.84663867131 5.88753555082 0 0 0 1
-7.07056527627 7.05607908397 -1.03594505744 0 0 0 1
7.98263820104 -6.04390221614 9.25471192726 0 0 0 1
6.06357557714 -5.14736020135 -9.99640515525 0 0 0 1
-3.47664847591 1.05359979654 -8.4411894582 0 0 0 1
-6.11694663392 0.715825146683 9.86601448454 0 0 0 1
-7.21499851707 -7.43772584923 -8.84329612426 0 0 0 1
-7.88345547526 -5.4176947239 -6.98220816435 0 0 0 1
9.27248612499 -7.16124270212 -6.02267017721 0 0 0 1
-3.34595345584 -4.42951796047 -0.922967885964 0 0 0 1
-3.42321181517 -2.94013622664 1.30700998718 0 0 0 1
7.68029407034 -6.87286768478 -1.73021776263 0 0 0 1
-0.450794524615 3.74156077741 4.94927946907 0 0 0 1
5.74107843616 6.28902832047 1.21247244694 0 0 0 1
3.55157272833 -3.59397173549 -9.04064527119 0 0 0 1
0.818123222207 -3.28568452506 -8.57080430484 0 0 0 1
1.33798753817 -8.7064139523 -3.86342156037 0 0 0 1
7.81977846233 2.44040634902 9.52805168771 0 0 0 1
-4.27153707958 8.59406918704 7.38414685376 0 0 0 1
-4.95307745586 -8.67440611284 9.89227331837 0 0 0 1
-7.74821330432 -9.64411692438 3.54383512815 0 0 0 1
-5.67513535479 4.56216674272 9.02074031513 0 0 0 1
8.60614874547 -2.87957823439 -1.52121740666 0 0 0 1
-7.34417222904 -0.10280902429 3.48713465322 0 0 0 1
-4.69735927551 -9.61468357464 4.66358140072 0 0 0 1
2.90042987689 -1.98416703778 -3.07794533541 0 0 0 1
-4.6319224412 -2.83159405129 1.64218773286 0 0 0 1
7.61984570425 -4.27810750968 0.808842556494 0 0 0 1
-8.45645805913 -5.48471258559 -0.534404381977 0 0 0 1
-7.94630452442 2.36623273339 -4.51409770181 0 0 0 1
8.75684950221 5.85980094965 7.84194732354 0 0 0 1
8.55951543337 7.04761747279 -5.38619705778 0 0 0 1
-6.36970373165 -1.61899733191 -3.14605921202 0 0 0 1
3.85150570477 5.66019657921 -3.17802677041 0 0 0 1
5.59339948061 7.65988645537 -1.59387896543 0 0 0 1
-6.97477186264 7.82741010493 -1.65660204571 0 0 0 1
5.07869350091 -8.97958731883 -5.36328055136 0 0 0 1
0.0960031607086 6.39987711039 -6.38628116488 0 0 0 1
2.22637415027 1.28459882295 6.22525837188 0 0 0 1
-0.915576867779 1.05070323284 9.20820679558 0 0 0 1
-3.26883237411 6.19650171607 -9.78124636868 0 0 0 1
8.90281190983 9.76430120161 7.67827544621 0 0 0 1
6.35164435884 -8.22551562351 -3.32498033924 0 0 0 1
4.61576131991 -9.97513376948 4.78156418188 0 0 0 1
-2.32274096068 0.174503530372 9.35454666923 0 0 0 1
9.84854608189 9.30255262691 3.10363755762 0 0 0 1
7.16006616123 -8.31585133187 2.10754459185 0 0 0 1
6.01117226574 1.36597405695 -0.359344165208 0 0 0 1
7.11967675733 3.76208165848 7.82994704948 0 0 0 1
1.10221406221 -1.22586297893 -0.458854969662 0 0 0 1
5.78751011202 -1.75997420937 1.7506773743 0 0 0 1
-9.875598358 -5.93851603561 0.427232900486 0 0 0 1
-4.22451574083 6.0152594323 -5.63044612429 0 0 0 1
0.197197952227 4.82955684956 9.97931097384 0 0 0 1
5.47816677019 -3.07310368388 -0.44614068019 0 0 0 1
-7.31273174554 1.31054069458 0.609980257086 0 0 0 1
-8.31838823426 5.42580049733 -3.04159818322 0 0 0 1
9.50900856645 7.77554005965 -1.17746707701 0 0 0 1
9.47350214597 -4.74533959928 7.07086749401 0 0 0 1
4.91109326711 -5.19206485516 -7.91675270327 0 0 0 1
-5.98848586153 8.90178078332 3.78066584758 0 0 0 1
5.24448714537 9.48286749426 0.265174201385 0 0 0 1
9.18543394892 -6.47510246242 2.7279599171 0 0 0 1
-2.77090532235 1.26663567833 9.82127920896 0 0 0 1
6.74857029617 8.36044241281 -9.0758750865 0 0 0 1
-9.34458854257 4.60392938113 -4.81293422585 0 0 0 1
-3.47612107096 -0.664368467849 3.88513636844 0 0 0 1
-9.05641103227 -2.45064782406 2.02650202238 0 0 0 1
1.98246074748 3.42029934967 -8.96062210776 0 0 0 1
1.45559603045 -8.28278777078 -2.63903279395 0 0 0 1
5.08859332497 -2.88061572059 -3.93258350632 0 0 0 1
4.08708923466 -1.89383914355 5.28982640318 0 0 0 1
9.97794458768 2.78297942195 4.1295065537 0 0 0 1
-1.6426884441 -4.29002290461 -4.55043665032 0 0 0 1
-3.39147832013 6.11156160311 -1.80314045331 0 0 0 1
0.994584738825 -3.96349023157 5.81580121824 0 0 0 1
-9.34296583977 0.0799053844738 7.0444683419 0 0 0 1
-3.99099208627 -4.58081659443 -7.7171379221 0 0 0 1
-5.08625546751 2.79694115467 -4.90642385174 0 0 0 1
-5.62649729134 0.829165930698 -1.18696265493 0 0 0 1
4.22553842345 1.08005080328 -3.03595566349 0 0 0 1
6.98871805687 2.73041513532 -8.84951561773 0 0 0 1
-1.67250135456 3.94870362484 -5.54699690605 0 0 0 1
7.01719130479 -9.33180730385 3.95849078508 0 0 0 1
9.7858005845 -9.66730622594 8.04359528816 0 0 0 1
-1.69133804408 -2.07328920798 4.8245223194 0 0 0 1
2.58178943598 6.27915850698 -7.77356287519 0 0 0 1
6.20585900596 1.4830955212 -6.06519673845 0 0 0 1
3.91514446572 -6.09189646116 7.49784699257 0 0 0 1
3.23311289134 9.71141700768 4.92862263223 0 0 0 1
9.95424259517 -5.6620952248 4.30117536766 0 0 0 1
-2.73409891503 -7.45391015646 -6.1946747178 0 0 0 1
-9.6306545945 5.79160037502 2.32997851236 0 0 0 1
-9.61472921583 5.26140590798 -5.73995510028 0 0 0 1
-5.45525255947 8.22851902487 -6.70301992836 0 0 0 1
-2.6441960225 5.69981149557 -5.1618212114 0 0 0 1
9.94629251723 -5.19405820829 -3.58795576994 0 0 0 1
-9.0335371174 -9.15825081954 8.84762464591 0 0 0 1
4.80189548764 -4.98165144581 9.40854967844 0 0 0 1
-4.9253660503 -0.812533220473 -1.98875503175 0 0 0 1
-8.57324666224 -8.29591105957 2.62950076136 0 0 0 1
-5.27703429926 -5.41718242821 7.57997270647 0 0 0 1
9.62756471513 -9.06665045856 -1.24887711203 0 0 0 1
-0.875179200589 4.31877405661 9.60705121829 0 0 0 1
-9.13111831099 3.21549966076 4.42314406142 0 0 0 1
-1.80494103777 -4.50617606191 3.11764858154 0 0 0 1
8.4416331291 -5.15510038194 6.60477733082 0 0 0 1
4.52041533484 0.277929163481 5.7638587673 0 0 0 1
6.37101757211 -5.33220895331 9.57413823036 0 0 0 1
-4.7854861441 -2.47056939848 5.02989093763 0 0 0 1
1.69314885923 -4.13698992849 8.10348666352 0 0 0 1
7.95796278994 2.46899785305 1.52715429844 0 0 0 1
8.36425089803 3.78333297452 -7.97032446184 0 0 0 1
1.24400910212 7.83260445722 -8.82547214315 0 0 0 1
-3.02018986411 -6.26082325374 6.27580732923 0 0 0 1
-5.94544747444 -5.85703205881 9.04103499569 0 0 0 1
-3.10204738982 -5.70209500902 0.501793862269 0 0 0 1
-4.01068512707 2.01357126739 -0.893662955054 0 0 0 1
-8.91688891354 9.72687204211 7.19156580572 0 0 0 1
-5.41622125465 4.52390323177 -5.8669847585 0 0 0 1
1.13869411812 -0.992673265452 8.12695336533 0 0 0 1
-8.94757072671 -9.87102015002 -4.31331848556 0 0 0 1
8.09810360555 -8.62957181533 3.48966469477 0 0 0 1
-2.89882665467 5.24413526 7.26198946038 0 0 0 1
-2.446324316 8.50486364925 -0.861545293873 0 0 0 1
9.88379270934 -0.377974337944 5.35798853784 0 0 0 1
-7.00921081164 2.71551446951 -5.95715519089 0 0 0 1
2.43664613462 -9.69813374379 3.22534661659 0 0 0 1
-8.61639392324 4.38347010823 -2.96246796431 0 0 0 1
-3.83737838361 4.14625979387 -2.15732052508 0 0 0 1
9.75554820693 -7.76557934111 0.336720812422 0 0 0 1
-4.06941805661 1.60941280374 1.78099336503 0 0 0 1
-3.25865888667 7.37658400252 3.35667097172 0 0 0 1
-6.01645222306 -5.53949311406 9.03127905295 0 0 0 1
-4.56543345555 4.22582954442 -3.43267229342 0 0 0 1
-0.362508351045 -9.49671400056 6.0097662452 0 0 0 1
8.61609101875 -4.50655021527 3.51751288891 0 0 0 1
0.972555715809 -7.33166454235 6.70618791489 0 0 0 1
0.315558706589 0.546061688856 -4.37555298238 0 0 0 1
-3.87437239912 0.0707460337802 -5.97812729732 0 0 0 1
2.52840236715 -1.27188145598 8.35904603078 0 0 0 1
9.55649222316 0.7896955422 -4.30632993773 0 0 0 1
6.62462252511 7.63680223615 -9.74515577842 0 0 0 1
-0.328381085386 7.59794863358 1.90270611004 0 0 0 1
-5.93614299818 4.29717259675 -2.29384736169 0 0 0 1
2.70285763642 1.20682806536 8.2388119086 0 0 0 1
-8.16062646268 -5.98988325226 -8.00441332951 0 0 0 1
2.27510085036 -3.69159437208 -7.66364564817 0 0 0 1
-5.89727269456 9.04284429855 -0.622073749894 0 0 0 1
-3.04301477988 -3.22706487092 0.395040826752 0 0 0 1
1.20313789468 -8.49304765507 -7.07528034573 0 0 0 1
-7.63159218523 -8.65807729956 3.35150831696 0 0 0 1
3.97360627183 7.74186467121 -4.4718427174 0 0 0 1
2.73937114322 5.95850386288 -2.8925381899 0 0 0 1
-1.57958917692 8.45911784133 9.66620126669 0 0 0 1
4.22397628497 6.19574514911 -6.42247695604 0 0 0 1
7.76427447664 -4.36498215775 9.50516917099 0 0 0 1
6.2209404308 6.47061851892 2.51417482512 0 0 0 1
4.71209470809 6.25796805819 7.6603851819 0 0 0 1
-7.33168619009 -1.3007511542 -1.98585967531 0 0 0 1
1.18097483403 -8.57304119311 -6.78886564799 0 0 0 1
-8.30986609076 6.14846306093 1.47629218163 0 0 0 1
8.46894807788 -0.329829611483 2.93957930512 0 0 0 1
3.31189468937 -1.54240770666 -2.10898812404 0 0 0 1
-5.51517299412 -1.99203228712 1.57906559303 0 0 0 1
8.4269225052 -5.59799826038 -2.31590246552 0 0 0 1
8.12085034205 -1.91421627858 -8.44367648462 0 0 0 1
3.18747273037 1.15966570584 -8.77818202224 0 0 0 1
2.40485576224 -3.87179443411 6.6223810974 0 0 0 1
-8.23474765926 -8.50503625549 2.84773173975 0 0 0 1
-8.2776685262 -2.16416115082 9.42253716751 0 0 0 1
-0.259433099088 2.53217607028 -8.44927520446 0 0 0 1
-4.63017636393 -1.52718365449 8.93104354496 0 0 0 1
-7.02780563126 4.39667055287 2.95828889938 0 0 0 1
5.73619289622 -9.68463421658 -0.107997217398 0 0 0 1
-3.59898030201 -8.28339063567 0.841916829622 0 0 0 1
9.09123176777 -8.33688544089 -5.84268470354 0 0 0 1
-8.9386848324 2.22942048067 -2.00990168064 0 0 0 1
-1.86755563987 -8.22145999954 9.09519481049 0 0 0 1
-7.6376720859 -1.27528950376 8.91050422082 0 0 0 1
9.27134574131 5.45022727012 -0.0506816487149 0 0 0 1
-6.70399364418 -8.11731089093 -7.48969171089 0 0 0 1
0.52042889766 -9.96909282474 7.29639256067 0 0 0 1
-8.37832093285 8.29274219104 4.50057420507 0 0 0 1
9.40314422254 3.22787699222 -0.756120836926 0 0 0 1
-3.52644274098 2.86556918896 -6.43018696193 0 0 0 1
0.621566393249 0.761326040442 -1.02259069982 0 0 0 1
2.45116087807 -2.9368939169 -0.48291264983 0 0 0 1
5.05459660102 9.71346158631 -2.33900242181 0 0 0 1
-6.64816209823 -4.25480134388 2.7958414764 0 0 0 1
-7.52706533638 8.64394591838 -7.27602991896 0 0 0 1
-3.37668021926 0.594527894239 -9.35141217114 0 0 0 1
-6.45076281667 3.159229425 2.23452600536 0 0 0 1
6.18409872238 2.09851984832 -5.72657626525 0 0 0 1
-0.683581069274 8.39939034672 -6.27576878155 0 0 0 1
3.01487389698 9.4709851625 1.43441771448 0 0 0 1
-8.64087002993 -7.81177420562 9.97019165933 0 0 0 1
-3.18129932506 -4.89332735445 -3.60984046184 0 0 0 1
-0.511389213676 4.75344529022 7.21059330112 0 0 0 1
-8.28930041004 -7.06077060075 6.04539801517 0 0 0 1
0.823494754415 6.62259120755 -4.75894371899 0 0 0 1
6.61121281019 -1.05559204328 0.688334242084 0 0 0 1
9.2687619498 9.03554990747 -4.16244285081 0 0 0 1
-7.51081038658 3.26750944056 -8.76220093886 0 0 0 1
4.32794465383 -6.98223454141 1.50329386462 0 0 0 1
1.85681613432 4.10206635856 7.56878442318 0 0 0 1
-3.50600111294 -1.71370266587 -5.78351844326 0 0 0 1
-6.49096163614 5.98562231991 5.1999773224 0 0 0 1
5.99409786844 -5.67434276525 -8.9722962151 0 0 0 1
4.09017010979 2.40551357833 -5.26039560203 0 0 0 1
4.7906582545 4.04614701044 9.51669572766 0 0 0 1
6.06233228324 7.24947293843 8.32635185807 0 0 0 1
-1.48250072779 3.7644487296 7.95872388073 0 0 0 1
6.39747286963 7.89620666073 -5.98792132712 0 0 0 1
-7.61413951426 -3.91296806847 0.348640719714 0 0 0 1
-2.48092731515 7.54037172197 5.69763299423 0 0 0 1
-1.97407158193 6.89852793346 -4.10109494994 0 0 0 1
2.68205740625 9.22552506828 -6.19264100671 0 0 0 1
6.6218305314 4.79542551912 -2.83484171443 0 0 0 1
-3.0917876281 -2.98638223905 -4.65443038774 0 0 0 1
5.78559341222 -4.13500601316 9.18165106329 0 0 0 1
4.49761847357 4.55727335527 -0.746498597227 0 0 0 1
2.86844793875 -3.99801790119 2.87107784719 0 0 0 1
-6.47488904573 8.29717459495 2.37594419876 0 0 0 1
4.6872477053 6.94306671572 -7.94946211251 0 0 0 1
7.35182299703 6.0212105031 -4.43740233815 0 0 0 1
-3.15451990124 1.60592789935 -5.20260895911 0 0 0 1
3.62056156951 8.79864589516 -4.80821338508 0 0 0 1
-5.82947066287 0.389780217732 1.92493313902 0 0 0 1
7.70913026319 -6.14372933676 -4.87196916522 0 0 0 1
7.85363044627 6.49434153044 9.61182901555 0 0 0 1
9.02515413649 1.04524467775 8.17834131393 0 0 0 1
-9.52452849254 -1.29756510613 -4.78437918162 0 0 0 1
4.07234024487 -8.76204406722 -5.1907163462 0 0 0 1
2.77232693596 -6.78610507819 -4.75384565127 0 0 0 1
-1.37313646345 -1.83647045981 -7.14661551892 0 0 0 1
3.18889115593 6.28763475418 2.27665945264 0 0 0 1
9.60101243453 -3.16520049993 -1.58037144247 0 0 0 1
1.28612397491 -8.03274546505 9.74345739722 0 0 0 1
6.33290384743 -0.230892418276 -5.58400643313 0 0 0 1
-2.21890761126 -7.43844547785 6.2624081711 0 0 0 1
-0.134697204475 1.38792664622 -8.3942929102 0 0 0 1
4.53139991151 2.39119648851 -0.495482675256 0 0 0 1
-1.45937748168 6.70037199827 -3.53088892601 0 0 0 1
-9.2792694713 1.96687059528 5.84707313135 0 0 0 1
-5.23456624458 9.87915229799 4.05959438236 0 0 0 1
-3.99230253246 -1.20977702197 8.32303125537 0 0 0 1
-1.96744013625 0.515151457415 4.50877818681 0 0 0 1
8.48888747888 -6.92729265731 6.20437430365 0 0 0 1
6.37053588143 -1.05481393446 -7.19157109196 0 0 0 1
5.15480123095 6.99654497767 -5.55251816757 0 0 0 1
-2.52951140997 -9.74708363644 -7.62055353439 0 0 0 1
-9.49539437142 -7.7622941185 -7.43993761845 0 0 0 1
6.62754883957 -7.52367528654 -6.58093810099 0 0 0 1
-4.64238847183 -6.13615749789 -4.72085583966 0 0 0 1
7.67125946466 -4.29930826849 2.29503691618 0 0 0 1
-0.158190852428 -6.61632796608 -0.508262246451 0 0 0 1
-8.78630695939 -6.40955274702 -7.84759021422 0 0 0 1
0.111667681668 -4.11884964766 3.01037904021 0 0 0 1
1.53265962384 -6.23043209396 2.89916173428 0 0 0 1
-4.88960881981 6.68016789289 -2.27804851338 0 0 0 1
9.91438455844 -2.12740270226 -1.47189138906 0 0 0 1
-1.77382606333 9.35978046619 5.66188762441 0 0 0 1
0.34910375798 -0.734830135264 6.59723773486 0 0 0 1
5.50769485113 7.34697174201 0.813951605999 0 0 0 1
-2.94267398778 -0.181626673201 8.92656262944 0 0 0 1
-6.79514374434 -7.30886492555 5.7568219817 0 0 0 1
8.98976177233 -7.25533712839 5.3254787095 0 0 0 1
-1.25120611201 -3.44367820171 3.75032466371 0 0 0 1
0.016900200503 -1.06021411026 0.246856694593 0 0 0 1
9.81688577573 3.99918157435 6.20512996678 0 0 0 1
2.7112365745 -3.61172954105 -7.62175245762 0 0 0 1
6.06172616474 2.05302555935 8.17399456326 0 0 0 1
8.45309236786 -8.54688241921 3.93442961817 0 0 0 1
9.94792952107 -1.14083391922 -6.8005338021 0 0 0 1
9.18521491079 8.97853233601 7.5031165315 0 0 0 1
-9.85521685856 0.666252163091 -6.53332960773 0 0 0 1
-9.11932381919 9.69600540079 -1.7750391218 0 0 0 1
-1.03269159206 -6.59133170556 -3.86781838017 0 0 0 1
-0.500031351713 -6.03198503254 -4.77372749616 0 0 0 1
-5.65990818905 -2.2233235849 1.57871700134 0 0 0 1
2.99261713683 -9.21883814465 6.82089430064 0 0 0 1
3.15322291663 -7.49917385649 5.31577343876 0 0 0 1
6.36792283907 0.44303311485 -5.85593501423 0 0 0 1
-7.10790558177 9.46788190866 6.19535356654 0 0 0 1
-9.92522659413 3.55103527674 6.14794783525 0 0 0 1
-4.99682303986 -2.70018823456 7.75221045108 0 0 0 1
1.65032584293 4.68625136512 1.16798044639 0 0 0 1
-1.54944671487 -1.86083434866 -5.82242288068 0 0 0 1
3.40070515616 -5.99278896226 -7.46666435933 0 0 0 1
-8.98661644739 -7.36685219939 -5.41979907655 0 0 0 1
0.681194540852 -5.20715343803 -6.12477276396 0 0 0 1
4.93004560112 -9.79799158728 9.00105737831 0 0 0 1
8.03409149635 0.0893570378344 4.56508869365 0 0 0 1
-7.25941478823 -2.94112833314 -1.70985854382 0 0 0 1
-2.5737206127 -8.32241189509 1.12299795791 0 0 0 1
-8.22143801639 -1.36865966439 -2.10518393091 0 0 0 1
9.82674694468 -7.77817314109 -3.12640975665 0 0 0 1
6.9166487444 -7.76650113635 4.10186438384 0 0 0 1
-8.2658093138 5.28029806024 -4.78811764202 0 0 0 1
7.41263847069 -1.52066348175 -9.43629767818 0 0 0 1
2.28023455351 8.67447448572 -6.21761930926 0 0 0 1
2.44702071706 8.80891132129 4.47425279339 0 0 0 1
-5.65242943509 7.69753459986 4.79813195133 0 0 0 1
-6.70673615495 -0.58025884761 4.30656225281 0 0 0 1
-9.78063934212 -6.68980277993 -3.94059245691 0 0 0 1
-6.53476653375 4.56650510435 7.97376548043 0 0 0 1
-7.50318835781 8.27454212824 8.95847898425 0 0 0 1
9.9722003567 4.48743250035 -5.17935149099 0 0 0 1
7.1358821847 -6.88758444941 -3.26832155391 0 0 0 1
-6.97035765753 0.0743751068037 3.54512672446 0 0 0 1
8.19031128539 7.29129330945 9.18396724729 0 0 0 1
8.67868309735 -5.55441477185 -0.54529924283 0 0 0 1
4.56257310934 -9.18995343554 3.66810001953 0 0 0 1
7.04436844983 9.12787507517 1.8668204526 0 0 0 1
9.99047578485 -0.330740093383 9.9242990589 0 0 0 1
6.29557001699 -1.80176129925 -0.193196567475 0 0 0 1
6.58085581759 5.27659721762 -4.97139938237 0 0 0 1
-9.96508965722 4.57115559239 -1.9467129303 0 0 0 1
4.84178467379 -5.17597192929 -9.35105337134 0 0 0 1
4.03664764946 -0.334232107081 3.96454197891 0 0 0 1
-8.35042658822 4.66024743195 -9.99879355445 0 0 0 1
0.320138012158 -1.71841383805 3.78530974286 0 0 0 1
9.01934589743 -3.43251048494 -3.18452733242 0 0 0 1
5.22193043288 4.44039784423 4.62512566604 0 0 0 1
-7.59089598815 -9.79890856329 5.12963142098 0 0 0 1
-6.57112831068 6.41195118213 9.94411114829 0 0 0 1
-7.20737709478 7.97516480839 -8.90817664702 0 0 0 1
-8.44436602861 -7.86925035911 1.07008150757 0 0 0 1
3.97351822632 8.9714419897 2.26591633908 0 0 0 1
-0.835054623503 -0.393853683334 6.66674595475 0 0 0 1
2.21019687599 5.87889594917 -8.18416050814 0 0 0 1
6.1049134829 -3.32131338392 -1.34319826345 0 0 0 1
6.14221163735 7.8754531074 2.47577203925 0 0 0 1
-7.79693710838 5.25818670314 -2.17934212382 0 0 0 1
1.86481373075 -7.35786032006 2.95425938932 0 0 0 1
-0.230609698725 3.1848321954 8.82947329188 0 0 0 1
2.28187725412 3.57377490913 1.32153561602 0 0 0 1
2.99532743203 -6.63894938536 7.43282348737 0 0 0 1
3.89872297263 -7.78899907726 -8.05707069365 0 0 0 1
-8.25207093258 -8.96602159242 4.87858571115 0 0 0 1
7.50267573993 9.19604777939 -1.64786447359 0 0 0 1
-9.33188832918 -0.826915745132 3.06748118256 0 0 0 1
-4.3157287609 0.640186566493 -7.70552325186 0 0 0 1
-9.23565827908 0.321548480337 2.75456641816 0 0 0 1
4.91809971024 -5.76869145956 6.3456672269 0 0 0 1
7.80328068605 8.39935670451 4.26723487362 0 0 0 1
-7.65358259353 2.77311019819 -2.47826955635 0 0 0 1
5.73297385699 2.41461498715 -4.86445072839 0 0 0 1
2.21627916323 1.90298974301 -8.99177181457 0 0 0 1
7.29010778763 2.2465104881 -8.32916584556 0 0 0 1
7.55384345396 8.45371069206 -8.02100657987 0 0 0 1
-5.51257207657 5.15100252994 -9.43224028851 0 0 0 1
-0.10389952108 5.0565846366 0.603443093714 0 0 0 1
-7.41286456987 -5.52579370377 5.70143133856 0 0 0 1
3.39096177767 4.29884132679 -9.41761494605 0 0 0 1
2.81750849302 -2.73007430929 -6.40788395329 0 0 0 1
3.67892389655 -1.25747251917 -5.1849564156 0 0 0 1
1.30962488341 -3.37313764918 9.12115538976 0 0 0 1
3.39956134748 -2.09749244511 8.29204003238 0 0 0 1
-2.72776189029 -4.03396855578 -3.42196631558 0 0 0 1
-2.39323476748 0.0845632902654 3.09948085795 0 0 0 1
-8.08027792419 -0.870752593938 -3.09311792518 0 0 0 1
8.46021583122 7.4475001051 -8.65222549151 0 0 0 1
-5.24412784314 3.59647065864 -9.33468779592 0 0 0 1
5.60662655171 5.67221749803 1.52254635463 0 0 0 1
8.43714771483 3.74352529672 -2.44898942396 0 0 0 1
-8.1166080333 -0.611424872131 3.62663949747 0 0 0 1
7.9698150377 -8.12748807587 -4.98728195964 0 0 0 1
-1.59406826467 -4.68543300544 4.33017470567 0 0 0 1
3.49628512684 -8.06480360955 -8.46741432033 0 0 0 1
-8.02164972535 -0.670374964102 -4.41296488539 0 0 0 1
9.88979195137 -8.18285227853 -5.03381968296 0 0 0 1
3.09076673172 -2.79201493724 6.24204492624 0 0 0 1
-1.34735515469 -9.21368981935 9.45605485975 0 0 0 1
9.09943039837 -5.15895018628 -5.11965343573 0 0 0 1
-6.56903753401 3.00265759987 8.35168889263 0 0 0 1
2.77475706149 -4.05180846197 5.29555638237 0 0 0 1
7.52062706696 7.24418066897 5.62929906574 0 0 0 1
8.32715267658 -9.24397528257 3.92650190939 0 0 0 1
6.34622013081 -6.04568174213 -5.05541086128 0 0 0 1
-8.96549899813 3.63313441985 2.14727848246 0 0 0 1
-1.10012500131 -4.20952243412 9.93946024164 0 0 0 1
-1.46128615526 -1.00284316814 -7.23950787022 0 0 0 1
-8.21133809597 5.90267284075 -8.66103462253 0 0 0 1
2.98967787562 2.07773635544 9.1424076787 0 0 0 1
1.02786367892 -6.55721771231 6.8062770331 0 0 0 1
-2.55741845987 -9.87252891691 9.38344214904 0 0 0 1
7.24861749993 4.30121983648 -0.459148557183 0 0 0 1
5.66803250523 -6.60032875209 -7.28525930086 0 0 0 1
-5.71486858828 -6.8834426152 -8.71560775991 0 0 0 1
7.8577285208 8.47213709224 8.64624838968 0 0 0 1
2.60258089711 7.51851847378 -2.44616773119 0 0 0 1
-3.61128549618 -4.11061741144 2.26349557419 0 0 0 1
-4.96274748157 7.49803584129 7.63002051363 0 0 0 1
-8.09153031961 -8.49823666772 -4.01180979987 0 0 0 1
3.14868565086 8.71066834786 7.42101433474 0 0 0 1
-4.36756655607 4.4106222585 7.30752893084 0 0 0 1
7.5305173007 -4.76260863163 1.92939206748 0 0 0 1
-4.3368439285 8.2468464594 -7.16246391443 0 0 0 1
-9.07806409952 -4.01729465925 5.43288368019 0 0 0 1
6.16760163302 5.39228010797 1.00334275625 0 0 0 1
-3.09866573083 6.28024035107 9.93053534929 0 0 0 1
-0.487773190515 -0.97517316528 1.76780937795 0 0 0 1
-6.95516567022 -3.02616146474 -6.02697547223 0 0 0 1
3.88644582496 8.4916208008 4.60081151568 0 0 0 1
-4.07074521078 1.16883291755 5.72934454811 0 0 0 1
2.85290756191 7.12887870687 -5.79875073512 0 0 0 1
9.60435258421 0.745368654651 -4.44578443007 0 0 0 1
8.1456647956 7.81232348765 5.0970767321 0 0 0 1
-3.4003011873 3.81126997649 -2.98975632082 0 0 0 1
-6.39272642636 -1.62240800079 0.998029328096 0 0 0 1
4.51341750372 -7.87254580699 -9.35677307964 0 0 0 1
6.04599161987 7.48749682203 -8.4451692226 0 0 0 1
