1.1248229857 -7.57405641321 -4.91136789478 0 0 0 1
8.39628964678 -6.38215323115 4.60723189381 0 0 0 1
4.53024970724 9.04023671222 -3.43378449706 0 0 0 1
-5.20003706438 -1.76183747557 -3.62959730231 0 0 0 1
-4.85719790199 8.28087193259 4.38231539148 0 0 0 1
5.9702136709 -2.52082317512 -5.99416689457 0 0 0 1
5.42766647951 9.80763478402 -5.52108892619 0 0 0 1
-9.66156721926 9.99658219212 6.29137098453 0 0 0 1
-3.62605883651 -4.07292675705 -2.39824505584 0 0 0 1
-1.76649054646 -8.08531701071 6.86621003151 0 0 0 1
-4.69301699702 -6.95201441137 0.540126587368 0 0 0 1
1.17990319939 -7.46292930845 -6.08064834031 0 0 0 1
7.25110533935 7.48441001332 -3.47141437386 0 0 0 1
4.03102038724 9.84311892935 5.48180921207 0 0 0 1
-4.35143784501 -1.9443138003 0.207526942175 0 0 0 1
7.58857740611 1.54868387825 -6.30607612556 0 0 0 1
1.24793970083 -1.68555894007 -9.92605279124 0 0 0 1
6.94346589825 -6.70196674229 1.20728559583 0 0 0 1
-3.94148340359 4.77250987335 4.7612168933 0 0 0 1
-4.58062266995 -0.421015496405 5.19419079309 0 0 0 1
3.12169764064 5.48989707291 -6.76930993183 0 0 0 1
-3.11673365484 -1.31027116427 -5.68888462277 0 0 0 1
7.37363157455 -1.79864836162 -0.253891877358 0 0 0 1
-4.58550073052 8.17419342736 -3.9566526088 0 0 0 1
-2.19838110187 9.1406385669 -3.49209542152 0 0 0 1
-3.84826642733 -3.12083887611 7.00453639717 0 0 0 1
-1.62929243904 7.46815700463 -3.99440873014 0 0 0 1
5.84566370343 9.65961141335 8.1442498201 0 0 0 1
9.36077257739 -1.21742571439 -0.476987163448 0 0 0 1
-8.34354066649 -5.58543896926 3.42148233498 0 0 0 1
-2.50129657839 8.87361130394 -8.75514879153 0 0 0 1
8.29522076396 -4.79273287957 -5.2461144709 0 0 0 1
-5.767850913 1.16236286148 -4.87475795613 0 0 0 1
-3.9123590023 0.0941603598409 -2.30020688797 0 0 0 1
-4.59992872826 -7.47950343833 6.40039360612 0 0 0 1
-4.58310333868 -5.72216318929 -3.75144985003 0 0 0 1
-6.93150989494 6.29397825545 -0.353489775394 0 0 0 1
6.32664536485 2.7855898754 -7.04727265157 0 0 0 1
7.80970640886 8.03086015758 7.97747524093 0 0 0 1
8.82194083674 -0.159406527872 6.13380251024 0 0 0 1
-1.68726936207 -7.47959218152 -5.27503222306 0 0 0 1
7.52986284 -5.14276472769 -4.50828306456 0 0 0 1
-0.294157270663 1.97502145182 -2.29987915202 0 0 0 1
-2.76672361559 -9.50097107391 -1.22264781591 0 0 0 1
-5.26229889593 7.61202131293 -7.01138620712 0 0 0 1
-8.33215282662 -0.57538238101 9.07745155656 0 0 0 1
5.16221396627 0.879910253059 4.17234814896 0 0 0 1
8.35243579171 -2.37798415191 5.07486719951 0 0 0 1
8.53682205995 8.12246890223 4.73302572553 0 0 0 1
-7.14803041638 -1.69274690158 1.55973582319 0 0 0 1
-8.43693776358 -8.91481342631 -5.1290020969 0 0 0 1
6.82012761455 -3.77523050703 6.33129375586 0 0 0 1
-8.20195063243 -5.76288398755 5.22623537757 0 0 0 1
7.49554360538 -8.85363480402 0.927764998557 0 0 0 1
0.143000291994 -5.96108955664 -5.78005054063 0 0 0 1
-2.48734026245 -8.16930332618 2.20382951658 0 0 0 1
-6.7480846158 4.39510745281 1.07237324411 0 0 0 1
6.20926136639 9.36999169332 1.94010127461 0 0 0 1
-7.46667569891 -7.30096421238 1.31198123329 0 0 0 1
-0.268054665317 -9.74425873679 -6.89745991202 0 0 0 1
-9.65461580291 1.97103238136 1.03616887085 0 0 0 1
-2.26670588485 3.00706810262 8.83269934208 0 0 0 1
-8.80753665225 -5.24635455009 4.21274975026 0 0 0 1
9.0388544881 8.38705462314 2.58975522636 0 0 0 1
-2.43970818089 3.78883018176 -5.35222113976 0 0 0 1
6.01271796572 9.35493272264 -4.33245557004 0 0 0 1
2.1257232762 7.83929206212 5.9705591711 0 0 0 1
-2.21246884481 -9.14606378452 1.04003029667 0 0 0 1
4.37758700757 -2.14871683872 7.26784083307 0 0 0 1
3.29731372298 2.80609883828 -9.99088745652 0 0 0 1
8.19639384169 -3.20266734157 -7.43636576275 0 0 0 1
-1.53769377333 1.68513895614 -1.86471012447 0 0 0 1
-4.02061045586 -3.70775117921 8.22251877364 0 0 0 1
9.00093140529 -6.23956734251 -4.48511762238 0 0 0 1
-8.91472451445 0.539976647776 8.29336818735 0 0 0 1
-7.36543090374 -4.60406609594 -0.0187022943347 0 0 0 1
-4.48221990282 -7.74371860294 0.654581926046 0 0 0 1
5.97418640375 -0.58040163402 -3.50542676044 0 0 0 1
-8.91484602931 -4.32886157643 1.03138605811 0 0 0 1
0.660318112116 -8.24649939795 -2.38619120332 0 0 0 1
-7.76884849707 4.91776199161 -5.83487781412 0 0 0 1
7.11316149192 -0.407654000245 1.03296540885 0 0 0 1
4.61312279283 0.670583070282 3.06716279966 0 0 0 1
4.67267230716 -4.61333126635 -8.85855711039 0 0 0 1
-3.33135887513 -6.52020178056 5.36835436724 0 0 0 1
-0.761475948203 5.88214456238 -5.80142211975 0 0 0 1
-8.85810031199 6.44027405506 6.50833011036 0 0 0 1
8.15394025989 -7.56056378758 8.21824492001 0 0 0 1
-1.87920137859 -8.56499303605 -6.92947180664 0 0 0 1
5.80551532148 -2.43049986348 -0.458639023926 0 0 0 1
4.93497998272 -8.64270771317 -2.70486116324 0 0 0 1
0.298381258255 -6.3569666199 1.98334428255 0 0 0 1
8.74444794854 8.88070917739 -7.01967743028 0 0 0 1
5.79539080732 -0.0387239970505 2.46381010804 0 0 0 1
-3.77306072227 3.67354884158 0.634528511421 0 0 0 1
0.42569341461 7.78065429183 0.332169548177 0 0 0 1
6.09762958071 -7.51826551185 1.7792159745 0 0 0 1
1.70762167121 -1.78891833098 -3.12666940172 0 0 0 1
8.87590753692 -2.76213665921 -5.84192244001 0 0 0 1
-3.87216454614 2.95882788063 -4.79943363204 0 0 0 1
-7.12339257399 -7.01957683426 5.86576573123 0 0 0 1
-9.44179178511 -3.7091215285 6.90207030032 0 0 0 1
2.95893956436 -5.55855805347 -2.55520337089 0 0 0 1
-1.72606920098 -5.23149289365 5.45146109102 0 0 0 1
-8.31666965058 -9.8864085072 -7.45520168398 0 0 0 1
2.19229336252 -6.95859232048 8.73449314907 0 0 0 1
-1.79198076487 -2.79413602011 7.47831952679 0 0 0 1
0.644460012854 4.44947957727 7.63860967904 0 0 0 1
3.2091130642 -7.50985435922 2.36189202667 0 0 0 1
7.87445465368 -9.67627784728 -2.08202421907 0 0 0 1
3.57677745971 6.77432636396 -6.43408762149 0 0 0 1
6.87273763102 0.191635836788 6.11639454473 0 0 0 1
2.17018910635 2.63838562893 2.22564929065 0 0 0 1
-4.0190412604 3.95471182528 7.34753308623 0 0 0 1
7.76984623602 -7.82835999927 1.26437489877 0 0 0 1
0.611554540641 1.61725153638 -4.51713821551 0 0 0 1
5.75353254925 9.90458698183 -2.69299667743 0 0 0 1
-0.164864141765 -1.21588117579 7.56264558741 0 0 0 1
-8.73631001801 7.24510028314 2.2118411262 0 0 0 1
5.79361606019 -4.5724988399 1.25051796323 0 0 0 1
-8.27011757115 7.22638048323 2.99446243587 0 0 0 1
-0.701389902345 5.63522972102 9.99827103106 0 0 0 1
1.49912732881 5.97251783948 9.48347017689 0 0 0 1
2.1822173177 -9.43644211573 8.58390475348 0 0 0 1
-1.96003810204 1.094963645 2.84851161221 0 0 0 1
7.12131868544 3.09526492789 -6.83857374713 0 0 0 1
6.87162198312 1.03413818092 8.22998751396 0 0 0 1
0.774089110294 5.29860538918 8.90625530545 0 0 0 1
8.66167286847 9.32543792307 7.3598458191 0 0 0 1
-2.07964364568 2.67091671117 -9.24572352984 0 0 0 1
-1.27385465865 -6.88052449057 -5.05568456114 0 0 0 1
5.71650114384 -4.66361202192 3.78663910485 0 0 0 1
1.878175485 0.466511807909 0.0994027064944 0 0 0 1
5.39148579317 -9.22119743511 8.67876073065 0 0 0 1
4.52724244692 -2.55551056573 -3.07775282137 0 0 0 1
3.59825728253 0.811145500108 -0.559189794587 0 0 0 1
-2.55972525209 -1.53799451695 -8.45839459694 0 0 0 1
-9.75278219521 -9.31243106942 -7.58238846802 0 0 0 1
-8.46222538892 7.3760801956 2.31882775761 0 0 0 1
5.40740498732 4.21132198792 -9.61113954273 0 0 0 1
-4.48923690361 8.65820326433 8.44164033923 0 0 0 1
-7.85746308563 0.42973910335 -3.34088717928 0 0 0 1
0.917569194802 -3.3510544273 5.8607577391 0 0 0 1
5.30623303446 -3.92938205034 6.24857668929 0 0 0 1
-5.04152598889 -2.59755180914 6.15414647427 0 0 0 1
-6.16798975457 5.99539778396 7.11186307093 0 0 0 1
-4.46483968439 -8.49877541984 3.7529074941 0 0 0 1
-7.95863435618 -8.17576425505 6.08161122539 0 0 0 1
4.41055666131 3.9855608203 1.21108888348 0 0 0 1
8.17353062028 -0.849450198135 3.3068019083 0 0 0 1
-7.83949777389 0.166629539291 -3.77813752249 0 0 0 1
-3.36489508975 1.54709914607 5.03826407169 0 0 0 1
7.71084548202 -3.3821795675 -2.25838173183 0 0 0 1
1.85736037713 1.70247635816 4.88949908423 0 0 0 1
-5.57228522821 -1.52507749878 5.5873732086 0 0 0 1
-8.98358798018 9.78694463909 6.73198845389 0 0 0 1
-7.50479549819 -9.5482080284 -1.61443653085 0 0 0 1
-8.52697612083 -9.14234932988 4.80241042297 0 0 0 1
-6.26207344468 -1.67571917261 3.84758860688 0 0 0 1
9.68471927351 5.31096889441 -6.88470706566 0 0 0 1
-6.6119628391 -1.36754298778 5.92172799056 0 0 0 1
8.962127039 -6.28204609571 -2.84880195616 0 0 0 1
-2.7463119604 -2.44062334275 -3.43532973335 0 0 0 1
-3.73271317275 4.90598128655 9.10551758118 0 0 0 1
0.876794616824 1.76616464815 3.80980334625 0 0 0 1
1.27218101078 -3.71955283521 -8.54006119868 0 0 0 1
2.57031133701 6.55522602282 -1.3315373368 0 0 0 1
3.28814453462 -1.43905250561 3.31679094985 0 0 0 1
7.44687351107 2.14764414011 -2.36962707163 0 0 0 1
-7.54299351233 1.2676799312 4.2726634505 0 0 0 1
7.2161886781 -0.146724990434 -5.37462061794 0 0 0 1
-9.03478860289 5.61306489276 3.24940419301 0 0 0 1
-3.98539397917 -0.228091950385 -9.26816520149 0 0 0 1
7.17651095961 -4.56842713219 0.424654933939 0 0 0 1
-7.91919541677 6.56281418244 -3.5087134474 0 0 0 1
5.11270868209 5.76548886265 5.1957514958 0 0 0 1
0.0811552255987 -6.31276674244 9.94865919602 0 0 0 1
0.217341605798 -7.33391656011 2.14601072755 0 0 0 1
-3.68566349856 0.590469526346 3.40589733849 0 0 0 1
-5.3759765065 2.94327657145 4.9576734302 0 0 0 1
7.76872741881 2.43514223768 -8.99725736205 0 0 0 1
5.51261342257 1.57807930056 -2.92704700992 0 0 0 1
-3.32981886589 8.23164871951 5.71466595462 0 0 0 1
-1.86980192629 -2.94262361123 5.06570247818 0 0 0 1
1.16104379728 3.9113050194 -6.3022001294 0 0 0 1
-1.87575461845 0.866842361637 -1.22558966383 0 0 0 1
-8.29184630149 9.69789050187 -9.92382558711 0 0 0 1
-5.46428439969 -7.44311713194 3.12839121009 0 0 0 1
7.40325979312 -7.03143950622 -3.4884292528 0 0 0 1
1.70455102553 -6.76794719398 -2.5347631751 0 0 0 1
-0.752729806482 8.78992271584 -9.77154485637 0 0 0 1
-6.93315398336 -8.83443029853 -6.00237286183 0 0 0 1
7.94590557024 4.32922139881 -4.48797333666 0 0 0 1
-5.59407162025 -4.24171791261 3.01070544998 0 0 0 1
-9.55867244689 -7.73758384629 1.54405068214 0 0 0 1
9.47790236786 -6.87385319527 -1.27652911517 0 0 0 1
-7.635016532 -5.28314091905 3.07379094551 0 0 0 1
-9.673987102 -6.69530937875 -3.77909072226 0 0 0 1
4.38253898213 9.3950354917 -2.3334122418 0 0 0 1
-2.13576427792 9.1935744829 4.27864490875 0 0 0 1
-9.87331467531 3.35127738935 -8.46884482131 0 0 0 1
-4.03734776063 -5.60699111566 6.34388981611 0 0 0 1
8.66284883745 -8.71795581858 8.74533253772 0 0 0 1
1.08717042912 -2.22689123394 -8.28149701079 0 0 0 1
-0.298960694323 -7.07027430089 -9.25885851722 0 0 0 1
-5.59831209121 -5.0094931573 7.21646229145 0 0 0 1
8.34745309595 8.36874161367 -4.37239657743 0 0 0 1
-4.82418079225 9.67801868924 8.61376968492 0 0 0 1
-9.17532228435 3.7423422165 -3.6998672072 0 0 0 1
2.22683241124 4.64653710261 9.62715484413 0 0 0 1
-0.426613291896 4.57435919878 8.99273447479 0 0 0 1
5.43102339055 -0.554152032437 -1.91356925202 0 0 0 1
4.03010192903 -4.99935471876 -3.98531167526 0 0 0 1
4.74433438086 -1.71653016845 -5.02429446743 0 0 0 1
6.17825288175 1.77906956757 -3.02480810606 0 0 0 1
-1.6977375326 6.36163109878 -9.36374684194 0 0 0 1
-9.07370073148 -0.919072127926 -4.48726941848 0 0 0 1
-2.02258136753 -3.26903043822 -8.06973195611 0 0 0 1
-3.09001307208 -1.74861491696 -8.84187798912 0 0 0 1
4.9537953402 2.82828989802 -2.97702058406 0 0 0 1
-5.14449904518 4.83480083849 6.18644331739 0 0 0 1
-2.34768676958 2.69064859382 7.01634480404 0 0 0 1
8.63834887986 -6.17055737961 4.75184622751 0 0 0 1
8.94367576162 -8.24477932355 -8.48495321715 0 0 0 1
-4.667966454 8.18627451312 2.92716833889 0 0 0 1
-2.90761843634 -5.43344828994 -2.57219367331 0 0 0 1
2.33889127202 6.78927672438 5.63332177313 0 0 0 1
-7.80975595503 -5.13327146905 0.508085905765 0 0 0 1
8.91659048256 7.50774357145 -6.37114135406 0 0 0 1
-6.71872525674 5.00101984175 9.82464762018 0 0 0 1
-5.05967497942 -4.75242322925 -8.26772807809 0 0 0 1
2.50077070901 0.560381558855 -0.067735259886 0 0 0 1
4.62546721267 1.91377207692 -1.9854122135 0 0 0 1
-1.85283861208 -5.41225551902 7.25790588027 0 0 0 1
5.08722722269 -1.54803848542 -4.66375348513 0 0 0 1
7.29458317097 -5.51548772133 4.55104542966 0 0 0 1
2.91175438591 3.60798668497 7.06221665577 0 0 0 1
-4.41399401767 6.25696418818 -7.21750600598 0 0 0 1
8.02309843185 3.25759056947 -7.7439189739 0 0 0 1
1.87787778227 -1.99935072291 4.67542847197 0 0 0 1
5.23074643178 1.01417664242 -5.97953616197 0 0 0 1
-1.30438407162 1.57501936428 -9.37004984969 0 0 0 1
-4.23884602477 -4.75947119982 1.15584885569 0 0 0 1
-7.78999556298 7.7357686656 -8.33647203598 0 0 0 1
5.87111840032 3.31339678286 2.15899129003 0 0 0 1
-4.35327431545 9.8961754413 -5.15654312748 0 0 0 1
2.29597243963 -4.51974796311 8.63723506611 0 0 0 1
-5.00902959881 5.75955830981 -5.30482559672 0 0 0 1
9.34693205713 5.29864968866 -6.56374077964 0 0 0 1
0.419446949258 9.12124217607 -8.25140932589 0 0 0 1
-0.00343205562849 2.15275515449 7.33801998966 0 0 0 1
3.95953764337 2.76746205991 -1.36146931153 0 0 0 1
3.05620222665 7.56615228949 -5.44609108864 0 0 0 1
-1.39768736388 6.60570133469 1.23490035957 0 0 0 1
4.99489781561 2.66533662918 -1.31732651382 0 0 0 1
-7.36409227728 -4.42605666291 -4.14122749065 0 0 0 1
-2.70568736072 -4.88810184534 8.27239576873 0 0 0 1
7.44330013345 -9.81541609129 0.792467837292 0 0 0 1
6.25044603332 -7.8624899599 -0.649043053364 0 0 0 1
-1.55003567509 -7.03011973002 0.0290480466538 0 0 0 1
-9.44879923835 2.18750066416 2.39244958294 0 0 0 1
0.44079007995 -8.72547404049 -9.05779078652 0 0 0 1
6.82309662209 8.55162260708 -1.91463374642 0 0 0 1
9.15118264983 7.51832864409 -5.77979072531 0 0 0 1
8.80334496337 -2.93745597844 -1.59556216543 0 0 0 1
-4.69671473521 -5.56978835535 4.94945197273 0 0 0 1
-1.19957762461 -4.56004055995 7.83389644871 0 0 0 1
5.82200483016 5.58073216929 2.69526106717 0 0 0 1
8.29586277214 8.25939028656 -7.24974130366 0 0 0 1
-5.46667564991 -0.20317429058 -9.82353627731 0 0 0 1
-5.74291284807 4.07948517629 5.7260656442 0 0 0 1
1.94585685524 -2.55261088273 -5.53014165182 0 0 0 1
7.81902804 -7.30976794814 -5.81995796104 0 0 0 1
-6.22267653447 3.48766961545 7.42121820694 0 0 0 1
2.05191422063 3.2226851984 -4.55302116604 0 0 0 1
-9.06509543612 -6.74991839746 -0.995609896056 0 0 0 1
5.03763018243 -9.06396102756 3.97586516752 0 0 0 1
9.87847124698 3.27675548486 -1.5964711043 0 0 0 1
-9.50380601997 8.05615676032 0.701618538419 0 0 0 1
-4.2575048311 3.48319896048 9.70295629506 0 0 0 1
5.01887109529 9.24507423918 -6.03328613243 0 0 0 1
4.48321236745 -5.23881487951 2.97636648665 0 0 0 1
7.33550585704 8.45540912048 -8.03883067513 0 0 0 1
3.76423072204 -3.86970534418 9.90632877014 0 0 0 1
-2.91239071662 4.0411459432 -0.778804191183 0 0 0 1
-0.234649462345 -2.42373312808 -2.93681211224 0 0 0 1
-8.30214858125 -8.60577088662 -9.67675821774 0 0 0 1
3.44231509344 -7.54096022166 -6.5282095943 0 0 0 1
-0.801988327293 9.11441591061 -9.36342520558 0 0 0 1
9.04896389997 4.29811797615 -9.38320561784 0 0 0 1
8.62222173135 -6.3816612104 -0.426285532415 0 0 0 1
-6.33388168761 -3.01667068193 0.616872888334 0 0 0 1
3.14781182744 -7.07532632934 -6.78769017256 0 0 0 1
-3.55682953879 3.65241445023 -8.31013551758 0 0 0 1
-3.91213765592 2.21335815119 5.74041488313 0 0 0 1
0.179267425235 2.3612410911 -6.29106805068 0 0 0 1
1.64311829595 5.01292542245 -8.35667602186 0 0 0 1
-8.49557942687 -8.94543727625 8.32908258581 0 0 0 1
-9.08351177292 7.56545134445 2.10133583289 0 0 0 1
7.07126358774 9.36822748657 9.90300758219 0 0 0 1
5.5000465024 7.82161428613 -2.98154203158 0 0 0 1
0.576554449277 -2.88736768684 -9.35354614263 0 0 0 1
5.34727582922 -7.45372411483 -2.62853491038 0 0 0 1
-5.35902982334 -3.86562726638 -3.61785727045 0 0 0 1
-8.73170942989 2.19435754297 9.55671415313 0 0 0 1
9.4409603436 1.75418776203 1.27271665705 0 0 0 1
5.99894388688 6.28814930215 7.64929308897 0 0 0 1
0.851544726694 -9.3531827331 8.97642707251 0 0 0 1
-7.51640984791 -9.54778273583 -8.9616634274 0 0 0 1
-0.471522739619 -2.6142897469 3.14124698212 0 0 0 1
-1.40682857942 6.66976214333 3.18577951148 0 0 0 1
7.60980149647 7.67461253877 9.71939365128 0 0 0 1
-7.98708071207 6.98944183563 3.53114916477 0 0 0 1
-9.10529695127 -4.06046197089 -2.70426108109 0 0 0 1
-5.64896759893 -2.79433465775 -0.952458970175 0 0 0 1
1.94797251453 6.95146079145 5.73468088803 0 0 0 1
-2.2311102613 0.844673035977 -9.00221488017 0 0 0 1
-4.9930545711 -1.96168257462 8.25247237428 0 0 0 1
-8.4973876913 3.4249070545 -1.70738855011 0 0 0 1
6.72035235988 3.06575677694 -6.78705795487 0 0 0 1
-3.22651800125 -8.59433639831 2.24241712406 0 0 0 1
0.382089551851 -2.93429702081 2.15854346506 0 0 0 1
-3.40757806604 4.37837939015 -6.78260971568 0 0 0 1
-6.3589362669 3.1630433478 -5.39297389479 0 0 0 1
-1.45774280311 9.45108142674 8.48694960608 0 0 0 1
-6.2562309219 3.74181076514 -6.66036176809 0 0 0 1
6.65221599051 -1.81561502987 -3.6932858805 0 0 0 1
-7.79554249682 1.00611847728 -2.15507755209 0 0 0 1
-1.41952162534 9.52645013252 -2.94179472533 0 0 0 1
-3.50600856504 -1.04960168454 -5.19708347965 0 0 0 1
-1.26249099687 8.78022265265 5.68280884003 0 0 0 1
-7.2951474349 -6.63126416114 3.18453667984 0 0 0 1
-7.67539760833 8.51643647672 2.9580281859 0 0 0 1
3.19412277022 1.56323473353 -1.6976605889 0 0 0 1
-9.92987592228 8.00795387537 5.01217150862 0 0 0 1
8.34098411264 5.64671097428 3.23439350316 0 0 0 1
-0.723119304432 -5.18132572912 -3.32812390836 0 0 0 1
1.12462288453 1.3130898703 -9.31016449414 0 0 0 1
4.55335683971 -4.08375347245 -1.36757974268 0 0 0 1
-4.7083291558 8.03711407966 -3.08374061746 0 0 0 1
-3.06430000775 -1.94642010169 -8.15888907463 0 0 0 1
7.59968746545 4.48885611345 -3.2023293926 0 0 0 1
-4.35986091886 -8.37408910381 -9.31780775403 0 0 0 1
-9.51641267778 -5.57286145595 -6.9663588058 0 0 0 1
-7.57854002576 9.35243788257 0.445583724138 0 0 0 1
0.638776765893 -7.6332324739 6.51925224139 0 0 0 1
-9.87250335638 2.4165451185 0.708042710713 0 0 0 1
-2.93780441893 6.74593002762 -7.03455813253 0 0 0 1
8.94297317195 -9.96873559715 2.18656277116 0 0 0 1
6.85421605688 -5.82248361012 -3.83075719339 0 0 0 1
-8.35989262751 3.0991768106 -3.10617385679 0 0 0 1
-5.20812785552 -2.99903690994 -3.40798456815 0 0 0 1
6.26565510097 -4.44786304592 7.92364019715 0 0 0 1
0.156195524257 -6.01859643468 3.61004707665 0 0 0 1
-4.18223043222 6.35671605164 -6.78075001208 0 0 0 1
8.33247051883 9.73311966917 8.11943110236 0 0 0 1
-1.86290874993 1.95792086026 -0.01495964559 0 0 0 1
-4.11070619536 -0.266063492882 0.336359417011 0 0 0 1
-2.4309906712 -8.63181358513 9.12322045477 0 0 0 1
0.829199388578 -9.6727988941 2.80182585532 0 0 0 1
1.02055866292 -0.309404528312 8.98713602857 0 0 0 1
9.64793968027 -0.229602460574 -9.2380070086 0 0 0 1
0.924507933698 7.40183460595 3.80167577624 0 0 0 1
1.32731708251 -6.04912810537 -4.73399076889 0 0 0 1
-2.05095838458 1.42241346289 4.68285345626 0 0 0 1
3.79617171569 -3.77579946522 -1.68062792867 0 0 0 1
-3.3715807497 -8.81466042378 -5.55912407912 0 0 0 1
-6.92149435907 4.0734394481 7.06229687706 0 0 0 1
6.63417266086 4.21314287188 -6.56548329507 0 0 0 1
-7.65596143606 -9.59431186774 -5.77530048805 0 0 0 1
-4.12743529412 2.99037623397 7.04319730204 0 0 0 1
3.62293640186 1.31503490664 -6.87328174991 0 0 0 1
0.475219603327 8.10686685047 -5.7310639009 0 0 0 1
0.563125570354 -8.47700719461 3.74354947526 0 0 0 1
-6.48763504015 4.13678991125 8.67291981952 0 0 0 1
0.523517966666 0.0603193012077 0.473393968621 0 0 0 1
0.699593230022 -6.94925473227 9.18209094106 0 0 0 1
6.50076238597 3.49459017472 5.67822872112 0 0 0 1
8.40412987266 7.59258310823 -0.391682821144 0 0 0 1
5.34657536082 -2.1912028029 2.52325023623 0 0 0 1
2.25393917044 0.453047169551 -2.43941232396 0 0 0 1
-8.15863148872 -2.1416620392 2.16126822367 0 0 0 1
-8.63886488318 8.82945713241 -5.92455121448 0 0 0 1
1.93072608101 1.08864338421 -9.17684518617 0 0 0 1
-5.69633747524 8.47005593057 -3.13380686232 0 0 0 1
8.43617176866 3.10217838749 5.57659937906 0 0 0 1
2.58414009737 6.31007652071 5.32088420919 0 0 0 1
1.65450318282 4.49917762199 -2.53493390771 0 0 0 1
3.09877847418 8.93094471852 -7.36082524775 0 0 0 1
2.97796116103 -5.15216127597 -7.01677044335 0 0 0 1
-4.0925567208 -1.12829910974 3.69972501951 0 0 0 1
9.193602679 1.80733719357 -3.32523294619 0 0 0 1
0.343479965097 8.60142740859 -1.19125491187 0 0 0 1
9.21895030326 -8.77016300134 1.65007838704 0 0 0 1
8.95230397775 -1.78936681486 -1.00049633096 0 0 0 1
1.3286784209 6.23237962157 -0.556522700203 0 0 0 1
-1.35143130531 -1.43576160289 1.81701241638 0 0 0 1
-9.67833761379 -9.65379294231 -5.65086285335 0 0 0 1
6.00027437034 -4.67452654982 0.79658356679 0 0 0 1
-7.79320732855 -2.4861723697 4.20020731736 0 0 0 1
-4.76508128719 5.08776352076 -7.35799179529 0 0 0 1
8.73434973567 4.63454217529 -5.09293108213 0 0 0 1
-0.752894896614 -9.19845403106 -7.56650846565 0 0 0 1
-6.70244600081 -7.44099510212 -6.66649312199 0 0 0 1
-8.69493226234 -1.14763347857 2.89092395446 0 0 0 1
6.02397305765 1.05725725454 -0.550053338832 0 0 0 1
5.20010396622 1.63211803516 -4.98783759423 0 0 0 1
1.21491089279 -2.41798601622 -3.86539356218 0 0 0 1
-3.02729378925 -9.14117143213 -3.47675211714 0 0 0 1
-6.72282114819 2.26398759215 2.37299594945 0 0 0 1
6.98754922973 -7.85306665148 0.857782024592 0 0 0 1
5.73179896486 2.28294276849 3.41919396082 0 0 0 1
-5.82964801861 2.21054995517 -8.82067979669 0 0 0 1
-9.9341345984 4.80606234551 1.78675644401 0 0 0 1
8.91796887468 4.38128986902 -0.736173178906 0 0 0 1
8.41694172981 -5.95300609988 2.78241596952 0 0 0 1
-6.0960897712 0.388594377836 9.00756338063 0 0 0 1
-7.30564441531 -3.5087014108 -8.18946432594 0 0 0 1
-1.29417321251 2.73344792125 7.69215096831 0 0 0 1
-9.54342515138 1.09488349503 -5.81282643422 0 0 0 1
4.44644219205 -3.63846010061 8.64992280183 0 0 0 1
6.04809244837 1.50516065953 -9.82626739138 0 0 0 1
-3.06048389008 5.49150230086 7.85128936862 0 0 0 1
8.56435848498 -9.88024536306 -8.47280943872 0 0 0 1
0.13164140889 -7.54336096136 0.223378791693 0 0 0 1
-7.25685890621 -0.691025171473 0.490672850036 0 0 0 1
-3.45746821458 5.29535323479 3.95401408169 0 0 0 1
-1.40877484219 -6.95688904562 5.81393169129 0 0 0 1
3.10560750412 1.12180844713 8.32792023564 0 0 0 1
4.34645166405 -3.87387554105 -8.52543811761 0 0 0 1
9.66241757395 -1.18061604223 9.81883273485 0 0 0 1
-5.50291272329 2.84320399955 3.64697227265 0 0 0 1
-0.758945238774 0.512583063644 -4.76779179793 0 0 0 1
2.43301321923 -1.09513667938 9.85090515762 0 0 0 1
-0.420537670682 6.8023324829 0.447165328736 0 0 0 1
6.10061695683 -9.84281715403 2.91864773913 0 0 0 1
-0.654882549775 1.91853937151 7.3763669165 0 0 0 1
-6.65645763105 -0.84498179718 1.52604007359 0 0 0 1
-3.28639034087 0.414275474264 -5.83471326292 0 0 0 1
0.182945329686 -8.64169655796 -9.16986511213 0 0 0 1
3.53142465225 -7.35326384181 -9.88788715221 0 0 0 1
-3.44031623199 -3.940594733 1.940916384 0 0 0 1
-8.00505209843 -7.83093710791 9.17350386357 0 0 0 1
-5.15297398434 4.26590966297 9.13760727164 0 0 0 1
-9.3757362917 -9.43753647083 -8.10397335617 0 0 0 1
-0.786623683627 3.23494618645 5.90566181439 0 0 0 1
8.02885575546 7.67422457509 9.12737274109 0 0 0 1
6.11396855322 -5.59876387008 -1.29499227187 0 0 0 1
-2.87910903401 6.61265643841 2.86622093693 0 0 0 1
-2.87491472659 1.01129681109 -8.8313862536 0 0 0 1
5.32757774085 -5.79229479895 5.71963735232 0 0 0 1
9.23543046516 -8.58478601261 -8.6815758462 0 0 0 1
5.36873635254 -3.01486820034 -0.095324288829 0 0 0 1
-5.19054210276 4.06255081672 5.82589134713 0 0 0 1
-9.63407990063 2.48259255815 -4.59220936743 0 0 0 1
6.78618700716 1.29316493839 7.74963640192 0 0 0 1
-4.60365483664 -0.854382201304 8.43778615529 0 0 0 1
-2.29829372188 3.81015999038 4.52075070609 0 0 0 1
-6.94098727024 -6.3697101641 -5.67971540001 0 0 0 1
-2.12087669442 -9.29987161091 -1.31257734604 0 0 0 1
-8.87618782242 0.73149449506 -2.72794296574 0 0 0 1
4.73237321518 1.93261791259 -2.18478868953 0 0 0 1
-8.44752320312 -0.613764178475 -3.82553175096 0 0 0 1
-5.18681714063 -3.48665723865 3.60870280503 0 0 0 1
-3.3596509825 -3.49561362849 3.45103663192 0 0 0 1
-6.13695447215 -3.74974020721 1.04465180258 0 0 0 1
8.83977271204 -9.97686509879 -3.91915991438 0 0 0 1
-6.36616807251 0.939939495994 0.954196279017 0 0 0 1
-5.02710779155 3.24610370152 8.47123756656 0 0 0 1
-5.26288575719 9.69097359458 -2.92405785162 0 0 0 1
1.29313894444 -7.19526515347 -6.30367284055 0 0 0 1
-8.36099280265 -7.36372961566 -6.83362925588 0 0 0 1
9.05329002271 -5.44064777129 1.97116287859 0 0 0 1
-6.68117973713 -5.3854759001 -8.91393600651 0 0 0 1
0.343751991271 1.20612686672 -8.76694113575 0 0 0 1
-7.02182981085 -4.39958685073 1.63629864358 0 0 0 1
-3.17789316766 0.656993590997 -1.96324976598 0 0 0 1
-2.19603432568 -2.87521707849 -4.86064610235 0 0 0 1
5.69130994775 3.39650545521 -1.98367041952 0 0 0 1
4.71068215484 -4.48449710669 7.97940259807 0 0 0 1
-0.408093514416 4.02598545378 2.92520913597 0 0 0 1
2.21483274774 9.9775545403 2.40431182715 0 0 0 1
3.17312141399 -3.48406870971 -1.08201056501 0 0 0 1
5.33664685648 -4.81004167582 -1.74026732646 0 0 0 1
5.20419408773 9.68083765329 3.85659645291 0 0 0 1
-1.14679378017 2.3874637727 3.37851896865 0 0 0 1
9.89856774564 9.64314120381 9.49645893735 0 0 0 1
3.28383756953 0.415310013814 -7.33602131202 0 0 0 1
-0.277534356642 5.18609077223 2.2448396874 0 0 0 1
3.17065894255 -2.43133010525 4.89333612086 0 0 0 1
7.49947722706 -3.21918562874 7.95805296115 0 0 0 1
-0.0178491860929 6.10895527309 -1.43738606482 0 0 0 1
-5.31754855023 -1.33483557615 1.11421799848 0 0 0 1
-9.47239740799 -1.97886542038 -2.18387207361 0 0 0 1
1.93838903379 4.76712313986 3.89071366087 0 0 0 1
1.57629034659 9.06753867531 -3.55206364051 0 0 0 1
-3.12003376591 6.83950814463 -9.75964802343 0 0 0 1
-2.158161508 5.7390054857 1.81103392564 0 0 0 1
0.285130150204 -6.80076485596 6.67434813997 0 0 0 1
2.51932703674 9.74346695613 7.14386008602 0 0 0 1
1.97966138514 -2.92228798115 -8.96500899081 0 0 0 1
-4.84700576974 1.17374672412 -9.05920444919 0 0 0 1
3.48669859854 -0.851738800749 4.36622389153 0 0 0 1
-5.39762446331 8.24148708136 -5.2392414428 0 0 0 1
-0.885420641526 -3.52275530667 8.56462398429 0 0 0 1
7.3094107008 -7.09318766617 -5.93618261851 0 0 0 1
3.59160848971 -4.41239471808 1.93034675943 0 0 0 1
7.47435294226 -3.51831281289 1.81548963754 0 0 0 1
9.08704718132 -8.44895810967 2.02308516463 0 0 0 1
-5.24301380405 6.92129672625 0.0708274557715 0 0 0 1
3.62166757356 6.87348921602 -2.0370323505 0 0 0 1
-8.97737747966 -2.37221861411 -1.07471391723 0 0 0 1
8.50668034049 4.27530012565 -2.04234686966 0 0 0 1
-0.40202036658 0.682892251236 3.25330357165 0 0 0 1
9.47449765154 -7.07099312603 9.31965948494 0 0 0 1
-7.76967011187 5.73583487522 2.64645669456 0 0 0 1
2.47446805691 9.20742855222 6.22254837529 0 0 0 1
-2.42831483716 5.86419730061 -4.84667229076 0 0 0 1
1.41276121651 -6.25658681123 4.97511743202 0 0 0 1
-6.27632130726 -0.874558728268 9.60956380472 0 0 0 1
0.816567713712 2.55132560191 -8.54431441016 0 0 0 1
1.37183185461 4.56289874413 -3.2498625383 0 0 0 1
9.25176727042 -7.30923731268 -1.79528603809 0 0 0 1
1.4488040814 3.30420989762 -8.42162466243 0 0 0 1
9.73321575663 -7.24830200139 0.164959668907 0 0 0 1
3.59938747767 2.36450304947 -2.5332705437 0 0 0 1
-8.65088265077 2.65077956513 -1.1840291904 0 0 0 1
7.81817373579 -3.81128661549 -0.0552675153627 0 0 0 1
-6.07808952147 4.08628372219 3.38459120026 0 0 0 1
2.27328635387 7.84758340511 -5.96991768003 0 0 0 1
-0.822481349408 7.83467889797 -5.37815632814 0 0 0 1
-9.80080906038 5.37933782438 -1.39592079981 0 0 0 1
-5.37187115442 5.16590818184 4.88769311141 0 0 0 1
1.38275477652 -4.25001618348 5.56227325285 0 0 0 1
-6.18903120511 -3.64448461848 5.8921174818 0 0 0 1
7.20361951327 -2.268078681 4.56469966193 0 0 0 1
-5.60748449725 9.74127262723 -0.129495930024 0 0 0 1
8.52369739167 -5.26350801511 -1.90572261426 0 0 0 1
-4.59561977946 1.13278452864 7.21582631907 0 0 0 1
-1.77210462752 8.30606013513 -6.09601598233 0 0 0 1
-6.86461455083 4.20979766396 -9.88186639985 0 0 0 1
6.79432018371 -2.68849029345 -4.25923696925 0 0 0 1
5.1292977761 -4.18669051532 2.8113668321 0 0 0 1
2.20492643662 2.50884203859 -3.94317392123 0 0 0 1
6.10742562974 2.57773718262 -6.41019529542 0 0 0 1
-4.56162549025 4.40738374989 -6.01190159033 0 0 0 1
-2.66897903361 -4.41980451529 -2.52269093283 0 0 0 1
-1.027233442 -0.116229273346 -7.2217410828 0 0 0 1
-8.15425645689 -2.24149345394 2.99150068107 0 0 0 1
3.65935760673 4.05828900032 -8.64098581173 0 0 0 1
-8.55805255282 -8.6170234374 -0.0655783002781 0 0 0 1
-1.73917273165 7.07009996237 0.211541762719 0 0 0 1
-1.12387985624 -9.03654051762 8.12861649244 0 0 0 1
-3.95066127486 0.0379226183492 8.05764276819 0 0 0 1
2.17960229023 1.35637326637 -2.6076172399 0 0 0 1
-8.79783774357 9.63380144535 3.07452772968 0 0 0 1
3.7874699035 -9.41148217319 -2.95379185434 0 0 0 1
1.10853707455 0.267454276763 1.78359379381 0 0 0 1
-7.33582599756 -6.22397661863 -5.57835450308 0 0 0 1
7.26194563061 4.70835831854 -1.94256127498 0 0 0 1
-8.41697263275 -6.66556436536 -4.00432308455 0 0 0 1
6.01748843789 -6.60683513742 3.20796900885 0 0 0 1
-4.74549116464 9.20369327157 -3.07217292981 0 0 0 1
-8.78111378571 1.09566435501 -1.2713840835 0 0 0 1
-4.79197022526 -7.34533914761 2.33558029105 0 0 0 1
2.22138710159 -1.13029079116 -1.1196041467 0 0 0 1
-7.39690159263 2.88703354253 -1.49038324782 0 0 0 1
-2.43194095258 -0.11623714512 -7.12404931256 0 0 0 1
9.45652307531 -0.144494473677 -8.22922448069 0 0 0 1
-0.70734908745 -9.43795909288 7.98029587428 0 0 0 1
3.01047607834 2.43028230494 -6.40959483078 0 0 0 1
-6.59174097012 2.59590055896 6.32335827788 0 0 0 1
-8.55052972923 3.26118555276 -2.11044607654 0 0 0 1
-0.619953133708 -2.8042620973 8.50023084992 0 0 0 1
-3.2188919952 -6.76860650447 3.0276565439 0 0 0 1
-0.0957068248145 8.35362197874 -9.42161696149 0 0 0 1
-7.59543848576 -2.50613987922 7.4213911649 0 0 0 1
9.13144052223 -3.421033665 -7.03692136373 0 0 0 1
1.85423699396 4.14506295856 -8.73312572056 0 0 0 1
-2.60147788715 -9.00227014189 2.57624336912 0 0 0 1
3.15872681159 5.46395596181 -7.05733359603 0 0 0 1
7.2212588924 -7.17556644677 5.70648010212 0 0 0 1
-7.86399750193 5.6617525762 4.51270250224 0 0 0 1
3.51299463996 6.02558598219 2.68025366409 0 0 0 1
-0.967918233736 4.81815872946 4.92494482587 0 0 0 1
-8.09891611159 1.64571378655 3.26846077111 0 0 0 1
-8.61906152461 -4.43715183415 7.25401924666 0 0 0 1
7.16374611621 0.196387662259 -9.54714440461 0 0 0 1
-0.0372677113888 -3.46624462183 -9.03252069932 0 0 0 1
7.12996962427 -7.25814501962 6.52006270431 0 0 0 1
2.81011421978 -9.91393591577 -8.79260591199 0 0 0 1
1.2422186344 -2.19645812597 7.68372288991 0 0 0 1
-0.990125215144 9.30120959091 0.0618103672977 0 0 0 1
-9.06787477094 0.964708178976 -2.53951592116 0 0 0 1
7.91299462672 8.57377394367 7.09947323773 0 0 0 1
2.81781177415 -2.46561203152 -0.675379255796 0 0 0 1
7.16410789345 -4.68451393148 -8.63927058344 0 0 0 1
-0.545028239038 -8.546020045 -5.83786382932 0 0 0 1
-8.85673633994 6.88822436184 -8.53401842045 0 0 0 1
-8.68200918561 -8.4161854695 9.51990793553 0 0 0 1
