8.79717884436 4.37586693827 -9.45794981618 0 0 0 1
-3.43210201136 3.00800300536 -5.31125709834 0 0 0 1
5.42225352986 4.56290229757 0.523241123656 0 0 0 1
9.18601981938 5.81404831571 -8.85290559881 0 0 0 1
7.61009379569 7.63218307926 9.06649556653 0 0 0 1
-4.91601376012 1.66811981746 4.9849907371 0 0 0 1
8.12687212901 -5.58540828648 6.77137797755 0 0 0 1
-2.15691928414 2.23452040963 5.84916418895 0 0 0 1
-6.51650598804 2.89803884977 2.34381970676 0 0 0 1
5.49729443837 5.31517346122 6.47501988712 0 0 0 1
-3.25974293028 -5.70457153128 5.74202984309 0 0 0 1
9.82843464969 5.50459204303 -4.53691228215 0 0 0 1
0.243361762795 2.97866344469 -2.2686113706 0 0 0 1
7.51901670147 5.53204950308 4.32220180585 0 0 0 1
-1.99049940831 -5.78320866062 1.33416244792 0 0 0 1
4.73403701975 -1.26336116001 -6.35195428585 0 0 0 1
-8.72335385296 0.71748533821 -3.35644393667 0 0 0 1
5.89866537813 1.29213089095 -2.61803578955 0 0 0 1
-5.37143883174 -7.56893174433 -7.09950437815 0 0 0 1
-2.35538469457 5.44033020748 -8.41108828734 0 0 0 1
2.786985221 -2.78244717153 -7.43761216339 0 0 0 1
8.82820059456 6.81159251478 -4.38698938839 0 0 0 1
-9.45331965171 8.39581045489 -6.16908223699 0 0 0 1
4.19665661594 3.98780883966 8.00087195666 0 0 0 1
-5.51273691368 -6.44650746188 -7.06912111646 0 0 0 1
-0.820353155058 6.48813299976 3.98141281256 0 0 0 1
1.17926723756 -7.55064266553 4.24393160134 0 0 0 1
9.0166225432 6.01852589545 1.28003945111 0 0 0 1
0.619275049062 9.50094840764 -6.72554842211 0 0 0 1
0.0331509241352 -4.41889522727 4.22222804084 0 0 0 1
6.01142929557 1.49727637083 -4.67196582524 0 0 0 1
-8.35563783902 1.93569559308 4.83926436876 0 0 0 1
5.91036519456 3.20327922573 -7.05007531641 0 0 0 1
-8.85227048669 -5.81898512157 -2.97132730529 0 0 0 1
2.38869124628 7.76463916278 -2.63992657848 0 0 0 1
2.98438928466 1.98965969625 2.83173634903 0 0 0 1
-8.60440912767 -9.65680410914 -0.213979280382 0 0 0 1
9.88357321418 -9.64484886798 -4.54739319078 0 0 0 1
-0.311395117579 8.63297425283 8.97880679443 0 0 0 1
-4.3583881878 6.01005285882 -2.37591677314 0 0 0 1
-7.90877046264 -8.32350605703 -1.41033989724 0 0 0 1
-9.71270575667 -3.2818952413 3.08590003538 0 0 0 1
-0.0128773462313 -4.54092179433 3.92798975636 0 0 0 1
8.00650094145 -1.5992749574 5.54423569366 0 0 0 1
6.92684970681 -7.23497072285 -7.90990433021 0 0 0 1
3.71440936756 -7.51113479034 -5.05092181307 0 0 0 1
-6.91425176971 9.32020044992 -1.94244754738 0 0 0 1
3.67046038035 1.53915228362 -5.53618011625 0 0 0 1
3.4143310519 -5.38389026208 5.16983651616 0 0 0 1
-5.75879030328 7.80334865484 8.75791074019 0 0 0 1
1.5154243959 8.17410406569 -4.2207309759 0 0 0 1
-2.26014105338 1.26442276245 6.84547147664 0 0 0 1
0.685601003729 7.44380579214 4.66259001588 0 0 0 1
-2.821687321 -1.27663384535 5.16899224327 0 0 0 1
-7.10027930584 0.517017084865 0.0342274354372 0 0 0 1
-5.87411202577 4.3764722596 -3.60319785 0 0 0 1
0.420647577002 -0.591638550125 -0.408308084254 0 0 0 1
-3.43242934101 -7.34878670671 -7.35944400075 0 0 0 1
-7.29581388815 -3.34496837757 9.19742894281 0 0 0 1
9.21180482517 0.488439260307 1.61469254918 0 0 0 1
-7.79933942266 -6.85314623607 -3.33039770447 0 0 0 1
4.08649726315 -4.07892101771 0.158376921327 0 0 0 1
-8.11594275224 3.20193641064 -4.45353203033 0 0 0 1
0.316846532098 1.7867463331 -3.58939431076 0 0 0 1
5.90785917541 4.18817938596 -3.19998957947 0 0 0 1
8.81989988803 4.76009024475 5.21948804995 0 0 0 1
-9.24159628223 -6.72065599887 6.57546897046 0 0 0 1
2.13598485643 -3.1816767948 5.77615458293 0 0 0 1
2.4674334242 -0.503520330156 6.50247895883 0 0 0 1
7.43557322283 -3.00170664338 -1.94525228422 0 0 0 1
-5.77780941818 -8.98192949345 9.86135438973 0 0 0 1
-6.63947861348 -4.64806765072 -5.17771438582 0 0 0 1
-8.95872495727 3.74428715817 6.02839709155 0 0 0 1
-6.32312320852 -6.1282860038 -2.6639590543 0 0 0 1
-0.50787714973 7.08916402314 3.25137647841 0 0 0 1
9.90871563242 3.28898795884 9.3906542156 0 0 0 1
-6.74681207612 8.90879086745 -8.80550813908 0 0 0 1
-2.77243076512 7.32724505651 2.03293073841 0 0 0 1
-2.32022867394 7.14148055057 -6.17947251991 0 0 0 1
-9.70467150579 -9.0574562814 9.4344835833 0 0 0 1
9.79566313244 -0.186120207566 -8.364924425 0 0 0 1
-8.41843683188 3.5873962451 6.52640568261 0 0 0 1
-9.33403235381 -0.404551059271 5.13384197245 0 0 0 1
-5.92992669624 -3.03245579365 -9.16643701227 0 0 0 1
1.1237991784 -8.49618462282 1.86807462002 0 0 0 1
9.57906434618 -3.46504750946 2.85542894059 0 0 0 1
0.31597737942 -0.342972741504 -7.96013049901 0 0 0 1
-0.586355536182 -2.54315721928 -0.562862633495 0 0 0 1
8.73444408208 -4.48378771882 -5.75910985481 0 0 0 1
8.53824594839 -3.99543693876 -5.47615219563 0 0 0 1
-6.49653184334 -5.85178445581 -3.62241150984 0 0 0 1
-0.125713741626 8.45874273591 3.13865173901 0 0 0 1
5.11061125738 -5.64630108581 8.41373563133 0 0 0 1
2.07325122473 4.6758886184 2.06163230787 0 0 0 1
6.60871662573 2.83970053448 -2.50598183722 0 0 0 1
-6.71825831632 -5.88444637167 2.08761318327 0 0 0 1
-6.45544623075 -6.49923125594 2.17434396566 0 0 0 1
3.26039145754 -6.41852661756 7.40985274655 0 0 0 1
-0.176960326806 0.548464190078 0.905008159975 0 0 0 1
-8.64193602208 -1.81174778752 -9.61645377658 0 0 0 1
7.57807625656 -8.61625620152 -7.58358225599 0 0 0 1
6.45125935761 -7.54534208367 5.83272836296 0 0 0 1
9.83204930469 8.63721560748 -2.38210702273 0 0 0 1
-6.83730699307 -6.92874196555 9.18173280438 0 0 0 1
7.72200165219 -8.44147909327 3.55299889716 0 0 0 1
9.40275464994 -5.0872875367 1.45380910129 0 0 0 1
-5.23498384841 -0.98380033268 -4.39851165539 0 0 0 1
-8.88884658708 9.40768348274 -0.739013574276 0 0 0 1
-3.59346760416 -3.97478120991 -4.3343664318 0 0 0 1
5.69464369236 -1.14742087701 -6.32652694321 0 0 0 1
-7.30928437457 5.96300557648 8.89023248381 0 0 0 1
3.1776308953 0.0565929739667 3.68157789914 0 0 0 1
-3.67627487097 5.43703653266 -7.32543007671 0 0 0 1
-9.4802397597 -7.49153094331 -6.57674631466 0 0 0 1
9.38272839833 -0.198307295395 -2.0366013313 0 0 0 1
-6.28208142684 -9.88549957385 -6.72712516762 0 0 0 1
-5.02729060153 7.61608645523 8.03279960307 0 0 0 1
0.419816688561 7.48156367262 -5.92022017032 0 0 0 1
-3.97976788671 -4.57348849845 4.99625471357 0 0 0 1
9.2225349853 3.11507669514 -8.50386836156 0 0 0 1
-0.212684967651 -5.1814253505 4.45590374582 0 0 0 1
6.00182853116 -8.76702364228 2.53938390166 0 0 0 1
-9.33150489727 2.93951963569 9.72153356551 0 0 0 1
3.61692448035 0.722052788643 -9.32773820318 0 0 0 1
-6.04664395073 3.9176740069 3.61509373758 0 0 0 1
4.02845287008 8.45876757052 -6.30878696033 0 0 0 1
7.16518189871 -1.92631106498 -7.77731340634 0 0 0 1
8.78610297356 -6.96943551925 3.50023268589 0 0 0 1
8.20597538129 5.05561093071 6.90644198991 0 0 0 1
-5.86617954211 -5.67717954072 1.82585966979 0 0 0 1
0.275461996344 2.69059078607 1.21801470042 0 0 0 1
-5.24585158481 -4.95166360985 -4.06762430411 0 0 0 1
-8.13315490659 -8.54502498952 7.56079051216 0 0 0 1
-5.37917558711 9.76394362902 -8.64677890104 0 0 0 1
8.82810152602 -7.16920604683 1.789282441 0 0 0 1
-0.70610479381 7.30409990896 6.88250080369 0 0 0 1
-6.89455953307 -6.8921772748 7.08899113498 0 0 0 1
7.14839700158 -3.20032272893 -0.101856971539 0 0 0 1
-5.83715753654 3.33833288243 7.48888520901 0 0 0 1
2.81342112458 4.31188285923 -2.87664232009 0 0 0 1
2.08902886122 -4.49150269785 7.12770923709 0 0 0 1
-4.49363206214 -9.17305859852 -1.4842250336 0 0 0 1
3.34334033741 1.04263928098 -7.71162683382 0 0 0 1
-9.88972698603 -3.569673857 -5.21720138033 0 0 0 1
5.30445449889 0.87275717737 8.00558826236 0 0 0 1
0.71949301441 2.50404062657 -2.50805312624 0 0 0 1
3.37842537919 8.13063670341 -1.84964299587 0 0 0 1
0.180565009512 -2.65498485697 -7.43552912484 0 0 0 1
-4.88440170617 1.05951763025 3.24080123553 0 0 0 1
-1.79668348583 8.10123772201 -6.62899966247 0 0 0 1
-9.54385515521 5.40410033403 -3.64985613164 0 0 0 1
6.87502422446 -8.80056423081 -6.71988391726 0 0 0 1
-1.08068419016 -6.87274876345 -3.45998187878 0 0 0 1
0.337600375604 9.30613697977 -5.87574552424 0 0 0 1
-1.53027282943 2.38438306384 7.95574694057 0 0 0 1
7.09850193616 2.21632229936 9.23109047497 0 0 0 1
-2.75964802381 2.79090057473 -2.86812997211 0 0 0 1
1.35840884197 -0.848987350343 1.83205083551 0 0 0 1
8.09081619627 -0.241517448756 7.83620850154 0 0 0 1
9.08779152542 -2.40544721627 -3.76410838047 0 0 0 1
6.94761279594 -9.25135306226 -8.19906773295 0 0 0 1
0.89142532829 8.9023096124 -3.4233029114 0 0 0 1
-3.80786285717 1.49680765317 2.94554769793 0 0 0 1
-9.89174909687 -5.06649118035 4.99631462205 0 0 0 1
-0.682223332834 -6.51114059124 -3.49647023975 0 0 0 1
-1.89715003086 -8.95846904749 -6.51748034352 0 0 0 1
9.55208105956 1.83423660489 4.35395600737 0 0 0 1
-5.48470549772 -6.31970451139 6.1968440717 0 0 0 1
9.5796577343 -4.67423720437 8.08443889313 0 0 0 1
0.106946614993 -1.44085034269 -0.665196305294 0 0 0 1
-1.31412353351 -4.41025203608 7.51771605114 0 0 0 1
-0.343328605886 -3.76211200489 -7.80373417267 0 0 0 1
4.41653394091 3.23516688469 -2.84059966132 0 0 0 1
9.27504320269 7.31506520008 5.5845259506 0 0 0 1
7.53242188032 5.78626296795 -7.12726882814 0 0 0 1
3.65583935038 -6.46655046436 -9.77661163186 0 0 0 1
9.17396143695 -5.44708470314 2.04170299344 0 0 0 1
-2.91879820761 8.19364329777 5.02552201975 0 0 0 1
8.61865036627 -9.55191982443 5.64153030986 0 0 0 1
-7.59033485149 9.56714085298 8.37420753416 0 0 0 1
-5.75713474971 2.54391293999 9.41988887913 0 0 0 1
4.42989540823 -2.17023545203 8.8017789141 0 0 0 1
2.18910928228 4.37429286992 6.77630821688 0 0 0 1
0.918669462379 -3.19533624969 -2.95748561006 0 0 0 1
-2.57640263054 7.6534736196 8.39478936771 0 0 0 1
2.47652161923 -4.16628227282 -9.42011601553 0 0 0 1
-1.76108790188 -0.484691698904 3.33143322809 0 0 0 1
-6.73831032899 -6.15075242689 -3.97641348355 0 0 0 1
-9.03690432148 -6.02923427954 -0.150284571057 0 0 0 1
1.66732443146 -7.58193847723 5.34117611891 0 0 0 1
6.68669336516 9.31530630866 4.82413284808 0 0 0 1
-2.06114632064 4.00363205997 -8.10144489743 0 0 0 1
-7.75754049455 1.27682542485 6.84818230172 0 0 0 1
-5.82218970969 2.59875952895 -3.23375986336 0 0 0 1
5.74334922904 3.68314369604 6.33711838006 0 0 0 1
4.421184348 1.12102070856 -6.4358479592 0 0 0 1
2.00502843942 5.90284937238 -4.84292294787 0 0 0 1
-5.66561555317 4.49122792668 5.11319730608 0 0 0 1
-6.86807650869 -1.79280293673 2.12980061921 0 0 0 1
-0.732337008797 -9.31160944995 -8.83512358279 0 0 0 1
-3.74662711321 6.14326000409 -7.25573416877 0 0 0 1
-0.370748370628 -3.39808519908 5.53100223725 0 0 0 1
-3.95401118925 -7.53235222587 -0.741995875704 0 0 0 1
5.18737638426 -3.50692664792 -6.80632472733 0 0 0 1
2.43189577225 -4.01305534018 0.626623659678 0 0 0 1
-2.68148649326 -0.37541414833 4.66545556158 0 0 0 1
-0.88301795608 -9.0396425096 -9.75022681395 0 0 0 1
-8.83562729831 -3.03306299641 -4.222671314 0 0 0 1
6.4874545879 5.7637385974 -6.48695113285 0 0 0 1
-8.35969689252 3.07415058405 9.83159218319 0 0 0 1
-9.72242531406 -2.68429237455 -7.75394481427 0 0 0 1
4.11888403018 -0.459190404141 2.55927587544 0 0 0 1
-3.70331843717 3.24289498475 -0.0344776213215 0 0 0 1
2.03326265783 -3.86484126254 -7.77923268251 0 0 0 1
7.04301646469 1.55678270318 6.32396467482 0 0 0 1
0.536028391722 5.15275924816 6.53542067128 0 0 0 1
-4.95202974492 -7.49538892837 8.24810466648 0 0 0 1
-4.24848784318 3.79094082628 6.15993125099 0 0 0 1
-4.7983017618 -7.87570051889 -7.11317815298 0 0 0 1
7.28431711524 -6.09542055895 8.91520976149 0 0 0 1
-7.52237271441 -1.04388575909 -7.81018916628 0 0 0 1
1.8972560517 -3.56061469405 1.39588376765 0 0 0 1
-4.55037097283 4.86080025597 -9.52632236337 0 0 0 1
7.28020876874 -7.03834021863 6.3522908136 0 0 0 1
-8.64076355556 -3.87986451411 -3.78075306816 0 0 0 1
-8.5086269455 1.31799693883 -5.7736217226 0 0 0 1
7.60786383144 0.804297690294 1.38711030935 0 0 0 1
-8.68369028071 2.30428361676 -8.56112559649 0 0 0 1
4.1483465691 -4.97463634608 -6.17011017681 0 0 0 1
-0.243827736431 -3.18497608703 7.39970571088 0 0 0 1
6.53953015822 4.63080441473 0.177503502613 0 0 0 1
2.41580446341 -5.61478838795 -1.6953222298 0 0 0 1
-0.28867355067 6.85130852284 -7.33622357157 0 0 0 1
-4.87589490842 -9.84564968715 0.685634011651 0 0 0 1
-2.50021434523 -3.85015813021 1.82338109645 0 0 0 1
-3.96968893155 1.02940570672 -3.42105955891 0 0 0 1
1.82387244217 9.30538595183 2.40292388379 0 0 0 1
3.85977430548 3.78093687325 -8.40037003746 0 0 0 1
2.44539346398 -9.26170871705 2.19670314894 0 0 0 1
9.39694840305 -2.00960985801 -9.05432564259 0 0 0 1
-6.2712221509 1.87750205026 -1.71639750973 0 0 0 1
-8.92117258908 8.01359776851 4.19690734499 0 0 0 1
0.013047365691 -1.68648978508 5.71675706652 0 0 0 1
0.929659761528 -6.65359249961 2.29038291151 0 0 0 1
-1.55177383437 0.898451393205 -2.41493097675 0 0 0 1
-9.31124833357 7.99675047609 4.98568734945 0 0 0 1
-0.178880448755 0.859983906577 -5.91222964281 0 0 0 1
-5.60249060404 -4.6543171798 6.08578923333 0 0 0 1
-7.90093360621 8.29877902532 -9.73864023781 0 0 0 1
4.71705923961 6.25803212902 -8.3553220384 0 0 0 1
5.89493204535 -2.78500600938 6.76683661001 0 0 0 1
-4.55028124 -6.61480986913 3.4609110699 0 0 0 1
-0.39434072403 -8.703861375 -7.79281098183 0 0 0 1
5.40794656698 -8.7845909941 2.31479125395 0 0 0 1
-8.58139022027 0.0209093721832 -6.17379189604 0 0 0 1
6.65508387152 -6.85789909144 8.16628330737 0 0 0 1
-6.26445819949 -7.71577517796 8.3968582386 0 0 0 1
0.742787564184 1.92337154009 1.4389269022 0 0 0 1
-7.63603317895 4.92429427838 -5.2673545828 0 0 0 1
-0.192794790777 -5.24840385515 2.55970884975 0 0 0 1
9.66509200707 7.11460852174 7.11127960939 0 0 0 1
-0.82611587495 -0.931677637919 2.34975399995 0 0 0 1
-8.09131784996 5.07962432562 -8.6106270291 0 0 0 1
-7.38019701999 9.78561686049 -5.55478450454 0 0 0 1
7.02921151494 2.68694544053 7.34304374912 0 0 0 1
6.90985691094 -2.24000027322 -2.89989828198 0 0 0 1
-1.74504871033 4.11662588361 0.510618512117 0 0 0 1
1.13688862681 -9.92598940544 1.33405468767 0 0 0 1
5.69479355315 8.50982272076 1.03945821108 0 0 0 1
-0.870455933438 -5.90658743718 3.44910985347 0 0 0 1
-7.70970062648 2.84257183418 1.8743306694 0 0 0 1
7.78445596864 8.37934366164 -1.29181840627 0 0 0 1
-6.57357132817 -4.50884721878 2.66063490302 0 0 0 1
8.96488002679 -6.18894315682 -4.54368103313 0 0 0 1
-6.13446427494 -1.70446877226 8.14349057171 0 0 0 1
6.01922039729 9.96919337943 0.247845766749 0 0 0 1
6.43160342023 -8.0078772405 7.85197418085 0 0 0 1
9.42899432663 -6.08865415078 3.58393012133 0 0 0 1
-5.86071994978 -0.344691244982 -2.11789355976 0 0 0 1
-3.63303533293 -9.13262681331 -0.812639219037 0 0 0 1
-0.366835162594 -4.42456942748 2.36390110875 0 0 0 1
-8.60396744152 -3.61043510741 3.43845410197 0 0 0 1
2.29046557187 -9.24580296064 -8.30128424324 0 0 0 1
-3.61989521144 3.14664398078 6.70223387714 0 0 0 1
2.50956871782 2.60471510811 -6.42052895412 0 0 0 1
3.48203170241 -5.36008956482 2.78862339841 0 0 0 1
-2.34343337226 0.835748889504 -3.34343302015 0 0 0 1
-2.36298406994 -5.47245525621 -7.18675960579 0 0 0 1
7.1021792338 1.80502201456 7.90265166222 0 0 0 1
1.58397215634 -6.12578503732 0.242261214084 0 0 0 1
5.56933255656 0.953286960675 -6.81560661172 0 0 0 1
-8.35823363922 -9.56336683457 6.59132066163 0 0 0 1
1.48717661082 2.5329765289 6.34011365517 0 0 0 1
-4.0499182473 3.91682374928 4.72793713122 0 0 0 1
6.93513887953 1.92353517634 -3.58039717363 0 0 0 1
5.09193070388 -2.74752769961 9.12804644821 0 0 0 1
-2.32944694831 -5.1590911268 -8.50883630051 0 0 0 1
5.78288762971 -4.87031872138 -9.65061737569 0 0 0 1
-2.89295053135 -3.87194871806 -3.87219598969 0 0 0 1
-0.430162506389 -5.62251025634 -8.51698867364 0 0 0 1
-6.57164155105 7.93461871663 2.22705779878 0 0 0 1
7.12242087833 -4.08889363104 -8.56600052225 0 0 0 1
-5.17671468393 6.27307584401 -0.941366696596 0 0 0 1
0.715513385054 4.98563400115 -8.53286683279 0 0 0 1
0.675029106077 -7.14767956966 9.82663067376 0 0 0 1
-1.99666465536 2.46992304902 3.26780555858 0 0 0 1
-3.90700410195 -6.93609791648 -0.352477162197 0 0 0 1
0.371887634835 -4.66164717818 -8.33634405771 0 0 0 1
2.89145117933 2.08130655169 9.29243853452 0 0 0 1
-3.35023586893 -2.41544500402 8.82998178012 0 0 0 1
-6.1691735556 -1.24743595649 0.0624408575741 0 0 0 1
3.64095157147 6.89322451931 5.8850398867 0 0 0 1
-8.28361434121 8.45230452862 6.10956698303 0 0 0 1
-5.21619247054 1.57862480545 4.84950370991 0 0 0 1
-3.6749864238 8.24107419201 -9.29982670238 0 0 0 1
-8.00985534232 -9.8046531075 -2.57577665208 0 0 0 1
6.25383581884 7.67863806528 -7.82423244769 0 0 0 1
4.90510367845 2.05602309555 -9.2110191427 0 0 0 1
-9.36417682882 1.13405269357 8.87678556094 0 0 0 1
-9.2367646236 -6.33046820982 8.65336314898 0 0 0 1
7.47812404346 8.51522986243 4.06454324429 0 0 0 1
4.81511596417 -1.65576922419 8.03256897975 0 0 0 1
3.70361769546 -4.72057954106 6.57570582243 0 0 0 1
3.97716646576 -8.18676488064 9.44943736019 0 0 0 1
4.86867099173 1.37271380375 -4.19769370197 0 0 0 1
-5.02984661291 -9.85879435462 -0.831190894001 0 0 0 1
2.80767215757 6.37724169415 8.93607475652 0 0 0 1
-7.32353481484 -9.19777292054 -4.22746438845 0 0 0 1
9.4924611944 -2.95430335765 -5.44438289565 0 0 0 1
-0.819519191918 1.08968983455 5.19123758915 0 0 0 1
-2.68207088746 9.19256842945 8.1600066636 0 0 0 1
9.54268467178 -9.95653342607 -4.16567994362 0 0 0 1
9.44798149268 -4.94596634898 -3.08996167827 0 0 0 1
-0.544442075128 4.1574622767 2.54165509437 0 0 0 1
-5.32221918749 -4.4377616113 -8.32888554725 0 0 0 1
-2.75222469391 -8.66012267192 -6.37814920516 0 0 0 1
-1.93789482988 -5.28524623261 -9.61252279999 0 0 0 1
-0.285716995435 0.231694487477 7.40522730308 0 0 0 1
8.67917466047 2.44988789649 -9.06322079657 0 0 0 1
8.57168804264 3.08846865711 2.23826576394 0 0 0 1
6.52522728327 -2.80444471407 -0.430366340767 0 0 0 1
-9.06883613772 9.28878731362 -0.731316879906 0 0 0 1
-0.975396969136 9.69151707208 9.12445758848 0 0 0 1
-3.85187625986 -7.32580058484 2.77667694574 0 0 0 1
6.10277242314 6.87788736641 7.40485331385 0 0 0 1
-6.34273317982 -5.43865409735 5.81494410816 0 0 0 1
8.77125886881 -0.400723214826 -2.93191091236 0 0 0 1
-9.20254862226 4.3394544175 1.57942134402 0 0 0 1
8.05052858433 -7.78549741376 8.25221426079 0 0 0 1
6.68267781418 3.20542500615 -6.50399389154 0 0 0 1
-6.01284885919 9.52407419561 4.52427495933 0 0 0 1
8.29796500077 -2.77763268367 0.354624312454 0 0 0 1
2.84990402236 2.9595536315 -9.80238101634 0 0 0 1
-0.372729071518 -2.2850948474 4.94792618026 0 0 0 1
6.34747005118 8.3669401778 8.18585101798 0 0 0 1
3.27662319322 -9.00518445675 -6.48382154039 0 0 0 1
-4.58062642287 -3.15392360016 -5.74014111279 0 0 0 1
3.49881480244 6.29840621768 5.40193670798 0 0 0 1
-8.13959204094 -6.72194147864 4.04371950723 0 0 0 1
-2.60119082006 -5.1160820341 -0.606874902638 0 0 0 1
-4.66280727802 4.82340881374 8.07472114977 0 0 0 1
9.11396251524 5.82587354019 -9.73826535801 0 0 0 1
-7.01870308593 -2.90083567062 -7.89771693921 0 0 0 1
-6.44388824713 -7.34716395248 7.08557782865 0 0 0 1
7.22695874853 3.7140048019 -7.53640054946 0 0 0 1
1.40353328287 -3.40781816142 -3.26922144818 0 0 0 1
-6.29854137117 7.24721779216 -6.83405695443 0 0 0 1
1.59281390075 -4.41011609352 -4.65184441683 0 0 0 1
-5.21546215019 -8.60847756431 -4.13446114312 0 0 0 1
9.91871171555 1.75165812531 -1.8820184237 0 0 0 1
0.121957777255 -5.70090839266 -7.71352985588 0 0 0 1
-8.02995291849 -6.33291175116 7.90982676003 0 0 0 1
-2.24476098348 -9.80303038204 0.29579189626 0 0 0 1
-3.93063755798 -1.14764569973 9.91681277227 0 0 0 1
-8.4463164036 7.60543769542 -5.77247259833 0 0 0 1
-1.07294435926 4.4416821707 -3.70463266195 0 0 0 1
-5.55108727586 -8.13050157169 6.73916509583 0 0 0 1
-8.26114927233 4.60889812602 -1.76581144643 0 0 0 1
-8.32889699581 7.05633487271 1.44131473836 0 0 0 1
-5.78415350558 7.57141804135 3.81239718696 0 0 0 1
-2.09820159577 -4.57877277603 -2.06531916357 0 0 0 1
8.68708873329 -6.85475142314 7.50403634542 0 0 0 1
-2.93117996084 -0.1318291841 -8.33914410524 0 0 0 1
5.91812257994 4.56965428474 -7.83665581382 0 0 0 1
-9.13411330886 2.75796290414 -7.63442204881 0 0 0 1
-3.75926920656 -5.50218170246 6.45002432561 0 0 0 1
-7.65386354269 -7.14948052103 -7.6490469479 0 0 0 1
-0.799828242194 5.96501503747 5.67498981442 0 0 0 1
-6.04788350303 0.981568065141 -2.78709836297 0 0 0 1
-8.87107945816 -0.210037399492 -1.30567174143 0 0 0 1
-0.109793568175 3.46240572614 -0.405285981731 0 0 0 1
-0.104479893588 -3.42331618519 7.28550888849 0 0 0 1
8.66527710439 -4.64385942565 8.58733227384 0 0 0 1
4.81573539416 -8.27802648077 -1.2143708356 0 0 0 1
-1.54077359569 -5.20593657084 1.00965702367 0 0 0 1
2.0437804392 -7.1179366149 8.7523262374 0 0 0 1
-1.57206180502 7.48204834691 0.511573353307 0 0 0 1
4.6560794764 -7.341711161 -5.18104368986 0 0 0 1
3.48430287446 -1.62383147157 2.25805139929 0 0 0 1
-1.10877460478 -5.32876033384 -2.72569890877 0 0 0 1
-1.30206302794 4.78519439449 -0.847080580954 0 0 0 1
2.75232732173 3.00056238115 -0.823855240762 0 0 0 1
4.51170694074 4.76925248215 -9.75170108427 0 0 0 1
-5.73613720439 -4.6693571296 -5.42556052637 0 0 0 1
8.98194902461 -8.22488435535 9.23098096597 0 0 0 1
5.85136493128 3.03962487994 -4.06692574707 0 0 0 1
-8.07733674071 -0.0967325024756 -2.74411694621 0 0 0 1
-7.19648703041 -9.74401901424 6.97731749123 0 0 0 1
-9.57589041785 2.11927159744 2.60388867253 0 0 0 1
-4.09035177626 0.974403120111 0.136680598 0 0 0 1
7.33719306105 2.70105950444 8.15526502226 0 0 0 1
-1.38741802108 -6.95330945292 -2.25506170001 0 0 0 1
-4.20196023711 -4.64856584379 -5.30084583328 0 0 0 1
1.95955157095 -1.57108679425 -9.92913372569 0 0 0 1
0.618321912199 -8.32335194766 0.162821367726 0 0 0 1
-1.14898391627 -5.88658805752 -5.19530402852 0 0 0 1
-2.09274940961 -5.60715162531 5.24220337253 0 0 0 1
-3.45162128266 7.8829886522 -9.38631427592 0 0 0 1
2.57594282905 -8.76775651907 7.13127123749 0 0 0 1
7.97267116075 -5.54441510382 -9.16101950031 0 0 0 1
2.76567556224 3.85007232306 7.32940893719 0 0 0 1
-7.59097399949 -8.77307394092 -3.01698214539 0 0 0 1
2.53003654232 5.27676857503 -6.05739621406 0 0 0 1
5.51164536329 0.371429487067 -9.99453329083 0 0 0 1
3.37566587656 -9.05825074043 3.179095873 0 0 0 1
9.03729315973 -3.27540184913 5.84164351805 0 0 0 1
1.19865094283 5.6145085017 -7.99489600239 0 0 0 1
6.60563482444 4.86745546272 -1.19722680312 0 0 0 1
1.64039059464 -2.13335688 5.15831054969 0 0 0 1
-6.15083590653 1.1314674511 -4.98669722156 0 0 0 1
0.288465280396 -2.44692500347 -1.11365772205 0 0 0 1
-5.61015699325 -2.65841660967 1.44917122403 0 0 0 1
9.05199539661 -4.57547122333 -7.11239801236 0 0 0 1
7.32903332606 1.5637627556 9.27050491212 0 0 0 1
-9.81405980514 3.16885957948 4.56985019091 0 0 0 1
-3.70406418197 -6.36620290422 0.606355624109 0 0 0 1
-1.05414116254 7.21453411779 -7.72115825874 0 0 0 1
-2.05857757718 -2.36778492071 -3.04347112569 0 0 0 1
-7.69333815034 -3.22332915025 7.24057897181 0 0 0 1
7.7726830089 -8.18833627623 -3.89648045863 0 0 0 1
3.34647704997 -1.39325288687 5.82303770678 0 0 0 1
-8.50889893393 4.59625412093 -9.45611101118 0 0 0 1
-7.91961041295 -2.93435161161 4.90963019779 0 0 0 1
-9.31543204894 -0.950742173716 -6.09805066499 0 0 0 1
3.61507882853 0.502668938026 5.63485081461 0 0 0 1
-9.26007405932 6.81756118226 -5.79550674528 0 0 0 1
3.05722478198 -3.4619532089 8.76430136112 0 0 0 1
9.48740345147 1.25826191402 1.89414626666 0 0 0 1
5.43131456385 -7.6195136818 -3.90959113252 0 0 0 1
7.76307069549 0.00671562051535 1.98315424025 0 0 0 1
4.27376955323 -1.13844038644 -5.46656017056 0 0 0 1
-7.02992480151 7.73661748318 -2.39905875879 0 0 0 1
4.75045955454 3.08162885452 3.17141438727 0 0 0 1
2.02238332786 5.38690948181 -4.68422731374 0 0 0 1
-1.50894082496 -9.75193041199 7.83613748581 0 0 0 1
6.49686150817 -3.50067138014 -0.963690780622 0 0 0 1
-1.57699421935 7.67253225837 -2.74797621287 0 0 0 1
-1.28298697758 -2.42638258206 -2.50993838045 0 0 0 1
7.48777564332 -5.54890336561 2.08743213664 0 0 0 1
0.711903806145 6.02903953086 -7.08964667526 0 0 0 1
-9.55719282979 7.67033196722 2.26858706673 0 0 0 1
7.01747284584 4.17430946188 2.20403976688 0 0 0 1
0.545119343137 -3.87321182704 -5.28444884097 0 0 0 1
-0.487056681493 -3.43506298161 -3.38293475576 0 0 0 1
-5.60337669561 -2.52164320289 5.28702919157 0 0 0 1
5.27478920995 -1.45616018001 -4.14699253723 0 0 0 1
6.49756370431 1.80440119196 -6.05988658754 0 0 0 1
8.40386415676 2.4203201851 -5.62514907337 0 0 0 1
-9.10313940971 7.23817174677 -9.73345577651 0 0 0 1
9.3716935563 -9.54445714298 -7.85022360489 0 0 0 1
9.29085617926 -4.55516431825 -1.84542649698 0 0 0 1
-6.39853712369 -0.396258990946 3.75031793398 0 0 0 1
0.471174094312 -4.70696405367 7.78194688402 0 0 0 1
0.658615157748 -4.30345146271 -4.46257814098 0 0 0 1
5.89252624378 7.08839494875 -6.86539277795 0 0 0 1
-6.8197345429 -6.0404433433 -5.15747744706 0 0 0 1
-0.985761536201 3.09696660643 6.72486490364 0 0 0 1
-0.195823638631 -0.373745808593 9.73305270666 0 0 0 1
0.117368474643 6.12607701304 3.42438869833 0 0 0 1
5.43954357288 -8.42349392204 -5.78667225414 0 0 0 1
0.619911975562 -1.75782000668 0.44323058767 0 0 0 1
-9.9229613557 0.124059012887 -8.15264266226 0 0 0 1
2.43256500329 6.40957219579 -3.47495006868 0 0 0 1
-0.537820121754 -0.674347369873 -5.37299005583 0 0 0 1
-0.225179794208 -0.733802529873 -1.44066427089 0 0 0 1
6.21209275075 4.38241655871 2.99650805934 0 0 0 1
2.21945429652 -0.873570092042 -7.8825324895 0 0 0 1
9.21143194108 7.8532583973 1.65806727062 0 0 0 1
-0.413543102977 7.41250379527 3.27859400846 0 0 0 1
1.10122669788 -8.36349254603 -7.96358347393 0 0 0 1
9.86474739885 -3.37258983961 0.0498036125796 0 0 0 1
3.15308279597 -0.548907407558 -8.06839780778 0 0 0 1
-0.172183992787 -3.53400769802 -8.72586346813 0 0 0 1
9.55246973379 1.99213476619 -4.73702900755 0 0 0 1
6.07303778757 -8.64449614236 6.80491993155 0 0 0 1
2.07033007366 0.52493242676 5.58063408083 0 0 0 1
8.12165001271 1.81544771543 -8.57874444561 0 0 0 1
-4.3553583346 -9.876038488 -1.80110981484 0 0 0 1
-0.905066950292 0.0683773087644 8.82834339616 0 0 0 1
-8.3249190042 4.54893768163 7.67226707585 0 0 0 1
8.28794090425 7.02732835635 -4.27488430899 0 0 0 1
5.75255958442 2.2098857083 -6.31295503948 0 0 0 1
-5.84182779486 6.90252935234 -7.05321650005 0 0 0 1
-6.56007383461 3.09534235084 1.02201985122 0 0 0 1
-1.37565213182 6.45219293646 -1.2606753052 0 0 0 1
-8.19284790443 4.34456666105 4.36677005739 0 0 0 1
-9.79553820282 -4.31457969734 -1.45762419776 0 0 0 1
5.20097611624 -1.47929213583 7.20450902398 0 0 0 1
-1.45531206894 -5.10436250474 9.49026930439 0 0 0 1
-4.09681421754 -4.9660046363 -4.31782171917 0 0 0 1
-0.852600485734 7.01907276463 -2.94055159665 0 0 0 1
7.19989662656 0.988244211385 3.58055547405 0 0 0 1
9.95943751793 7.49459603294 -7.01754742102 0 0 0 1
-3.52280862017 1.87274486076 5.65804828658 0 0 0 1
-7.27535288782 4.7710642582 -9.37108629304 0 0 0 1
-3.60308744533 -5.64405842029 -0.297223860147 0 0 0 1
-7.7095746326 9.58431943901 -6.0180772771 0 0 0 1
-5.72921371544 -6.56897211193 -4.41045072281 0 0 0 1
-1.47114389531 2.28500174041 -0.399946530679 0 0 0 1
5.73376501241 -5.20568294194 -3.02114363514 0 0 0 1
5.26586920585 -1.83195063573 5.92539756645 0 0 0 1
5.35441349037 -5.76761585212 6.5949513186 0 0 0 1
1.9990310187 7.3250922772 -4.94787661221 0 0 0 1
4.69738197211 -0.683966631425 7.4024671029 0 0 0 1
-6.57218085244 5.21368596297 3.92818223152 0 0 0 1
-1.6776989355 -8.96821527201 -1.66250225629 0 0 0 1
-6.12044032909 -7.24138946918 -1.2222477288 0 0 0 1
-7.55077881145 1.53389603514 -2.86495119611 0 0 0 1
-3.5302089352 7.14400708296 -0.873544320072 0 0 0 1
3.41958414387 4.10906904326 -9.15584273434 0 0 0 1
4.49785644713 3.23475392344 2.32218082338 0 0 0 1
2.10873750434 -5.56061985345 9.76745543224 0 0 0 1
-3.70891539829 -2.83620537265 5.56081096447 0 0 0 1
-9.01572237447 -8.14322750305 8.33633092873 0 0 0 1
-2.305930578 -4.65716865186 6.2683846941 0 0 0 1
0.292450992864 -0.604740048301 3.28473654516 0 0 0 1
-9.02758817411 2.44312369989 1.28005515938 0 0 0 1
7.51376020044 -8.42968274556 3.79757304023 0 0 0 1
-1.6791832082 1.84418407146 -0.306401120911 0 0 0 1
1.47173269834 9.26999451383 2.98327699904 0 0 0 1
-7.31960712809 2.35034264652 -6.07034613562 0 0 0 1
5.45801096107 0.80454142239 0.64517967941 0 0 0 1
-9.13197187547 -2.64831121585 -1.17875986697 0 0 0 1
-6.55497257988 0.050454239724 2.24578167459 0 0 0 1
-7.71065549013 8.20766607675 -5.20401806775 0 0 0 1
6.14017221252 -1.76481635454 5.94421420526 0 0 0 1
9.610901942 7.25387606591 4.90440658837 0 0 0 1
-0.622023292842 -6.34119686416 -7.89523200786 0 0 0 1
-6.85534581218 -0.471064403603 2.72284370356 0 0 0 1
-7.48097338173 -2.46652447181 7.72985125323 0 0 0 1
7.2164262936 6.72687879652 -8.78777274249 0 0 0 1
-9.64219537643 9.51034752754 2.79269859569 0 0 0 1
-5.2213190404 6.935992199 -0.0734336423884 0 0 0 1
-7.05438184167 -7.94016835582 -3.57884983679 0 0 0 1
-2.92710788665 -0.120282930682 3.05053419589 0 0 0 1
-5.3140986508 3.63829756901 -9.26504146077 0 0 0 1
-8.71994629268 3.77692101985 -4.68521820172 0 0 0 1
-7.46957544376 1.07762789003 7.08421027752 0 0 0 1
3.28027162234 -6.8496866588 -6.84148693257 0 0 0 1
-3.0263331859 5.91252330033 -7.33186980789 0 0 0 1
-3.91238927683 -8.29752212571 -5.34805342204 0 0 0 1
-7.09150275849 -9.9516367158 -1.48491262296 0 0 0 1
-2.93411353199 -5.51067224796 -1.06211853813 0 0 0 1
-4.47892400987 -7.10297518096 6.16158005088 0 0 0 1
1.42303906748 -8.45138277067 6.87049531387 0 0 0 1
-9.57076705808 8.92634556607 -4.04931252591 0 0 0 1
8.77988567965 8.38663178052 -1.07965884581 0 0 0 1
-1.10260018113 -8.92316308937 4.48030295619 0 0 0 1
6.87414472076 -5.60288860953 -7.69654426268 0 0 0 1
1.49822162897 7.34688904457 0.548816870092 0 0 0 1
-6.62986498119 -4.83867415963 -7.07834030152 0 0 0 1
-7.01459827066 -7.08127088693 -2.52959296608 0 0 0 1
-2.03536058022 -6.51415787825 4.44165226941 0 0 0 1
3.76977248931 -8.17119342822 -2.79023003086 0 0 0 1
9.61751724236 -3.1638686341 8.14848514296 0 0 0 1
5.98739120514 -7.25875950593 -2.33266431276 0 0 0 1
-1.98529580442 -0.50613265441 -4.60175557361 0 0 0 1
-2.81812943975 -1.07497639575 -7.24586180272 0 0 0 1
-4.27358282237 8.25697825216 -8.31932514162 0 0 0 1
4.65898635898 2.30826846004 3.77208532668 0 0 0 1
5.37620815929 2.32123892818 7.52209988929 0 0 0 1
-7.85226247443 8.61347336538 -6.75048569042 0 0 0 1
6.66033067683 3.986229552 -3.91699157723 0 0 0 1
7.10112782434 -0.433990912611 5.50056113363 0 0 0 1
1.38476655581 -6.70785163975 0.926093679333 0 0 0 1
-6.8074752 -9.73175921385 -9.96559797148 0 0 0 1
9.04244276495 2.9329833122 -5.37121467667 0 0 0 1
-0.36704985888 7.30209339472 -1.62805004483 0 0 0 1
-5.12940819997 4.32315348816 -4.04020706628 0 0 0 1
2.31337135385 -5.0296792223 2.07623059745 0 0 0 1
6.33080194139 -1.51655857814 6.40029503124 0 0 0 1
-0.400069166511 0.7752828241 3.52587183508 0 0 0 1
-3.49036562751 3.159501484 3.45748629546 0 0 0 1
-5.27228824246 5.29566836873 -4.50151482675 0 0 0 1
2.33667539212 -6.9110282074 -3.25662696097 0 0 0 1
-6.73003191258 0.202685683879 -3.41034735582 0 0 0 1
-6.3589003232 1.11693256106 9.97514006887 0 0 0 1
6.76719921795 -4.98843775906 -5.76167305219 0 0 0 1
8.56211242049 3.95966477313 -5.48805535271 0 0 0 1
8.97919299143 -1.512073035 2.98187378062 0 0 0 1
-9.55840277577 3.81318480845 2.77487700767 0 0 0 1
-2.60012868134 -9.7705523582 4.89302052754 0 0 0 1
3.30975170388 -3.12924940962 -0.634179227239 0 0 0 1
4.22891580422 -5.22483411685 -8.44381857831 0 0 0 1
5.21354118985 -7.66697334735 -1.25102459016 0 0 0 1
5.95414204364 -7.18871619171 -8.90571672776 0 0 0 1
-4.09677677081 -2.18273988032 5.90398290015 0 0 0 1
-9.74403118429 5.94685221216 -1.07848289621 0 0 0 1
-3.86449451369 -3.18375812891 6.02961193856 0 0 0 1
-2.90828660802 -5.26007899884 -0.463311951593 0 0 0 1
-7.90023125726 -9.18551116472 -5.57140900647 0 0 0 1
-5.71678660465 -5.83801145679 -0.372994116433 0 0 0 1
8.28007874439 -5.30505142933 7.85741438247 0 0 0 1
-6.70720102447 2.10656185539 -0.164470522483 0 0 0 1
8.04715006833 -2.6645616154 6.87358811682 0 0 0 1
9.14119254352 9.93250599621 -0.904184376201 0 0 0 1
7.7570094144 -0.140365494837 0.0614500351848 0 0 0 1
-6.75906981075 1.02346037775 3.12902188286 0 0 0 1
5.1701094312 -6.17656098652 -1.74528210153 0 0 0 1
8.80198817882 1.66637889897 -8.64452215498 0 0 0 1
-1.99196288925 4.18540927663 -3.83668809295 0 0 0 1
-1.36028618982 -6.45353633197 -2.21260178251 0 0 0 1
-1.10498336956 -6.17183321879 -3.23293632802 0 0 0 1
-0.43992731087 -6.01394104397 3.55618106954 0 0 0 1
8.77821742074 0.123132231218 2.11398599481 0 0 0 1
-6.29971315289 -7.51129267066 3.22334966254 0 0 0 1
-2.18458897814 -1.5116615228 4.69724537156 0 0 0 1
8.26780353535 -9.96837505223 -0.0587717988395 0 0 0 1
-8.92714124335 -1.48107136363 7.93049532205 0 0 0 1
0.854801375452 -5.72210155728 0.221048390545 0 0 0 1
-4.71804656455 -0.706942185375 -1.43777119995 0 0 0 1
5.11224714125 1.78966252996 -3.24794072474 0 0 0 1
2.41368040752 -4.37213954168 -5.74086790211 0 0 0 1
-4.45180599268 4.76260544957 -1.20882307958 0 0 0 1
-4.04314518289 -1.38869555324 -6.52477311144 0 0 0 1
5.72111277668 1.78064456522 9.96765579538 0 0 0 1
-8.83932021743 4.33374293103 -1.09007047557 0 0 0 1
6.70315021927 9.76406048402 0.327856084288 0 0 0 1
-8.41875164224 -0.0821364014443 -7.56037978639 0 0 0 1
8.80774504648 1.48117127339 -4.36855250556 0 0 0 1
3.89362553687 4.35863124979 -6.49860063822 0 0 0 1
6.48965682432 -1.83107575494 -9.54689719776 0 0 0 1
-5.36130290133 -7.24214793221 -0.24103737233 0 0 0 1
1.71721890706 -6.02217937882 5.11459741569 0 0 0 1
-4.77045207246 4.33362164236 9.61347242985 0 0 0 1
2.72212099071 -1.6621686717 -8.37001704964 0 0 0 1
-9.50556109262 -1.28132709228 2.64553341652 0 0 0 1
-6.35112595483 -3.41646475148 0.405689982723 0 0 0 1
-8.77902157317 3.93665492624 -2.32259329722 0 0 0 1
-1.62684021675 9.25450779015 -7.78305713442 0 0 0 1
0.5055806821 5.26486893121 2.02011551758 0 0 0 1
7.7638619815 8.52405909507 -8.41279148804 0 0 0 1
-1.41167305485 -8.73534864262 -0.163070447691 0 0 0 1
-8.05213379044 -0.69169400667 0.312326371572 0 0 0 1
-0.651082724695 -9.00971949444 -2.03652079669 0 0 0 1
-8.64708733682 -2.7841401248 6.17971016902 0 0 0 1
-6.84466576772 -5.01696936167 -7.64716854938 0 0 0 1
2.0167370094 4.37522626102 8.88837265343 0 0 0 1
-3.55885199721 -2.18808786257 7.01742874746 0 0 0 1
-2.19106932429 -9.68069045472 0.352542077026 0 0 0 1
6.82497683078 -1.21198717412 9.63957808512 0 0 0 1
-3.19886905306 -7.12826261234 -7.77542415881 0 0 0 1
5.38640199039 8.86587204198 9.78682773287 0 0 0 1
-7.74279357607 -1.27849141985 4.08126503722 0 0 0 1
-9.64523809306 9.86840931552 -9.39520437168 0 0 0 1
1.61126184643 -2.27686788735 -1.62959395783 0 0 0 1
4.1360460425 0.980935796347 7.09414941851 0 0 0 1
-5.17695103218 -6.23453218812 2.39619791164 0 0 0 1
-2.83545254861 6.22944764137 4.18420847581 0 0 0 1
-5.66092882687 -7.98843050096 9.70148485293 0 0 0 1
1.91375204641 9.42429558354 -9.90550826416 0 0 0 1
-5.788647753 1.18232426859 -8.61617494539 0 0 0 1
6.76434827208 6.65270499513 -1.93561767332 0 0 0 1
-3.74837292329 1.72725850325 1.84295305193 0 0 0 1
0.799872938879 1.84394471491 9.0543359307 0 0 0 1
3.31569497149 2.30859474105 -6.41384657158 0 0 0 1
-7.40614843461 -3.51548851673 8.10148442674 0 0 0 1
0.353961399025 6.33523677985 2.20433834993 0 0 0 1
7.88360796772 1.078453544 -0.346596619405 0 0 0 1
8.39610476838 -2.25254264651 7.29602120918 0 0 0 1
-9.37742409897 -7.32976206279 6.22115939586 0 0 0 1
5.85976424216 3.16340604877 -5.43512012441 0 0 0 1
-4.36981298028 3.82622510906 2.35087308444 0 0 0 1
8.61724507253 -0.334332952925 -1.52183402488 0 0 0 1
-2.56130743146 0.0781197110572 -5.46753243377 0 0 0 1
7.69506044083 -3.2745241687 0.529361437675 0 0 0 1
-6.58315165255 -2.86608191491 -0.830355141629 0 0 0 1
8.65688844542 -5.26741750459 6.1971884777 0 0 0 1
-6.0144978856 -5.01325678648 -4.06576405938 0 0 0 1
-5.81494614023 9.22604321303 3.54673153573 0 0 0 1
1.1997244077 -1.91220874412 -7.48890444646 0 0 0 1
3.80672591107 7.83075501958 -3.866511972 0 0 0 1
6.6567719253 -5.24628165479 5.18172781973 0 0 0 1
9.06405277501 -0.725956807231 8.11814666416 0 0 0 1
4.5958766973 -1.56759573604 -2.80110324272 0 0 0 1
-8.59417375682 6.79768960355 4.25177902435 0 0 0 1
3.44500300265 -5.25299027684 -5.19474794104 0 0 0 1
-0.902042099614 2.81029590957 6.13392503648 0 0 0 1
1.07364882842 4.16222043336 5.56613930456 0 0 0 1
-4.57393995652 -6.69754043279 4.86894682677 0 0 0 1
-9.08074127613 4.66865462338 2.09983574176 0 0 0 1
-2.78515638507 8.77720455236 5.91290129727 0 0 0 1
-1.93547621092 -2.56035192057 9.81842431947 0 0 0 1
6.83055965217 -4.99503283585 -9.61980751443 0 0 0 1
-7.96319640239 -3.78987073153 2.12782983472 0 0 0 1
-9.95663602174 8.18358909214 9.11321426709 0 0 0 1
-0.697310275714 -5.88884916954 9.21713940467 0 0 0 1
3.4501400643 -9.88228034172 -4.74228733963 0 0 0 1
-9.1550478814 8.70736412428 -7.80994993378 0 0 0 1
-3.93408437013 -1.83144089065 -1.70087640225 0 0 0 1
-3.07366738395 4.59276779111 -7.26172629614 0 0 0 1
-8.02603894229 -9.52915613133 9.19368907728 0 0 0 1
-4.87089025206 -1.84399900746 1.2773924117 0 0 0 1
2.68756377122 0.0631693500384 7.67421787841 0 0 0 1
-5.190118337 8.57164746034 5.56693054796 0 0 0 1
0.598627892302 -7.04996669321 -5.95834378635 0 0 0 1
-6.32640943044 -6.87402694832 -6.02543587557 0 0 0 1
-0.682854469851 -2.67573462455 -8.516029865 0 0 0 1
-8.93106380232 3.50689130664 -2.44752664045 0 0 0 1
-1.64628259176 -2.78619145232 9.43194638836 0 0 0 1
5.54685490487 -4.67412881958 -1.1808915892 0 0 0 1
-7.75001707227 1.54785518572 9.40267998726 0 0 0 1
-6.95955411454 1.44894195026 -4.04566622541 0 0 0 1
-6.02053195999 -1.37095572388 -3.81705652463 0 0 0 1
-7.95383238106 6.47065876917 -1.65231886783 0 0 0 1
-6.1811281739 9.39424977795 6.92157284174 0 0 0 1
-1.84276818541 5.89016274603 -1.90306851582 0 0 0 1
6.33341308403 -1.28252505803 6.87339217871 0 0 0 1
5.92456682854 -7.05635319038 -3.82746371301 0 0 0 1
-8.57211531531 -7.5155675382 8.09701519846 0 0 0 1
7.34296678396 7.57366419463 2.8315779048 0 0 0 1
2.30558055682 0.299615856913 -5.60915931676 0 0 0 1
3.81530732713 0.546111687319 -0.1900209117 0 0 0 1
-6.09002642431 -3.89448922783 -7.28137270552 0 0 0 1
7.65117958375 -1.47400796397 8.56027452194 0 0 0 1
-0.149668415436 2.47866024179 -2.17042506832 0 0 0 1
5.59792674758 8.56277449104 7.83919310403 0 0 0 1
3.4007401798 6.30756421011 5.37835718692 0 0 0 1
-2.36766388429 3.86833625972 -6.49897303073 0 0 0 1
4.8293730468 -1.36754192527 -5.92797984416 0 0 0 1
-4.31506174878 -8.24723782778 -0.314824768066 0 0 0 1
-7.2929376163 -0.381332799988 1.2000161349 0 0 0 1
7.17573057262 7.23363710936 4.60909302042 0 0 0 1
4.07197870912 -6.87084839236 1.80466880576 0 0 0 1
1.53229710903 4.06941047528 -6.35996325604 0 0 0 1
7.07899187773 2.92369111054 -7.02481491386 0 0 0 1
-4.45217818831 3.11321847558 6.83312081554 0 0 0 1
-4.2102037484 -8.1166295008 -9.97241920106 0 0 0 1
1.99790352426 -0.138802222512 9.43669315876 0 0 0 1
-5.11412360001 -9.10534532116 0.550062319148 0 0 0 1
0.825925736377 6.54163013537 4.75863387013 0 0 0 1
-7.72468133292 0.98814519222 3.49981290555 0 0 0 1
9.00436748507 4.26620159045 0.0807227599245 0 0 0 1
-1.46242229244 4.35832970894 -4.01465868563 0 0 0 1
9.21456466865 -5.90434303486 -3.71164083403 0 0 0 1
-0.0163449264348 6.3386421065 -6.16904240712 0 0 0 1
-8.47934004374 -6.02567355005 4.43481415829 0 0 0 1
-1.23076686237 -7.29660316097 -3.82803132803 0 0 0 1
-5.10402441348 1.78058589985 -4.15581106247 0 0 0 1
6.45974962806 -2.59301112298 -5.84071045273 0 0 0 1
2.21341700968 8.83625887982 7.94126120244 0 0 0 1
8.88604470233 8.22189393576 -8.85648618502 0 0 0 1
4.86013074987 -6.34979374884 -0.516193292585 0 0 0 1
-3.02167258885 8.07128437596 3.90217185755 0 0 0 1
-7.85185060939 6.94696338002 7.24707962978 0 0 0 1
-3.89648847205 5.20002388062 3.47981979901 0 0 0 1
-9.71063943066 -2.77523483611 9.24697029829 0 0 0 1
-0.245139492278 -2.83039789316 1.3017667939 0 0 0 1
-4.52979846513 -7.81067116694 9.9236401988 0 0 0 1
-0.189054603332 -0.152927759163 4.26673424473 0 0 0 1
1.28019314808 3.63917328871 -1.53966326297 0 0 0 1
-8.45821651429 -2.36608700336 -1.15716891717 0 0 0 1
-1.79394032619 -1.19608435204 -9.25197849177 0 0 0 1
-3.70706229298 -7.43716119731 1.32577662639 0 0 0 1
1.84152454862 1.87787616488 -8.95267137158 0 0 0 1
4.76487555401 -9.80465012027 8.93387941375 0 0 0 1
1.59773923304 2.67765419562 -1.09582057385 0 0 0 1
3.37850034875 -8.51592676082 2.95210998529 0 0 0 1
-5.28168827133 9.43203150974 7.73551257124 0 0 0 1
-8.63486142345 -4.87474639393 -1.85920112126 0 0 0 1
7.39699445462 4.09590153268 8.86650871511 0 0 0 1
9.23127749937 3.33299402908 -7.17229377806 0 0 0 1
6.66791944979 3.94630973674 -0.206310913339 0 0 0 1
-2.26670456391 1.24671202488 0.199283062821 0 0 0 1
-4.96854934149 8.61827819532 0.521265534679 0 0 0 1
6.16211222447 0.690818875335 -7.3748313291 0 0 0 1
1.68510933243 4.71652049263 6.98892847236 0 0 0 1
5.69623855629 -6.42598590439 9.55052936968 0 0 0 1
-1.11751077901 -7.15249651639 6.87653158384 0 0 0 1
4.98328348296 2.98821505814 0.71539850912 0 0 0 1
-5.21237096268 -1.85500877387 9.60146623367 0 0 0 1
8.71574687322 -7.07787338222 8.08510764974 0 0 0 1
2.07913641644 -7.38660300189 2.76719799185 0 0 0 1
7.26464128122 1.46773295907 -1.92481325939 0 0 0 1
-0.635477082974 -3.82891998957 7.34994860555 0 0 0 1
4.89980144587 7.42768847071 -8.42304680946 0 0 0 1
5.01733585935 -1.33926554664 0.21323761135 0 0 0 1
3.66837005469 5.23549545596 -1.29782316009 0 0 0 1
-3.36658790519 -8.01832951898 4.00032879884 0 0 0 1
-8.23697726069 7.44451802868 3.64774534164 0 0 0 1
-4.37897392066 -2.18393723075 -2.89975163385 0 0 0 1
-9.62430334035 6.88398122583 9.25121762299 0 0 0 1
5.17712797782 -7.84223343715 -5.34165046951 0 0 0 1
-3.95046880927 2.64638567864 5.99222790892 0 0 0 1
-0.331915766112 -9.51545852664 9.96742111137 0 0 0 1
-6.81758210618 8.20349647444 2.82621246809 0 0 0 1
7.55830269346 -3.14406653759 -8.87848212623 0 0 0 1
4.63801562381 -1.37795937568 -3.73327911355 0 0 0 1
9.5291349698 -6.01984106554 -5.41049924745 0 0 0 1
1.65471827716 4.92838547655 -0.97872033202 0 0 0 1
5.46970668457 -2.93721971938 -8.26210495345 0 0 0 1
-9.48920289429 -6.4090997677 7.16824567438 0 0 0 1
-0.252587741064 -2.23799637501 -3.53676710299 0 0 0 1
8.90944545032 -4.93342854551 -4.71100670797 0 0 0 1
-7.71181552173 0.335890257255 6.2372645296 0 0 0 1
-1.13659734307 8.39843704023 -7.59929410969 0 0 0 1
3.57096459261 -7.65706741674 3.55984477491 0 0 0 1
4.73979823567 -3.56124703541 6.36946573962 0 0 0 1
8.70619507459 -0.0173434767163 -2.313840687 0 0 0 1
-4.04064790061 -1.39447773221 5.28696612855 0 0 0 1
3.89962621087 2.0156363149 0.803831903878 0 0 0 1
-4.65383600981 -5.21271430427 0.442200346705 0 0 0 1
-2.80581488571 7.89216324197 -4.51070041496 0 0 0 1
-4.17671271748 7.94638945261 -0.427209779262 0 0 0 1
1.02931581584 0.0310230907148 1.21683525648 0 0 0 1
3.93888390914 -7.45970538632 1.16464969571 0 0 0 1
7.74457182262 -2.2089779978 9.21761841004 0 0 0 1
7.43987423396 0.244154965952 -4.27112006805 0 0 0 1
1.39465840844 4.07661295299 0.778184345229 0 0 0 1
4.17518692153 9.29960982463 -7.55435870573 0 0 0 1
4.54765186094 3.93565329586 7.24359094435 0 0 0 1
-0.768870245446 4.0010153104 6.01235005396 0 0 0 1
2.00086816913 7.77820785042 3.16481443257 0 0 0 1
1.20033656992 9.90219935133 -7.38840208543 0 0 0 1
8.77852287543 2.28854634926 -7.68829557195 0 0 0 1
0.989931728004 -6.49238242817 -9.66454459383 0 0 0 1
-0.828381218868 -6.77569362378 4.95169703532 0 0 0 1
-5.97056251252 9.70760519035 -9.80928442611 0 0 0 1
7.74988513903 -5.30455065221 -7.77521706626 0 0 0 1
-9.86140986351 -6.40560894734 -4.30881627788 0 0 0 1
9.71133991081 -4.13946991005 3.21486167586 0 0 0 1
-3.10276410119 0.768551282776 -4.45173408681 0 0 0 1
6.52661888164 -0.880311891384 5.30329078589 0 0 0 1
-3.0730874784 -2.69715383794 -5.80606105448 0 0 0 1
1.59537744013 -4.24289561232 5.26664459854 0 0 0 1
-7.42841532345 0.457551612698 -1.63254409243 0 0 0 1
-0.816394536244 6.53362848379 -7.74475193384 0 0 0 1
5.3274170949 7.55153063377 -8.12909211634 0 0 0 1
1.54993952761 -5.57906026903 -4.48493460119 0 0 0 1
-8.89750069101 7.10716989679 -1.27437247654 0 0 0 1
-1.55888358413 2.51149475446 5.34516547885 0 0 0 1
-7.54333244581 5.83371495618 -2.03211234617 0 0 0 1
9.32838869155 -7.6071665011 -9.95925650784 0 0 0 1
7.98106529132 -4.60511260802 -6.56714172077 0 0 0 1
5.96812697899 5.64580264296 3.43023683015 0 0 0 1
-3.08309101993 3.52164383026 -5.03563810514 0 0 0 1
0.38633493119 -0.128551473016 -2.84012408642 0 0 0 1
0.455631763741 -6.03863868909 -9.15061019168 0 0 0 1
-3.98072418632 0.597182416111 -1.51676767608 0 0 0 1
0.135426861559 3.00824569952 5.27100924658 0 0 0 1
0.876424413854 -2.04703012478 -1.87970515245 0 0 0 1
2.99222934099 4.44275011319 -8.18058503991 0 0 0 1
7.32571774966 4.59250998601 4.40262902139 0 0 0 1
3.1789725669 7.09315826175 0.00873009546422 0 0 0 1
2.91493611593 -2.6721479209 -0.950057741763 0 0 0 1
7.87953332166 -4.40932044423 -5.61480809583 0 0 0 1
-5.06928855916 -9.6565987251 -5.95826854308 0 0 0 1
7.14264591644 -9.71804723523 -0.374320921832 0 0 0 1
-9.76980860869 -4.7561624511 2.52132759347 0 0 0 1
1.24473051963 4.19029689962 5.98524621798 0 0 0 1
-1.47819136135 7.80808765496 -0.494470242117 0 0 0 1
2.7413340141 2.84479989463 1.2526391896 0 0 0 1
-1.76978445738 -9.90982972858 9.21024663433 0 0 0 1
7.53938056986 -7.61749947795 -1.21741346974 0 0 0 1
7.93646997649 0.708278207323 0.740959067242 0 0 0 1
6.8618212088 -1.95117915557 0.982708568418 0 0 0 1
-3.75551660061 2.79863722269 -2.10876652642 0 0 0 1
-7.41047676815 0.248134288264 -9.12345694672 0 0 0 1
-5.37893632527 -4.45533543675 -4.13478860731 0 0 0 1
3.47017054292 9.40778121472 5.09133615367 0 0 0 1
1.79261995614 3.74292541884 9.95833977609 0 0 0 1
-1.08046722592 1.78031514076 1.95009042029 0 0 0 1
6.35441635574 -0.887436341969 -4.0982584083 0 0 0 1
-8.96031035675 4.64952700158 -6.56111406084 0 0 0 1
-5.55493097449 3.73669375259 5.51901187076 0 0 0 1
-3.55779605278 -5.47129196021 9.58730859826 0 0 0 1
-5.88594444636 -2.15766290653 5.29170566043 0 0 0 1
7.10642889766 -4.46361771458 -8.07415603945 0 0 0 1
-4.63691903023 -4.86662592645 4.94071066319 0 0 0 1
-4.49245869727 -3.29016659481 1.14182892774 0 0 0 1
2.97819453367 -9.11837744085 -7.74676482156 0 0 0 1
-3.48950687216 9.29414911142 -4.59706276664 0 0 0 1
-7.51184667283 2.58482695176 5.54486983878 0 0 0 1
7.02312502484 3.65256661668 -7.40669441762 0 0 0 1
-7.20656699308 -5.56019056735 -7.23793618892 0 0 0 1
7.51316205348 7.32774309631 -5.74392839302 0 0 0 1
1.9077493423 -9.56893034856 4.03867446491 0 0 0 1
-0.569433618005 8.02458715962 -8.17625419166 0 0 0 1
8.95296688244 0.961604735119 -6.14497696071 0 0 0 1
-1.25943966001 -8.3493713732 9.52276148973 0 0 0 1
-7.61882111248 -3.71182351337 -3.63199310479 0 0 0 1
9.6242962019 9.89462994439 -7.17288238493 0 0 0 1
-0.42754000212 -7.03678513108 5.90000821557 0 0 0 1
6.24161048899 -4.61077945653 2.68518961177 0 0 0 1
4.11366423769 -0.693361293125 1.65032618447 0 0 0 1
6.18802380477 5.09810778197 -5.82481256022 0 0 0 1
-3.51650830085 -8.49072221415 -0.353339210518 0 0 0 1
3.0431301555 5.21781269124 -9.36757654274 0 0 0 1
-1.02448410021 -5.45894637317 5.62244849754 0 0 0 1
3.85203011956 6.36408683704 6.73658441782 0 0 0 1
4.64258877017 5.41914626252 2.12355942079 0 0 0 1
1.42448686094 4.9042749746 2.34845737097 0 0 0 1
0.405564326537 -4.14121628846 -4.23937874356 0 0 0 1
-9.33198672911 -4.3238313816 -5.280866958 0 0 0 1
-5.68899270216 -5.79416608917 -9.38704790035 0 0 0 1
9.00743344023 -2.06233071032 1.30828260629 0 0 0 1
3.99393012272 3.50760679571 -7.82629650584 0 0 0 1
-8.14069088059 -6.05719913066 -8.87686929418 0 0 0 1
-5.64234179087 1.19424992138 -0.366016901001 0 0 0 1
-6.18179003363 -6.09308182144 -7.65578453628 0 0 0 1
-0.566196791622 -6.45763220826 -3.36035928728 0 0 0 1
-9.88345274714 -9.40147087663 -7.51512428954 0 0 0 1
-5.78374143941 -0.586614399358 5.70265759791 0 0 0 1
-3.98202613557 3.43738307308 0.217821230469 0 0 0 1
-2.90594116682 4.17413080753 0.223018379495 0 0 0 1
6.09905266212 7.92569756585 1.51923070349 0 0 0 1
-3.92405883729 7.87297589863 4.01154546053 0 0 0 1
-7.78918806559 -9.48908976096 2.63887194785 0 0 0 1
1.75757330853 -8.41344683678 -6.63015820057 0 0 0 1
-4.2043032182 2.82822121438 2.33453879459 0 0 0 1
-7.43034303683 5.98840601928 7.15036164383 0 0 0 1
5.39011390303 -1.09298201605 -7.09120596885 0 0 0 1
-5.70741502224 -4.71679706656 -5.12894090343 0 0 0 1
5.81501258169 7.36819398206 5.86130553486 0 0 0 1
2.42142000094 -0.0901728464902 3.07124733541 0 0 0 1
-5.83709016268 -8.80286877936 0.580287783987 0 0 0 1
2.89152677602 5.73779858514 -7.91283138113 0 0 0 1
-2.32058238896 -3.69993406277 -6.08676044895 0 0 0 1
7.59560443437 7.43879391895 -2.52360538832 0 0 0 1
-1.17553554843 -5.25732511468 -4.08121387006 0 0 0 1
-7.20315016918 -9.31033825666 4.04557418423 0 0 0 1
-0.0782654818185 -3.85272459344 0.865398113325 0 0 0 1
-6.52216825607 -2.01499442389 -5.95149249292 0 0 0 1
7.71353019165 -6.26013481897 1.58071664557 0 0 0 1
0.0847729208853 -5.8726171027 0.405028493184 0 0 0 1
-4.85001200016 -9.42665294994 -7.31950942088 0 0 0 1
8.78263546507 1.47216732778 -2.13258164551 0 0 0 1
-4.28520160014 -5.22362178731 -1.75416180918 0 0 0 1
-5.57092159503 5.24407095046 -6.9814258417 0 0 0 1
6.41648916981 8.14050407585 6.07716083598 0 0 0 1
-4.93777240874 4.28218405857 -2.38023749036 0 0 0 1
8.06260579319 6.60453573441 -8.9503990206 0 0 0 1
0.892090925649 -0.874076896562 0.586716195519 0 0 0 1
4.71189720198 -4.49424981947 -8.47433659612 0 0 0 1
-6.49006695727 -6.00395614797 3.11955233783 0 0 0 1
6.32536715156 2.89120594583 6.44597028455 0 0 0 1
-7.81874847024 6.50787656034 2.44155091938 0 0 0 1
-3.91992509716 5.19885339454 -1.93303564695 0 0 0 1
4.83949336555 6.07332051956 -8.44806860001 0 0 0 1
1.53175787127 7.23103486993 -7.94271006706 0 0 0 1
-3.29428035689 0.559755641757 6.28650329952 0 0 0 1
-9.39798381323 -3.75008009251 -4.15760767141 0 0 0 1
-7.14042362157 -8.66922133797 4.35420560524 0 0 0 1
3.86605541762 -9.68748868294 9.66473764981 0 0 0 1
7.47543432546 7.21635281488 0.95158018204 0 0 0 1
8.94776845476 -5.38840375078 -1.06659335809 0 0 0 1
9.39062396044 -8.87733757094 0.526351711084 0 0 0 1
1.7847437617 -0.815232857929 -0.706531976376 0 0 0 1
2.36939041289 -3.59683147757 -9.1720225771 0 0 0 1
-6.64255873122 -6.00743043857 -1.31156131071 0 0 0 1
4.51201877887 -1.52683975005 3.03217647075 0 0 0 1
-0.930369810502 3.68800389884 9.60656925031 0 0 0 1
-3.29998216139 3.3278143327 -9.85179007477 0 0 0 1
-7.98683780287 3.19087955909 -8.67491363356 0 0 0 1
3.25026422772 0.654546983726 4.98250790624 0 0 0 1
8.18309176167 -4.18567868737 2.01033368477 0 0 0 1
9.28146454017 -5.96872489973 -4.8325785336 0 0 0 1
-5.55917293358 -3.62358414558 2.81816420798 0 0 0 1
2.33647888785 -8.64686506466 -6.25063849906 0 0 0 1
7.38152459671 -1.38613043824 4.72197998276 0 0 0 1
-9.09513570507 4.37132889412 7.94421475279 0 0 0 1
-2.78092456524 -9.04204650643 3.89651815196 0 0 0 1
-9.72307625998 -5.48496603387 -1.12080964707 0 0 0 1
4.13367790391 -3.835522587 6.4246234059 0 0 0 1
-2.7033999466 9.74982672483 -7.06485128226 0 0 0 1
-3.87258547651 1.45928217582 -2.03690629302 0 0 0 1
0.836431210984 4.63078900865 -7.87745103561 0 0 0 1
6.8997274231 -8.44705903273 -3.08862378961 0 0 0 1
1.01863936229 6.73441268569 -1.50956175117 0 0 0 1
-1.64211167675 8.29293741742 5.44176734702 0 0 0 1
6.33937694212 -5.16879419689 -1.3285302574 0 0 0 1
-8.44315645464 4.72927536548 -5.40430734758 0 0 0 1
-1.80414145109 2.52144761087 -4.89690747143 0 0 0 1
5.21024480373 9.18519184776 -4.06287522396 0 0 0 1
-2.4941844845 4.93219449397 3.99142294222 0 0 0 1
-8.6199657764 -6.0772200031 6.06177160746 0 0 0 1
5.3915969975 7.06266049699 -5.81376554344 0 0 0 1
1.20062224325 7.36964906237 8.22359480625 0 0 0 1
-7.10451309728 4.23147507762 -8.16371089648 0 0 0 1
-1.03878208224 -2.3415140027 -7.59405322697 0 0 0 1
7.03582930616 0.726023564 1.59811109347 0 0 0 1
3.42226248488 -4.28926856943 -2.90316283156 0 0 0 1
0.492771010378 -0.527434125897 -9.57578053027 0 0 0 1
-2.88318055077 7.78377271774 7.70572354888 0 0 0 1
-2.37034221646 3.63064726945 -4.02716887124 0 0 0 1
1.1025368114 -8.19349504765 -9.90214730167 0 0 0 1
-0.757139854019 0.181587182525 -3.95134565929 0 0 0 1
7.74043278918 0.215072747096 9.09731415725 0 0 0 1
-2.22033654227 6.38911027058 -7.68618421312 0 0 0 1
6.4112032335 -9.47091165713 6.99938628137 0 0 0 1
3.05638877945 -3.52895936124 -2.13184929519 0 0 0 1
-1.49698597466 -2.05673732159 -1.0527284981 0 0 0 1
9.67251144981 0.159836456911 2.94107339184 0 0 0 1
-4.23160470188 4.07001000057 0.805108906108 0 0 0 1
9.55062588566 1.9406841692 6.11337033622 0 0 0 1
-6.75013380601 -2.70370135094 -0.249017554546 0 0 0 1
7.04410774737 -3.22801498429 -5.71114423295 0 0 0 1
-1.9949604031 -5.96015179936 -3.68960852045 0 0 0 1
5.80163346858 2.12612131894 -5.40330474741 0 0 0 1
-4.03801127701 -5.39025709072 -1.99747422563 0 0 0 1
-3.53094784333 -5.18271190923 -0.693920077152 0 0 0 1
-0.261301352169 -7.30298276896 2.15554268977 0 0 0 1
-5.3056201208 4.70842673611 -0.203061603438 0 0 0 1
-1.74581937815 5.05106740833 -2.2034902014 0 0 0 1
