-8.17566076675 5.61185425788 3.59247861132 0 0 0 1
9.91035514363 -2.65274112951 1.94617381942 0 0 0 1
-8.60490631637 -4.34771520816 -8.86545499959 0 0 0 1
3.98362809064 3.83548313702 -7.64795254525 0 0 0 1
-8.70976461055 -8.82877418602 -1.9927965603 0 0 0 1
1.28820460098 6.65342610436 3.04694604503 0 0 0 1
5.76791237779 -4.82026413659 -8.84951050537 0 0 0 1
-1.22264144627 -0.805944909944 2.86519477363 0 0 0 1
-8.46773953629 -6.028997457 -5.48889305137 0 0 0 1
-5.66326275826 -9.2626052043 7.17487127771 0 0 0 1
-5.46942474351 -7.31397309141 0.0639892207004 0 0 0 1
-9.99807196018 -5.69692537603 1.95977239112 0 0 0 1
0.524637808435 -5.21969002134 -2.03189517611 0 0 0 1
-1.64210577899 5.08556626884 -0.154656274741 0 0 0 1
-0.980575164547 -7.78272759557 -6.36441148057 0 0 0 1
0.877481036235 -2.53031229357 4.21610434505 0 0 0 1
-9.78700743268 8.82991914006 7.87154926995 0 0 0 1
6.76321345287 6.03166947293 -6.67773067786 0 0 0 1
-1.75770450763 -2.2760160632 -0.864882260054 0 0 0 1
7.35441347185 7.06319396748 3.09276755025 0 0 0 1
2.81721921308 -3.98656002802 -4.55215607501 0 0 0 1
-5.37096242452 5.03865341211 0.541194170841 0 0 0 1
-3.15969742798 -3.093442958 -4.95156418691 0 0 0 1
6.75255828799 1.8312596449 -0.556693716434 0 0 0 1
-9.81079668443 8.16640968766 1.49350076212 0 0 0 1
3.84131347352 3.01002322499 3.25741420776 0 0 0 1
8.1648613049 -4.55020040981 -6.1753113848 0 0 0 1
5.10211725224 6.32019385379 0.292597085242 0 0 0 1
-6.31889587146 1.26946874166 -1.95827976108 0 0 0 1
7.32075077605 7.38021548839 7.36155737571 0 0 0 1
8.81150332923 -3.56525129147 5.1726363253 0 0 0 1
1.40422582702 8.60676980216 -9.62567854307 0 0 0 1
4.29363077493 7.96893554116 7.42166021872 0 0 0 1
-2.92688598215 -4.01251302117 5.41103636969 0 0 0 1
-5.28612930968 6.97235512102 7.51035099623 0 0 0 1
3.68744563056 -9.06252530208 -6.30874683569 0 0 0 1
4.22055452676 -8.74022945553 -9.74364431007 0 0 0 1
-6.68729163681 -6.48010648438 4.39278068028 0 0 0 1
8.486900919 -5.38122044975 3.33808576214 0 0 0 1
-6.33102992542 4.93666998695 8.1534091772 0 0 0 1
-3.16054983488 1.9590089324 -8.3673780458 0 0 0 1
-3.50540007984 -0.224150088171 4.74038562919 0 0 0 1
2.8318182158 1.17061376812 -5.19830339429 0 0 0 1
-2.68568522948 5.02897482141 -9.09023138449 0 0 0 1
7.45056633499 0.0279737871339 1.34208587637 0 0 0 1
-1.75996918581 2.41970301483 -9.82623802385 0 0 0 1
8.05725608489 8.31811061313 -7.24017380786 0 0 0 1
5.61450248878 -6.39257691614 -2.73532615402 0 0 0 1
-1.26826100688 -8.66150341304 -0.0483856312263 0 0 0 1
-5.64386597111 -8.13461929468 2.79490514705 0 0 0 1
-6.44019713061 0.452662893408 -5.06932434759 0 0 0 1
-4.79499527463 7.57925913191 2.67732939779 0 0 0 1
-3.53824028692 -8.41609575396 8.17978077505 0 0 0 1
-9.20397996956 7.00651451329 -5.67112045599 0 0 0 1
0.567033291617 9.71310676083 -1.29758032201 0 0 0 1
1.90914393546 4.85747890691 -7.61447498869 0 0 0 1
4.70685151877 9.69155329249 1.76493098169 0 0 0 1
-3.83425744727 5.10006738498 -1.25220637877 0 0 0 1
3.14627665271 0.460437470132 -0.483086707214 0 0 0 1
1.61619272554 -1.90638053413 -1.29296144403 0 0 0 1
-8.01512345045 3.43446770291 -4.23343955563 0 0 0 1
7.40558334228 9.95031718051 -4.05002745948 0 0 0 1
8.05836400971 3.51028354193 -4.78875497095 0 0 0 1
2.09736957574 -5.45579978937 7.50551956583 0 0 0 1
8.90907719658 -7.3003708576 -7.08938019014 0 0 0 1
1.37872400083 -8.7889017658 -5.81168784926 0 0 0 1
8.03151352097 -0.0636334589438 -9.07383752489 0 0 0 1
0.217489873105 8.71431963588 -6.0840000962 0 0 0 1
5.99289528263 6.85896137928 6.60219477214 0 0 0 1
7.63088801535 -2.97169652861 0.716969807121 0 0 0 1
-3.08046831122 9.19678667624 6.42421576576 0 0 0 1
8.53398070362 -7.3838356372 2.99320560146 0 0 0 1
0.0869078498527 1.90387288019 3.94767177572 0 0 0 1
-0.967490600506 -5.15144101156 3.44919952255 0 0 0 1
6.41229938979 -0.810637238258 -2.8645421349 0 0 0 1
0.392044390092 -7.36671870559 0.4744223409 0 0 0 1
-8.15334193124 1.23667276775 -3.2812619896 0 0 0 1
5.13106828721 -5.12311142737 -9.72371818365 0 0 0 1
8.64743093421 5.50922684565 -4.72003137103 0 0 0 1
9.24643066555 9.77973318347 7.18192580163 0 0 0 1
-7.92191401907 -8.0980608892 3.23725576578 0 0 0 1
8.1079933276 -8.70893290952 9.14207668511 0 0 0 1
-2.82884744574 -3.99679759525 7.00149786812 0 0 0 1
1.9277510988 2.81023819809 -3.84259412435 0 0 0 1
2.18863048205 5.24544286931 5.45821114605 0 0 0 1
-7.12837643662 8.51028148706 1.13590285483 0 0 0 1
-1.13621876074 5.23460804828 -5.08885509869 0 0 0 1
-6.22775817048 4.01755524808 -9.00628551015 0 0 0 1
3.61996006203 0.387858971419 -5.67064338466 0 0 0 1
-1.24884833445 1.73587133767 7.21220466109 0 0 0 1
1.92531501037 5.73437199402 1.10427747669 0 0 0 1
-4.74249678707 7.90927708638 4.4897189283 0 0 0 1
-4.48549400386 -2.64144751546 -6.72461798658 0 0 0 1
-3.02521227724 0.787028214206 -2.08283477886 0 0 0 1
-8.49003225373 -7.74847685203 -0.632810017665 0 0 0 1
-8.57296986815 8.58162248988 8.5104623332 0 0 0 1
-0.208058086231 -6.91724874456 -7.22523448384 0 0 0 1
8.11599268966 -3.84423875285 -9.98398490306 0 0 0 1
4.04829087793 -5.45220498109 9.77189614593 0 0 0 1
6.21458510254 -8.94507064721 -5.0036888853 0 0 0 1
-6.46483495883 -4.67640921567 -0.746815422016 0 0 0 1
3.30601637724 3.24921081881 9.88684253788 0 0 0 1
-3.68092901664 5.45468847172 -3.9727438287 0 0 0 1
1.4117908824 1.53974602472 9.98503194905 0 0 0 1
-6.78405135614 8.3264132658 -6.38951699832 0 0 0 1
8.74875511649 -1.07386624738 -7.50661713238 0 0 0 1
9.18374947592 -1.70874888561 -6.08801032564 0 0 0 1
0.3325340372 -8.40702252674 6.66634503279 0 0 0 1
-6.2154730652 6.50554874466 -2.54040145465 0 0 0 1
-9.5513635538 9.98079859184 -8.91240684083 0 0 0 1
3.5903667932 4.30180481417 4.24000399816 0 0 0 1
3.64108458895 9.23838923004 3.15587549379 0 0 0 1
-4.78272942188 -2.97389614416 -1.31408454505 0 0 0 1
6.86896007614 -0.166804005744 5.2163380888 0 0 0 1
-9.44485472955 -3.20683432397 -9.14524389785 0 0 0 1
8.86838454862 -7.70550791562 -6.26371266022 0 0 0 1
-1.31397065209 8.74449508954 9.99753541958 0 0 0 1
5.02873622686 -5.28616270207 6.81955370459 0 0 0 1
-6.1287505468 -6.65643266187 -4.24010662227 0 0 0 1
-0.567648155194 8.63578108928 9.77753561679 0 0 0 1
-3.20210784963 -2.21264262672 5.61176666404 0 0 0 1
-5.43054410439 7.17933688937 -7.06119010743 0 0 0 1
-6.13210396792 6.49846057369 9.75147271923 0 0 0 1
-9.26455380274 2.69562980466 -5.53870081367 0 0 0 1
-8.34294001427 3.59878739433 8.64702007159 0 0 0 1
8.11072494255 7.81376892789 5.71438593245 0 0 0 1
2.52485177434 -3.68318525637 9.46303368664 0 0 0 1
-5.63736681292 -9.30740448048 9.58712472508 0 0 0 1
-7.38336180759 -2.72106096059 9.44505364713 0 0 0 1
-2.55367550737 3.07269935473 4.14472680182 0 0 0 1
-7.81646011495 4.61582969475 -3.29277589406 0 0 0 1
3.41974768115 -2.56778857634 9.37812280069 0 0 0 1
-0.0938202180411 6.34324957953 2.83330677052 0 0 0 1
-5.38851457455 -1.30211216577 1.18334235921 0 0 0 1
-6.77728575313 9.85001382823 5.40670553079 0 0 0 1
8.26568268151 -1.51217067976 -7.12673108435 0 0 0 1
4.5168131483 0.723303720675 6.02780761767 0 0 0 1
5.77959129655 -3.84784105304 -2.73600878996 0 0 0 1
0.691459307072 -6.53811510201 8.15324006602 0 0 0 1
4.89759011496 -6.73872685021 8.03724934161 0 0 0 1
5.09598170244 3.92354547295 5.57422000531 0 0 0 1
-0.816378417282 1.11541715115 -3.48811167387 0 0 0 1
2.62296276335 1.20918980291 -9.11152717872 0 0 0 1
-2.03431468141 -0.181709296833 1.87817125817 0 0 0 1
6.18395012495 -5.96950655274 6.60283003215 0 0 0 1
-6.06339909932 1.66734818975 6.45344210058 0 0 0 1
5.8009141067 1.79414836987 1.50151091828 0 0 0 1
2.49295159267 -5.31924523397 -0.613676851598 0 0 0 1
-8.21731304449 -5.84400643701 9.53491359311 0 0 0 1
6.98655579286 9.58797279008 6.86391153373 0 0 0 1
7.70007447873 3.47373355653 0.25901756621 0 0 0 1
-1.76593423274 -2.45406343784 8.09007764913 0 0 0 1
7.43572574749 8.05678140107 -6.62932833793 0 0 0 1
-6.85190109138 -6.71489745767 5.64563400042 0 0 0 1
0.601627273553 -9.60039005111 4.85827338102 0 0 0 1
8.18818996374 -1.19842405554 2.39216863063 0 0 0 1
8.97944876807 -3.8086288055 -2.2851301552 0 0 0 1
-8.93929948096 1.53887097382 -1.82169861405 0 0 0 1
5.25413629155 -7.85147813575 8.74663496885 0 0 0 1
-4.63308100192 9.39866933748 -6.40240233633 0 0 0 1
-2.73567502281 1.29083518638 8.37843632315 0 0 0 1
6.67227157169 -6.98137763241 1.01685033928 0 0 0 1
7.48331606786 -8.11997385457 -5.90354232501 0 0 0 1
-1.55877169958 -1.44959474386 -2.15216915782 0 0 0 1
0.691463226751 7.7731862858 -7.43111883708 0 0 0 1
-1.26972209989 -8.09004267167 6.88531166762 0 0 0 1
-6.19805632653 -1.89297894331 -9.90791942258 0 0 0 1
1.35404641713 6.87384863134 7.59304803349 0 0 0 1
4.39829047378 8.71469744037 4.99028163743 0 0 0 1
6.04109150732 6.44298039918 7.07520817931 0 0 0 1
7.16580430609 -1.45876512277 -1.06218057474 0 0 0 1
0.471174901753 6.69724692437 2.75424365886 0 0 0 1
4.32585578623 1.14302495131 1.11883381018 0 0 0 1
-4.86890232867 7.13429166347 1.16752931356 0 0 0 1
1.1050562154 0.349162633217 -3.96073537001 0 0 0 1
1.54729744667 -9.11315446185 -0.299295832863 0 0 0 1
-2.67815791585 1.30368526762 6.0293098578 0 0 0 1
-2.71043314461 9.35052063189 -7.28848756594 0 0 0 1
-3.36928082639 1.08384055852 -5.89256613975 0 0 0 1
2.99759020999 -0.879633188651 2.14846384708 0 0 0 1
1.33086617556 -1.69159909668 0.731686526362 0 0 0 1
-4.61796014591 -0.720358018968 -9.29031117872 0 0 0 1
8.27977638961 5.31259794618 -4.66886959208 0 0 0 1
-5.82165152614 -7.78937822975 -4.85273429484 0 0 0 1
4.65825021661 -5.37270876713 -1.82290615104 0 0 0 1
1.6287496021 0.681458153933 6.52263397874 0 0 0 1
4.78904327085 -3.80321053951 -7.4533949246 0 0 0 1
7.66517984475 1.12824610014 7.04990255739 0 0 0 1
7.28426615041 -2.08087295048 5.68188297052 0 0 0 1
0.478411772048 8.01129614231 -5.87603910985 0 0 0 1
8.58979201661 4.94108437633 3.89843826922 0 0 0 1
-3.41436784525 -3.1883252536 4.08644896722 0 0 0 1
0.888248133891 1.65950871563 -6.45923221364 0 0 0 1
4.04064718773 -7.45410158529 2.04143622305 0 0 0 1
-5.3134424983 5.19616450913 -0.772853382469 0 0 0 1
-6.69744425187 2.34625595072 -6.36370758896 0 0 0 1
6.68737777112 4.69466927845 4.00975701991 0 0 0 1
4.02118907077 -6.99042136979 -2.50874135772 0 0 0 1
6.82986867059 -8.68438374636 7.54334394699 0 0 0 1
6.83157314181 5.78280694133 2.49878052451 0 0 0 1
5.84598367693 -3.41920372748 -7.94289168613 0 0 0 1
2.34122110004 5.29028696263 -7.07649107102 0 0 0 1
1.42291526286 -3.17584991834 -6.53397471175 0 0 0 1
9.742321219 1.76885080957 -4.1094730003 0 0 0 1
7.80874379962 -1.39427089952 -4.04592797621 0 0 0 1
2.89734492251 -2.34627199169 8.5674404833 0 0 0 1
-6.69326552292 2.22146154124 -9.11180543586 0 0 0 1
-9.90854562244 -7.77336084475 5.77362756727 0 0 0 1
1.12168860841 -8.52937064018 7.98325170479 0 0 0 1
3.22080331487 8.45687332874 1.8107086469 0 0 0 1
7.0433099959 -7.50309207533 0.186153857904 0 0 0 1
-3.63214687787 -2.96061244647 7.45643854405 0 0 0 1
8.60533403808 -3.18563349369 0.298620795765 0 0 0 1
0.481493929591 -6.77687409159 -2.48312839521 0 0 0 1
-3.76887104047 0.920926289224 -7.68479050133 0 0 0 1
6.05698283043 5.79223233022 5.74543539901 0 0 0 1
7.91092601913 8.87645698915 -6.11113487704 0 0 0 1
2.99923963116 -2.08534971374 9.89598855793 0 0 0 1
9.2793011631 9.34298400895 1.6486701407 0 0 0 1
0.504312071823 -7.00515749324 -6.81675877893 0 0 0 1
-7.35911594054 -0.326572604758 2.22820529493 0 0 0 1
5.0361480613 -1.79614459568 1.78545167316 0 0 0 1
-2.52221751125 8.46006800147 -6.60436364259 0 0 0 1
-4.95788847665 -1.66828977075 -7.28052715487 0 0 0 1
-9.94615092983 -4.20864844279 8.15317488327 0 0 0 1
5.41413502415 6.0865842249 3.64314709098 0 0 0 1
-5.80422033907 -4.21160863848 -6.70417288386 0 0 0 1
-8.00756423743 -8.01612548521 -7.68675748233 0 0 0 1
3.4051888928 -5.67732791083 -7.37595485062 0 0 0 1
-7.22988492001 9.4156026309 9.75716799442 0 0 0 1
-6.49174636375 3.54919263953 -5.75069019631 0 0 0 1
-9.93969229218 -1.69860069838 4.61913968066 0 0 0 1
-8.48702505762 -4.41993612222 -0.348194859232 0 0 0 1
1.07508564433 4.02878653695 -4.80681504474 0 0 0 1
-5.35028739657 -6.1322136017 0.904617358841 0 0 0 1
-8.35679255791 6.03160755685 2.28231424497 0 0 0 1
3.68672338218 -5.22730165237 -9.01013604932 0 0 0 1
-4.62293080491 -8.22902440111 6.98320968508 0 0 0 1
-5.97767756122 -1.26665458746 -2.7332303129 0 0 0 1
-2.47857250928 -2.40417180642 8.31590761835 0 0 0 1
-9.8032491377 2.21718703161 -4.2707459594 0 0 0 1
1.81413343882 -1.26443381326 5.50659285727 0 0 0 1
6.47975709989 -3.96173762794 6.04987828458 0 0 0 1
4.60056326148 8.08185798129 2.85433191267 0 0 0 1
-7.64330070405 -7.37659557601 2.07006243784 0 0 0 1
4.42318996432 -7.59664252332 7.09330368666 0 0 0 1
-8.74862320108 2.05013815927 8.54086745979 0 0 0 1
-0.0553025052855 -6.41640929018 5.124737701 0 0 0 1
8.06688031527 5.16865714013 6.27932142695 0 0 0 1
-8.82921085651 9.56138662804 1.13277844738 0 0 0 1
7.75406974469 7.2115256279 -8.29284122261 0 0 0 1
-9.77593081858 6.89338082612 0.93571331471 0 0 0 1
3.13760754948 -9.91446159884 -9.91179135659 0 0 0 1
-6.98859329303 7.22282863328 -6.88240662696 0 0 0 1
9.40956308739 1.59677266414 -6.23284603902 0 0 0 1
1.43734586921 -8.16855157375 0.326757500921 0 0 0 1
-4.41357905887 7.34814290794 -0.227897543721 0 0 0 1
5.69658270315 -3.61323358325 -0.915401428294 0 0 0 1
-8.71305931322 8.02508390098 9.49319117395 0 0 0 1
-3.71074125969 -0.288476795896 3.73465975994 0 0 0 1
-5.19618299539 6.41755078372 -5.34621372917 0 0 0 1
-6.25342372721 4.94508821846 -8.84634382802 0 0 0 1
8.63984835468 -3.57862906483 6.35185668622 0 0 0 1
-6.89607519946 -9.93440483758 4.84339635167 0 0 0 1
3.71094306937 7.02575387144 -4.75824280155 0 0 0 1
-2.04181049147 2.42086417233 -3.70060155679 0 0 0 1
6.32900574032 -4.06574568486 -4.70470035664 0 0 0 1
5.13169438396 1.56662763102 -6.09803692976 0 0 0 1
-9.72794248349 -0.0930549507458 -5.860068249 0 0 0 1
4.29598486834 3.30877138154 -5.69630543343 0 0 0 1
7.5928890999 7.15692168052 -0.850909068857 0 0 0 1
8.97814489969 6.02332756374 0.432345793569 0 0 0 1
-4.58611340657 1.09474521878 8.36159002505 0 0 0 1
2.42305839106 8.69290649748 1.55616296348 0 0 0 1
5.91219135391 -2.8006202481 -4.92309501481 0 0 0 1
-0.949469479104 0.988267131551 -3.28952543192 0 0 0 1
2.85985166808 -4.35011457255 9.41356425897 0 0 0 1
-6.81675948691 -9.25555197837 -8.96767284936 0 0 0 1
7.28882762559 9.7792242488 0.858444988866 0 0 0 1
3.58870879702 2.02300454179 6.80915633802 0 0 0 1
8.92192846036 -3.10105542645 4.1989472387 0 0 0 1
-8.62882624879 -3.70471906053 1.52619158565 0 0 0 1
-7.92585090635 0.105592154856 3.4615679865 0 0 0 1
4.56083087817 1.41956805691 4.18845792559 0 0 0 1
-6.68786500357 -5.77943062089 -5.21468184292 0 0 0 1
-9.46141393982 -4.86102021474 2.67968366752 0 0 0 1
-0.484607665382 6.24060252056 -8.72434068027 0 0 0 1
5.12769966069 -5.18825082606 -3.09169239296 0 0 0 1
-0.791358621775 -8.52249475452 -7.88912760637 0 0 0 1
9.50198211179 6.92665003462 4.58407375114 0 0 0 1
3.20689027302 -2.91455730951 7.37775653773 0 0 0 1
-1.59531424029 3.11993514737 -0.767799788697 0 0 0 1
-8.24120369797 -5.04643939754 -9.63041832051 0 0 0 1
5.34768478622 -6.80763650959 -8.3238634561 0 0 0 1
2.90554324141 -6.8874408487 -1.11269872783 0 0 0 1
9.25902823643 -6.46443953055 3.60788031616 0 0 0 1
9.68916535962 -9.4579278406 -0.312124883477 0 0 0 1
8.66297063382 -1.78714251315 6.1488818605 0 0 0 1
-7.7306523997 -5.32035891754 -1.23715238933 0 0 0 1
-2.92858015379 2.57939985462 -1.78218350747 0 0 0 1
-4.90759418418 -0.335227832398 7.61665175408 0 0 0 1
-6.82939560912 0.0984764177597 -2.51047185299 0 0 0 1
7.14069827605 4.13082082706 8.08282560141 0 0 0 1
-8.0090283934 -4.66132643363 -3.89946997395 0 0 0 1
7.39620262115 -3.70435195057 -3.56319978111 0 0 0 1
-7.79428341368 0.95681676329 5.54347010728 0 0 0 1
6.11272254725 -7.81326168908 -7.65963416004 0 0 0 1
6.69461357809 -5.02069942792 4.7237563748 0 0 0 1
4.41211777885 -5.99647711375 4.82381321433 0 0 0 1
0.266289396514 2.96688102691 -2.16618270218 0 0 0 1
0.58283082456 1.94471726751 -8.96864795327 0 0 0 1
-3.82688881696 3.21772265902 -8.68517151724 0 0 0 1
5.43085196713 6.03711557687 5.30328199489 0 0 0 1
-3.77017781926 7.11989909254 -1.2950280999 0 0 0 1
0.435040105614 -3.71821191703 4.28918368407 0 0 0 1
-9.83840478524 -9.60546547095 -8.70879120131 0 0 0 1
-2.13751044898 -1.22496647363 9.05012423574 0 0 0 1
5.93283863582 6.82491945656 -4.98395575101 0 0 0 1
-0.158118321016 9.53628764912 -2.37813223214 0 0 0 1
-3.46363180555 0.564167194896 9.45789216629 0 0 0 1
-6.55308924809 -5.60583305289 7.66088255347 0 0 0 1
5.92314613706 -8.43415184 -1.92519936751 0 0 0 1
-6.30373817114 2.93832921668 -5.53428681415 0 0 0 1
5.42519103168 -9.29598490607 2.14494444074 0 0 0 1
8.72396151976 -2.65038922818 9.0701181736 0 0 0 1
5.85133395398 4.42380907424 1.22375166059 0 0 0 1
9.03838994292 -0.77957310507 -3.03404397589 0 0 0 1
-6.68664295413 2.47811692477 -2.15671936812 0 0 0 1
-8.77311858256 0.800369976646 -8.46368934891 0 0 0 1
-1.09896617727 -3.90631564382 -5.30698826963 0 0 0 1
7.81956444145 -8.48982949147 3.15982976938 0 0 0 1
5.5611549694 4.29752535168 2.58541036054 0 0 0 1
9.14008063247 5.69449287119 7.51612452149 0 0 0 1
2.64252227747 5.60103524222 -2.24810679565 0 0 0 1
-3.50786370301 4.40591018876 -4.80319364275 0 0 0 1
3.51110213896 -9.87372605765 -6.60831747718 0 0 0 1
-4.60178732829 -0.111194679413 1.91987551975 0 0 0 1
-6.35731429488 -6.79061675703 2.18587524071 0 0 0 1
9.76935597894 1.53646122076 2.41351211859 0 0 0 1
-0.675674936804 -2.79331143394 0.774923923003 0 0 0 1
-2.27944156292 -6.99472251975 -4.24099928334 0 0 0 1
-1.85281446973 -9.10837402185 -9.47434975256 0 0 0 1
-8.18480653075 -8.62347862627 1.29106038978 0 0 0 1
2.6046275174 -1.46620792596 7.36229023182 0 0 0 1
9.44319559879 -2.84754674748 0.106365887654 0 0 0 1
-1.92509594579 0.068852521493 -8.4098893533 0 0 0 1
3.10529169738 2.43264159754 -8.43580108131 0 0 0 1
-4.47343430099 0.873310926774 -1.30813059984 0 0 0 1
5.22189500996 7.09369646882 6.70500993367 0 0 0 1
4.40789954133 7.91447480497 -7.26252076299 0 0 0 1
0.122954955821 1.36969362623 -1.19745628802 0 0 0 1
-0.35100245732 4.53664309086 0.0330190056411 0 0 0 1
0.640333503487 -1.45778483848 -6.74001466029 0 0 0 1
-5.50280500307 -4.41732092912 2.66487262693 0 0 0 1
-6.40907595706 5.19469484934 -0.443023969161 0 0 0 1
2.34417991325 3.34062273264 -0.821308232604 0 0 0 1
2.89505950742 1.87342343032 8.31079970014 0 0 0 1
1.81792443779 9.44364265414 -3.17950998712 0 0 0 1
-9.0094315556 2.27136210664 8.72151370412 0 0 0 1
-1.26061177739 6.76621526318 -8.34015238275 0 0 0 1
-1.56757238364 -3.34081254069 -2.56294181051 0 0 0 1
9.2964511841 -3.85363563625 9.43743468284 0 0 0 1
2.82714125066 -6.5752011098 -0.233052747988 0 0 0 1
-8.15466515849 2.30111981902 -4.24490608072 0 0 0 1
-6.26734717335 -7.52383573751 3.31780998948 0 0 0 1
-3.15492344875 7.08228433468 8.97756289748 0 0 0 1
6.23365416244 7.33933325834 2.3807104619 0 0 0 1
-6.80626981648 -0.0397008222637 7.17060500974 0 0 0 1
-7.90034914379 6.99750299666 -4.13841402298 0 0 0 1
1.55965320826 -1.92425749955 -6.42568848559 0 0 0 1
7.34778447873 8.97578802465 9.70568872649 0 0 0 1
-2.22864657455 -2.04889221758 -0.24075693113 0 0 0 1
-6.48006876368 4.82875237771 0.448712182134 0 0 0 1
-2.4524268655 -8.30121627726 0.193488389832 0 0 0 1
-0.218151542929 3.55070192949 -2.69185568881 0 0 0 1
-5.11010419264 -9.58778099971 8.82142499454 0 0 0 1
1.2663381533 -4.6409709064 3.71678843731 0 0 0 1
2.05920989994 -8.69404003642 2.80122090633 0 0 0 1
5.52064494624 -0.402974465874 -6.46513551399 0 0 0 1
-4.86573542336 2.61511983215 5.80223916305 0 0 0 1
9.72614584506 -8.91604399564 1.86421700552 0 0 0 1
-5.44257474175 5.17039730674 -2.0773936074 0 0 0 1
2.78157081802 -8.11598999944 -4.23890675364 0 0 0 1
-2.51320923887 3.34353288516 4.81932987983 0 0 0 1
0.102593063677 -7.69541311684 -8.73415591922 0 0 0 1
8.36157117636 -0.251944713995 -9.01224371624 0 0 0 1
-7.36983648477 -5.22088967949 8.85253883487 0 0 0 1
7.35979347264 -3.24367042269 -7.2176849481 0 0 0 1
-5.63509192661 -6.65629855588 0.371276407819 0 0 0 1
1.36047631508 -2.89802127259 4.8945867205 0 0 0 1
7.74254217233 -5.47552714848 -9.75463483671 0 0 0 1
-0.960806688233 -5.88754852944 1.58232219651 0 0 0 1
7.17675502072 1.88315002258 0.875957407832 0 0 0 1
0.404256793238 -3.6768974564 -5.33166279694 0 0 0 1
-0.462921655348 4.90279000078 6.00406039334 0 0 0 1
-4.37336807157 -7.86042948891 -4.30032211283 0 0 0 1
-0.302541149265 -6.9193109215 5.69007347559 0 0 0 1
9.40786112593 1.54486019401 2.45149610418 0 0 0 1
2.13656655736 -1.49172517941 4.11268665229 0 0 0 1
-1.43620530613 -0.947772324684 5.54900951494 0 0 0 1
8.26014416185 -3.3032014658 -1.07905321688 0 0 0 1
-2.52443088953 -4.30404375745 -8.21639108267 0 0 0 1
-9.53603489696 6.20387634566 -2.88847565003 0 0 0 1
-8.95957515997 0.15217449392 -1.35863929429 0 0 0 1
3.5690968361 -2.683975732 1.68541332495 0 0 0 1
9.41171784781 4.99878568942 9.08132228022 0 0 0 1
2.68740717118 6.48677411772 8.87543838505 0 0 0 1
0.363730910164 -9.58421623388 0.497142904537 0 0 0 1
6.53237250734 -3.60758506928 5.43147340768 0 0 0 1
5.15688451476 -4.06151932146 -9.41736095738 0 0 0 1
2.85081107472 4.72113678363 4.38429342953 0 0 0 1
-8.68628632125 -9.57417975952 7.49213689546 0 0 0 1
8.4289729762 -1.88690815309 0.135957559225 0 0 0 1
3.60414454133 -3.41419693138 4.22666290326 0 0 0 1
8.70062543028 -1.09893064435 -4.47702847956 0 0 0 1
8.39936750381 -4.42852026153 -5.8935449942 0 0 0 1
-6.88827093376 -6.29517106457 2.25528824578 0 0 0 1
-2.51429279699 -8.81265731996 -2.72476903668 0 0 0 1
8.32969851146 8.25955723646 -0.972779905094 0 0 0 1
-2.43480943933 7.40652496698 -8.10718131462 0 0 0 1
3.38793239756 5.39470322754 -1.31546296467 0 0 0 1
-5.59721357514 8.66306991144 6.01605730853 0 0 0 1
4.54433123967 -1.83519878716 -6.2755290605 0 0 0 1
5.34375382232 -3.85289791315 -0.186280542028 0 0 0 1
4.81205991925 8.82288271658 -7.11771683528 0 0 0 1
-7.74677697731 5.00982697943 9.8640034781 0 0 0 1
-3.8149717252 1.56247228206 -2.62794862674 0 0 0 1
2.8155890055 -4.83531609245 4.45921307809 0 0 0 1
3.73522881027 1.01202531734 -1.06404943252 0 0 0 1
-0.320707840545 5.30230176052 5.50062920103 0 0 0 1
-9.18675386846 9.57632910881 -8.31840605189 0 0 0 1
6.15391192887 -7.21360888886 -1.40173453439 0 0 0 1
-1.23341009144 4.02892197393 -3.55943281947 0 0 0 1
-9.73910604789 -8.87749923298 -4.60400661542 0 0 0 1
6.46898896082 0.0796745664267 8.32975966218 0 0 0 1
-2.76091200115 -0.483854060132 9.10894163322 0 0 0 1
-2.46390890379 8.12979827545 -9.37097652283 0 0 0 1
-4.55050504924 -7.45261287845 4.56597926262 0 0 0 1
-3.20960350266 -9.52588366826 -6.51432689697 0 0 0 1
-8.6727512084 2.59326654901 8.15804310529 0 0 0 1
1.13195216957 0.881736190825 4.2097856091 0 0 0 1
5.98351082265 -1.64837257782 -2.12436232959 0 0 0 1
3.31896327572 -8.35649580836 9.94606064542 0 0 0 1
0.955754254318 7.23809390932 9.73970247194 0 0 0 1
-6.91805500296 -7.0831525322 7.69580482777 0 0 0 1
0.132040730273 -3.72413121416 -9.12535893663 0 0 0 1
3.02317678971 -9.47276059222 -5.47582705258 0 0 0 1
1.0451299765 8.98840641188 7.33979118764 0 0 0 1
6.34187136932 3.12033375557 0.930931687869 0 0 0 1
6.84509608678 -9.09541276529 7.89719544752 0 0 0 1
-0.339135949743 -6.99360476903 -9.53060079152 0 0 0 1
7.93207390002 0.453433528251 -9.81132948597 0 0 0 1
-2.69947926683 -8.5670668797 2.60854695304 0 0 0 1
4.49889996731 -6.37433757747 1.90155276225 0 0 0 1
7.60768406559 4.92749768382 2.46604722782 0 0 0 1
-3.47712527413 -3.72124196955 8.02014857767 0 0 0 1
3.58521388284 -6.93570817003 9.40757245125 0 0 0 1
1.58865819833 8.70108618722 1.68218909252 0 0 0 1
2.51178564798 -6.73086208861 -3.34804355548 0 0 0 1
9.64642941207 -9.23491901662 -8.84712926927 0 0 0 1
1.59485088151 4.68818563757 3.55420469152 0 0 0 1
-2.34426543132 -0.0792564809324 -3.14739233022 0 0 0 1
1.03978317029 -0.240772536922 3.72616727752 0 0 0 1
-0.564967598661 -6.08027881691 -8.2744335896 0 0 0 1
-8.74786463137 2.76798992422 -3.21170053251 0 0 0 1
-9.93439798639 -3.08455477785 -9.89162106829 0 0 0 1
8.62295042686 -8.58847194164 -7.39021223089 0 0 0 1
7.17248103304 -3.27504606244 -3.99701470834 0 0 0 1
-0.039769121793 6.76753724684 6.32968819658 0 0 0 1
4.49643047762 -2.913437097 -6.16887620846 0 0 0 1
6.98067415556 5.46509393967 -8.52335202417 0 0 0 1
9.31879671501 4.41352230347 6.38627942619 0 0 0 1
6.99543075872 7.40201071944 -1.33719470845 0 0 0 1
-0.267663579787 -3.59825850857 0.35956664075 0 0 0 1
3.65655689749 0.649826571912 -0.230834056729 0 0 0 1
2.57883645948 4.13109454712 6.28292684137 0 0 0 1
-2.54305312055 2.28011717802 -1.86775000027 0 0 0 1
5.61420605483 8.07113646776 3.46478684815 0 0 0 1
-3.05786761041 4.67534192516 -9.83722909476 0 0 0 1
6.33464027918 4.88820443016 -8.63894478748 0 0 0 1
5.73501692175 -5.58493953487 -3.95697176131 0 0 0 1
0.0437044760118 6.61217744295 -2.22115228902 0 0 0 1
-4.74067982544 1.77973315794 4.91504873618 0 0 0 1
0.715425979671 -7.15399825055 -3.1330709483 0 0 0 1
4.43890147398 -1.78284617126 4.98722198074 0 0 0 1
3.11436324649 4.91722707149 9.39658035549 0 0 0 1
8.29380384891 -3.85422166481 -0.474470439365 0 0 0 1
0.327545058321 -8.17908292287 -8.13002345017 0 0 0 1
7.65759848621 9.19328526772 -1.32965786486 0 0 0 1
6.8546111221 9.67956971524 2.89964053677 0 0 0 1
-0.706638451686 -7.29467662795 1.92659959066 0 0 0 1
5.41970995065 3.44702797456 -0.328850373936 0 0 0 1
-1.86066147456 1.8204166864 9.04648522079 0 0 0 1
8.28337551598 -5.83625199535 2.08112168869 0 0 0 1
5.77637362702 -4.20633471672 -2.2893228674 0 0 0 1
0.855746840812 6.66330317291 -8.74940054507 0 0 0 1
-4.75669057498 5.07971357328 -8.21992143771 0 0 0 1
-8.43914109055 5.52103671258 9.66220471122 0 0 0 1
-8.19141006385 -7.02557532539 -2.12697942143 0 0 0 1
3.2669472857 6.41939696008 5.11094845043 0 0 0 1
-3.26452992399 -2.23886863067 -2.9012880766 0 0 0 1
-0.877178842085 5.46519730185 7.53576792433 0 0 0 1
0.975329102809 -8.4176303891 8.95451383534 0 0 0 1
-7.74171623685 1.09479686443 -9.48679583206 0 0 0 1
2.62835402917 1.70117054498 -6.1121574889 0 0 0 1
-4.86583150809 3.63108349816 -9.25536618407 0 0 0 1
-3.69906330203 -4.30550172219 2.50084913171 0 0 0 1
-6.24723917856 -7.12139964903 -3.4197499996 0 0 0 1
5.12827899179 -0.294715544794 4.90864671926 0 0 0 1
-1.79437758994 -1.80961804505 -5.14238576665 0 0 0 1
-2.59007175539 7.21836693577 5.88612422334 0 0 0 1
0.0868059856151 -6.07791140065 -5.76562954092 0 0 0 1
9.15000802434 -8.3823717226 -8.83338165281 0 0 0 1
-6.27409878391 -2.54747768292 8.86353203968 0 0 0 1
6.62694469379 9.17095371477 -4.26820542471 0 0 0 1
1.14503763154 -4.39161571804 5.33026845225 0 0 0 1
2.33300769121 7.27490313681 9.71611340191 0 0 0 1
7.56718856026 -0.553822054863 4.98373813058 0 0 0 1
0.16974583167 6.63468870445 -8.19617575959 0 0 0 1
-3.56838411429 1.93649587861 8.36986493307 0 0 0 1
-3.5966247765 0.347856832995 5.00391655576 0 0 0 1
-0.0271991223985 -0.123503199096 -5.20397881 0 0 0 1
-3.1999584118 0.323642602634 -7.29506575569 0 0 0 1
3.3281716678 3.5404211765 5.58424564729 0 0 0 1
7.88456943353 3.82848971556 5.14600288079 0 0 0 1
-3.99908768232 3.24402807598 -9.7897096459 0 0 0 1
-8.37385631558 6.35091210365 -8.3267199306 0 0 0 1
5.33948877198 -2.72312507534 -3.31582838244 0 0 0 1
-8.69161586145 -7.07109480483 4.24010195668 0 0 0 1
6.02226314062 -9.13870456852 9.05712180024 0 0 0 1
-9.58312457368 -3.39371196405 9.02252814478 0 0 0 1
8.86319940683 8.35260392435 4.50317374045 0 0 0 1
-4.58841919106 4.5365363608 1.00160537464 0 0 0 1
0.304007159126 5.58005368518 -9.97273710232 0 0 0 1
9.05694403429 8.86746686205 -2.90424576594 0 0 0 1
8.46387264058 0.0944940953669 4.19233885506 0 0 0 1
-7.34335653541 5.21040150789 4.38001769465 0 0 0 1
7.34914487157 -4.82945709077 9.44688237568 0 0 0 1
8.28742986851 9.2355933772 8.96947962418 0 0 0 1
6.30632121357 8.89516651902 -0.0135227774035 0 0 0 1
-7.23235019519 -0.903474418994 0.395938178794 0 0 0 1
2.96210013797 3.27381849403 0.997019423769 0 0 0 1
5.57931993727 -6.21522089575 1.52908385093 0 0 0 1
6.74647616408 3.00210900494 6.97213288859 0 0 0 1
6.58078188157 6.99319912627 5.58716255613 0 0 0 1
-9.89928153739 9.60651782389 -6.78626160063 0 0 0 1
-8.08582686349 -0.562107290696 -4.46204763011 0 0 0 1
1.68987266733 -4.42419687448 2.80704139538 0 0 0 1
7.45932597337 3.63831365461 6.16480756507 0 0 0 1
-4.80237035186 -6.45647395715 -0.531613001267 0 0 0 1
6.86553892102 -4.47386108936 5.92425058478 0 0 0 1
6.35654721935 6.79586375248 -9.93658463077 0 0 0 1
-3.93471803003 -7.65095343212 -6.79607745694 0 0 0 1
-1.53151161364 7.07982965594 -7.51615090111 0 0 0 1
0.679124885138 8.94920457876 2.48895774416 0 0 0 1
8.28375803837 9.53893574549 -5.95733149594 0 0 0 1
8.04597629988 -3.9214617235 -7.0429316276 0 0 0 1
5.67537254797 -6.93338800557 1.65034518189 0 0 0 1
3.61469587878 -0.516535176985 2.35660390621 0 0 0 1
-6.29137774562 -6.51510163281 -1.98596818625 0 0 0 1
-7.82873120639 0.677349564312 1.96789763803 0 0 0 1
0.0420758356197 -5.06629936051 7.44630710635 0 0 0 1
0.827594920285 6.3909355729 7.77657754462 0 0 0 1
-6.6933269363 5.14297368354 -8.82373796819 0 0 0 1
7.13122411501 -2.94074596851 1.48584504992 0 0 0 1
-1.67976391303 4.05448312596 5.47918357877 0 0 0 1
-9.17214652818 4.54329693635 -6.18891353846 0 0 0 1
-4.31982031777 -3.33450232143 1.96479215186 0 0 0 1
8.30923020261 7.9840104151 4.63408524192 0 0 0 1
5.55598783056 2.17192554769 -5.26110054527 0 0 0 1
-3.83913275562 8.15329129998 -3.97406479369 0 0 0 1
-8.13423101196 3.57748399772 6.64776924261 0 0 0 1
-9.1158449826 4.37298923141 -1.28156137443 0 0 0 1
-5.88059228284 1.00851181221 0.816033942109 0 0 0 1
1.5960968779 -5.04498057453 6.96725935998 0 0 0 1
-1.82084164794 8.52773895539 0.976368465537 0 0 0 1
4.76477641217 -8.31393153921 5.40966039655 0 0 0 1
2.98558984186 0.486981141558 -9.0832383726 0 0 0 1
-9.01876627935 -5.55252221776 4.67474995615 0 0 0 1
1.96299557853 1.71877951176 -8.94862435824 0 0 0 1
-7.41146733568 -1.98992075584 -1.75343234478 0 0 0 1
6.99666329888 -3.37989529098 -3.73793408945 0 0 0 1
6.55097167591 -6.60344593478 2.47046383473 0 0 0 1
-3.9220703774 -6.83454521933 -9.3931673668 0 0 0 1
7.88310039046 1.49895898024 7.06747615066 0 0 0 1
-1.21852596205 -7.01800587327 6.21130384545 0 0 0 1
-2.04845389419 2.14107521406 -1.92142685532 0 0 0 1
1.33806958873 8.61785399328 7.48726859102 0 0 0 1
9.53585637083 0.461775954339 8.66802362588 0 0 0 1
1.07435995679 1.00251908001 -3.38444958483 0 0 0 1
-6.54855304131 -1.90763182485 -6.93997332187 0 0 0 1
3.71327277863 -0.00613113699673 0.707855470465 0 0 0 1
6.81327089093 -6.85825730951 -4.12799160031 0 0 0 1
-5.79309283136 -8.51721319912 -6.54123498604 0 0 0 1
7.62003859786 5.44426982952 0.85421259962 0 0 0 1
-6.19198588963 -2.73370205145 2.91722631572 0 0 0 1
3.82555357463 -7.22320599517 0.865691645243 0 0 0 1
-1.75317585039 8.72954672862 7.55681146518 0 0 0 1
-4.09729929776 6.93928932367 0.167052310287 0 0 0 1
-6.66753599924 -6.57694385839 2.34338350606 0 0 0 1
-6.72449916425 -5.75519373198 4.29372743317 0 0 0 1
-2.46736768758 -0.812024152014 5.82182346368 0 0 0 1
-8.25524156973 -4.47105580778 -3.76704569372 0 0 0 1
-2.44300273996 8.8418342896 -7.40245630766 0 0 0 1
1.39153969389 -1.99314757064 5.2171043654 0 0 0 1
-9.60469805606 0.767735722792 -9.15384926328 0 0 0 1
-6.2232048245 -1.4445946232 -8.64700008038 0 0 0 1
-5.1909003498 6.17234016454 1.19129088213 0 0 0 1
7.08346559766 7.50855982376 -7.33434329294 0 0 0 1
-2.45734771489 -0.366780869387 5.30301228002 0 0 0 1
-6.37811674625 4.67448555324 1.96167005043 0 0 0 1
-8.5338438663 9.54312329424 -9.1839807104 0 0 0 1
9.65729800631 2.51163028063 -6.67520460787 0 0 0 1
7.64696317665 -8.68162299779 -6.77660499499 0 0 0 1
2.95194253119 5.77754928421 -5.39354992801 0 0 0 1
5.72748502679 2.79788500898 -4.85916357353 0 0 0 1
-9.00038493635 7.0839772146 9.55592124773 0 0 0 1
-9.21740911422 -2.31511198382 6.55331214158 0 0 0 1
-6.45467140249 8.55042676382 -0.810867757327 0 0 0 1
-2.05367096568 1.29803883111 -7.60896846227 0 0 0 1
7.15763187688 -6.74678058385 -9.00471357455 0 0 0 1
-0.718923474844 -1.05803019051 7.09439117257 0 0 0 1
1.16827445349 -5.85129692624 -3.26424984071 0 0 0 1
-9.0967273004 -2.66388834216 6.07037706919 0 0 0 1
0.521350765978 -6.8497805814 5.66511717561 0 0 0 1
-6.74869175311 -3.23928428581 0.794719093404 0 0 0 1
-2.87012237606 4.89044389426 -9.80031751072 0 0 0 1
-7.67585489519 1.60976853273 2.15132171248 0 0 0 1
5.99211413308 8.11650096236 8.96087942027 0 0 0 1
7.1827358444 -1.43669328756 2.54269037741 0 0 0 1
0.0782180771179 -4.70606010534 4.67550256844 0 0 0 1
-8.8858850856 5.74309554265 5.9858836059 0 0 0 1
7.94482971421 7.48565104529 -5.46557636644 0 0 0 1
-6.30952644725 -1.48857207592 -1.19717493043 0 0 0 1
-3.04255523938 0.522460062835 1.86645975997 0 0 0 1
6.95401667428 2.70933510158 1.2615944643 0 0 0 1
0.233621564525 2.86659337322 3.8338018058 0 0 0 1
6.43044604953 -4.37278459794 -1.59240414653 0 0 0 1
-0.546077461659 5.05068110906 6.72565951901 0 0 0 1
1.86528049786 2.1383192732 1.98341168468 0 0 0 1
1.4682019275 3.71590996495 -6.38614446306 0 0 0 1
5.13449813001 -4.84225000717 7.06040776469 0 0 0 1
-8.7459815395 9.45089195982 -3.21651637149 0 0 0 1
-7.83695854819 -6.70043285899 7.33902762089 0 0 0 1
2.30645385506 -6.73574669437 -3.9922622722 0 0 0 1
0.936535614907 -3.39408574802 1.1025855716 0 0 0 1
9.25623031705 -6.06550885992 3.59278503955 0 0 0 1
-6.23690367702 5.05981706204 -7.21086064849 0 0 0 1
-7.45980325382 -7.09763599428 -7.93492018866 0 0 0 1
-7.95262031423 -3.08702003146 -4.63856623454 0 0 0 1
6.12889885649 -2.03775459706 7.82058872286 0 0 0 1
4.41771336937 -5.36439260269 -8.89306539333 0 0 0 1
-1.90441733847 -3.71990547525 9.73388918012 0 0 0 1
-0.548492884538 -9.61862688374 -4.75153462579 0 0 0 1
-3.19036722094 1.32519595209 4.47814687081 0 0 0 1
-7.97841373037 8.14472777924 7.55799397221 0 0 0 1
4.16628302079 0.579755917404 -9.13590789606 0 0 0 1
-1.7817930193 -6.83642315682 4.42968425771 0 0 0 1
-2.26556157693 -0.167725995287 9.73756518526 0 0 0 1
9.80939996588 4.30285635193 -7.40256989401 0 0 0 1
7.34719635056 -3.97104617221 2.51100220496 0 0 0 1
-4.1266618319 9.57964356776 -0.428173898838 0 0 0 1
8.88272989305 0.909037379215 0.570054314609 0 0 0 1
-7.63183818723 7.7148737015 -4.52654055834 0 0 0 1
2.2141968952 -2.66702915707 7.06424046318 0 0 0 1
-8.93778567824 4.032127369 6.18455762928 0 0 0 1
4.63109243562 -7.58977838053 -4.65105304481 0 0 0 1
4.79011797047 -3.43119412667 -2.50956748352 0 0 0 1
2.42943994792 6.34728518362 7.01682537797 0 0 0 1
6.2111386407 5.29479931742 8.78199692719 0 0 0 1
7.15677884521 -0.038780848013 -3.02269412055 0 0 0 1
1.49406188735 -5.19674070851 0.199584857626 0 0 0 1
-5.3519668829 -7.63831401084 -9.80743458344 0 0 0 1
8.42940648913 -0.0145741475135 2.55669022086 0 0 0 1
2.51297973842 -0.918645916236 6.02712376162 0 0 0 1
4.16910440465 -7.721183264 -4.47794014567 0 0 0 1
-3.41769789111 9.11149779451 9.00463131329 0 0 0 1
6.15995666305 -8.73629752847 -1.66316755537 0 0 0 1
-2.97461058113 9.17423752439 7.37427596839 0 0 0 1
-0.0993511498321 8.86207141051 6.69306635789 0 0 0 1
4.81986887593 -3.38655668836 1.36844426359 0 0 0 1
-7.20600174129 7.64052040692 2.85769033934 0 0 0 1
-3.21744613309 -8.66028519411 7.44838166237 0 0 0 1
-8.72790685723 -6.67701223367 -6.13833653335 0 0 0 1
-9.16194381608 5.3115073744 2.41494841747 0 0 0 1
-4.74981893768 1.69178282693 5.70158284891 0 0 0 1
-6.0428192242 -2.36642089253 8.65662555726 0 0 0 1
6.30125540266 9.56030976536 9.50201098029 0 0 0 1
6.74297111239 9.71939439947 4.12852371366 0 0 0 1
-8.47963330079 -0.436878443072 2.22352829462 0 0 0 1
-2.97044435821 -6.21102442592 -4.66287196578 0 0 0 1
-9.06943607745 3.35640775895 -3.61146026106 0 0 0 1
-4.26513206251 3.0194096193 -1.91782175882 0 0 0 1
-4.36971406973 8.14084607873 -5.57516496106 0 0 0 1
5.42825965816 8.7436251846 -8.49149677971 0 0 0 1
-8.02709065129 7.17525744608 5.06352648626 0 0 0 1
-2.22425990084 5.24909902211 4.94514446223 0 0 0 1
2.5199129398 -0.578475075568 -0.764520879068 0 0 0 1
-5.88636659955 5.8845463829 5.67585299668 0 0 0 1
0.772395153601 -1.67128206201 -7.64487388102 0 0 0 1
8.87975437821 -2.23397989518 1.28984808658 0 0 0 1
2.20330128563 8.90734759008 -8.5052356515 0 0 0 1
9.11441225785 9.29619625687 6.79736452548 0 0 0 1
-0.556976729417 -7.17134128769 9.75176918043 0 0 0 1
-7.49865126264 3.08106527802 9.90042854767 0 0 0 1
7.96744991932 0.493805036278 7.02673232229 0 0 0 1
5.06864550956 -7.99507914264 -2.33787945185 0 0 0 1
-0.967329189606 0.176700077914 -9.89529075114 0 0 0 1
7.52410864922 -1.15410742263 7.89807919901 0 0 0 1
-5.57469726372 3.58088957925 3.72004946283 0 0 0 1
4.51226088461 -7.00902496812 4.83688741236 0 0 0 1
-1.95259395358 -3.71144098677 5.01032618327 0 0 0 1
0.984550071762 -3.48341823745 -6.4628088517 0 0 0 1
-2.64830641455 0.606187288749 -9.79530378453 0 0 0 1
-6.95219189307 -0.247512241762 4.94855124183 0 0 0 1
-4.42905703099 -2.9163319181 -0.437382175451 0 0 0 1
-4.68704531377 5.6493789096 -0.0857921190844 0 0 0 1
9.81768980049 7.94990984397 -9.78358523622 0 0 0 1
1.53869690452 2.35881151396 1.35391364843 0 0 0 1
-6.27985631116 8.78742117657 3.32631722433 0 0 0 1
0.079725348488 6.97933465868 4.73265650427 0 0 0 1
-2.60711922638 -5.11084526435 6.88976943313 0 0 0 1
-5.18556880285 -4.47439010042 9.1479066177 0 0 0 1
-7.92939495189 3.96370383765 1.08050371652 0 0 0 1
8.84853507077 -7.25571521464 1.42176386417 0 0 0 1
6.2274690976 4.01480739093 5.32293588077 0 0 0 1
1.62549976011 4.60155086308 -2.09741561112 0 0 0 1
-9.59664320677 -9.71060988611 2.60904928908 0 0 0 1
6.0904405742 5.89752188087 -2.18507229003 0 0 0 1
2.0608983206 -0.600003475831 4.76379281584 0 0 0 1
-6.80353948612 4.11457173266 3.48408728814 0 0 0 1
-3.63121592875 4.6216985529 1.74044464315 0 0 0 1
6.28192390011 -6.28742819852 3.54738793515 0 0 0 1
0.353958317317 -6.53251540901 0.509052527504 0 0 0 1
-6.31320578297 -1.91339041783 0.346707164642 0 0 0 1
-1.589947728 8.7584179769 -2.70595560984 0 0 0 1
-0.207210078072 5.24765982711 -2.49866276735 0 0 0 1
3.42473962407 8.19078274607 -7.41346370588 0 0 0 1
7.20347634295 3.99271096524 3.01212159783 0 0 0 1
2.87624101741 2.67063430961 -5.27448233547 0 0 0 1
1.13470144114 -8.66041600963 8.33282929174 0 0 0 1
-0.0979378939138 7.89651131064 2.61666648473 0 0 0 1
9.71991920923 8.96006013626 1.11901154372 0 0 0 1
-9.56547484273 0.641318575904 5.21877643233 0 0 0 1
4.15864133893 -9.93166208225 6.07096677108 0 0 0 1
5.03780687408 -6.0872678558 -4.65168582966 0 0 0 1
5.3110852817 -3.21746135852 -2.19212570971 0 0 0 1
-6.37765518769 4.74905463378 -6.94962558277 0 0 0 1
3.89720370449 -3.99853014261 7.1785918176 0 0 0 1
5.91149238499 -1.10628488723 -5.83497905204 0 0 0 1
1.64999058267 3.49937201593 -1.6282177014 0 0 0 1
-7.34595471212 -8.26847838461 -7.96020346599 0 0 0 1
6.83743843597 -0.838518644305 -3.61188161417 0 0 0 1
-9.63681424025 -2.0637384305 1.65825768713 0 0 0 1
-2.90408488306 7.63585740559 9.29919024667 0 0 0 1
-7.35260897118 -1.16452903284 -0.266400848468 0 0 0 1
6.01582715081 -4.91906387796 5.15051383472 0 0 0 1
-9.92191582727 -7.95863292647 3.65832589365 0 0 0 1
4.06763754765 5.64804383198 4.67129136943 0 0 0 1
-0.888028356805 -6.34333235557 4.27134033292 0 0 0 1
3.70432250086 5.92179082265 -5.09200317255 0 0 0 1
3.68365920842 -6.30694568932 -3.58352347834 0 0 0 1
-1.29853132952 -2.74693067063 5.52680898799 0 0 0 1
-4.37027134698 -5.32528928028 -4.94705340629 0 0 0 1
-9.02190756857 9.67732169816 5.56071489122 0 0 0 1
-5.72573417907 -9.23796847922 5.86940706615 0 0 0 1
-7.11270165795 -3.27263284433 -6.2327542721 0 0 0 1
-2.441133105 -4.31860586768 -4.49096823997 0 0 0 1
8.59838629238 6.52252405087 0.940859814304 0 0 0 1
-4.82584471357 1.51355026101 -7.67255048013 0 0 0 1
-4.23324897152 1.07883837416 -1.68094317424 0 0 0 1
3.59294617215 7.76286649465 4.84394413916 0 0 0 1
3.96516058324 -9.37847337124 3.96478361706 0 0 0 1
3.25975121652 7.85381062294 2.05290968702 0 0 0 1
-5.96967698749 -1.36365903541 -3.70136671059 0 0 0 1
-4.76407998989 6.95845673542 6.42374525396 0 0 0 1
9.0293314729 6.87992886307 5.04743474491 0 0 0 1
7.07763540837 8.81193112584 -0.639630047161 0 0 0 1
4.1016243013 -3.16021291868 2.387973425 0 0 0 1
2.60931186518 5.91692875192 -7.60539884541 0 0 0 1
0.672371509816 -6.19134729654 -7.02533049134 0 0 0 1
-0.542070993329 7.8436639368 -7.0465689939 0 0 0 1
5.21982909101 0.614534544017 -6.9303846864 0 0 0 1
-4.23113379252 3.63691351079 -1.17046991305 0 0 0 1
3.22058839891 1.32466727726 -8.7950643807 0 0 0 1
3.41990631571 -2.85442569864 7.17887496914 0 0 0 1
-9.17447772879 0.494529921308 6.66237576232 0 0 0 1
5.418052378 1.88567971862 4.67360681483 0 0 0 1
4.22666424727 4.34975137334 -6.17482063124 0 0 0 1
1.0899357241 -4.01353853002 -5.3258915497 0 0 0 1
1.33619953558 -7.38636240189 -0.0946237259935 0 0 0 1
6.1656000925 -4.69506277345 -9.85063095975 0 0 0 1
-1.00813624704 -5.99052447819 -9.34744049489 0 0 0 1
-8.69833988947 -0.651570827296 9.73733973002 0 0 0 1
-2.94395800752 -6.08428812545 -0.0475733021269 0 0 0 1
6.10271672589 -5.37215297316 -9.60507611692 0 0 0 1
-5.16566230266 -5.47407039052 4.37597464836 0 0 0 1
1.89358803368 2.82651769016 -2.03250686667 0 0 0 1
-0.117979543095 8.98815703039 -7.43297289123 0 0 0 1
-8.65024807405 3.07967645114 -4.4723034865 0 0 0 1
2.54491584387 1.04154908718 -8.13916391541 0 0 0 1
-7.41443406284 2.13085941931 -9.11818622233 0 0 0 1
-9.06868192981 6.49676561278 8.09974407059 0 0 0 1
-5.43684627083 1.38662936303 1.59226150734 0 0 0 1
-8.47122923019 -3.60630122284 -8.076586628 0 0 0 1
-0.950623726559 1.63998511363 1.84262014187 0 0 0 1
-3.78230070518 -1.29620471659 -1.24295677745 0 0 0 1
-5.90882068707 -3.03234258975 0.838484071195 0 0 0 1
0.914073993297 4.74684371927 8.3895194536 0 0 0 1
5.84552808115 0.793772139198 -7.62170493431 0 0 0 1
-5.31893440402 -1.70974290963 -8.77238316966 0 0 0 1
3.04490224582 -3.41044638222 -3.16065944311 0 0 0 1
3.80396405385 -3.08875831252 -0.547694881665 0 0 0 1
1.41031682014 -6.51166391111 -8.13945107944 0 0 0 1
-6.14300868905 -1.87315273148 -9.53092236501 0 0 0 1
-8.98509797833 -6.88250539041 0.295782222605 0 0 0 1
-0.445297343712 9.7541353602 3.35953395883 0 0 0 1
-3.67561293012 3.78572737221 1.57841739363 0 0 0 1
-3.41824598626 3.90088957324 8.47390101752 0 0 0 1
-1.40429336805 6.00807503103 0.190398084521 0 0 0 1
-3.56964260903 -7.66886307571 1.14011373904 0 0 0 1
4.97936171695 0.530759450171 9.52449085439 0 0 0 1
1.4977485256 7.71476272371 -4.68421912429 0 0 0 1
2.75596809633 -1.42891969666 2.98415813569 0 0 0 1
2.43349175282 7.03009332101 -0.495780186585 0 0 0 1
-1.96406708503 -2.86336655572 -7.4825696095 0 0 0 1
6.93419725513 9.01242718442 3.00011451861 0 0 0 1
-8.66616101141 4.88467802598 -9.57192762228 0 0 0 1
2.75108558922 5.90283424139 -5.90901293549 0 0 0 1
1.71072832182 -2.30867327449 -4.11199171065 0 0 0 1
-7.60398696125 -0.202246055263 9.73743262421 0 0 0 1
-0.863517450293 7.54779863041 -6.32183056389 0 0 0 1
-7.41572872409 -9.54613021073 4.5731816017 0 0 0 1
5.94025405165 -3.27122770211 -4.0821551422 0 0 0 1
2.17852574768 5.6391557796 -3.70527951792 0 0 0 1
-0.433168300011 -6.29568759079 -0.309224730096 0 0 0 1
3.02202909493 7.85165445086 1.15743808716 0 0 0 1
-2.37088590047 -0.329771372228 -3.01913169955 0 0 0 1
-2.11493703813 -2.0507928725 5.41538871937 0 0 0 1
-5.01055996672 0.138808997308 -3.52182840042 0 0 0 1
6.48333445279 9.64827342726 -2.26657085962 0 0 0 1
0.676972326996 -5.53977634775 4.03032446509 0 0 0 1
-7.38409570729 3.50893036609 -3.35674245466 0 0 0 1
2.44582858939 0.962623854169 -5.32278328323 0 0 0 1
-4.59009513849 -2.55929210871 -4.32849420882 0 0 0 1
9.21482181594 -7.10895529931 4.02280121973 0 0 0 1
8.55816557349 -6.02362487725 -6.81890932105 0 0 0 1
1.71824987037 3.53715353644 -8.12437246075 0 0 0 1
6.90421821138 -8.68394867305 6.31552835113 0 0 0 1
6.25615757726 0.947337087189 0.40016588716 0 0 0 1
9.96729877772 -9.08043988513 -4.28177468985 0 0 0 1
1.2681586907 3.43354693888 -9.35404423209 0 0 0 1
2.70627423068 -9.48205303626 8.5656151613 0 0 0 1
0.291741690439 -0.803943107606 5.15772466464 0 0 0 1
-8.86483558865 -4.56158898702 8.82065734607 0 0 0 1
-8.26089066532 -2.56953149278 6.0027658634 0 0 0 1
2.46937995222 -8.9974891554 -5.27810501948 0 0 0 1
9.55557155517 -6.09633494475 0.605003712135 0 0 0 1
-4.50246195549 -6.98336472667 3.54158812841 0 0 0 1
1.91733509472 1.10787170827 -6.19085134976 0 0 0 1
-7.07126983119 5.04440060716 -8.843870367 0 0 0 1
-8.49246995933 1.62812682573 -4.67330357773 0 0 0 1
2.11272751836 7.92330305543 6.61711993164 0 0 0 1
3.48425103113 -1.23251688312 7.43485437409 0 0 0 1
1.32260976138 8.27644805028 -3.55280299127 0 0 0 1
6.07968121855 6.87638471964 4.05405990192 0 0 0 1
3.00135158833 -2.46160295632 2.98744211833 0 0 0 1
-1.90498886142 7.29973089975 -1.9559583784 0 0 0 1
-8.73892606615 -3.15346699587 -7.79687815225 0 0 0 1
1.83419789413 7.30702509331 -3.73326502346 0 0 0 1
-3.53987300953 7.68060928412 3.0659874321 0 0 0 1
-0.463880721995 3.3498914846 -0.477827399323 0 0 0 1
-0.52844809586 -6.41699294206 4.53478827148 0 0 0 1
5.95921286149 3.88541695066 7.32918772241 0 0 0 1
-4.60363889042 -2.18955902891 -3.23472967809 0 0 0 1
6.34804038071 0.290603311068 6.41119211133 0 0 0 1
0.479034210479 0.0352296268435 1.72772945783 0 0 0 1
-6.15767993854 0.141708947153 8.66812162352 0 0 0 1
-4.25386606115 0.100863454991 4.88613645576 0 0 0 1
7.53195214247 -1.06258204634 -5.17882584734 0 0 0 1
2.48049941603 -9.40517296026 9.47878824073 0 0 0 1
-9.43811981173 2.91962737921 6.73421104244 0 0 0 1
6.64674208986 -0.734519987132 8.40946400745 0 0 0 1
-5.17709361577 6.42004378356 1.41939249962 0 0 0 1
-0.153205209288 3.410166843 4.53652390856 0 0 0 1
-2.20411353569 6.27627454136 6.06867406476 0 0 0 1
-5.46380358609 8.72555464313 0.827558402387 0 0 0 1
7.15316399943 1.42001456481 6.36971029724 0 0 0 1
-2.71390553229 -6.1027715357 2.9299463281 0 0 0 1
-5.41409187426 5.13776805879 3.41200254749 0 0 0 1
-2.0294027854 -0.769193317555 -4.59703987471 0 0 0 1
7.86569153098 -9.82827267534 1.6658978927 0 0 0 1
-6.73784158434 3.86464293552 -5.22274105595 0 0 0 1
8.33955972452 6.96343219728 -2.13404748861 0 0 0 1
2.92395301916 -7.54769805203 -1.63467320832 0 0 0 1
3.9357486593 -3.52367070205 -1.9868923356 0 0 0 1
-9.97278011129 -0.978216136726 9.11543313902 0 0 0 1
-7.47384416935 -6.0720269401 2.60210796176 0 0 0 1
-3.50653616007 -4.90943408618 7.20746087211 0 0 0 1
6.24943566413 4.44373892997 0.938210291594 0 0 0 1
-5.44770259391 9.10090726537 1.30698768181 0 0 0 1
3.73484584221 -8.46342923292 7.61509366109 0 0 0 1
-0.940231177314 -7.36056105733 -9.88903017868 0 0 0 1
6.87198746914 -7.49292774353 -1.8037075478 0 0 0 1
8.67370114568 9.40014769417 0.093109468181 0 0 0 1
0.794635815291 7.7866765868 1.78092991694 0 0 0 1
-2.20837472994 6.34953631302 -1.16984711929 0 0 0 1
-7.85739371388 0.702571433208 -2.71166810957 0 0 0 1
-5.7649711006 8.87216757808 -9.42186904709 0 0 0 1
1.08976000132 -8.39152259651 2.06265334098 0 0 0 1
-6.15255331882 -4.92329859835 -7.81885479203 0 0 0 1
5.33405483021 -5.79678840565 9.86428011077 0 0 0 1
-5.24699038333 6.35806332342 9.64794695872 0 0 0 1
-9.18348952225 -8.2153333771 7.84886170525 0 0 0 1
-6.7453924113 2.70736716058 2.69966154407 0 0 0 1
-8.12987628965 -0.524756440916 8.38765181691 0 0 0 1
-1.59034691779 0.482897190224 -8.29682318626 0 0 0 1
-0.163017497408 3.88177617799 -9.8533116447 0 0 0 1
4.02003024898 -6.22232049007 8.9773902264 0 0 0 1
7.32625754909 -0.4914461404 7.97819634773 0 0 0 1
-9.21649543916 -3.05893654915 -4.1692452125 0 0 0 1
9.27616670641 -9.73819278141 0.204356598226 0 0 0 1
-6.942201028 5.1273448974 6.25951452728 0 0 0 1
3.29005547283 9.25607247994 -0.25494408691 0 0 0 1
-1.56923544792 -0.162045708872 -1.11540143094 0 0 0 1
-5.08903562956 -3.84170016759 3.80060923977 0 0 0 1
-7.29669121979 -3.83666699694 2.17106769809 0 0 0 1
-8.27071414827 2.96685548869 4.70571605508 0 0 0 1
8.20652609019 -4.41697343834 2.02712643777 0 0 0 1
6.79028009 6.90165063077 -7.80267622705 0 0 0 1
8.04233947847 9.14796605102 5.93456544325 0 0 0 1
3.83037032893 -2.52554083816 -2.66859936429 0 0 0 1
2.35116846386 5.00697262642 3.02894600318 0 0 0 1
-2.04002130752 -5.65262887106 6.69222763061 0 0 0 1
6.02425464598 -2.38700684686 0.134002807484 0 0 0 1
5.3747068313 7.16386073005 8.76213326587 0 0 0 1
5.48337049403 7.47702380451 -4.3188250321 0 0 0 1
4.36022484963 -5.64781149412 3.9630836752 0 0 0 1
3.50455192565 7.04816007178 9.44115476369 0 0 0 1
-0.833570801502 0.974842966913 2.46490832488 0 0 0 1
8.11264787417 -0.978051834695 -6.24675448574 0 0 0 1
-8.59590648528 7.81806508262 7.95817473695 0 0 0 1
4.89155165124 -2.5314254583 6.5271532793 0 0 0 1
-0.826996214304 4.56893512019 -7.82623666771 0 0 0 1
-0.111512665104 -3.35738100717 3.14174602289 0 0 0 1
-2.59863967365 -2.28131531453 -7.93805896353 0 0 0 1
-5.57762907402 7.61827696417 0.00927382530252 0 0 0 1
1.08771992218 6.12483350716 7.27578791808 0 0 0 1
5.49822424915 -0.0264608550117 4.02326720303 0 0 0 1
-5.06212421927 4.79974344026 2.19565236892 0 0 0 1
4.25501835189 -4.52946427433 -7.68191923303 0 0 0 1
3.21927453418 -9.80787019332 -5.33514206955 0 0 0 1
-2.19186354653 1.61824914027 4.83792313317 0 0 0 1
-5.26793529298 7.78187655277 -5.25938062314 0 0 0 1
-8.26441822822 7.21180662996 -2.80761361237 0 0 0 1
-5.43818448545 -5.89630119184 9.79181763259 0 0 0 1
7.74091525518 2.15601621909 0.513014376708 0 0 0 1
9.95133016743 -5.21305724371 -9.00024856286 0 0 0 1
9.96473372368 -0.80362635859 6.09727883598 0 0 0 1
-2.64621601918 4.54357880593 -9.29176067864 0 0 0 1
-1.48080906384 9.57145377649 -0.497462545288 0 0 0 1
6.41257995789 4.28935813503 -6.86960208288 0 0 0 1
-1.78928931938 4.97868343624 -5.35177343985 0 0 0 1
0.904443839903 -0.750030848917 -1.80524484922 0 0 0 1
-3.35972416607 3.35974779575 8.2476786258 0 0 0 1
0.324900390763 1.99981203692 7.98225264033 0 0 0 1
-5.391349782 2.93799373512 9.54009967607 0 0 0 1
1.6794390188 7.91673092083 -5.75316030405 0 0 0 1
9.70586529359 2.68307488688 5.97480694372 0 0 0 1
9.92043616541 8.94882449661 2.28098164234 0 0 0 1
-5.67513871545 -1.30471456742 6.90252334772 0 0 0 1
-7.48462006726 -6.73297559068 9.55886192184 0 0 0 1
-0.312907571623 -6.44325980712 2.01976082569 0 0 0 1
-8.05710446757 6.00054336102 -6.90736699732 0 0 0 1
7.06485506079 9.17241977729 7.56718495058 0 0 0 1
-6.52773820053 9.41352370678 9.81696246829 0 0 0 1
-2.78427877652 -5.93653899541 8.68948234518 0 0 0 1
-7.10402553361 -6.10283436938 2.80006048396 0 0 0 1
-9.06925410776 -3.7570387012 0.799333596919 0 0 0 1
2.17817653938 -9.87950787108 -2.97936871888 0 0 0 1
0.131258009259 -1.95169596079 8.83922668297 0 0 0 1
5.37945224334 5.65532105422 -9.52513644714 0 0 0 1
-7.44085312776 4.64696093446 -2.06964834445 0 0 0 1
3.2635992645 9.28620777454 -5.78319303689 0 0 0 1
-4.87959363032 -6.57486760867 3.65899537568 0 0 0 1
-3.68784524964 -6.76410240653 -9.56356232144 0 0 0 1
-1.37767707726 -5.87866312501 -0.878418337191 0 0 0 1
-8.68536664853 -8.56133428178 -8.35766967291 0 0 0 1
-6.9118359429 -6.41568880206 -9.52297314431 0 0 0 1
9.86695826009 1.39369932216 -9.06161367663 0 0 0 1
8.87882600669 9.02216359137 6.51706542113 0 0 0 1
-3.79134328166 -3.30209510131 -4.48515383988 0 0 0 1
6.37224116994 6.57640221343 -2.92724951917 0 0 0 1
3.04615861554 1.08457216529 -5.3735755687 0 0 0 1
-1.87648331964 7.25247430192 -5.39287284528 0 0 0 1
4.80969329447 9.0723401411 -0.155599112316 0 0 0 1
9.29730625229 -3.44422514472 -6.20228221982 0 0 0 1
-3.90536588863 -8.64461742372 4.79905498949 0 0 0 1
9.66803032723 5.25420580951 1.8895104927 0 0 0 1
-4.28717302291 5.32132720207 -1.33859272331 0 0 0 1
-7.59581612503 -0.659350545082 -9.95883997728 0 0 0 1
-2.93553004933 -8.05649695002 -0.6981226799 0 0 0 1
6.84449082867 3.96102416967 1.55580354414 0 0 0 1
2.60799847817 8.17132998716 0.174666047587 0 0 0 1
7.20099083526 1.39468387012 7.46921553904 0 0 0 1
-7.22922766534 0.544558521386 8.08969091993 0 0 0 1
0.680378329256 -8.39455811253 -0.418910912562 0 0 0 1
4.77817857288 0.0826383610231 -5.50660665592 0 0 0 1
1.7401474957 -9.58035797284 7.02491934561 0 0 0 1
-2.56937424492 -6.31949241187 4.84351757619 0 0 0 1
-9.96826839208 9.14277532752 -1.47759390178 0 0 0 1
-8.43186194138 9.21970286288 3.88346754042 0 0 0 1
-6.44673604193 1.28224879717 0.714835647568 0 0 0 1
-4.75628014845 8.59526711979 3.88867756693 0 0 0 1
0.259370874117 1.56539534681 -2.27416155144 0 0 0 1
-4.8492487974 -5.40370010764 -9.90684345155 0 0 0 1
8.07757503282 7.0401909143 -9.72147271116 0 0 0 1
-4.90976430993 8.70460796385 1.53235440147 0 0 0 1
6.83618128652 8.51467892454 3.29173945191 0 0 0 1
-4.13710581101 -1.92997624288 -6.60378894094 0 0 0 1
-7.11537231313 6.49658424796 6.33873593276 0 0 0 1
3.51712869713 9.07809562928 -3.11231857592 0 0 0 1
0.070460706747 -4.70346228752 -6.96926085576 0 0 0 1
4.08181200721 -5.49593997756 3.01486656322 0 0 0 1
-9.03326552738 -9.23765677247 -3.81056471132 0 0 0 1
7.63805308492 1.12782255067 9.63983464869 0 0 0 1
-5.43104417305 -7.55927900152 -8.54428298544 0 0 0 1
9.94833666762 -1.16885558789 -6.62275542002 0 0 0 1
-2.85076990914 -9.21025900575 5.22908933467 0 0 0 1
5.49174044013 9.75455117452 -0.579854560949 0 0 0 1
-6.64613224481 -4.7087325095 -7.78774903136 0 0 0 1
6.42788984365 -5.49795064063 4.0265364141 0 0 0 1
9.88824089415 -5.74807348647 -8.91638222464 0 0 0 1
8.0069254209 6.49548058575 3.10501554061 0 0 0 1
2.3709107414 -9.80390823106 -0.486412684415 0 0 0 1
-2.67115181458 -1.40577283962 -6.15732859597 0 0 0 1
3.07154644859 3.83471011293 -7.19054817774 0 0 0 1
-7.15864494998 -2.10088950283 8.15251981848 0 0 0 1
7.62004425483 -7.45935098218 2.70868995547 0 0 0 1
-7.35014032532 -9.27540885504 2.65241630591 0 0 0 1
-5.76589196716 4.52503797023 8.33332905404 0 0 0 1
-9.86554543074 -2.21214236257 -6.93179215437 0 0 0 1
-4.32820156489 5.98487826246 -3.48347604937 0 0 0 1
3.14873429644 -5.44161695177 -0.995976128394 0 0 0 1
-7.88322910494 5.99938487669 6.48700862108 0 0 0 1
7.12986612554 8.29293492532 8.45493076349 0 0 0 1
6.94575324014 -0.236285497552 -3.30288308445 0 0 0 1
6.99551503203 -2.71707916799 4.35157974392 0 0 0 1
-7.0985544379 6.44810127328 3.21975190095 0 0 0 1
-8.72487904186 -8.74777298687 8.3761665696 0 0 0 1
-8.70375182086 -2.43875443604 -5.07576179791 0 0 0 1
3.55656252487 1.04507584308 4.47242532333 0 0 0 1
9.45284226906 5.46574548959 -6.11019888354 0 0 0 1
-9.72393264351 -3.01479779292 -5.51747116133 0 0 0 1
-5.75189742546 -8.57810251919 -0.898020842467 0 0 0 1
1.37335303263 -2.89138537207 9.06057236434 0 0 0 1
-0.390241394092 -6.11120302178 -6.9701624682 0 0 0 1
-2.72351464687 3.01880889005 1.37608632729 0 0 0 1
-5.28411078142 -0.476232933836 -8.59240992172 0 0 0 1
7.74739507137 9.70171953327 -3.29672015441 0 0 0 1
-5.98207456685 4.10971275722 -3.43192094813 0 0 0 1
-2.8251863495 0.0925948316164 -6.09778228032 0 0 0 1
-7.95305889448 -2.42065412488 -5.59547099958 0 0 0 1
5.34343557033 -9.42594386458 -9.14506345469 0 0 0 1
1.50525168446 -5.19203113882 -3.67973444631 0 0 0 1
9.89074494832 -0.16019654757 -4.18888870862 0 0 0 1
5.64981255492 9.0846912081 -7.3043177554 0 0 0 1
-8.67298704805 0.585445225487 -9.65105916838 0 0 0 1
5.02719193272 6.30891867975 -9.61899178859 0 0 0 1
8.69411737233 -9.65701973698 -2.09701274346 0 0 0 1
4.28569456004 9.30941147041 -5.41945075418 0 0 0 1
0.750101318217 -1.54826707916 0.670742654203 0 0 0 1
-7.33573271398 -2.40281438449 -1.66554973102 0 0 0 1
-4.6886824989 -5.6402876562 6.47707972724 0 0 0 1
2.08936225282 -8.91151571446 -2.57837832736 0 0 0 1
-0.215985877022 1.21384726179 -5.55993862525 0 0 0 1
2.27742604426 2.93576705634 -1.41595338073 0 0 0 1
7.09137648616 -1.28279953365 -2.71152066789 0 0 0 1
3.53174139357 -5.95841048504 2.87648166692 0 0 0 1
3.08242810567 5.56051312102 -0.827077120509 0 0 0 1
-3.8927645676 5.74900301221 -4.20714933554 0 0 0 1
-6.35833434862 1.11733710019 -2.26489558805 0 0 0 1
0.116024439122 -3.69006372428 -2.12775424078 0 0 0 1
-9.56354704648 0.540077561691 5.85392819191 0 0 0 1
-2.01283148956 -6.44485068653 -3.23071955415 0 0 0 1
8.30635837861 5.86847081034 -3.54627948751 0 0 0 1
-7.37730721943 2.37172531063 6.68769350791 0 0 0 1
1.42832262745 -3.62331283499 1.84159978791 0 0 0 1
8.13230528154 -3.76067316145 2.34711068602 0 0 0 1
-4.99215022739 -6.19379238731 0.689979351307 0 0 0 1
7.62750268656 -3.08759910164 8.35329210533 0 0 0 1
5.5369097873 -3.70093493007 -5.33248319643 0 0 0 1
7.6772593742 -0.266495007192 -4.44507601484 0 0 0 1
6.48062105621 1.84506168073 7.72159306702 0 0 0 1
-8.90204324499 3.12592499744 -2.46795030235 0 0 0 1
9.97011609733 7.59516849061 6.90614214941 0 0 0 1
-0.406184413732 -2.05489917834 -8.55836911747 0 0 0 1
-1.44233738151 -4.16341788651 -6.48482853534 0 0 0 1
2.80759577416 6.44073466625 -3.72418999023 0 0 0 1
-4.44971569496 2.66772381111 -3.61009696042 0 0 0 1
6.48565477127 8.42822596132 -3.16843897227 0 0 0 1
9.86346448181 4.74059772839 5.82456335673 0 0 0 1
9.24802497146 3.59988192733 7.32803894583 0 0 0 1
-6.01087327173 9.9050217489 4.76375286706 0 0 0 1
7.02211385243 -5.07606837244 6.13835544328 0 0 0 1
-1.82305053348 -0.821924967087 -2.03772940579 0 0 0 1
2.40279900704 4.77330812927 3.86152687157 0 0 0 1
6.20222370711 -3.98530121478 -9.39949612988 0 0 0 1
1.69568514792 -0.833253212159 -2.73427075902 0 0 0 1
-9.89088621485 7.55499904 5.4932977711 0 0 0 1
5.22148008104 6.0649049483 -4.02939772661 0 0 0 1
9.90074597149 8.37791230271 -9.31120250673 0 0 0 1
5.44868830989 6.03385006318 -7.99888031256 0 0 0 1
0.701133499125 -9.55685651819 -6.8155218034 0 0 0 1
6.51765596755 -2.1184564931 5.02707903398 0 0 0 1
0.570288339615 -7.62634418226 -7.71775095917 0 0 0 1
3.19891254545 1.14001855785 -3.13485220997 0 0 0 1
-2.23217869708 4.97902267687 -6.96328193653 0 0 0 1
-6.82989130577 -9.26354212363 -1.92540006334 0 0 0 1
5.91526653083 2.90118072599 -9.61051137748 0 0 0 1
-6.47476750573 -9.08469540901 5.74583863854 0 0 0 1
3.75514375963 -2.95407451567 -4.79582206816 0 0 0 1
-3.52839701943 6.02896587532 -7.92957282835 0 0 0 1
-4.32494387066 7.10182224547 -5.99308113718 0 0 0 1
2.56014134669 -9.21747719861 5.51213185291 0 0 0 1
-7.00186969493 9.22721870328 -6.8838285485 0 0 0 1
5.60396512814 -5.44190457187 9.90749877421 0 0 0 1
-4.53759550985 -7.30200516367 4.8625702511 0 0 0 1
0.470172264135 7.43497714215 3.49619602649 0 0 0 1
-4.19652147282 4.14061858128 -0.184539019476 0 0 0 1
-6.21250752636 -3.77975946343 -0.453164203415 0 0 0 1
-7.9217992977 9.45777594588 -4.54039595123 0 0 0 1
-8.6208583001 5.57318902878 7.12568996262 0 0 0 1
8.17940477479 0.0492472968561 7.96098141013 0 0 0 1
5.07871854059 7.14696848834 7.99534708161 0 0 0 1
9.76738637031 -2.38072705583 -9.37237486382 0 0 0 1
6.50275402387 -4.74649022034 0.308091157982 0 0 0 1
5.79979812487 6.24544920843 -9.40981103644 0 0 0 1
-8.10268038248 9.55680615531 6.49088839268 0 0 0 1
5.65056875091 9.29444502239 7.18511974316 0 0 0 1
-3.65927333649 -3.54541192366 -6.16225171812 0 0 0 1
-2.29261914807 -3.10840663423 0.625692078189 0 0 0 1
1.70777921536 3.82539698594 2.50395657214 0 0 0 1
7.8360471881 -6.43076080557 2.48621212127 0 0 0 1
-6.38381148441 -5.58331812469 -6.55333266389 0 0 0 1
-8.67089575191 2.15518763129 -2.34842137647 0 0 0 1
0.494796593867 -0.195381189411 -2.03811485466 0 0 0 1
-5.38196713191 0.367708167768 6.3300619423 0 0 0 1
-6.43829232351 8.73182582335 8.34387767541 0 0 0 1
8.06244585014 -3.13998093414 -0.312469644376 0 0 0 1
1.57119025942 -2.9236208862 -3.25121453628 0 0 0 1
-3.53740249044 4.66551543934 7.30809091948 0 0 0 1
-8.16434654002 -8.3988978878 2.80767787602 0 0 0 1
5.1670436365 -3.66780929678 -8.96195807281 0 0 0 1
-5.22574128547 -1.85995941271 9.15103755421 0 0 0 1
-2.40052932894 4.44195347058 -1.30901037346 0 0 0 1
9.72082899536 -5.00723611331 -4.53585643757 0 0 0 1
6.28937921935 0.374826042692 0.696295603784 0 0 0 1
6.80898038813 -4.00593582587 2.50154228603 0 0 0 1
3.92253736297 9.07801616625 9.4660380889 0 0 0 1
2.43953541806 -8.25794654259 6.96665433559 0 0 0 1
-4.79144788948 6.28317118002 2.3237658782 0 0 0 1
-1.41953915214 -4.57926906519 -9.70745600429 0 0 0 1
-8.62111182892 -1.41476325443 5.167179694 0 0 0 1
-1.80146848077 -2.78287489047 -8.62148418177 0 0 0 1
-3.191951442 2.03391390377 6.98366442663 0 0 0 1
-0.831502254597 3.86135648585 6.3882123711 0 0 0 1
4.18476066676 3.54760109015 -3.93975806199 0 0 0 1
-4.26672043467 0.966420298422 8.29595589128 0 0 0 1
2.25279189193 9.42528065435 -8.76541593444 0 0 0 1
-8.07348390026 2.68820958071 3.96602824127 0 0 0 1
0.88590379374 0.281286063624 7.39890676444 0 0 0 1
5.99271938659 -9.04557262565 -3.69256864335 0 0 0 1
9.89370865979 -5.65602566141 1.59345513171 0 0 0 1
4.44656852766 2.07168213165 1.5732775632 0 0 0 1
-0.581173568977 -0.00995771159161 0.446561792409 0 0 0 1
-7.17883447837 -0.0608881632647 5.95286564379 0 0 0 1
0.0774320383396 9.16883518559 3.75695642513 0 0 0 1
3.48679896145 7.2213542763 5.61985180309 0 0 0 1
0.289593613886 2.73044689127 9.42922851373 0 0 0 1
7.70123663178 5.16564328609 -2.86588893435 0 0 0 1
1.29243221732 -2.27194425248 -4.07027677145 0 0 0 1
3.73939975254 -4.32890151827 -4.72412854772 0 0 0 1
-9.09508086795 -6.09907574881 -0.470713552266 0 0 0 1
-2.13220857116 7.47565961842 -2.47619869635 0 0 0 1
4.02436194193 1.92355953216 3.37755588409 0 0 0 1
7.93544421369 -6.38537286345 -4.70433726827 0 0 0 1
5.66931843439 -9.49464064116 -1.10867328735 0 0 0 1
-7.30152779503 -8.38434717108 -5.24430289855 0 0 0 1
5.6324899954 -4.46164104662 -6.52786957983 0 0 0 1
-7.28608861028 5.86759210048 7.27797033126 0 0 0 1
0.897078377184 5.76517409186 2.26686459176 0 0 0 1
1.41012038288 -1.32637865887 4.0384470226 0 0 0 1
7.97669108991 -1.8558572288 6.54865109586 0 0 0 1
5.12076250603 5.7731373884 8.16801342837 0 0 0 1
-5.28989043199 -7.90905254538 8.22787425691 0 0 0 1
8.67336481196 9.57444292374 2.48496914477 0 0 0 1
-5.64139309665 6.84001415938 1.82119986846 0 0 0 1
-0.614797858261 -5.65939915943 8.91723213159 0 0 0 1
-1.00776500811 5.38060548424 -7.75779174585 0 0 0 1
-1.76337541887 5.51723190291 5.22350260338 0 0 0 1
-5.51333517359 8.9151983022 3.06576466644 0 0 0 1
5.73563566213 -6.87076362868 8.84146974404 0 0 0 1
-2.7188553151 8.96772153373 -2.38167859532 0 0 0 1
5.90863579877 9.6197020399 -5.08691021505 0 0 0 1
-6.97759206774 3.75903885221 -1.20825155544 0 0 0 1
-2.5321878458 8.82672973004 2.22856812576 0 0 0 1
-9.2423568578 7.58092577906 -5.66039379224 0 0 0 1
9.38926340681 2.15997604414 3.52070981112 0 0 0 1
-6.54473326749 -9.32979614387 1.86649036377 0 0 0 1
-2.97753836113 6.41840848075 -6.5300195009 0 0 0 1
0.106712101622 2.65251568942 -3.11686265975 0 0 0 1
6.64564019132 4.08731426588 0.0683693292236 0 0 0 1
8.1595035335 6.83059408583 -2.95735157787 0 0 0 1
2.76875941049 -9.07035079303 2.77913937872 0 0 0 1
8.45802345085 -2.14240860154 9.54712314053 0 0 0 1
6.22818740048 -0.645940180461 2.35160809869 0 0 0 1
9.24663683283 -6.63348523946 -7.97375436786 0 0 0 1
-4.60032474446 7.32679974999 4.68959696856 0 0 0 1
9.94965447451 9.87401151507 -0.383697108794 0 0 0 1
9.39207927542 -9.54957371336 4.82155330654 0 0 0 1
2.67346604108 9.37650916834 -1.48505820405 0 0 0 1
8.51563057108 -1.40280322049 -6.20557990232 0 0 0 1
-2.4794098441 -8.38859922999 7.92121334842 0 0 0 1
-3.72916336544 8.83891607823 -7.71012512134 0 0 0 1
-5.61628038002 4.97046272308 9.25572108037 0 0 0 1
3.5661755691 1.48476579526 9.8245725753 0 0 0 1
-5.34754189274 7.39633719573 8.52261141389 0 0 0 1
2.33215076765 -6.14961729035 -5.86601668888 0 0 0 1
-3.23968049825 -1.18178218187 -3.72712566111 0 0 0 1
5.45120108354 9.76457414364 -2.08533207135 0 0 0 1
5.45994222791 -7.35070431745 7.41784025141 0 0 0 1
-7.51629553026 -2.36405984605 2.97864114855 0 0 0 1
9.3601559559 -6.15146055439 -4.83578634569 0 0 0 1
0.182925547297 1.8026861144 -4.07001138638 0 0 0 1
4.88062920436 -9.8175278053 -8.14299955086 0 0 0 1
-3.66850221443 -1.45776795943 6.57990202679 0 0 0 1
-1.51461624364 -6.07294571273 -2.22195310916 0 0 0 1
-5.68206444804 -1.78827998477 7.86346237391 0 0 0 1
8.51990133116 3.60259390958 -2.45200385655 0 0 0 1
2.95363689286 8.40354018143 -3.0188252872 0 0 0 1
-0.864728095266 6.8327365179 2.77341260865 0 0 0 1
-5.88279361502 0.963121563905 -7.36365888405 0 0 0 1
2.03319802595 -3.54059737594 -3.91032680302 0 0 0 1
-3.68348356025 -2.55312450323 -2.48496892922 0 0 0 1
4.7666341158 5.69122462797 -9.68553323391 0 0 0 1
2.88095494176 8.84749245351 8.45180166879 0 0 0 1
1.11795919183 6.92986163387 -3.6221301253 0 0 0 1
-5.79359409123 0.306375402032 6.4002600171 0 0 0 1
-1.10249417909 5.81685688038 -8.10345517221 0 0 0 1
-1.56545251627 3.34553697626 -9.92849268848 0 0 0 1
-0.406834994033 8.82487546116 0.392789971595 0 0 0 1
4.75309889309 7.43704972365 -4.19095780849 0 0 0 1
-4.10330455551 -6.93404649319 -6.70761496244 0 0 0 1
0.180755759615 -2.97532484163 -2.62554846218 0 0 0 1
-0.182505639328 -8.88339463068 -1.87079603669 0 0 0 1
-3.28827222846 9.45981417646 -3.7097993748 0 0 0 1
-2.93454128562 -1.39844319464 -2.59342636067 0 0 0 1
-9.58084103593 9.09778024431 -4.34017240557 0 0 0 1
-9.15297586814 4.52668494141 5.46043527372 0 0 0 1
-4.53812543962 -7.73447353176 -7.47345479959 0 0 0 1
3.81225606235 9.71478644911 8.43769311736 0 0 0 1
-0.545615342141 7.23042618347 -4.43851317561 0 0 0 1
-5.4178748249 -1.02146192258 -1.48808227616 0 0 0 1
-5.86095081679 -8.75233395528 -7.44865941633 0 0 0 1
-5.45939270344 -7.56504064378 -7.69263015992 0 0 0 1
-7.0627698351 3.18970444123 -3.45517641149 0 0 0 1
-9.58773601661 5.30978609289 3.39007483077 0 0 0 1
-1.09055043722 4.36123994191 5.70789252935 0 0 0 1
-0.972331214756 -3.7010190207 8.83428730986 0 0 0 1
9.85366628856 -5.64772381976 -8.61255242485 0 0 0 1
7.58606355538 1.64702497832 -7.1610242959 0 0 0 1
-9.62556612499 2.71317565652 -7.86804359956 0 0 0 1
-1.9040671505 -5.99196112088 -5.65834640087 0 0 0 1
-4.87244764205 -8.9022504519 -2.56693974737 0 0 0 1
2.739053378 -6.97048395645 8.88084902428 0 0 0 1
4.83532920381 0.0849639459662 1.16919361015 0 0 0 1
2.57944679058 -8.05354175487 4.69018601099 0 0 0 1
8.96846381018 9.3489562842 -2.76936510234 0 0 0 1
7.9368458876 7.23431911688 9.20692293708 0 0 0 1
-2.9509615197 -2.94957416605 -2.89623200247 0 0 0 1
9.37765170974 7.80878327977 2.83161287398 0 0 0 1
-1.54270547612 6.93339527436 9.4857301017 0 0 0 1
0.204336491235 -2.47687443537 -7.00172905208 0 0 0 1
-2.15872394462 7.76618742295 4.14868405849 0 0 0 1
-9.12772093498 7.24875607284 8.23194121105 0 0 0 1
9.73151666514 7.72543313098 0.935687274708 0 0 0 1
-7.73671117811 -6.08375151198 7.33211946797 0 0 0 1
0.163322314754 -3.88910879133 4.28593104401 0 0 0 1
-4.19172323693 -3.43172446268 4.32673178168 0 0 0 1
-7.82938510423 -4.88216038974 -2.51495468633 0 0 0 1
-2.76242921674 -0.826578382042 -7.91785457144 0 0 0 1
4.41860752153 -2.27253545013 -1.79763908307 0 0 0 1
-5.6347384525 1.2361698472 7.71229678129 0 0 0 1
9.20092943065 -1.11763095438 1.18401896527 0 0 0 1
-1.62974152375 4.30969094591 9.65591553179 0 0 0 1
4.30662991086 -5.62374134805 4.67435345979 0 0 0 1
-7.81715383163 -5.19837746788 -5.24815518759 0 0 0 1
-6.71640001383 6.94367638936 7.50692040809 0 0 0 1
-9.30153185474 -2.25107966236 -1.71416349477 0 0 0 1
-4.17067900204 -4.21176358967 7.24181388016 0 0 0 1
-9.07462885609 2.73185695174 0.764991881624 0 0 0 1
-5.77064470507 4.35528784827 7.0807867537 0 0 0 1
7.68232803626 -9.83429834173 -4.1909648379 0 0 0 1
-0.781853383583 6.72978488922 8.58113563529 0 0 0 1
5.62327386311 -9.56161631291 -6.28334537824 0 0 0 1
-7.70391313025 -0.114591634398 -3.37056308092 0 0 0 1
9.27406630941 -0.131808641528 -2.78385583439 0 0 0 1
1.65875533134 -4.927209415 -1.72010670806 0 0 0 1
4.41745984103 -0.381885120816 -6.31408976166 0 0 0 1
-6.42647656538 4.98032199606 6.38827738812 0 0 0 1
-8.07498723108 -1.57211679762 -8.17492743914 0 0 0 1
-5.81061149379 7.14568192354 -6.12205406776 0 0 0 1
2.17129577202 8.16601320295 0.0929174929479 0 0 0 1
-0.280458661308 5.42067476462 -7.66938958817 0 0 0 1
8.36374310976 8.12411946411 4.72747952352 0 0 0 1
-3.88724039502 9.68746786961 -2.05262258704 0 0 0 1
9.31546288051 6.1602442972 -0.598511192615 0 0 0 1
9.36196710477 -7.74753670823 2.34978923469 0 0 0 1
-6.52480184937 -6.06067500435 -1.27404146534 0 0 0 1
-6.62008460782 -1.1547325891 8.78287664944 0 0 0 1
7.02404645069 4.37375841752 -9.31625195052 0 0 0 1
-6.00899168994 6.7690194275 7.72918808355 0 0 0 1
-9.71886423738 1.24326319077 2.8063192918 0 0 0 1
-5.85398783013 -3.50807866502 -0.863054352587 0 0 0 1
0.684373226255 -9.56906308002 3.61235427493 0 0 0 1
4.71642049453 6.56236250678 4.31602567107 0 0 0 1
2.41046977913 7.86992312331 4.97261214376 0 0 0 1
4.37686525126 -3.74271665901 9.71160817875 0 0 0 1
-9.10697886649 3.70421020088 4.11371919384 0 0 0 1
0.396845898157 7.59424256675 -2.26944599816 0 0 0 1
0.478277565558 6.69832183349 7.49451660951 0 0 0 1
-1.82596355582 2.98284347961 -3.55782265516 0 0 0 1
0.784849564731 7.63485444611 5.04674174355 0 0 0 1
-8.57525211798 -8.6017745187 -3.48903773829 0 0 0 1
5.20704498346 -4.01596524496 8.61269313018 0 0 0 1
1.54886007559 7.02528002297 -3.1141928005 0 0 0 1
-7.70251942712 1.97027809423 7.93137991347 0 0 0 1
4.39907275683 -5.18914561236 0.0175790637915 0 0 0 1
-2.93590889329 -3.27051825655 4.74720877975 0 0 0 1
-1.42816307347 -3.37227385532 -5.03887241807 0 0 0 1
-0.167223650579 5.68296785008 5.34942653495 0 0 0 1
9.54816089347 0.343453178873 -8.8818720302 0 0 0 1
5.09189178405 0.648435480525 1.20603096207 0 0 0 1
-6.34090616013 9.25736497737 3.09485581698 0 0 0 1
-8.90097566022 9.3617603132 9.61481688098 0 0 0 1
2.67191185361 2.66983390411 6.26266546139 0 0 0 1
-6.12977802984 8.46572739553 3.57396721402 0 0 0 1
6.78057036533 9.99118348326 2.02250199187 0 0 0 1
-0.951514807797 -9.37036814798 -5.1841044079 0 0 0 1
5.71187363647 -7.81583830193 8.95872865151 0 0 0 1
-8.71747013468 9.12346397037 7.54489675317 0 0 0 1
-7.73358688435 -6.49553271867 0.700539566463 0 0 0 1
9.91723264093 -7.02326320989 -2.0236096549 0 0 0 1
-0.237139466795 -8.33586322398 3.47818914701 0 0 0 1
0.625872961376 -0.0724960714414 3.78448330982 0 0 0 1
1.70809776392 -0.446884926688 -3.11790632314 0 0 0 1
1.46442489696 4.50472486882 9.73209974455 0 0 0 1
-7.35264798287 0.479803650579 -8.77953279458 0 0 0 1
4.57590167316 5.95041472485 2.3897944069 0 0 0 1
5.37119748822 8.26411465202 0.628122142748 0 0 0 1
-9.03040915467 1.16984284576 3.70761367378 0 0 0 1
4.04699064491 4.3953066926 8.16017108911 0 0 0 1
-3.11868813414 -1.61215858021 -3.15825060705 0 0 0 1
-2.3064289686 5.68244120281 6.77517816948 0 0 0 1
9.98428711475 -0.909512944734 -8.82418198148 0 0 0 1
-7.01175565256 6.17604123028 -3.73386811193 0 0 0 1
-6.18545803373 0.482169490488 1.37164905178 0 0 0 1
7.80350057068 -7.54712352022 3.02730177644 0 0 0 1
-8.94696472242 -7.45428720929 9.08170291328 0 0 0 1
8.40023018082 -5.84934703555 -6.61487873973 0 0 0 1
3.54316223109 -3.70160478343 3.03828829279 0 0 0 1
9.9047360024 8.63345152164 -3.34857365056 0 0 0 1
2.55693334983 -2.44139677251 6.15960696413 0 0 0 1
-1.25823993774 9.50187296727 1.85430077935 0 0 0 1
-5.65558301738 -6.08216469499 2.8428310069 0 0 0 1
-8.56288255421 -9.20302172415 2.84797694692 0 0 0 1
-9.44269575784 4.19321534446 -2.02626409037 0 0 0 1
5.06425348816 -1.61162782014 -0.0417939373718 0 0 0 1
-2.3508185887 -2.17289318647 -4.13781008534 0 0 0 1
-5.55660497695 1.26373571197 7.38651482102 0 0 0 1
8.34089274605 -7.7499598615 -6.54726026805 0 0 0 1
-6.64885577712 -3.98131391629 -9.65106123566 0 0 0 1
-4.19381504521 5.94731775073 6.48288120201 0 0 0 1
7.53140172266 -6.46927984886 2.12952969819 0 0 0 1
4.42899045598 7.06339881435 -2.87186461819 0 0 0 1
6.29436612695 -4.31554432526 -4.34979736637 0 0 0 1
-8.59132897878 9.53753671962 9.29766791393 0 0 0 1
-5.82052226329 2.2498909506 7.20793023094 0 0 0 1
6.77777240725 4.64364784891 -0.0538546570346 0 0 0 1
1.5993063547 -1.08558914328 8.91658710641 0 0 0 1
-0.0414749333338 2.36505299993 3.12921089253 0 0 0 1
3.58842186395 0.135289126479 3.7958585496 0 0 0 1
-6.78195354691 4.28711449813 -3.40702719197 0 0 0 1
5.72838110799 4.70576075451 -0.310210922336 0 0 0 1
4.58218593372 3.02740629698 -7.13250813085 0 0 0 1
-2.81346119833 3.61308790104 -5.21909279279 0 0 0 1
2.17872776729 -3.5587267737 -3.03348218789 0 0 0 1
-0.117575017217 8.56000084499 0.820435458683 0 0 0 1
0.801017837578 -7.8965714016 -3.37027046631 0 0 0 1
