-5.24259687177 4.17587177951 6.32317253606 0 0 0 1
1.32844010316 1.66335087944 -9.83797369929 0 0 0 1
9.34335058948 -7.81501144941 7.45010018852 0 0 0 1
5.92750624535 -3.43897893137 -4.03681137396 0 0 0 1
-8.85133890436 -5.26147896598 1.73361061171 0 0 0 1
5.20843313935 -8.74760370461 -2.44324814893 0 0 0 1
-6.18191165429 4.69593122486 -3.06844657895 0 0 0 1
-8.20607963821 -9.97719858626 -0.894703723006 0 0 0 1
8.87099767004 5.630542639 2.00887929895 0 0 0 1
-8.67437053238 -3.71975623604 2.07971146684 0 0 0 1
2.01917607946 9.53383061206 0.0680848573854 0 0 0 1
-9.20127209234 2.14223867302 8.44570364935 0 0 0 1
-7.28537446564 -6.77296455232 2.33821515718 0 0 0 1
-0.515167923086 0.920965260025 -6.56401024055 0 0 0 1
-4.81505332955 9.77001729262 3.17499009043 0 0 0 1
-4.69415546176 8.25227868019 0.101169680729 0 0 0 1
2.37242540158 -9.91967018282 3.34085765109 0 0 0 1
2.01668609281 -3.67556765902 -3.16248743546 0 0 0 1
-9.42070872874 2.55757410868 4.26987867984 0 0 0 1
-2.20314866109 0.342778920534 -8.36701642362 0 0 0 1
-5.7746686348 -9.28754459076 -3.52523063296 0 0 0 1
4.96180616823 -4.69609653981 -1.50990926615 0 0 0 1
-2.25480157568 -8.69736448208 -3.51942162947 0 0 0 1
9.78168267717 -5.99939143019 -9.34159752124 0 0 0 1
5.64822976178 2.31580780001 1.42530375775 0 0 0 1
-4.34369756509 1.70532409536 2.81849291001 0 0 0 1
0.503921062929 6.26316524004 8.75497541311 0 0 0 1
-1.65859633786 9.24123025218 6.41533804553 0 0 0 1
-7.57897059222 -9.3191146632 -1.08828520444 0 0 0 1
-5.41463107036 -7.41387504476 -3.65715881813 0 0 0 1
7.0343243838 7.51544208889 4.25331737929 0 0 0 1
8.9782430317 -5.32052535258 -0.998231630215 0 0 0 1
-2.31377756306 -0.268063410694 8.5266989504 0 0 0 1
8.655585854 -8.31720449593 7.83483364437 0 0 0 1
6.85010342596 -5.66163600312 -1.8195255462 0 0 0 1
-2.41048782852 0.0700268894668 -9.03634469291 0 0 0 1
1.55502034805 4.55741278401 -5.29362044881 0 0 0 1
-4.24611152385 8.10272702247 6.53253987983 0 0 0 1
-6.97808240343 -0.877164562027 -6.28956197028 0 0 0 1
9.81063162728 3.96066865555 -7.46043525721 0 0 0 1
7.54981115636 7.26551087386 7.7149190912 0 0 0 1
4.84963502578 -5.03502531902 4.51270665859 0 0 0 1
-2.65809267521 -1.3282702974 2.71708408093 0 0 0 1
7.88952211214 5.11848152503 6.19190501766 0 0 0 1
-6.31395985671 3.35420208727 9.50940050116 0 0 0 1
2.06998070518 1.17329977334 9.30667968904 0 0 0 1
-3.46385344851 1.89913118913 9.38698731832 0 0 0 1
-8.35741693312 -6.66001826159 -5.52518130365 0 0 0 1
4.06724603699 4.15430322078 -4.2017076468 0 0 0 1
-0.683963027689 -2.05062125604 3.29669874237 0 0 0 1
-3.28770955414 9.78111878757 -4.45005670782 0 0 0 1
1.45656687415 -8.73294534523 -7.29192009668 0 0 0 1
-9.35538413756 -4.87223505736 -9.73700857683 0 0 0 1
-4.63777744464 -3.8371376947 1.3146583028 0 0 0 1
3.45258902458 -8.83069659398 3.94068597406 0 0 0 1
-4.85458298388 2.02231691609 5.63545067318 0 0 0 1
-5.44116056931 0.844014710459 6.76108524519 0 0 0 1
8.83502351773 -5.82354292506 2.83227829357 0 0 0 1
-7.69619281094 2.72768564197 -0.115367950369 0 0 0 1
-0.563574087009 -2.39009531291 -2.25808225382 0 0 0 1
2.88184704446 -7.40636603379 -7.401195592 0 0 0 1
1.9908648305 -3.89442874161 -7.85958387041 0 0 0 1
8.75814427966 1.48369919749 -3.04783864719 0 0 0 1
-0.702092862977 -7.64001030095 4.51969308314 0 0 0 1
-8.44875186074 4.98638553966 4.08785497 0 0 0 1
4.17807232389 6.65375738567 -3.09563608508 0 0 0 1
-8.46622863038 -3.15069777634 -3.1492927304 0 0 0 1
6.82305979 0.334341228457 -9.5391465425 0 0 0 1
8.25374218469 -8.58681047039 -8.82905633944 0 0 0 1
-4.26355508351 -0.935579754959 -0.703182422013 0 0 0 1
0.00748831829628 3.53852696794 -6.81248243945 0 0 0 1
9.04495705846 7.89473104009 -0.702546990173 0 0 0 1
5.31840566044 7.16799829603 -0.819063868818 0 0 0 1
-3.51520401998 2.34410702077 -9.46641732065 0 0 0 1
-5.54781143182 -9.7195816055 5.63969168763 0 0 0 1
-2.49031121749 0.372753882006 -8.33062389197 0 0 0 1
9.72896343052 -3.13375070209 -2.89913998649 0 0 0 1
6.12104439911 0.535939351068 6.05623592834 0 0 0 1
8.6853505531 -5.64859263183 -4.76074562546 0 0 0 1
0.399015391063 5.17704798674 -6.13157579811 0 0 0 1
6.53017051507 9.92534903902 -0.655663988149 0 0 0 1
-7.43508117999 9.27916454544 2.81520953729 0 0 0 1
7.07867698356 5.84168962686 8.25801745722 0 0 0 1
1.5908997144 -9.41273741553 3.5847914762 0 0 0 1
-5.87648165299 -5.20841661106 8.46592895685 0 0 0 1
-7.89776849101 0.538434649938 5.31236085448 0 0 0 1
-3.9394583287 -5.06036195905 -7.60999348574 0 0 0 1
-7.37713881094 2.98828607845 -8.54654223791 0 0 0 1
5.16819597019 4.2145172294 -4.57821577021 0 0 0 1
-3.67200285417 -6.77390153245 5.47466848873 0 0 0 1
-6.45256361543 7.61989828093 0.828398506669 0 0 0 1
-7.41081705514 -2.80821964668 9.36550381351 0 0 0 1
5.74304916635 -7.72546229791 -6.17545535384 0 0 0 1
-3.94881213559 6.98826572764 -0.516111377665 0 0 0 1
0.946725737165 6.38153077378 -4.39321277988 0 0 0 1
5.68689318981 6.35938401409 2.29907185892 0 0 0 1
-5.0491899041 -9.12673772042 8.84710713706 0 0 0 1
2.90189442032 8.71008962198 -8.70452011201 0 0 0 1
1.16840656914 7.18895653846 1.44226406025 0 0 0 1
6.12291575947 -1.84305985202 -1.79928321431 0 0 0 1
-7.89807233925 7.45733366308 -1.20032928197 0 0 0 1
-3.10291650358 7.16525227408 6.52066956917 0 0 0 1
7.33321205169 2.72744464031 -8.51176091574 0 0 0 1
-5.55149828301 5.6857913995 -6.77958771115 0 0 0 1
-4.60543064738 -4.0634037521 -3.50015187644 0 0 0 1
-6.8008351668 -8.13510848847 3.96944369665 0 0 0 1
-4.34300432079 -3.51972681009 9.22336411427 0 0 0 1
-8.18130964865 -4.58338705237 7.76317635799 0 0 0 1
-6.2235207352 -4.79281277412 -4.0912070067 0 0 0 1
-5.0855266386 6.58888212103 -2.75060140598 0 0 0 1
5.33903856361 -3.45935874785 -4.84650617514 0 0 0 1
4.11505388595 6.36759929051 -8.84011166104 0 0 0 1
-0.314247441917 -2.79368856478 -8.83856430876 0 0 0 1
-3.61803557064 5.36095512727 7.05254017486 0 0 0 1
8.00674024313 1.45357244897 6.33965306797 0 0 0 1
2.70267887635 5.36981370459 -7.7241154644 0 0 0 1
-3.0023324698 -5.40115371887 -5.90013960894 0 0 0 1
0.0776980786715 5.05113609044 9.57158361432 0 0 0 1
-4.03698286544 3.44179549111 -9.67732494716 0 0 0 1
8.23621649002 -9.60052983224 3.12808251952 0 0 0 1
9.37272343655 -5.78522208697 8.65874079794 0 0 0 1
7.96186361698 -7.33950235206 8.66642242631 0 0 0 1
-3.13421186022 -6.14652970876 -9.99959356966 0 0 0 1
6.92137659793 -4.04793239759 9.42441382284 0 0 0 1
8.96820704318 7.49267600691 -9.57892515342 0 0 0 1
6.46028159994 1.37548723894 -3.97218986983 0 0 0 1
-7.41254833883 -9.23957207321 3.60395708106 0 0 0 1
-0.273986719668 8.9848901495 -2.7620767766 0 0 0 1
5.64898198738 4.28062442275 2.14188868948 0 0 0 1
-7.08920621433 -4.97913781152 -1.90106488423 0 0 0 1
6.68441419822 5.24745560998 0.790528554946 0 0 0 1
0.391566414376 6.00385266209 -8.82259531095 0 0 0 1
-7.74374465713 -5.07571028737 -7.61551638597 0 0 0 1
-8.90230906743 -7.37525899218 4.72131441323 0 0 0 1
-4.95749244324 -9.06650506847 -4.00515449607 0 0 0 1
6.03320689161 4.4345906877 -7.65229134619 0 0 0 1
2.37409808516 8.25396358698 -8.71650829762 0 0 0 1
9.29834292933 -9.15567953813 2.42565643079 0 0 0 1
5.67877008857 6.8195207516 5.89985341793 0 0 0 1
5.46957880854 0.762747833806 3.997893147 0 0 0 1
-2.99040162387 -0.845122040319 -8.67731841487 0 0 0 1
1.44025116242 0.689496103082 -6.72181588882 0 0 0 1
3.87770496016 -8.84111290288 -1.6438125126 0 0 0 1
-8.99742083079 4.24292213416 -5.80203718793 0 0 0 1
3.17284129379 0.795465778042 -9.05971051638 0 0 0 1
-5.81225139027 9.87494529765 -4.93064320691 0 0 0 1
-4.79466924419 -9.90779708402 0.495352570054 0 0 0 1
-5.04412426377 -5.20967439954 -5.22780429537 0 0 0 1
-6.14849508222 -2.27066985748 6.75848271567 0 0 0 1
5.1052695801 2.28022429894 -3.35060407538 0 0 0 1
6.09407553294 -6.80757261086 -4.20278172286 0 0 0 1
-1.18167451164 -6.89631104062 -9.83780064524 0 0 0 1
-7.68737947832 9.42285467651 4.36026349335 0 0 0 1
2.79222706669 8.95619155232 -8.28225030119 0 0 0 1
4.02253407794 7.59277691539 -3.66912249514 0 0 0 1
-6.24939159891 -6.52769629193 8.48899915296 0 0 0 1
9.91276957045 -5.31917799415 -0.678980063771 0 0 0 1
-4.74429197929 6.86905991353 4.84008148651 0 0 0 1
3.16699213507 -0.48208963125 2.0109814926 0 0 0 1
-8.98234795555 -5.56590265905 3.35548336184 0 0 0 1
1.09727488496 7.58693891873 -5.80888056094 0 0 0 1
-9.13707999796 -1.52049259612 9.31603047884 0 0 0 1
8.91602668318 -2.26750618992 -6.93400074352 0 0 0 1
8.51786803946 -2.41262841108 -9.38283635226 0 0 0 1
6.61846410688 8.04864212332 9.06291619767 0 0 0 1
4.7872777533 3.88880898632 -6.86909430598 0 0 0 1
-1.30242881995 9.70801653747 3.29482248684 0 0 0 1
7.52094966626 -0.0988492200607 5.36964710838 0 0 0 1
5.75997764996 8.68673672642 9.52902046393 0 0 0 1
7.95968255206 8.16502447913 7.67441266026 0 0 0 1
-6.25095662164 1.06515583408 5.32111455881 0 0 0 1
-4.74063517494 -2.17168796533 -4.1467722195 0 0 0 1
1.64355775985 9.22404183309 7.15656770792 0 0 0 1
-6.42925821539 2.63478826703 6.55701064665 0 0 0 1
-5.07954859442 5.82805483821 -7.59695713965 0 0 0 1
6.31794391975 7.85154957607 -7.23039476336 0 0 0 1
-4.90634674491 -8.68477750633 -8.44991761254 0 0 0 1
-8.45348352775 -0.813803277572 -0.431834736732 0 0 0 1
4.42552243082 4.52122572416 2.10975560824 0 0 0 1
0.0908326101977 -7.61234101023 -9.31478533878 0 0 0 1
2.24592572202 8.42855054908 -7.63303911475 0 0 0 1
3.76979492952 8.40831919269 -2.63785057562 0 0 0 1
6.78977704006 -3.07258368185 -6.8387957642 0 0 0 1
-6.21142376802 5.58944768048 -9.58370738479 0 0 0 1
-8.65471287939 3.98581497386 8.73053060856 0 0 0 1
-7.85998330926 5.00214674949 -2.07818528213 0 0 0 1
-0.334557848343 2.12080310841 5.57011780852 0 0 0 1
-8.34254191518 -4.15240766599 -7.33276093967 0 0 0 1
9.6491887209 1.3447097655 1.39840255106 0 0 0 1
-8.2803005249 8.74140925853 4.18889059134 0 0 0 1
7.89061623261 5.38334589646 -6.53096777609 0 0 0 1
-9.10008564758 -0.317863374574 -9.75383346316 0 0 0 1
3.57213479513 6.60510542147 0.817868268472 0 0 0 1
-8.72139922002 3.75981268325 -8.42025486917 0 0 0 1
0.00985701992133 -8.71161438179 -3.18271505122 0 0 0 1
-6.62719441136 1.57532207252 -2.56509098882 0 0 0 1
7.00698984553 4.05178155751 -3.20367469226 0 0 0 1
1.75651834818 1.68909245631 2.77594435089 0 0 0 1
5.93259570185 2.12235621631 2.85405071343 0 0 0 1
1.4409643615 -7.36690592774 5.46890378893 0 0 0 1
-6.41737418565 4.05243061693 -8.9383295731 0 0 0 1
-3.73555171759 0.848146395078 -6.15106612562 0 0 0 1
7.33882846428 -5.25613721515 5.11350601217 0 0 0 1
-7.35006098027 3.90958884175 -6.97062938239 0 0 0 1
-9.86951928035 4.16504018438 -3.15114232537 0 0 0 1
-3.75064658465 4.52501758861 6.58744159302 0 0 0 1
2.6390204077 4.10681837197 5.75286076816 0 0 0 1
7.02766773423 -7.42896803514 -2.94422743773 0 0 0 1
4.96539425029 1.53428719708 4.84193271159 0 0 0 1
7.84491524035 5.51579124927 0.0744115315441 0 0 0 1
-1.24494505093 -8.44176833888 8.5186516127 0 0 0 1
-5.98643070663 -0.205022895354 -9.78615705006 0 0 0 1
7.45725701401 6.15937561064 4.92366859592 0 0 0 1
7.70246875806 -5.88924765181 7.4072402764 0 0 0 1
-9.51179384723 -2.7941883469 -3.918460439 0 0 0 1
-1.99322115408 1.25482704097 -1.94681406629 0 0 0 1
-9.89276961408 -8.74435946836 -4.9926389887 0 0 0 1
3.95718168442 9.53667772116 -3.1298853714 0 0 0 1
1.98746296324 -2.38598208594 -4.22208950131 0 0 0 1
7.97574607548 -1.49949580166 0.2757697997 0 0 0 1
-0.753603707315 7.87469143923 -9.82561071225 0 0 0 1
5.62730317899 -3.75161477746 9.49636182391 0 0 0 1
2.5177460512 9.97419425827 1.48674191039 0 0 0 1
6.15728163335 -9.51973572224 -3.60988578546 0 0 0 1
6.17152636519 7.50536932639 3.16523009289 0 0 0 1
7.91107956259 -0.0620914341989 -9.0747332799 0 0 0 1
3.19258556514 -0.975022459711 -6.37264192765 0 0 0 1
-5.38866430653 7.1652909051 -6.42963666286 0 0 0 1
-0.852648493571 1.75152202521 -1.6581895019 0 0 0 1
8.47133953512 -9.33363996984 5.94120914504 0 0 0 1
0.652652592162 -8.44682265979 7.49296775491 0 0 0 1
2.94094672365 -6.14658203306 2.12357497687 0 0 0 1
-7.19204836307 6.86090421849 -0.538677544253 0 0 0 1
-2.98033569826 -2.14504023314 4.47547037018 0 0 0 1
-3.65533085937 1.84785055989 -5.72760806303 0 0 0 1
-3.90659402473 -1.86650412221 -6.42700942943 0 0 0 1
7.38372100243 -9.18632491879 -2.83293198644 0 0 0 1
-5.61624194361 2.65256883513 2.72621722079 0 0 0 1
-7.9716260222 -3.29198716514 3.249846811 0 0 0 1
-8.39711286805 7.66716577263 -1.08239423281 0 0 0 1
2.95352031865 -6.44691367203 0.965413338458 0 0 0 1
-7.41975723065 -6.31716586679 -0.304992373857 0 0 0 1
-5.64286184578 4.2204180564 8.65146645355 0 0 0 1
-3.11640051192 4.88830856589 3.86485485933 0 0 0 1
-4.34695138288 -3.19415305936 1.84408775824 0 0 0 1
-8.88562514473 9.19314446348 0.966228718298 0 0 0 1
-4.7039852989 8.4728336672 -6.02422652624 0 0 0 1
-7.02996448988 -8.79869839049 -1.77724018443 0 0 0 1
-8.61836992166 3.57993951219 -6.49353505098 0 0 0 1
-2.98615144942 -1.70298266211 -3.6243637919 0 0 0 1
-4.11493657127 -4.70966970571 -8.68233659041 0 0 0 1
-2.59431144839 8.38200031019 1.27308154713 0 0 0 1
5.6087529998 8.43188741503 0.42171521589 0 0 0 1
3.19774827329 8.37676074139 -6.73644746939 0 0 0 1
3.6589780179 -0.504289472352 -9.3387347494 0 0 0 1
6.40342627465 7.0796924388 3.95916361865 0 0 0 1
-1.03579423249 -0.681310392587 -6.6739283594 0 0 0 1
3.52895892383 -3.02577042223 -1.53513497549 0 0 0 1
4.6971364378 -4.42592529558 -8.8444539281 0 0 0 1
-2.41679708794 6.40604574833 8.56846488717 0 0 0 1
0.945971809391 -8.75182345152 -7.64016754456 0 0 0 1
-1.12110823653 -0.379089011209 -4.44426453081 0 0 0 1
6.07426055268 2.14808233927 9.84986493705 0 0 0 1
-8.17746845295 -7.02984926162 -8.50011429975 0 0 0 1
0.257750343857 -5.08216299553 3.40517867323 0 0 0 1
-0.137399985049 -1.10763134228 -9.36384811591 0 0 0 1
5.30416663456 -3.94334240658 -9.54604193244 0 0 0 1
-7.75515279048 -2.64186856953 1.76924534268 0 0 0 1
-0.801538411849 0.130565815979 -9.28245767721 0 0 0 1
1.24324954114 -6.34610905931 8.49384326423 0 0 0 1
-9.06459842759 8.59873855583 -0.593796644944 0 0 0 1
-1.99964172599 -0.37458585921 0.564091726996 0 0 0 1
1.30929015515 2.57969728202 -4.50390228671 0 0 0 1
9.14449397952 9.73611951982 3.09914465998 0 0 0 1
8.98584878359 2.43978176034 -5.60498333875 0 0 0 1
-0.510098233697 -5.17626884192 -7.99701860403 0 0 0 1
7.40658893815 6.48364741935 7.43327375503 0 0 0 1
0.1758955608 1.72093231367 1.18234645358 0 0 0 1
-3.2458020452 4.75823123141 -7.5652232726 0 0 0 1
0.879246435298 4.30398135489 9.44128747861 0 0 0 1
-6.58001351937 -6.56334258129 3.732197778 0 0 0 1
-5.07605105127 -0.253400799596 -3.25564166943 0 0 0 1
-9.98290646354 -1.86755386282 3.69695544565 0 0 0 1
5.8837571436 -5.81086171243 8.51435967915 0 0 0 1
3.16860172585 2.41974405902 -3.47466537885 0 0 0 1
-2.27834360023 -8.0000702474 5.10473249816 0 0 0 1
6.79304512014 -8.51955223219 7.41314393184 0 0 0 1
3.76667733676 -5.39941452367 -4.17034461223 0 0 0 1
0.885246694082 -1.77796702613 -2.57736756401 0 0 0 1
5.4315271316 -2.34810928259 0.70361679478 0 0 0 1
-9.28109651017 -8.79481914334 -8.27283281184 0 0 0 1
2.70534242899 -7.98347183325 8.47732364279 0 0 0 1
7.06793621328 4.815049822 -5.44119688326 0 0 0 1
-4.07551954056 7.35361740917 9.92895629062 0 0 0 1
-2.00318855879 -9.37718407639 8.17419543726 0 0 0 1
1.04220518461 -0.466891959651 9.68809524281 0 0 0 1
8.49334787804 6.18565394978 -6.6033079106 0 0 0 1
4.11683002155 -5.77005175774 3.8833664534 0 0 0 1
9.92167649361 8.9262532504 -0.0619269686069 0 0 0 1
0.715573988377 -4.86628423876 -0.298489961607 0 0 0 1
-2.50552000394 8.05075286149 -3.95373341234 0 0 0 1
-5.26472113605 -9.94535588177 -6.17690852021 0 0 0 1
-9.31648311406 -5.67584269221 -4.56454578346 0 0 0 1
-8.06404918081 -3.79052681859 -4.45646426032 0 0 0 1
-9.62398115795 -3.09538282826 -2.91067086161 0 0 0 1
8.12287849466 6.47315892078 -0.638710063889 0 0 0 1
5.79765381717 -6.57531609331 -7.4921374052 0 0 0 1
9.02691440326 -7.36711305686 -1.43996187123 0 0 0 1
-4.30046099321 -1.07960630794 -1.76247493501 0 0 0 1
-3.68117047136 4.30460416146 6.49061654308 0 0 0 1
5.70237289923 2.38776666256 -0.725312126517 0 0 0 1
0.462533949826 4.60226078437 -8.73773782062 0 0 0 1
9.21492150343 -5.6915360423 -7.80375519985 0 0 0 1
-7.59966929711 -7.3141222864 -3.08745201342 0 0 0 1
-9.51804116991 5.04581786221 -1.77227636 0 0 0 1
9.42710967207 5.91691818332 5.6144153303 0 0 0 1
4.609771197 2.29672964814 -0.143987622157 0 0 0 1
-5.26966116539 -4.72134996438 9.08850191758 0 0 0 1
0.791471868962 8.70858755737 6.38033402062 0 0 0 1
-8.50881596972 0.403211925979 -0.637422271685 0 0 0 1
5.34302328514 6.61616183675 1.71715264923 0 0 0 1
-4.29639470181 2.69008326058 -5.90696642309 0 0 0 1
5.17654121085 -0.215801666892 5.2397554135 0 0 0 1
4.67416765216 2.91697043189 -5.02762010604 0 0 0 1
-5.92825424946 -5.30640759251 0.448002918571 0 0 0 1
-2.80451385442 -4.88697474267 6.11114326488 0 0 0 1
5.0300616919 -7.800817817 3.91836335381 0 0 0 1
-1.12566512513 1.93216429788 -6.1362504136 0 0 0 1
3.32798513678 1.78956780679 -6.54910776118 0 0 0 1
-0.0199609658087 -5.75066654106 5.92314954333 0 0 0 1
-0.0184573306106 3.22790477625 7.97508558693 0 0 0 1
6.70271354913 5.05732691828 3.07692264 0 0 0 1
-1.44699637532 -9.57207611593 -2.14982105672 0 0 0 1
0.178708104229 -8.61766299309 8.24907670635 0 0 0 1
7.82771738109 3.95235680747 -7.12655190449 0 0 0 1
2.16504758824 2.84646590169 3.90689836935 0 0 0 1
-7.74089650818 7.45231669094 8.68047136104 0 0 0 1
3.76204875902 6.21396265792 -3.87290875531 0 0 0 1
-6.58586148967 1.59415728828 7.57236744844 0 0 0 1
2.88065807352 6.36641803208 -0.0931294881011 0 0 0 1
3.77295481753 -3.66585285301 4.44830231984 0 0 0 1
6.94483437415 -7.65648043558 -8.36537428843 0 0 0 1
3.73924316261 5.25486134265 0.710884160677 0 0 0 1
-4.5591591784 -3.77464482568 -1.64088968819 0 0 0 1
-2.88073150037 -8.39168666805 8.07881147803 0 0 0 1
4.39422227276 5.01527864297 -2.53521684773 0 0 0 1
3.58945590081 -3.15334357981 -0.135538161942 0 0 0 1
0.327920104868 9.60020801618 -8.12769654615 0 0 0 1
4.47756177857 -3.29374460053 -6.62335699144 0 0 0 1
2.43513403654 3.28866254418 -7.68086180428 0 0 0 1
-5.95791585077 -5.59659921835 8.18931336053 0 0 0 1
-5.43182551389 0.0100015476475 -7.34210572068 0 0 0 1
-4.65803652189 5.39670448238 -7.45338716034 0 0 0 1
9.21212585401 -0.536333167039 -1.88103512183 0 0 0 1
-8.06120614719 -2.29074780286 -0.62237519639 0 0 0 1
8.17901516527 -5.35313707853 -0.346515681178 0 0 0 1
1.64197911977 -5.01759626724 -3.11043668331 0 0 0 1
2.86202417013 6.49329470914 7.84798921559 0 0 0 1
8.26534685912 7.01027232445 9.10048426219 0 0 0 1
-8.98589950337 -2.94862643361 8.17184797945 0 0 0 1
-0.893356967772 -2.2584737549 -6.63859927908 0 0 0 1
4.8589848778 3.42807196352 9.7833619062 0 0 0 1
2.12662737209 4.30461286666 2.48114921475 0 0 0 1
-8.77381476805 3.80610323464 -0.303287176252 0 0 0 1
6.53129007681 8.93350295891 -5.06329531904 0 0 0 1
-0.602377675065 3.80341783152 -6.01262866111 0 0 0 1
-9.75634462809 7.70290572397 3.74518153948 0 0 0 1
9.33862690273 5.44458820219 3.06485055743 0 0 0 1
-9.754601483 5.13028424907 -9.01279566573 0 0 0 1
9.79721065394 0.265381847276 -2.984201598 0 0 0 1
-8.02256516805 7.92492607079 -9.53739315031 0 0 0 1
0.607561469478 3.07221556928 7.68815614938 0 0 0 1
2.83848274858 7.94712679498 8.63645239964 0 0 0 1
2.6254717925 -1.91212664682 -2.85930858984 0 0 0 1
-2.17096465599 -7.75830243274 -2.91009710713 0 0 0 1
5.97013615822 -4.31339269492 -1.17555261501 0 0 0 1
1.82401758963 -8.07009249351 -0.759019056445 0 0 0 1
-6.25807841066 -7.76514157975 7.16202986697 0 0 0 1
-1.56722592234 -1.55858285663 -7.65188737106 0 0 0 1
6.51376926472 6.38499124738 -9.71821382409 0 0 0 1
1.37854665999 -2.49759257985 5.97568984108 0 0 0 1
-9.27659144262 5.68938096161 6.59895171856 0 0 0 1
-3.42185000537 6.0816706228 9.69919024471 0 0 0 1
2.38873541538 -7.00371571426 -0.892190742821 0 0 0 1
-5.9347009583 3.01999466434 2.08143942856 0 0 0 1
2.80692053067 1.98074195256 -3.9514813161 0 0 0 1
5.28623442906 6.11347791228 8.64012503426 0 0 0 1
-1.21673100409 -6.1925930339 -9.72312979168 0 0 0 1
-9.53937260581 -4.22479376988 -7.34783530533 0 0 0 1
-4.1537348604 -5.44188188111 -5.22142411459 0 0 0 1
-0.788432267081 5.35486860001 4.85690554522 0 0 0 1
0.453400068713 -8.17223597041 -4.42295206776 0 0 0 1
4.617895169 -0.708443777988 -9.38338896166 0 0 0 1
2.51597199689 -8.11483459403 -4.25277061703 0 0 0 1
-9.71865185487 -1.810236556 -4.50216937313 0 0 0 1
4.13305934387 -5.73313216019 1.2870122318 0 0 0 1
-5.62031852709 2.09798930023 -4.93531842163 0 0 0 1
-8.18986149711 -3.88478194046 9.126200808 0 0 0 1
9.86625073427 -0.13552967897 6.97793402446 0 0 0 1
0.392680903046 -2.30357378369 -6.24705654654 0 0 0 1
0.72984647509 7.53188441918 9.02417782447 0 0 0 1
9.65184051829 2.62644963466 5.625524483 0 0 0 1
-2.47731411076 5.32966635446 1.79535232311 0 0 0 1
-0.240440368037 -4.00672394115 -3.055700803 0 0 0 1
-8.48943791602 -8.76125108417 7.79525972853 0 0 0 1
-6.01031465065 -9.35540639886 5.53912766757 0 0 0 1
3.98552014865 7.51876715117 1.17409147455 0 0 0 1
-4.31870728799 7.07086828483 6.4132693558 0 0 0 1
-4.8164156545 6.5028159185 -9.35457729619 0 0 0 1
4.55993735606 -5.34206091243 1.36195160982 0 0 0 1
5.29688940525 -5.15248344224 7.11159942743 0 0 0 1
7.96445555743 6.31283707587 9.21252234782 0 0 0 1
-1.24002376118 0.381358400451 9.26578973947 0 0 0 1
-7.55694660258 -5.52550166305 -8.69904556071 0 0 0 1
-9.18625356529 1.91330281344 -1.86863763863 0 0 0 1
-0.963857207949 5.07776261981 3.71487750285 0 0 0 1
-7.42359854614 4.44255291015 -4.86143489265 0 0 0 1
1.08139763764 -0.910240627778 -4.80700252541 0 0 0 1
2.4530473803 1.40717916427 0.0624238955664 0 0 0 1
3.28573380414 4.418203619 -7.24001148628 0 0 0 1
9.18479847008 0.604398662559 8.96722640833 0 0 0 1
7.80927871063 7.91139227719 -3.91161483847 0 0 0 1
-5.73799921961 -3.89677854612 5.91259050486 0 0 0 1
3.33032531312 -5.46332222861 -8.36404455557 0 0 0 1
5.59438829493 8.27713074188 3.29984906467 0 0 0 1
3.02838743911 -4.09712374473 -2.0174277993 0 0 0 1
3.00616570444 -4.41220633918 -0.584295872147 0 0 0 1
-0.141959223074 -2.6010406266 -9.91722372079 0 0 0 1
-6.13312077539 -8.00493962475 -8.37321868809 0 0 0 1
-5.95183341385 -0.563288243894 0.372571445528 0 0 0 1
-5.11701290002 -1.57108822867 4.19672041703 0 0 0 1
7.02210091124 8.26498914595 8.89841477671 0 0 0 1
3.77055021932 0.779261398568 -2.87195303683 0 0 0 1
-1.00952532287 -8.41604581081 -2.5836108365 0 0 0 1
-5.986511916 4.93215580957 -1.59994478609 0 0 0 1
-4.48133423507 5.7808709976 1.72731626016 0 0 0 1
0.343407578196 1.3017778697 4.2952972029 0 0 0 1
-6.79216462056 1.55427777474 -3.8854674676 0 0 0 1
-2.8737937215 -5.36549783038 2.37726750417 0 0 0 1
4.14545742171 -3.62321809435 6.90481448227 0 0 0 1
-0.720807179634 7.54840496678 5.45412939689 0 0 0 1
-9.07799579851 -7.44951646722 -7.68286459309 0 0 0 1
0.644687298485 3.40130031118 1.41712054614 0 0 0 1
6.7191918045 3.40480916878 1.22880867444 0 0 0 1
-0.164945213814 8.65468059853 -6.06986252305 0 0 0 1
-3.23683395566 9.38219980158 -8.2792815961 0 0 0 1
0.53887522306 -9.31572835967 -2.96955856929 0 0 0 1
3.97819839333 1.55649476119 -9.58858298939 0 0 0 1
-1.33731519293 5.26945393373 -2.05356040286 0 0 0 1
5.32426223577 1.87271470991 -2.26241770182 0 0 0 1
4.71264057666 -4.26620606962 8.36432028435 0 0 0 1
-1.38655619624 0.64471982452 0.213991354492 0 0 0 1
5.10203594479 -0.879450512265 1.83772408043 0 0 0 1
-3.76400213565 -7.08668360257 1.79609723549 0 0 0 1
-1.12353385025 -7.92586884341 5.2094963238 0 0 0 1
4.91242759745 -4.61864736016 3.51208238515 0 0 0 1
-6.18383892363 0.646605461102 -0.71137102583 0 0 0 1
7.07941136538 3.53428536129 3.35478345625 0 0 0 1
9.56944859292 -5.90807849555 -6.27872344569 0 0 0 1
2.07509418764 6.5509445884 9.90978647477 0 0 0 1
8.03625175136 0.36498430113 -7.33467941154 0 0 0 1
9.22860755393 -7.34958408914 -4.4532064604 0 0 0 1
-5.93517978949 2.61086437501 -2.48900049313 0 0 0 1
9.94927590151 9.96294853485 -6.08097044465 0 0 0 1
-5.05625385154 -9.21256890561 9.75422429197 0 0 0 1
-5.16516792417 4.96592509448 9.20307750079 0 0 0 1
-8.05632751076 5.45922117528 2.28089112544 0 0 0 1
-7.81094837577 1.53394034944 7.81353801331 0 0 0 1
-4.07555095708 -4.15535810649 7.41320871772 0 0 0 1
2.65652199522 6.24467176028 -4.42791187897 0 0 0 1
2.86651167916 -2.91271486796 -9.29433479617 0 0 0 1
-1.36771269097 -5.52581668604 -3.85359949282 0 0 0 1
4.16896696941 -7.48976506796 -7.14247821892 0 0 0 1
-0.604423254187 -4.08784791464 1.46080838041 0 0 0 1
-8.767341551 -8.33358864719 -1.51107237301 0 0 0 1
2.68804126275 -3.62124151098 -9.12355312921 0 0 0 1
6.99269858468 4.15463250587 5.80952370376 0 0 0 1
9.08998160401 3.84792186853 -8.75362726997 0 0 0 1
3.30749877941 7.15153501816 1.26776788062 0 0 0 1
-3.30962974163 -8.22303681934 9.64681993441 0 0 0 1
-7.1272303425 -7.58075615544 0.575429364826 0 0 0 1
-1.91420650652 -2.07992454365 -8.70966181783 0 0 0 1
6.3012611976 -6.97067836389 0.0373656186244 0 0 0 1
4.24291072046 6.05396610109 -0.54411226322 0 0 0 1
3.29808885222 -9.97505239907 7.18308248825 0 0 0 1
2.8033394834 -2.97014958856 3.81548895817 0 0 0 1
-0.319814788758 -4.04237880655 -9.57472437664 0 0 0 1
-5.89382215011 8.35243440834 7.07225744947 0 0 0 1
1.26752621286 -0.362509894613 -2.55279450649 0 0 0 1
8.45767091397 -8.02395157114 -2.97812611638 0 0 0 1
0.576426544458 5.47089157548 7.27114011807 0 0 0 1
2.60578644073 2.021240081 -7.17688402401 0 0 0 1
-8.38634350029 -0.221155939439 5.01730634516 0 0 0 1
-1.50147549506 -2.79717921426 7.83080169851 0 0 0 1
2.33275868619 -9.55729463388 -1.58075555773 0 0 0 1
-1.45410208831 2.00839865104 -7.51102831979 0 0 0 1
6.94448459423 7.31056158564 4.21036715316 0 0 0 1
-5.46889170123 5.50421489923 3.67415695703 0 0 0 1
-2.10872147692 -1.8099880392 6.69903253806 0 0 0 1
5.33614258354 1.8572543357 3.69156922899 0 0 0 1
-0.473960942661 5.27091616659 6.2223529875 0 0 0 1
1.71619258027 1.4952379041 -7.51312226289 0 0 0 1
5.20119262501 -9.61430592563 -7.06905262831 0 0 0 1
0.741408934479 6.56847996972 -2.98136647633 0 0 0 1
3.81849501043 0.219746034195 -6.17378217587 0 0 0 1
0.0953996954991 0.574706801017 0.976414314322 0 0 0 1
-0.634151851512 8.85420116009 -7.1016640816 0 0 0 1
-8.28878985952 9.67264459851 8.04945676619 0 0 0 1
-2.44173494661 8.08109935464 3.61413522424 0 0 0 1
2.66064326302 7.55885421872 -2.75492709456 0 0 0 1
-9.45199079362 -8.74524989458 9.36558891997 0 0 0 1
-4.48741124388 -0.714758699581 3.73331853279 0 0 0 1
1.41750786459 8.53750121504 -7.25386620022 0 0 0 1
8.37416556218 9.80434005352 -6.42845406672 0 0 0 1
4.85333894046 -6.92495096183 -2.37004961227 0 0 0 1
-9.06395665528 7.80352957351 6.1472098433 0 0 0 1
-8.33734375014 -3.95689343471 -4.58039782218 0 0 0 1
2.94085441074 5.66610122902 -1.61474860751 0 0 0 1
-2.47885152692 2.8799985825 5.1063622277 0 0 0 1
-6.24116721176 -6.95697212988 6.96593091351 0 0 0 1
9.30033705893 -2.4724137644 -1.78648741452 0 0 0 1
-0.296110507619 -7.96746529013 -2.65844460961 0 0 0 1
1.84805595008 3.90887760231 3.56314661968 0 0 0 1
2.33243055354 4.62886294111 -3.8898405181 0 0 0 1
2.89854353489 9.90959862891 0.371664148954 0 0 0 1
9.81698007823 4.16439011032 -6.46169180282 0 0 0 1
-1.11328583557 1.87116058589 4.73425561846 0 0 0 1
0.651409241859 -2.68089069776 3.63948542412 0 0 0 1
-6.1537925235 -7.55292030158 4.68101257636 0 0 0 1
0.284994850265 -6.40033410708 2.2255641582 0 0 0 1
-6.72953792015 -4.19563887861 2.16368685023 0 0 0 1
-0.58119496169 4.80497485276 1.68139395504 0 0 0 1
-9.21990633109 3.47867825527 -7.45325471105 0 0 0 1
-3.11247281652 -5.42735035918 -5.36446469723 0 0 0 1
7.20995036874 4.28386280191 1.00783368376 0 0 0 1
9.72878040255 1.22067440485 -1.83132778372 0 0 0 1
-2.40820106347 6.75993325243 -0.338087671885 0 0 0 1
2.52822091247 2.99968829042 9.32299879582 0 0 0 1
3.32433370353 -9.70064509596 1.02512992108 0 0 0 1
-9.27249825191 -7.20202343123 6.25234418971 0 0 0 1
4.45176853055 6.66769678179 8.59508487478 0 0 0 1
6.42493689395 -2.93042894504 -2.58827000583 0 0 0 1
-3.26433879363 9.21936536595 -0.416193641825 0 0 0 1
5.5130919396 -8.34601216559 6.63084594097 0 0 0 1
-7.10507298751 -6.20510323194 1.20838158178 0 0 0 1
8.37146262942 7.43562311172 -2.33865291877 0 0 0 1
-6.5635194601 -8.59387123298 -4.72743364608 0 0 0 1
-3.05341513032 3.0277215511 6.87075162273 0 0 0 1
-8.91081460524 -6.69694171686 2.14021455825 0 0 0 1
-5.26098714694 0.962820683689 -6.84569718942 0 0 0 1
-1.18742275 9.41187650828 -0.507983600519 0 0 0 1
-6.80337702271 6.31007615637 4.08667349309 0 0 0 1
-8.26497677545 -7.55796716705 -4.10452198457 0 0 0 1
-6.1788077061 9.6160429804 -0.281567105826 0 0 0 1
-5.51856700275 -0.099153680196 2.43651240565 0 0 0 1
4.11013978121 6.36730444395 9.88232343035 0 0 0 1
0.99988593136 -3.53818657189 1.23501582191 0 0 0 1
-1.98975224125 2.75058946972 -6.15862186089 0 0 0 1
-9.36962633582 4.83092998685 8.96947715179 0 0 0 1
3.55199933067 -9.6580595773 -5.35757027499 0 0 0 1
1.01858853382 6.10274420271 -0.145761456134 0 0 0 1
1.50896124533 -1.91401981991 3.57529052726 0 0 0 1
-8.88670485537 -1.13018376968 -1.5508669474 0 0 0 1
1.67700925805 7.25866902748 1.07376233211 0 0 0 1
4.06328966231 7.56586130382 -8.3525175365 0 0 0 1
9.50483251583 2.12279030322 -4.32197343022 0 0 0 1
0.165523997419 -6.72145133431 -9.25422353212 0 0 0 1
-1.43201980656 4.39565665535 8.10803203744 0 0 0 1
0.654956841144 -8.97300423972 -5.06569309673 0 0 0 1
5.03893333519 3.50757908292 -1.9558092588 0 0 0 1
-8.96667418417 9.62018221575 -3.79245912674 0 0 0 1
2.51791506668 -4.15059954593 9.2063997098 0 0 0 1
6.45679289477 -9.93542453856 9.0278218955 0 0 0 1
-1.09747427459 9.19163496091 7.51066299575 0 0 0 1
-4.52855965151 9.37498079452 8.39359347621 0 0 0 1
4.07396519186 8.94716211036 6.95595892734 0 0 0 1
-7.53498773196 -3.02230880295 -1.51299897473 0 0 0 1
5.13307794492 8.85889527964 -3.20787575426 0 0 0 1
-7.96880051556 -9.47724628364 -9.93466315353 0 0 0 1
-1.13273081845 0.486844080727 2.43009115953 0 0 0 1
-6.41516149404 -3.45074322881 4.30541145782 0 0 0 1
-2.57248741263 -0.289042194846 9.95354578052 0 0 0 1
-4.65787445153 -2.25176568524 1.2924622938 0 0 0 1
-3.35273041874 -0.784042488026 -4.986637251 0 0 0 1
5.61742708465 -0.377766473456 4.87897712697 0 0 0 1
-7.5974703959 7.81661554257 1.84018168295 0 0 0 1
7.95487269453 -3.42386475392 7.56817349088 0 0 0 1
-3.66794623826 -5.70658745581 6.94700761282 0 0 0 1
-4.84217169272 4.26388632426 0.474890230597 0 0 0 1
1.77007240779 0.0765347466048 -5.26391757959 0 0 0 1
7.9707655145 0.0491929379828 6.29889460914 0 0 0 1
4.19503657471 6.07344741963 -3.77006802922 0 0 0 1
-7.35174857641 -5.58683593314 1.88276379759 0 0 0 1
-8.01965769591 9.90696086236 3.78134985473 0 0 0 1
-5.71207694258 -6.41044498447 -3.10364556536 0 0 0 1
2.45044357122 -2.92396828904 -7.66073510212 0 0 0 1
-7.33269227302 1.22965028543 -3.39979454193 0 0 0 1
-8.07916947025 -1.44106056017 -0.474229051329 0 0 0 1
8.12370354109 3.34343481407 -5.88822990824 0 0 0 1
8.52638939131 8.2986811482 8.92487998321 0 0 0 1
3.03674221022 -3.9073185123 7.40121101916 0 0 0 1
-5.42431808753 2.53964006388 -9.52870753796 0 0 0 1
3.20770421823 -2.13021414178 -5.34541521581 0 0 0 1
-5.17323344269 5.92730315128 7.32233824403 0 0 0 1
-1.03442356117 8.51179441739 -8.33723622489 0 0 0 1
-0.221081221848 -2.67887901351 6.0888052341 0 0 0 1
-0.744313585254 -2.24922572301 1.07104780722 0 0 0 1
0.48966173979 3.64711099827 8.51510599163 0 0 0 1
1.55906861542 -6.59874723185 6.58845614613 0 0 0 1
-7.13000426698 -2.46011951033 2.41784925393 0 0 0 1
5.92223833519 4.83764292721 -2.3494994352 0 0 0 1
-4.46550882457 -9.44531869475 -5.53282815231 0 0 0 1
5.55408145474 -4.94486586921 9.01633624453 0 0 0 1
-2.17141830985 -9.13086102105 7.21171622157 0 0 0 1
-2.20502866838 -6.50655138113 6.11783235876 0 0 0 1
-6.3372001059 4.03025053367 -3.25829314654 0 0 0 1
-1.94900020456 5.44344592542 5.52971367537 0 0 0 1
-1.15054830597 -8.79202235679 -8.704956592 0 0 0 1
6.43673468903 1.3399400524 0.264671396678 0 0 0 1
-0.768565415658 1.90978010456 -3.88339960208 0 0 0 1
-6.44693738567 1.55771084232 -3.48235687591 0 0 0 1
8.84379866689 -9.75296472719 -4.39813274538 0 0 0 1
2.81235639992 6.15216062205 -1.45694938693 0 0 0 1
1.14501141833 6.32383773941 8.59582237477 0 0 0 1
-9.68905069912 8.30848353497 7.32605841836 0 0 0 1
-3.4082520451 -0.664057988584 -5.65852662381 0 0 0 1
-0.831014597697 -1.19045003537 -8.32242597959 0 0 0 1
9.39325479266 -8.39424535209 -5.25325168919 0 0 0 1
-2.32717683864 6.57167272805 4.44186992254 0 0 0 1
6.32819255669 -4.8857863826 -5.45441541777 0 0 0 1
-8.36805559405 1.85830943209 -8.85396390818 0 0 0 1
-2.71191757073 -1.37724657381 -4.74558045917 0 0 0 1
-2.48427560114 -6.92241513405 -5.04702169893 0 0 0 1
8.97450573169 -7.30426750912 -3.56060899092 0 0 0 1
9.94081311206 0.49682568211 1.50923763777 0 0 0 1
4.06612138517 -4.69531126915 -6.21491382113 0 0 0 1
-1.88403853807 4.98892542362 -8.49491242454 0 0 0 1
6.00711153406 1.69988154922 -2.93940933673 0 0 0 1
-4.43534253302 5.32221953809 -6.00909794074 0 0 0 1
0.31442174667 -9.75550845785 -0.191635584613 0 0 0 1
3.40321989525 -6.78137530486 6.18411643643 0 0 0 1
2.63200740782 5.40768817295 -1.37784392196 0 0 0 1
0.910115168553 8.68350584373 5.9282338078 0 0 0 1
-1.28784714629 -1.83067526517 6.3545424169 0 0 0 1
-1.28690665624 9.96616552923 6.28441547812 0 0 0 1
4.0713492011 -3.12245095713 -5.48926523372 0 0 0 1
2.78733048748 -0.601027225802 -5.12525672464 0 0 0 1
-3.1233721464 -9.39905009443 2.95137620862 0 0 0 1
-0.369097428358 9.14226306983 -7.93825804398 0 0 0 1
-6.29565878724 3.76161357277 -8.01376993549 0 0 0 1
-1.5846496505 7.80337795856 6.29206840445 0 0 0 1
2.64419016049 9.54866776467 2.08321692704 0 0 0 1
5.14267297414 6.87429042267 2.99485326549 0 0 0 1
3.89831062315 -2.05523238193 -1.49979209055 0 0 0 1
-2.67658728064 8.76054035798 6.80764969961 0 0 0 1
2.99796101148 5.1462377295 -5.0454500219 0 0 0 1
5.63388446534 -1.02323827133 2.21042312356 0 0 0 1
4.63530922799 -7.21383713499 3.42275891543 0 0 0 1
6.5526747325 -2.52569944217 2.70137430784 0 0 0 1
-0.399461460664 2.1972429203 9.64243521852 0 0 0 1
-5.9518619876 -7.72246194124 4.64884515451 0 0 0 1
1.59279417105 -1.61345715658 1.77090872559 0 0 0 1
-3.18698744209 -6.27790157099 -2.84615128977 0 0 0 1
-7.4946307157 -7.25922874053 -8.6035913021 0 0 0 1
0.542556780295 1.32942231247 3.79143295061 0 0 0 1
9.30614307696 -1.48443005715 7.43780439551 0 0 0 1
7.37152146382 8.39791807486 -5.78669868346 0 0 0 1
-3.44764495156 4.47888379908 4.06712082246 0 0 0 1
-8.28280137193 -9.99314838733 -6.71453898475 0 0 0 1
-2.86849324085 -8.41488924857 2.27398990601 0 0 0 1
-2.1028495726 -0.639379588804 -6.45585312087 0 0 0 1
-3.96109534762 -0.449103123776 4.83251524497 0 0 0 1
8.54137405219 3.56594393852 4.7672958103 0 0 0 1
-2.36507228352 -7.27725396911 9.74089251911 0 0 0 1
-6.74776382503 1.37286579307 3.37245578971 0 0 0 1
-2.30469439167 4.17008412915 -6.2638589031 0 0 0 1
-4.81007712674 -2.39365423767 -2.51387408132 0 0 0 1
-0.620289308848 -3.94775725788 1.92377771206 0 0 0 1
-6.52715166051 -2.3139692602 0.777739662616 0 0 0 1
6.83684094959 -8.52840359307 -5.15564181217 0 0 0 1
0.0230555924664 7.63721102518 8.37587627835 0 0 0 1
9.45452785079 6.11505312976 8.02597113735 0 0 0 1
-0.468896682845 4.13266029034 3.12739791556 0 0 0 1
-0.573212469485 -1.7422092128 9.56002914951 0 0 0 1
9.21369699738 8.10839650928 9.66344608222 0 0 0 1
-0.2433739171 0.799143558505 -2.09873215697 0 0 0 1
0.677772408406 2.32433638808 3.1739770308 0 0 0 1
-6.61972664822 -9.02736459434 1.39438150633 0 0 0 1
-2.65727455878 -9.0550119673 3.0785879124 0 0 0 1
-2.74586740562 -0.899679690039 4.14173981615 0 0 0 1
0.674568444957 5.92848064422 -6.82724847668 0 0 0 1
-5.08655908425 9.57591106336 0.0267780282696 0 0 0 1
-6.43078653919 -3.043937133 6.99186888694 0 0 0 1
-8.97334732831 1.85179089557 3.64593413371 0 0 0 1
-6.45924786458 4.40669196124 7.9010104306 0 0 0 1
-9.54075852779 -8.9463008716 7.48949628558 0 0 0 1
6.14079992942 2.18063517151 2.89842859585 0 0 0 1
0.681227036775 -0.721040698744 -1.50128329497 0 0 0 1
-6.50598670723 8.2783718137 7.22685451774 0 0 0 1
0.329617656486 -2.97857578991 5.17761818959 0 0 0 1
-0.967139546804 -0.392677632775 8.23343265587 0 0 0 1
-8.87971762423 4.90082588856 3.91048795953 0 0 0 1
8.70511161791 -0.483963081121 -5.97097029856 0 0 0 1
-0.311667377754 -0.111390844258 -7.59789131903 0 0 0 1
-7.5694481433 -4.44281715783 -6.29255048757 0 0 0 1
8.56669190616 6.52088709896 2.99394037444 0 0 0 1
4.42803242112 9.92028301226 -8.26607134659 0 0 0 1
6.14478829647 3.79815452248 -4.3350963547 0 0 0 1
-6.98863045553 -3.80217219424 -9.67605291215 0 0 0 1
-1.10294550702 -9.19912356694 0.457013830309 0 0 0 1
-8.55947015084 -6.2703009196 9.43047919368 0 0 0 1
9.93228717643 -6.53741074546 -9.11260968604 0 0 0 1
8.78065166097 3.93580528268 9.38011593344 0 0 0 1
-2.4276586764 -3.54279500539 2.76063215579 0 0 0 1
3.08310355125 -7.30468463321 -3.17262427124 0 0 0 1
-7.21522538238 9.50172874302 2.13200927148 0 0 0 1
6.00261006777 3.08654239108 -4.2144978442 0 0 0 1
4.32480745891 -6.89484213781 -8.40539690278 0 0 0 1
5.88532719351 -8.28207659223 -7.24490517183 0 0 0 1
-7.08469906753 -8.35840486767 1.88426424806 0 0 0 1
7.77270889486 -7.54965247157 4.18156917213 0 0 0 1
5.96886990855 -2.44983614897 9.17706383931 0 0 0 1
0.208399551769 -3.33013663152 4.85878101696 0 0 0 1
2.95714067784 -9.47828324415 5.61545120661 0 0 0 1
4.40963418146 -5.79191630989 -6.52171976444 0 0 0 1
5.05900020955 -6.65545274072 5.24954039416 0 0 0 1
1.55916302816 7.8325276712 -0.52154808491 0 0 0 1
0.210757080203 5.09129464869 9.48431705247 0 0 0 1
-0.395288356322 -9.26144183987 -4.02127649727 0 0 0 1
-8.39352876095 5.3490689023 -5.50835277759 0 0 0 1
0.821401446581 6.8603407977 -0.49245381101 0 0 0 1
7.09375524475 -3.12495813737 -7.13586266606 0 0 0 1
-8.02557130553 1.42607237527 7.30016165817 0 0 0 1
-4.99047322876 -6.49598813709 -3.1004951621 0 0 0 1
6.8440834028 -0.057695280759 9.08552227014 0 0 0 1
-2.72531246718 -7.01688765107 3.89486028623 0 0 0 1
6.04686474569 -2.89982932751 3.78946672514 0 0 0 1
-1.81198139904 -8.84870933049 8.24875599604 0 0 0 1
-0.156878541989 8.11285837374 3.53278749963 0 0 0 1
4.17065257607 -4.34478979024 2.93529941684 0 0 0 1
-9.16286327483 0.00211428665747 4.55018691545 0 0 0 1
-8.13202335903 8.6904571534 8.17648911138 0 0 0 1
-6.05542871187 -4.99600781511 9.09632087374 0 0 0 1
2.7456705145 9.94049366134 8.13476334582 0 0 0 1
0.755738530368 1.94314201751 -2.36408683895 0 0 0 1
1.40025884016 -8.43426460236 -5.00707866228 0 0 0 1
-1.37407899055 -7.12145449255 -8.60143580089 0 0 0 1
8.3053892483 1.09583977602 3.92939261207 0 0 0 1
-4.49191323332 -0.773230630956 8.40757223713 0 0 0 1
9.99129126838 6.67576423395 -8.4436209009 0 0 0 1
-3.38541686237 6.87434310949 5.49401748104 0 0 0 1
1.74402984613 -1.72287251359 -9.60779903293 0 0 0 1
-1.10386093824 -3.02054045062 -7.69020071337 0 0 0 1
1.49682578251 1.49967968015 3.6002995665 0 0 0 1
-5.71322778369 0.393638384105 2.56276456154 0 0 0 1
1.32249627586 -3.43106605991 -2.35515002933 0 0 0 1
-6.2062749118 -6.88574557326 8.1147847702 0 0 0 1
-0.174293044416 -4.03808575676 9.56321592889 0 0 0 1
5.90588843743 -4.68300607722 3.19291869453 0 0 0 1
9.23285521124 7.46816786869 7.84192209207 0 0 0 1
7.3936777034 9.56298009798 -4.05407168525 0 0 0 1
4.62878888279 -3.24251604573 0.685543938504 0 0 0 1
7.15491014967 9.0999040164 -4.31031931935 0 0 0 1
6.60695262057 -1.57259309435 -9.12088586874 0 0 0 1
0.849707120648 -6.77402635902 0.58758057297 0 0 0 1
1.97995515652 -0.436346648317 3.26398258079 0 0 0 1
-4.84499422846 -1.36001786428 -2.20767760683 0 0 0 1
2.61733692093 6.51053404294 0.723211889841 0 0 0 1
-1.13313408622 -1.39386838031 7.92053238788 0 0 0 1
-3.50513196987 -2.43411961728 3.43436380469 0 0 0 1
2.08883332872 6.78871430231 -3.81056252029 0 0 0 1
-3.41851576516 4.87043331585 -9.07467519342 0 0 0 1
-7.7664049007 6.96401615646 5.26485877995 0 0 0 1
-8.48857875935 -0.200808909524 -3.33326978561 0 0 0 1
8.0122751211 -8.0015409903 -6.23629028264 0 0 0 1
4.55710107675 -6.55718838128 5.90160461988 0 0 0 1
-0.0938113728091 0.0681735444188 -1.8344379502 0 0 0 1
7.98448534785 3.56924663029 1.80548496276 0 0 0 1
5.83717820788 -5.67324179669 -0.165388267616 0 0 0 1
-0.192536363422 3.10144958864 6.82607539979 0 0 0 1
1.73247614925 -3.52052328173 0.424889475405 0 0 0 1
8.99923254367 3.02773831689 -6.75174965697 0 0 0 1
7.44620800335 1.93922625472 5.45636159302 0 0 0 1
6.12929630287 -0.127223998196 -5.8814294202 0 0 0 1
-8.33163052431 0.69084351218 8.38328065704 0 0 0 1
-3.53119649247 0.547687892404 -7.94280164679 0 0 0 1
-0.31543696666 4.38287166191 9.06684487363 0 0 0 1
-9.40653233044 -2.15181896004 7.48982631872 0 0 0 1
6.78213670144 -7.17005361904 -0.0141665449402 0 0 0 1
-7.02983796317 0.482849768774 -0.170691940931 0 0 0 1
2.78551696944 5.0897107712 6.99122899029 0 0 0 1
-9.5010778765 -2.26615191026 0.876145802468 0 0 0 1
7.64359366874 5.96173652904 -0.879728278729 0 0 0 1
-2.61878891753 -0.43978143879 -9.14213795283 0 0 0 1
-3.38446665203 9.83239086063 -4.23091902578 0 0 0 1
-3.09259732896 -4.32792697314 4.58416467022 0 0 0 1
3.66794522597 -3.95959561741 5.36837911528 0 0 0 1
-4.70813772276 9.4504524119 3.87383558486 0 0 0 1
0.185605167987 -0.750849545963 -2.14379895217 0 0 0 1
-8.6525094578 2.72223729708 0.233456649976 0 0 0 1
5.03400904293 -6.93624958639 4.52949875296 0 0 0 1
-8.38922543327 -8.22628653812 6.27344147857 0 0 0 1
-6.80887620449 -6.99540993809 4.63175805756 0 0 0 1
8.91876477479 9.31481165119 6.59586164383 0 0 0 1
5.03427167596 3.05716585251 -0.00720124895274 0 0 0 1
4.66736832368 3.8007226424 8.90871733788 0 0 0 1
-9.8223964151 -8.97490116879 6.01880494118 0 0 0 1
-1.81158657137 4.06062714093 -1.45554961783 0 0 0 1
1.21451658704 -1.53780273298 0.140907403696 0 0 0 1
7.86612668607 -9.6929649412 -4.37770998256 0 0 0 1
5.22030467833 1.69374358826 -6.36423288577 0 0 0 1
-5.90573638585 1.59955459117 5.36121148657 0 0 0 1
-2.20339161179 5.94751469833 -4.36395929329 0 0 0 1
-0.73894507964 -2.06265969893 8.90754776717 0 0 0 1
4.23028609691 -4.23006928943 9.526726011 0 0 0 1
6.225667343 -8.04136131034 3.22853108753 0 0 0 1
-4.38039024528 -6.36856799924 -8.49501587128 0 0 0 1
-6.58812697518 -4.65971145608 -5.6033276518 0 0 0 1
4.65891183693 -5.01511205284 -2.97727723208 0 0 0 1
9.66860280681 3.77519397545 -2.29042695524 0 0 0 1
9.20228699112 -4.66761190293 7.04722870614 0 0 0 1
1.59557408078 -7.8052169063 3.4796044881 0 0 0 1
7.17924275092 7.65019495231 0.963128620244 0 0 0 1
1.09974328057 -6.23890057889 6.49501014692 0 0 0 1
0.590683589752 -1.3282555655 -1.18980718912 0 0 0 1
-7.99843524785 -2.12027265666 -6.78352222254 0 0 0 1
-0.955647707889 2.71913017282 -3.8423389891 0 0 0 1
3.97662750056 -8.00053786781 -9.76308224338 0 0 0 1
-0.379997762153 -4.88929876809 3.81785746027 0 0 0 1
8.11150610304 2.06440715622 -6.39193978767 0 0 0 1
-5.61106200709 -8.35666072628 5.62353087616 0 0 0 1
1.44537856691 2.74801811058 -8.50935296753 0 0 0 1
-9.67336107633 6.40000012351 9.68823032136 0 0 0 1
0.51062235591 8.5087741147 -7.52255113501 0 0 0 1
-5.58642320973 -1.94772042031 -4.51711825982 0 0 0 1
-6.60904370934 -9.3190174501 -3.61859193511 0 0 0 1
1.68375653841 8.61125258319 8.54227401149 0 0 0 1
7.88702399785 7.56729116902 -0.924093114163 0 0 0 1
4.0564111966 7.97541945251 0.00471031732742 0 0 0 1
-6.58798535632 2.31627177192 8.29385431356 0 0 0 1
0.708504683768 6.32704404486 4.40383396518 0 0 0 1
-1.71976034497 1.80052987417 7.1181855664 0 0 0 1
3.38248691581 7.84437851072 5.35125182804 0 0 0 1
-5.71596895438 8.4238744392 3.49920269276 0 0 0 1
2.28462931412 -6.96973361039 -3.72713032576 0 0 0 1
2.13234333767 -2.07445128461 1.52239266261 0 0 0 1
3.00911810267 -4.82603085436 0.791930011586 0 0 0 1
0.472562843565 1.30163405602 -4.68198626096 0 0 0 1
-2.14687061559 -1.22754886412 3.37891130146 0 0 0 1
6.23069665786 -4.37757581508 3.11517423614 0 0 0 1
7.92919860001 6.80704927812 -2.87005517117 0 0 0 1
-8.50634622996 -5.34468975299 -6.8764765694 0 0 0 1
1.96692695058 4.19752463611 -6.30621021919 0 0 0 1
-9.67582301405 -3.57293764441 -2.41866094582 0 0 0 1
3.13776960046 -5.74814644002 7.71378648785 0 0 0 1
7.87410912772 5.39817539963 3.68806084904 0 0 0 1
9.28583887266 4.82894957831 1.78850006686 0 0 0 1
0.382027807616 -1.78242856087 -3.22993465539 0 0 0 1
7.45233873498 4.14535991051 -3.32658346614 0 0 0 1
-5.04565079237 3.49315825752 4.18662722048 0 0 0 1
-4.80380993366 2.13935987882 -8.96842842716 0 0 0 1
-2.48334887445 2.39803202016 6.43895022947 0 0 0 1
-6.77937373602 -3.10036205939 5.92435123346 0 0 0 1
3.43696149587 -6.92174007273 -5.80881497491 0 0 0 1
-8.13882369158 6.90121022069 -4.83281691357 0 0 0 1
3.01883711427 -0.124800388974 3.70182747218 0 0 0 1
-9.43628072306 -9.91866221445 4.30686941637 0 0 0 1
-7.58361483249 1.53554129722 -0.183307016307 0 0 0 1
-0.82634633272 -7.88279014383 5.00387048642 0 0 0 1
4.68986887771 4.14097965185 -7.60430621255 0 0 0 1
-3.48848602448 -7.11422748303 -7.38659020772 0 0 0 1
-0.328233038902 -5.07548567631 1.58096707727 0 0 0 1
-2.67587754516 8.09669606104 -8.41698400517 0 0 0 1
-6.31596396258 6.70924393688 6.97725856884 0 0 0 1
3.25022945234 -1.19849504752 0.431789307582 0 0 0 1
9.94283887324 6.35795424112 7.47636142184 0 0 0 1
4.7656455954 9.12017590381 -0.773436632395 0 0 0 1
7.70363011328 1.54269284137 -5.41697113028 0 0 0 1
-1.03495044368 -2.54073447076 7.61548050127 0 0 0 1
-0.279370259379 -2.24877643787 -2.56952553345 0 0 0 1
3.83689701017 -6.67610792193 4.54692644304 0 0 0 1
8.46790370907 -6.19777741243 -9.55697728194 0 0 0 1
3.07848697395 -6.3667568854 7.3076616218 0 0 0 1
-2.16436295525 -1.65724010584 -3.69399397073 0 0 0 1
4.21049531597 7.59632183908 7.83841211441 0 0 0 1
5.75948899244 6.0333620411 8.06445016771 0 0 0 1
-5.94847273169 5.9836104246 6.54032062894 0 0 0 1
-9.31304226679 8.33936545927 1.73845329429 0 0 0 1
6.57403534444 -1.13730206298 0.901958983977 0 0 0 1
7.2785475879 -2.41468169549 9.57737286967 0 0 0 1
4.29043659134 2.38125453433 -7.42587386393 0 0 0 1
8.06219467457 0.0953559561205 -6.09240641923 0 0 0 1
4.45162945511 5.91686730301 6.27899657831 0 0 0 1
-1.30100683267 -0.184273658922 -2.84163979641 0 0 0 1
0.49409442818 -8.05992722671 0.565828078792 0 0 0 1
-5.53732019096 0.261145367559 -9.27501012525 0 0 0 1
-5.21301806589 9.23490936118 -6.99017498133 0 0 0 1
6.6869200054 -6.58660573713 2.40874248866 0 0 0 1
2.39798489632 2.48106381272 3.98054933671 0 0 0 1
0.940676470784 -0.0744691202278 -1.58462597239 0 0 0 1
-2.27016857345 -9.68603779787 9.54257722252 0 0 0 1
-7.4873395336 -7.13413215839 0.52662131128 0 0 0 1
2.57582420817 7.85893200889 -9.87511250273 0 0 0 1
1.30229971556 -6.87544428381 -6.46783784291 0 0 0 1
6.08611658887 -6.99948847551 8.69910921299 0 0 0 1
9.98847167567 7.417585928 -9.02107507872 0 0 0 1
3.36011272924 -7.63468843242 -2.93002286608 0 0 0 1
7.72126975905 9.45422317565 -6.07100162282 0 0 0 1
-1.92990742826 -0.300181880657 8.97289857463 0 0 0 1
-0.371596018661 6.81055271769 7.28422692952 0 0 0 1
4.71487127307 4.6825859653 7.42158651054 0 0 0 1
7.03118527398 -0.494300621351 -4.02879511039 0 0 0 1
-0.154013559336 6.72213902424 9.0098285136 0 0 0 1
-7.30202930655 -3.9289591136 4.68365991723 0 0 0 1
1.33936566362 -3.97316290364 4.4034116798 0 0 0 1
-5.64790873817 5.55919778212 1.612140003 0 0 0 1
-3.10932875055 -9.58513470828 7.54221958166 0 0 0 1
0.983043167525 -4.30239108895 -5.44196199238 0 0 0 1
-1.73343993877 0.729360701241 6.8044151719 0 0 0 1
-9.56485861706 4.90415191549 -3.81666775022 0 0 0 1
3.9539535969 3.9495842679 -1.7371421379 0 0 0 1
0.914184077181 -0.930491993732 -9.55809738466 0 0 0 1
1.48876176583 -1.5110187482 -5.81608039741 0 0 0 1
2.42640978944 -3.01657451842 5.92939731945 0 0 0 1
5.4166939621 -0.0582558782848 1.87695251007 0 0 0 1
-4.93017572945 7.0719424323 -2.57020085384 0 0 0 1
9.32509652577 5.72266383609 6.70917257281 0 0 0 1
-8.91493305405 -4.14406473975 8.9432376602 0 0 0 1
-6.13003814651 -7.4594936277 4.12493586339 0 0 0 1
1.20934613752 0.656519301013 0.92752091374 0 0 0 1
9.01767318525 4.00515460552 -3.53407648934 0 0 0 1
-5.47055606404 6.46318122278 7.61499205963 0 0 0 1
7.11959451469 -9.20783144678 -5.47532738386 0 0 0 1
-5.73429256856 -4.55200185442 -1.68604020155 0 0 0 1
-9.83400369872 3.31845687386 5.85127692551 0 0 0 1
1.08880691709 5.55701009097 7.06461799101 0 0 0 1
8.51734874041 -5.55952536745 9.47250538399 0 0 0 1
-1.53431541079 5.46990249014 -2.38312904165 0 0 0 1
0.407533128222 -9.31445116804 -3.78980569483 0 0 0 1
4.84537554456 5.09626410152 -1.79147127882 0 0 0 1
-3.70185537484 -7.9584970074 7.98790822684 0 0 0 1
-9.22331444287 -2.92674525041 4.51280315496 0 0 0 1
-6.58525552495 -0.222215987432 8.48667472857 0 0 0 1
5.20122805325 -5.90739865779 5.15598954751 0 0 0 1
-4.51562140281 6.68408512449 0.229199845586 0 0 0 1
8.09182976397 -3.60629111569 7.71246968814 0 0 0 1
-1.0332456435 3.19236241718 -7.42215708293 0 0 0 1
3.89022562889 -0.360174137121 3.48413249502 0 0 0 1
-4.06006113704 -7.49943065503 6.80399068451 0 0 0 1
2.46031406165 -0.537504491373 -0.764650137027 0 0 0 1
-2.8395401077 -1.16391417361 -6.00296160635 0 0 0 1
4.98526968743 -5.97813237875 -1.06985071231 0 0 0 1
9.82756907786 1.58888306264 0.905298790816 0 0 0 1
6.29736519947 -0.774231720706 2.07888452403 0 0 0 1
-4.21355265536 -0.481423341567 7.21548965231 0 0 0 1
5.88549880317 0.39054371379 9.68671380926 0 0 0 1
1.19220005635 -7.89592704463 2.39636821729 0 0 0 1
-5.55206860974 -6.87203773112 3.8654568997 0 0 0 1
1.07238263345 4.54086641267 -2.77569208659 0 0 0 1
5.23463346939 -9.65160741204 1.6648185401 0 0 0 1
0.970099836716 -2.08162843487 -4.08526215671 0 0 0 1
-0.533656249849 2.68737616067 -0.020890754862 0 0 0 1
7.7533471236 -0.399233018063 4.72404634437 0 0 0 1
1.78765753216 -0.563456666168 3.80637189689 0 0 0 1
4.15327414242 6.56497220708 6.15024422008 0 0 0 1
-2.04224588884 -9.49542055655 6.83670582342 0 0 0 1
7.92150233377 1.26833713685 3.02939849668 0 0 0 1
7.81037391391 8.86710161651 4.0139884597 0 0 0 1
-2.10261248517 6.4023364044 -8.29678032187 0 0 0 1
-8.39585030528 0.716261318353 5.83173776801 0 0 0 1
-8.82128315292 4.11365328263 -9.95214258351 0 0 0 1
-0.63592788912 2.93912662046 -0.424830503089 0 0 0 1
-5.43828220225 -1.62399103538 6.49938028997 0 0 0 1
4.35518417345 7.77559399476 -8.00498448044 0 0 0 1
3.43402175136 -3.68993008832 -7.7632075339 0 0 0 1
4.68752441511 -3.88430713813 2.48582251605 0 0 0 1
-0.796209433956 4.83958402729 2.53170301344 0 0 0 1
-9.52661927985 -7.44838177717 -6.01318274969 0 0 0 1
2.66894372306 -9.83507637704 -7.53873944694 0 0 0 1
2.28634023045 -8.47129926798 -9.11288407267 0 0 0 1
9.9919734056 4.1968792434 -1.5791620947 0 0 0 1
-9.39129287009 -9.41433161224 2.12130751719 0 0 0 1
1.61692738707 1.35366723713 7.86609307578 0 0 0 1
7.52741658164 -1.83641771246 -9.27984191356 0 0 0 1
-1.73657652597 -0.987477449419 -1.49689275264 0 0 0 1
1.23521995462 7.59101620788 4.12376904618 0 0 0 1
-3.79048184186 9.20653854973 0.975284960041 0 0 0 1
7.15339420355 3.84770233895 -2.18195098269 0 0 0 1
-7.78091970226 1.59444807453 8.93044122057 0 0 0 1
3.8611363162 0.00665925834412 -1.20436711598 0 0 0 1
-4.69455568116 -9.14809724627 -4.31581159377 0 0 0 1
5.11227490006 9.16238574015 8.12640372893 0 0 0 1
-2.44332593918 0.371997422974 -1.95890983917 0 0 0 1
6.46822275575 0.706707527259 -3.76677312096 0 0 0 1
9.08757457002 -8.98344381834 -8.69763503993 0 0 0 1
1.21405923938 -0.583655494824 1.06323239505 0 0 0 1
-7.80723570182 7.4035071627 5.3676773392 0 0 0 1
-3.43598035599 -3.54956893338 -0.56320901904 0 0 0 1
2.96481353384 5.16064580039 9.53663064117 0 0 0 1
6.09222547379 3.12590230695 3.34444175712 0 0 0 1
