8.48941342218 -9.34246816431 0.102264603855 0 0 0 1
5.00091214065 6.53147224053 3.34648382518 0 0 0 1
5.96808480841 9.93974749761 -5.79673937456 0 0 0 1
-9.76252906976 -7.33124433025 1.33557306311 0 0 0 1
0.315234568961 -8.16787449174 5.3564701377 0 0 0 1
3.82181160429 0.348264896453 0.991139373902 0 0 0 1
-5.72603806537 -1.43815374935 1.6767958723 0 0 0 1
9.50549858807 -6.47174540004 9.9361369532 0 0 0 1
6.04090703011 6.24816022298 -3.07825562773 0 0 0 1
-5.80196049419 5.02537880493 -1.8630330403 0 0 0 1
-4.7885839519 4.81595477215 -4.67379335061 0 0 0 1
-6.44177348006 3.28660565733 -9.21245867279 0 0 0 1
-7.89926156239 -7.25115175366 -3.5147061917 0 0 0 1
8.73763132766 3.81067113546 -6.61170870773 0 0 0 1
8.09001533228 4.24289580682 8.12115289302 0 0 0 1
6.23283163047 4.22952052321 4.57323277846 0 0 0 1
-9.45697000185 -4.08646141584 2.69543611798 0 0 0 1
8.1884074076 -5.98716334885 -6.18293666616 0 0 0 1
-1.19000399721 -0.68735283958 4.6468827769 0 0 0 1
-8.34944768097 -4.8946170877 0.770781717814 0 0 0 1
-8.29575453424 -7.44530324038 -6.51057625431 0 0 0 1
0.232981339933 5.93100576524 2.05457339637 0 0 0 1
-3.52355130663 -8.57843563275 8.63517541877 0 0 0 1
-3.95296489496 -2.59061629234 -4.09297837947 0 0 0 1
-3.05857560491 -0.087690845617 3.60512338698 0 0 0 1
7.58416573091 -8.83893801351 -9.51623977651 0 0 0 1
0.903113212932 0.11388407723 1.73271963232 0 0 0 1
-2.71301875422 7.32042078178 -0.629498519914 0 0 0 1
9.76977969114 8.31209008785 -5.57968934308 0 0 0 1
-8.20913191474 -8.42170731206 -9.97458814018 0 0 0 1
-6.40942210203 4.61181600942 -1.54958020964 0 0 0 1
-1.72048667904 8.71913759227 3.23233356431 0 0 0 1
5.00348486007 9.31865545606 -3.23236391234 0 0 0 1
0.202156517802 6.07380176444 4.09254735359 0 0 0 1
-7.80753346713 -0.470899670444 -0.52962457065 0 0 0 1
-3.63934066766 -6.66808290115 9.65132428976 0 0 0 1
-0.729167732633 2.53045055016 5.01816453899 0 0 0 1
6.05689711848 -1.50639401549 -8.8098138046 0 0 0 1
6.59088332075 0.820160569781 -1.29798526796 0 0 0 1
-8.86460893529 4.54757031841 -1.21748139739 0 0 0 1
-2.43905095993 4.18065197858 0.492847920415 0 0 0 1
7.11315066439 5.42444123099 3.73735707157 0 0 0 1
6.59741198785 3.75923976577 6.83557839552 0 0 0 1
5.42920641493 9.75869870647 -3.88663171644 0 0 0 1
-9.96190032189 7.41609645655 -1.70780853637 0 0 0 1
4.7622560078 7.75122229745 -2.24373930046 0 0 0 1
-7.86841231328 7.16882258518 1.56671572437 0 0 0 1
-0.300519223527 4.61738959103 -3.54324758236 0 0 0 1
-3.72717323502 -1.96262387013 -1.00887512952 0 0 0 1
3.04737633244 9.94350498453 -4.11247241259 0 0 0 1
9.97079903629 -2.66640451854 9.40978892401 0 0 0 1
8.25200957699 7.40673965774 6.83524608807 0 0 0 1
-6.80180164145 2.92464852996 7.80118852774 0 0 0 1
6.51060906017 -7.96876281041 -2.9253093116 0 0 0 1
-2.29603399212 7.28165015664 1.60387049408 0 0 0 1
2.69090984067 -3.65658701041 -7.49279497643 0 0 0 1
-8.38189406159 -6.25323349859 -1.15562020958 0 0 0 1
-8.21624530427 2.94349441717 -3.33111054199 0 0 0 1
-9.65387440275 6.02546448579 -3.24982104722 0 0 0 1
6.52660683863 0.833895541841 -0.816300320052 0 0 0 1
-9.19690333416 8.64562755212 8.72030757181 0 0 0 1
8.51379973113 -0.117448589937 -6.10153318447 0 0 0 1
6.28336697527 0.421774913286 9.69003719736 0 0 0 1
-9.96791480718 -5.57980226475 1.48472291301 0 0 0 1
3.16926555463 5.94923472456 1.09800615466 0 0 0 1
0.53538120144 4.35948057444 -5.62132138551 0 0 0 1
4.40968523939 0.514895822234 -2.42404628665 0 0 0 1
2.26811290427 -7.45907938164 8.9804505494 0 0 0 1
-4.10776759451 5.24308701533 5.0297836649 0 0 0 1
-9.24445894795 4.12635849064 7.81646445213 0 0 0 1
3.77451814158 1.89067644057 7.14233574638 0 0 0 1
4.66501833242 6.92936676056 -3.93431722779 0 0 0 1
1.5295184158 -4.12996266813 -7.32333871878 0 0 0 1
9.37998090506 -9.86603814689 4.17958496368 0 0 0 1
-4.29543383075 -1.63147023576 8.18942141832 0 0 0 1
-8.37454371088 9.23445019632 5.28291285387 0 0 0 1
-4.74389597636 3.80223394465 6.12852806517 0 0 0 1
-6.10900216414 -9.02784999647 6.46759666794 0 0 0 1
0.692413893336 -4.18901366911 -7.29653453765 0 0 0 1
-7.32767916286 -5.690970476 8.36400635822 0 0 0 1
8.83115777819 -0.392831597963 5.47310842148 0 0 0 1
-4.02790596071 2.82644615543 -3.32894128578 0 0 0 1
8.85171653009 -9.76109910151 8.82300289438 0 0 0 1
-0.543686163908 -7.89313789233 -4.13308210771 0 0 0 1
-3.8908941408 8.10202028033 -2.78122616415 0 0 0 1
-2.45006620475 4.54233539688 -2.16734322979 0 0 0 1
-2.26878694553 -4.29681950495 6.88673367398 0 0 0 1
9.14500029617 6.79478771357 8.28990746356 0 0 0 1
-5.17071383337 7.65329909844 -0.505432899802 0 0 0 1
-1.96732740079 2.48782249821 1.81983186261 0 0 0 1
8.18559973771 5.41577039537 -7.97451570791 0 0 0 1
-5.11923855268 -1.92123563412 -9.90697975874 0 0 0 1
-4.79629814115 2.8852777523 5.60358005965 0 0 0 1
-6.67687521077 -9.53504332824 3.64907438235 0 0 0 1
0.949895393907 -3.62711864067 -6.36776632665 0 0 0 1
4.7033072596 1.05096925876 4.21109079413 0 0 0 1
-0.851121731939 -3.9465160882 -9.75325399768 0 0 0 1
6.63020802619 5.706400888 0.00378100709908 0 0 0 1
0.254040128364 9.99189218931 1.7150322609 0 0 0 1
-3.3745411001 9.86375360721 -4.84036057207 0 0 0 1
-8.86182806556 9.83473579753 -4.2436028032 0 0 0 1
2.32754609509 6.11573230254 -4.38473419034 0 0 0 1
-9.64915250233 -3.07697771858 5.54651434332 0 0 0 1
7.99323889937 -4.78171054721 9.57199887798 0 0 0 1
-9.05587097172 7.33733622474 7.94754749276 0 0 0 1
-0.224661818709 -1.38080672158 -8.97021010378 0 0 0 1
-6.48629513087 -0.711338741559 7.73798451427 0 0 0 1
2.62796520942 -2.51714672375 -5.8534106946 0 0 0 1
0.809799861401 5.97316887298 -2.13652034702 0 0 0 1
-4.11330553104 6.55584772366 1.35520922414 0 0 0 1
1.08252588852 3.32773620822 -9.19736045062 0 0 0 1
-0.336115056062 9.32980317001 -7.08595360552 0 0 0 1
-3.20252460322 4.16266392717 3.34894840701 0 0 0 1
-2.39368247581 9.3347252195 7.28125252398 0 0 0 1
6.60311171673 4.7499753109 -7.12161780944 0 0 0 1
6.30629559219 -2.10845425886 -6.35073536258 0 0 0 1
-3.01286258208 -0.681005869156 7.42577355345 0 0 0 1
-9.77013314825 0.361427530114 9.23575123287 0 0 0 1
-7.5451561829 1.98628993116 -5.7847094677 0 0 0 1
1.87133862956 -4.97759220606 7.17244354346 0 0 0 1
5.35914326012 -8.74580518057 -5.40108879445 0 0 0 1
-6.19109453514 9.46831284392 -1.90032829486 0 0 0 1
-3.26612950398 -2.15679125109 -7.17218394321 0 0 0 1
-9.06378828667 -6.70510206213 -3.1272586464 0 0 0 1
-4.44202506759 -3.4359909669 4.88381436553 0 0 0 1
4.33598676586 1.10284842973 -9.71587499486 0 0 0 1
-1.79859225359 -0.680663761501 5.59995372664 0 0 0 1
7.68002075281 -6.71736625044 6.25346468723 0 0 0 1
-0.750489858366 -4.84467095077 6.98199102068 0 0 0 1
7.31595013174 4.24705864616 -1.79771484575 0 0 0 1
2.07986324474 -6.98942063175 -7.52288283586 0 0 0 1
-3.58050389054 -9.02893626582 5.15650569486 0 0 0 1
-0.0653679641096 -2.10763470295 -5.63957381609 0 0 0 1
-0.987373477309 3.53801640648 2.34144043342 0 0 0 1
7.11876308416 -9.92785247251 -5.76934162102 0 0 0 1
6.27381065831 2.99019058116 -9.3546730188 0 0 0 1
3.47502387543 9.18565845222 -5.82398900675 0 0 0 1
-2.09101214998 2.74495500696 -9.19047780923 0 0 0 1
6.0536449962 -3.32809966267 0.868865648402 0 0 0 1
3.5043786796 7.90570477645 -8.80769886531 0 0 0 1
2.12918309701 2.25542638792 -4.65208116632 0 0 0 1
-1.40048231451 2.66571574774 6.29130722201 0 0 0 1
-2.56793617002 -0.964452657346 2.52856489328 0 0 0 1
6.66961746912 8.00392925769 4.15316491343 0 0 0 1
0.109307211831 4.23050675438 3.88195329814 0 0 0 1
-1.88809886011 -8.42023503755 -4.93621974211 0 0 0 1
-1.0291772665 2.63019669248 -5.94271788141 0 0 0 1
0.393810945736 -0.530542329763 -5.89864235651 0 0 0 1
2.48776226264 2.68700262799 4.86692143963 0 0 0 1
-0.8279751526 -3.0056897936 8.00373683761 0 0 0 1
4.50273941533 -5.3822537416 8.32912737453 0 0 0 1
7.29526866654 -4.42733611272 -4.93341390847 0 0 0 1
-4.72253154434 8.52800167542 -0.430872751155 0 0 0 1
3.8341202339 1.02708739426 -7.21442757891 0 0 0 1
0.470795298751 9.83747491171 9.23052231952 0 0 0 1
-8.87714105196 -6.90840003404 -1.58115604077 0 0 0 1
-2.43856971811 -3.56499968977 -6.77880019072 0 0 0 1
-7.14856128957 -9.92656952555 9.9942757748 0 0 0 1
-5.48806591712 -4.25494229328 -9.39988447664 0 0 0 1
-3.30372883878 1.19350134664 6.12861438847 0 0 0 1
5.39108095498 0.0176962260159 -7.32189611685 0 0 0 1
0.676026390213 6.38396707232 -5.42744291952 0 0 0 1
5.6085539763 -4.45681218832 -5.75955265335 0 0 0 1
-8.72745456403 5.58886903331 -0.492013228616 0 0 0 1
-9.19330870666 -7.76903593375 -8.49847039285 0 0 0 1
-3.88041955948 8.14751200076 -1.21678257077 0 0 0 1
7.59144258136 -7.27976517847 -3.81898516225 0 0 0 1
-2.24654548573 8.64358800851 -3.41772432048 0 0 0 1
-9.17632397983 -0.898351360656 -1.35426106057 0 0 0 1
-7.03545395783 4.69794484455 6.03873215791 0 0 0 1
4.8224433891 8.21197874921 8.70480553143 0 0 0 1
-8.0336309566 9.10151548024 3.68418035188 0 0 0 1
0.24725662762 0.262503460013 7.24474569827 0 0 0 1
7.42538935568 -7.48906330955 9.06394936032 0 0 0 1
0.855773393705 8.84518724165 -2.73646892062 0 0 0 1
-9.49565238183 4.13193459614 -6.63377556954 0 0 0 1
8.01115190984 0.351081786773 1.46929622214 0 0 0 1
3.31873846986 1.77199715623 6.01972693682 0 0 0 1
-0.586532503955 5.94249207255 1.25387030669 0 0 0 1
8.5531495344 3.58471180106 -2.46844977819 0 0 0 1
2.49383024021 -5.01030386726 2.98620984212 0 0 0 1
-1.02817060268 1.34402322189 -5.27876116954 0 0 0 1
-9.35211349444 -5.46755953979 -6.84524397371 0 0 0 1
6.29584687294 -6.7654809933 -4.11001740473 0 0 0 1
-5.32274570032 3.20989338428 7.66368614435 0 0 0 1
-7.60823739819 -9.3380888213 2.44882088798 0 0 0 1
-0.755194637418 3.68679432458 -5.3426480079 0 0 0 1
4.0950681811 4.91547659391 -7.25157882079 0 0 0 1
6.06297226696 6.97040872955 6.70131008271 0 0 0 1
-8.82502719529 -6.03619666214 6.23717729009 0 0 0 1
-6.99232413627 4.2865010933 -1.49588473521 0 0 0 1
-0.802794428204 9.50076171848 1.65435907624 0 0 0 1
0.580480210756 0.801227688138 -2.58492018085 0 0 0 1
5.23728376685 2.8984042857 -7.48089260426 0 0 0 1
7.80196385677 -3.92435025474 6.40240059625 0 0 0 1
-6.30859246908 4.69073364425 7.19614243976 0 0 0 1
5.94074863051 2.76384267975 8.04719695538 0 0 0 1
-4.23341527941 5.71931192234 7.46324157091 0 0 0 1
2.18974404569 4.80505540949 9.7538757552 0 0 0 1
-7.54991062064 4.02812349584 -7.69676536929 0 0 0 1
3.71619792931 -3.52201210539 -8.6909286704 0 0 0 1
-2.00605478816 -7.86401879026 4.26626079292 0 0 0 1
-7.59439669192 -5.18309429478 -0.763766902543 0 0 0 1
7.77720905216 -0.0336959219521 -4.89913574578 0 0 0 1
-0.824871739506 4.52776079639 7.10935087651 0 0 0 1
-6.54625770256 -7.20546492493 2.02773062279 0 0 0 1
2.0557359882 5.94768787225 -6.23070767635 0 0 0 1
9.55157558143 4.25186961257 1.59276799165 0 0 0 1
-3.57288262289 8.96214293016 8.07729543766 0 0 0 1
-4.49076310878 3.49583234649 -8.37753997997 0 0 0 1
9.47862453086 0.664712232804 3.47686740579 0 0 0 1
-0.0915873613593 -3.82629831466 -5.70331845791 0 0 0 1
-2.85280628531 -3.26264574993 5.87177605469 0 0 0 1
2.8627957369 -4.98837460772 -5.73860397605 0 0 0 1
-3.82313568668 6.450280258 -7.47255068571 0 0 0 1
9.54648488731 -9.64077709062 -3.09420201959 0 0 0 1
7.80073476719 -6.46173992323 -0.594578849499 0 0 0 1
5.33854070213 6.13588223293 -6.25130132758 0 0 0 1
6.46048192435 2.07566722191 -2.81568991897 0 0 0 1
3.65498192674 -9.50748137439 -5.23529236857 0 0 0 1
5.30204384642 -8.16550309819 4.56309551393 0 0 0 1
-7.38020580274 8.67029404111 -9.66687845346 0 0 0 1
8.31594674697 0.525554804949 0.399397993224 0 0 0 1
-9.60751489467 8.93789492226 -2.15910270345 0 0 0 1
-3.88385822925 -6.95992311515 -9.85864728567 0 0 0 1
-1.58423085466 6.77952914373 4.50191090086 0 0 0 1
9.65787449142 4.08489490631 7.98749934502 0 0 0 1
-8.30379470913 1.40591790562 -2.31679247624 0 0 0 1
6.46960381469 7.59559013333 0.481706804566 0 0 0 1
-1.636646708 -6.50468971828 6.61061720105 0 0 0 1
0.893701973398 8.18315313851 -9.25286573199 0 0 0 1
-6.14907709095 5.64532488929 -6.66339042117 0 0 0 1
1.47414518708 5.90020416569 1.2311618913 0 0 0 1
4.96054086639 9.36525158033 -5.34394991197 0 0 0 1
-0.999871913205 -1.06252272052 2.88673269686 0 0 0 1
9.68293729035 2.16077626348 -4.39964168524 0 0 0 1
9.21104176033 1.06340008221 2.07975881164 0 0 0 1
1.04066880289 9.97769802112 -1.47802269736 0 0 0 1
-0.108385215794 1.9808394746 -8.5626333579 0 0 0 1
-0.676303779142 1.0584312417 -1.24480043477 0 0 0 1
-7.01471646088 8.23603450072 -7.41876641767 0 0 0 1
5.8368402567 -0.344569295487 8.14809843671 0 0 0 1
8.59037883763 9.3552107784 2.83119876267 0 0 0 1
-9.18351737384 -6.98664797268 8.02811680298 0 0 0 1
-7.3638263312 5.3188136719 7.30872922392 0 0 0 1
8.07216448654 4.71159119964 6.18822312386 0 0 0 1
-9.27175812239 2.91221952525 -7.02141893649 0 0 0 1
9.06017674018 3.13423962962 -4.27849571554 0 0 0 1
-4.60738565997 4.61424139388 9.41243972882 0 0 0 1
5.07512413131 -5.02956258851 -2.89723263852 0 0 0 1
-1.79566571684 -6.31804420526 -7.84518011937 0 0 0 1
1.73431931727 6.48462100457 -3.00916900662 0 0 0 1
2.5747244793 8.76239621786 -5.08004955753 0 0 0 1
7.38050907567 -7.35677225397 -5.01632432693 0 0 0 1
-9.79459276274 2.80435872497 -7.00800152029 0 0 0 1
-7.10135654462 -0.736904412809 6.88177997407 0 0 0 1
0.5526012602 4.52409989885 4.57849268194 0 0 0 1
-6.76461780148 -7.05836773212 8.32087781737 0 0 0 1
-1.83486789113 -9.19925778825 -9.89945515407 0 0 0 1
0.859371283547 4.41032083457 1.58206068033 0 0 0 1
-8.35314471583 -5.76276784381 2.41309587971 0 0 0 1
-1.44531038697 6.4395358691 -0.992923319781 0 0 0 1
-3.98130355847 2.86305267584 8.22147611825 0 0 0 1
-0.223402746868 -0.606658520588 5.49037554805 0 0 0 1
0.930372523818 -7.84897926521 -3.62004427574 0 0 0 1
-1.23645704847 -0.112360758385 1.0619310267 0 0 0 1
3.53481439409 -6.01309371862 0.782296851983 0 0 0 1
-8.60845342058 -8.1438357956 9.10386216019 0 0 0 1
-4.58705431312 -4.37974552752 -3.48866202607 0 0 0 1
-1.31826221547 -1.83734152358 -6.53130330919 0 0 0 1
8.60432854882 7.40721160756 5.34802798875 0 0 0 1
-5.94679846928 -3.16789302893 -3.69435259397 0 0 0 1
-8.39629131216 0.184114925923 -7.02025743808 0 0 0 1
3.3925406168 -3.44686543102 7.583637583 0 0 0 1
-9.33420289369 -0.558769443781 9.01587648461 0 0 0 1
-4.55336388417 4.71348661542 -4.71423569378 0 0 0 1
8.91193677495 -1.39543322984 -1.12498969472 0 0 0 1
9.94859744982 -4.64013152414 -9.80615913644 0 0 0 1
-9.15594986289 6.78756057788 3.26619969061 0 0 0 1
-0.740166965027 6.44730122571 -1.03781708942 0 0 0 1
-7.98335914248 -9.91170612375 7.51061393537 0 0 0 1
0.248022169916 9.94619407864 8.98098912254 0 0 0 1
-6.66175842297 -9.58409833254 1.18702458372 0 0 0 1
2.36285142764 2.38310343262 -5.62959552247 0 0 0 1
-8.88222072728 -6.18200832277 0.929463205091 0 0 0 1
7.32482270942 4.15318779488 2.5657129031 0 0 0 1
4.6857414462 -2.00354673231 -1.46396283039 0 0 0 1
-3.54541666113 -7.96235138097 -4.25223097301 0 0 0 1
-1.61186461382 -5.65011166319 6.72441377057 0 0 0 1
5.86378366443 -4.02559571607 6.44966160492 0 0 0 1
-4.29174855638 7.69125857622 -5.82884653183 0 0 0 1
3.92212923938 -8.10780719747 6.96326543567 0 0 0 1
5.10598939939 -0.986034063435 -9.70674430545 0 0 0 1
5.72737751838 -7.73729427192 1.35957899843 0 0 0 1
-2.1003489319 -0.330941556543 -4.48287621786 0 0 0 1
-8.96292270412 0.784727379784 -7.56464285237 0 0 0 1
5.27044759835 -7.61910985519 -5.69633943465 0 0 0 1
-8.45541194849 -1.65336855324 9.52436636687 0 0 0 1
-6.7869398125 6.44388052602 -3.42093092147 0 0 0 1
-1.22270409854 -8.34146364124 1.60377594632 0 0 0 1
4.54929885382 5.05615159245 9.48976856758 0 0 0 1
6.88404622187 -3.15781999501 5.53967227071 0 0 0 1
6.10994301828 -1.29205473787 -7.2656212921 0 0 0 1
-9.90823235577 -6.3951056109 7.97867661236 0 0 0 1
-6.01245006178 -2.72849162499 0.460894354415 0 0 0 1
-2.28352664242 -4.80561287765 -2.90841989038 0 0 0 1
4.4115672506 -9.72328919359 -3.20445030786 0 0 0 1
9.06256937408 -5.07182658923 -3.10739631187 0 0 0 1
2.59543284155 6.57139418105 0.180801352247 0 0 0 1
-2.60793768161 -9.88761592514 -2.6731567843 0 0 0 1
-7.89219785307 -5.36095189883 -5.59894319285 0 0 0 1
5.04937514817 -5.75660610072 -2.37906456948 0 0 0 1
9.97815816529 2.18068412738 -9.33090822033 0 0 0 1
-7.94428688664 -2.97593065021 -3.18683094567 0 0 0 1
8.72461544357 -6.38664612417 9.47281691912 0 0 0 1
6.55876676744 5.11932209463 -0.340128657785 0 0 0 1
-1.08601584647 3.68343801872 1.91105865628 0 0 0 1
-1.11355308686 1.22815327647 7.21096214424 0 0 0 1
3.56343339882 -2.7542672624 -7.36961658548 0 0 0 1
-5.87376281622 1.21895187383 -3.86409944077 0 0 0 1
-2.56635580669 3.52007979188 -8.63048737052 0 0 0 1
6.94976628677 -5.63318746381 0.281116668156 0 0 0 1
-8.86695855995 6.10184981122 1.57573370887 0 0 0 1
7.44891794176 -1.47466573027 -6.74876946069 0 0 0 1
-3.25885818827 9.15165368468 0.771162555176 0 0 0 1
0.806910062962 -4.31294689468 -4.48761124187 0 0 0 1
-4.2116615043 -6.50436462904 -8.13518825386 0 0 0 1
-3.40516466669 0.298156449556 9.81861302397 0 0 0 1
-1.20633759232 -7.15153896402 -0.666796029429 0 0 0 1
6.43821580767 0.0558891672869 7.89041150501 0 0 0 1
-3.50295377447 5.59216676299 -2.04782671447 0 0 0 1
5.96111051642 8.66245030946 -0.583161551806 0 0 0 1
8.86816166817 -9.05108990558 4.07701672874 0 0 0 1
5.51205598853 -2.98494894308 -3.57989239653 0 0 0 1
-2.83883173086 -6.69168823295 9.97039942141 0 0 0 1
-2.49132548772 7.74634868804 1.49108998328 0 0 0 1
9.87823821909 -8.0464561738 0.572208085328 0 0 0 1
4.30013391459 0.663714045307 2.41904299749 0 0 0 1
8.67506890026 -6.03431743106 1.0567345263 0 0 0 1
2.82449615701 -6.66487971774 -7.3909717353 0 0 0 1
-0.421568353565 -7.62438471293 4.1052779361 0 0 0 1
-8.99821129858 -4.0666633565 6.21295173682 0 0 0 1
-3.26528699545 -9.48230554272 6.81097185514 0 0 0 1
7.18532503372 -3.41835934698 9.50107582739 0 0 0 1
2.93171454215 -5.13714436586 0.566895826016 0 0 0 1
0.472684030336 -6.92644198827 -0.439712603314 0 0 0 1
-4.27777622703 -4.66577717701 -5.69743404396 0 0 0 1
-7.58533449619 9.83996623956 -2.56633638078 0 0 0 1
-5.64894703143 -5.13871336021 0.392342476355 0 0 0 1
7.13648028499 -2.47553013088 -5.5025084565 0 0 0 1
2.7998811868 7.67327606905 -8.0468478175 0 0 0 1
-4.8360687617 -7.12664596963 4.43685022282 0 0 0 1
-1.03374592264 -6.8384670658 6.91564239051 0 0 0 1
2.31156455267 -1.9258494806 -3.37262303786 0 0 0 1
-2.71897657395 1.45641690939 -9.90508767767 0 0 0 1
1.82584355564 4.54029868661 -0.234123239401 0 0 0 1
-7.66934941125 -0.507521645219 7.5840010851 0 0 0 1
-1.49333032349 3.13030019616 1.49879082259 0 0 0 1
-8.19352100323 5.63163679256 -9.37398610757 0 0 0 1
3.9063678217 -4.12612978132 8.9991455399 0 0 0 1
-3.86002064686 -3.15138901215 3.7522954514 0 0 0 1
-7.632564084 -4.65599255777 5.88939764606 0 0 0 1
1.83672010514 8.73773459549 -0.524022047163 0 0 0 1
-3.31819867964 9.59920657569 -5.29218291861 0 0 0 1
-1.44745679835 -4.51784410995 -5.34073673788 0 0 0 1
-9.43206753667 -8.2896919473 -3.53499866356 0 0 0 1
-1.45135042538 3.26485576597 4.16591967137 0 0 0 1
-2.50825163475 -6.89420206749 -4.45778605747 0 0 0 1
6.44764139448 -7.61030152964 -7.49820746281 0 0 0 1
1.80682527755 9.61217169724 1.30091598321 0 0 0 1
-9.25140175871 0.78191567268 -4.25895022165 0 0 0 1
0.177627339139 0.00789784527821 4.83048733172 0 0 0 1
3.58814856143 -3.93527201805 -2.99510747246 0 0 0 1
0.578380191966 -7.62388445896 -0.228224594534 0 0 0 1
0.996084004712 -1.42557062965 5.36156726465 0 0 0 1
9.15847603178 -3.41887190599 -2.39718821009 0 0 0 1
3.8795287247 2.82326132821 -7.71987343963 0 0 0 1
9.63636876624 6.80084779304 2.81805926376 0 0 0 1
1.62290450997 -1.81800708217 7.39674415251 0 0 0 1
3.23680165411 9.6007071939 2.55758541308 0 0 0 1
9.09273883536 -8.32967345569 -5.02956587026 0 0 0 1
1.40510481371 -3.03857277477 -9.58556131613 0 0 0 1
1.42010894495 -8.11466950627 -5.51604815924 0 0 0 1
-0.342659998989 3.43385379893 0.754563943954 0 0 0 1
7.41913064484 3.35132796536 7.69137333518 0 0 0 1
5.77091565933 -9.69749807516 -8.81442411293 0 0 0 1
-2.5707641535 9.21643722749 1.81023625864 0 0 0 1
-5.50385654502 4.70254452163 9.64960929281 0 0 0 1
0.0655574780075 -8.8728188578 6.38874589859 0 0 0 1
1.41911198356 -5.66984367686 -2.15813569625 0 0 0 1
-5.8538189948 4.30448712713 0.619897372307 0 0 0 1
9.71172220877 8.11987528026 6.14008788547 0 0 0 1
-9.8129177751 -8.67065112653 1.13993547276 0 0 0 1
2.66268404669 4.83308261699 1.2161719765 0 0 0 1
-5.67214268406 -6.86485382027 -5.73439285225 0 0 0 1
-6.70722960044 9.91380892684 7.64990617949 0 0 0 1
4.73363362059 -4.86172995702 6.30240133058 0 0 0 1
-2.11743882168 5.4533567814 -0.906399231311 0 0 0 1
-3.62459937563 -3.62330966965 -2.19675290517 0 0 0 1
6.85353921384 3.70413431222 2.61644283194 0 0 0 1
1.94108656518 -1.4713393447 3.96418245975 0 0 0 1
0.569992815745 5.23182617222 -8.92485491366 0 0 0 1
-9.1208709225 -6.70554783278 -4.67949578418 0 0 0 1
1.84297021281 -6.33418615042 0.966487868255 0 0 0 1
-8.14370408946 -4.14513325373 -2.81645145444 0 0 0 1
-2.39117768567 2.15678959176 4.93046463082 0 0 0 1
-8.33521034883 -2.08896433121 -8.79735602666 0 0 0 1
0.0619708052843 7.79850722839 -3.9414870949 0 0 0 1
-8.99165950904 -2.49653720426 6.88783577714 0 0 0 1
-3.31678029867 -6.00392618495 7.64138109814 0 0 0 1
-3.43046591673 7.15399436303 8.60200419242 0 0 0 1
-8.32285774896 -5.7192712867 -8.61272334163 0 0 0 1
-3.97934075762 2.08252420322 -9.37078472147 0 0 0 1
-2.23503040877 -4.83810995621 -4.28805974596 0 0 0 1
-7.48907029541 3.40204486723 -5.0030734303 0 0 0 1
5.67644885839 -7.05201932273 -0.420878805418 0 0 0 1
5.05059048662 -0.313055636051 -9.7076998374 0 0 0 1
2.15357720402 4.80862947888 -3.56252917858 0 0 0 1
5.4887556121 -1.23708250369 4.78930060737 0 0 0 1
-9.32199528411 -4.20537362655 -1.59814995945 0 0 0 1
-9.24300312481 -6.41970848331 -3.81212226996 0 0 0 1
7.64616277709 -8.14411859603 8.4394139294 0 0 0 1
5.85444800612 4.84983591326 0.0885586062587 0 0 0 1
-9.31753859393 -1.68780685431 9.81873349251 0 0 0 1
9.95418621436 5.76535482763 -5.55858335044 0 0 0 1
5.57098685147 1.55251438008 -9.37698288648 0 0 0 1
0.766020076416 1.5240472896 -0.138870435342 0 0 0 1
-2.17471140524 1.46031814505 1.70263141723 0 0 0 1
2.51849777511 -0.0384542460814 9.56588575699 0 0 0 1
0.416934027108 -9.52628700856 -2.94433940201 0 0 0 1
4.0065220243 -0.0213027027971 2.11524156002 0 0 0 1
-9.74927427341 -4.99506764283 -6.32054714436 0 0 0 1
5.38808066802 -6.25647864813 -8.01728358898 0 0 0 1
-6.01009284729 8.00370948456 -8.75040450011 0 0 0 1
-7.24865350811 4.5955752858 0.426164405305 0 0 0 1
6.50625963054 1.95223343632 -8.99186988554 0 0 0 1
0.0325421895752 0.601106306446 -9.82619424446 0 0 0 1
-4.66782584919 7.97114578774 2.00385141571 0 0 0 1
-5.39628136424 8.56177468716 1.80393822456 0 0 0 1
8.90265985241 -9.41148951328 -7.24500198009 0 0 0 1
-0.570099983141 5.24532621028 -6.90600980603 0 0 0 1
-3.63922815972 5.09594438281 -6.31921092534 0 0 0 1
-2.1481819262 -2.76249308364 -3.5394144472 0 0 0 1
-5.89402947671 -9.5394700052 -0.0332698854443 0 0 0 1
6.5240838014 8.92885395761 5.67555430708 0 0 0 1
-3.04544520699 -4.76486543687 5.28147342283 0 0 0 1
-7.68167361499 -3.12590697408 7.91171581839 0 0 0 1
-2.63215991238 -8.91734941733 -5.23010115576 0 0 0 1
8.65956945553 -5.08591086977 7.61851768105 0 0 0 1
-2.21229234188 5.62549807534 -2.10685230606 0 0 0 1
5.89619982766 -4.47953542934 7.38649151933 0 0 0 1
5.43042520261 -1.27773318881 7.92399201094 0 0 0 1
4.8329535457 6.14019594565 6.507108458 0 0 0 1
4.86712738662 -4.09666376952 -9.22151380602 0 0 0 1
9.15118012014 -3.08732711581 -4.63747300376 0 0 0 1
-7.98700180104 8.77110522198 7.45752008836 0 0 0 1
7.31879416027 -1.57655843584 1.15199558176 0 0 0 1
7.53986482373 2.16271178263 -3.03793555875 0 0 0 1
5.56919919075 8.1888412951 -1.66325603654 0 0 0 1
6.58757806846 -9.56591830912 2.05764317965 0 0 0 1
3.01342698558 -2.34422268138 1.55375795657 0 0 0 1
4.11195382892 4.23567226648 4.39231535867 0 0 0 1
0.451604697589 -0.509950721648 7.45589683174 0 0 0 1
1.97349055568 8.82403106369 -7.11073582569 0 0 0 1
-9.4140855238 0.940708815105 4.02642483178 0 0 0 1
9.86692642421 4.81426954831 -4.37611963815 0 0 0 1
-5.92606366558 -7.45598397288 7.56592716069 0 0 0 1
-1.8956475275 8.05718230711 -7.31015573109 0 0 0 1
2.8300798872 -4.70820442937 -0.205875034717 0 0 0 1
9.82992177184 6.91379225824 -0.454802637609 0 0 0 1
-1.17436578545 -9.26922201872 9.11196853092 0 0 0 1
4.28411928505 -9.7626411896 -8.40410967093 0 0 0 1
-1.13631204438 8.9608750036 -4.82389135455 0 0 0 1
-3.22005329342 5.79394450185 9.39141402165 0 0 0 1
-3.70769822955 1.90762439912 -9.58315295119 0 0 0 1
-3.13068390653 3.6629864454 0.328573141786 0 0 0 1
2.54384883659 -0.269107504857 -8.1844088603 0 0 0 1
-2.13460978937 7.73319667986 -2.8060677 0 0 0 1
-5.60309091947 -4.16874883103 -2.1644637212 0 0 0 1
2.55920978811 7.16005478771 -2.17441551706 0 0 0 1
6.93549001517 -9.6064332087 9.57561371163 0 0 0 1
-5.0332554596 1.43693559438 6.98125191213 0 0 0 1
9.82823043542 -1.36595366241 0.204343236435 0 0 0 1
-2.826620912 -6.4687371407 -5.22566635903 0 0 0 1
-6.91931488681 3.02899999134 0.4990810402 0 0 0 1
-7.07989605883 -4.6068512158 0.191417581381 0 0 0 1
3.26747942525 6.69224489156 -2.324334975 0 0 0 1
7.75592091909 4.1569397796 -0.215899046477 0 0 0 1
-2.91301220303 8.51368471479 1.55374853883 0 0 0 1
7.59302338125 -8.27416672482 4.32574191832 0 0 0 1
5.44808124995 8.18201138011 9.85231681613 0 0 0 1
-8.43453580175 -3.01889522632 8.8729212574 0 0 0 1
-5.46636540821 -6.24233227557 4.94116642219 0 0 0 1
-2.31947042706 5.53811034322 -0.834884318074 0 0 0 1
-2.11759065737 -4.18330392222 9.07833858627 0 0 0 1
8.26276586625 -5.98050145403 6.09332566164 0 0 0 1
-3.312246304 7.77535103583 5.54372845957 0 0 0 1
-0.71596061585 6.8836113921 5.00574236212 0 0 0 1
4.59483498875 1.70209897955 -8.80249344753 0 0 0 1
-0.932501929043 8.35862449524 -8.61020508867 0 0 0 1
8.81010663797 -4.39004591728 -1.93795113332 0 0 0 1
-4.69750195383 -0.16309653302 -6.33799751405 0 0 0 1
-7.59142516492 -8.30993278354 -6.93073699419 0 0 0 1
-0.399940094822 -1.42856097437 -5.77932854384 0 0 0 1
8.8137531994 8.69081284596 -6.72571003071 0 0 0 1
5.00483014734 9.22013280139 0.623522889335 0 0 0 1
2.03997288671 6.78122962684 -9.99580648943 0 0 0 1
-3.92409450851 8.71855800755 8.24484065926 0 0 0 1
-3.61901300287 -3.69557789289 -9.28023102662 0 0 0 1
5.70667413528 -1.00928500743 -7.26618448127 0 0 0 1
6.37055133706 8.00800214723 -0.243037796922 0 0 0 1
-8.04600397641 2.16477937226 -1.611470907 0 0 0 1
-0.79289869542 -0.725813015436 3.88980430169 0 0 0 1
-5.53182473951 -8.03817673936 -2.61918988879 0 0 0 1
1.51781437049 3.25877031784 -8.43868710839 0 0 0 1
-8.02831136038 -5.35959993084 5.8663669228 0 0 0 1
8.74966131891 -8.02907967121 8.52267556032 0 0 0 1
3.31865070107 -2.4153367655 -7.15507533775 0 0 0 1
0.264502996089 3.96674202806 0.188391193977 0 0 0 1
-1.0799564907 1.98810569545 -7.82223297492 0 0 0 1
2.29479291277 3.05375921055 -7.50666258003 0 0 0 1
-6.91021151164 9.39386977772 3.18318427431 0 0 0 1
-1.42015247244 1.646330421 -6.89217288178 0 0 0 1
-2.71429280147 2.12227644052 -5.97315536159 0 0 0 1
-6.82207234861 2.31447495759 -9.98756283313 0 0 0 1
-6.41217160546 7.95850495572 -8.19256682985 0 0 0 1
-3.11464142906 9.71874755737 -0.801927764658 0 0 0 1
-1.91062429896 7.58433506445 7.86650392468 0 0 0 1
0.0464595160275 6.37408626372 -6.23532788454 0 0 0 1
9.07199570636 7.17630836479 5.40622561766 0 0 0 1
-0.840434850662 -7.75845152852 5.93456818642 0 0 0 1
6.28349483389 -5.58713961343 1.44982328277 0 0 0 1
3.32706502122 4.43488402288 0.57277289378 0 0 0 1
6.50691730154 9.99331362557 -4.95376955455 0 0 0 1
9.84965410105 6.46173293961 8.55786737027 0 0 0 1
5.56176383708 7.15552830404 -8.12752142841 0 0 0 1
6.63853289337 3.27135121201 1.10462038005 0 0 0 1
-6.14597223911 -7.30326652922 -3.34568963644 0 0 0 1
6.99886311746 -2.40769197523 -5.23687784284 0 0 0 1
9.83874899938 3.31643437987 -8.08866173358 0 0 0 1
9.29108237555 -0.755039016104 7.40101257485 0 0 0 1
-4.81147352757 -0.611728049798 -0.0492731095801 0 0 0 1
6.94550542099 8.42574594388 -9.06441005327 0 0 0 1
-1.32928166946 -0.595249448307 3.53166388971 0 0 0 1
-4.53646601794 7.18469880744 4.83902843125 0 0 0 1
-3.360740588 5.11080907973 -2.98270217162 0 0 0 1
-2.2190893756 -1.10089183482 1.91404984881 0 0 0 1
-2.97073620018 9.72725081739 0.826474503184 0 0 0 1
3.44007457189 -6.57114448404 -5.10923578927 0 0 0 1
-9.65503612601 6.63286134484 -6.25194757664 0 0 0 1
9.88916574549 5.05606335468 -9.06462807599 0 0 0 1
7.51420303342 -9.31668485619 -6.4164658642 0 0 0 1
-7.29709469399 6.17356178762 -6.43466915763 0 0 0 1
-8.0300510207 -1.23482506939 -8.84983684595 0 0 0 1
-8.90825149271 -9.57739596516 -1.5278774263 0 0 0 1
3.86855353734 -3.31398431445 -2.12339562096 0 0 0 1
6.28785077778 -3.95795593017 7.40842866676 0 0 0 1
9.42109122831 -9.43984538211 -0.699949513352 0 0 0 1
7.24646650315 -6.80966913677 0.971901257741 0 0 0 1
-6.27725456943 2.61369476227 -8.55722437033 0 0 0 1
-5.45252044206 6.5712944651 7.75754476027 0 0 0 1
-7.09763362386 -7.71709311281 0.0610431652571 0 0 0 1
9.01731261777 -5.01516083252 9.22711415586 0 0 0 1
0.977331523527 7.26323177355 -4.31980967629 0 0 0 1
6.9200573822 -4.79649335324 -0.792413614426 0 0 0 1
-6.47668166351 -9.73079890495 3.70635892582 0 0 0 1
4.70720336766 -3.32267828687 -8.94624369514 0 0 0 1
-6.05154983295 -6.45734373652 0.157691555811 0 0 0 1
-4.00001099011 7.30183242043 -4.09722254207 0 0 0 1
-2.26899766016 0.397720815165 -6.34342736673 0 0 0 1
-8.01601563106 -5.90046396094 6.32146399243 0 0 0 1
4.48843690952 9.94773598185 5.4564247587 0 0 0 1
0.333540504105 -5.9727841349 -3.86040247812 0 0 0 1
6.76777346457 1.70749628469 -5.56277028693 0 0 0 1
1.81957586184 4.71565413899 9.67686857624 0 0 0 1
5.09858344481 5.7160614522 -2.90924587204 0 0 0 1
6.65296439322 4.81303480048 3.13863752266 0 0 0 1
3.04251067464 -8.5637667672 9.64381317893 0 0 0 1
3.81852921704 7.14977838207 -2.09599814651 0 0 0 1
2.90359290146 -3.74813757254 -4.10814764004 0 0 0 1
-4.8861046479 9.22027794075 -3.3634835357 0 0 0 1
5.89837657676 -0.923572986397 -1.80710276157 0 0 0 1
-1.38202093961 2.91167485708 8.25321116648 0 0 0 1
-2.45148837985 7.27619048177 -1.55265518497 0 0 0 1
7.02240456848 7.9396272378 8.6421515892 0 0 0 1
7.32531336894 -5.81585944794 -9.1833913469 0 0 0 1
1.60520716034 -3.42267712453 4.46113712832 0 0 0 1
-8.99582400931 -7.89940966642 7.44909680821 0 0 0 1
-5.90662095671 -0.40192122462 0.542615228902 0 0 0 1
6.77736997827 0.475576923136 1.85086046937 0 0 0 1
0.277149565861 -5.06159474296 -8.92980611414 0 0 0 1
-7.32123998161 5.12253105337 3.71420655091 0 0 0 1
9.31009919681 6.57683208055 9.46108784695 0 0 0 1
6.77345736893 9.22509122213 0.268185041907 0 0 0 1
-9.01162822124 -3.85017003814 -0.557968166963 0 0 0 1
-8.33075412767 3.94967151251 -7.1650615776 0 0 0 1
8.16639895242 -6.59813497818 -6.02896944984 0 0 0 1
-3.01412428569 1.56820170115 -0.287183442599 0 0 0 1
6.79622469661 -7.09280924322 -8.16986251196 0 0 0 1
8.53784063782 -3.42838758486 -2.03494774873 0 0 0 1
-0.396627237168 -0.622944857905 -9.23309040757 0 0 0 1
-7.35617183133 8.8940190048 -7.63915006258 0 0 0 1
-5.79415891506 -4.53691249954 2.71602524319 0 0 0 1
-6.34715820858 -3.56371877395 5.17081016317 0 0 0 1
7.45217410393 5.63141615078 9.78081334716 0 0 0 1
-5.49228228021 -3.51685417851 -9.8430321131 0 0 0 1
6.94578576792 -9.36068781554 -9.0295298666 0 0 0 1
0.594155347558 -5.38999190934 5.31556403876 0 0 0 1
-9.89012929473 -2.67088903785 4.95875923232 0 0 0 1
-2.61103503899 6.6753894237 -8.93719304044 0 0 0 1
-7.71854421798 -3.21756066487 -6.02190658475 0 0 0 1
-8.44725690573 3.46713958057 4.71136837482 0 0 0 1
3.60460704909 9.45692058926 -8.88388450574 0 0 0 1
7.8798568379 -6.48525533934 -4.04489766841 0 0 0 1
0.912677471776 -0.146395858077 3.45865747186 0 0 0 1
4.61539342572 8.28486449284 6.66275337049 0 0 0 1
1.84122466331 0.87584168946 -2.87934594637 0 0 0 1
-0.671477171782 2.12258637383 6.03295332762 0 0 0 1
-1.82458510645 -8.57224170282 7.25071449105 0 0 0 1
-4.15039206833 6.55955759649 -9.39355713682 0 0 0 1
0.600989302626 7.5353797414 7.12619371376 0 0 0 1
-6.65345949743 7.53889165133 -6.92919285014 0 0 0 1
6.37235809877 -5.43972261969 -6.63949430444 0 0 0 1
-5.44356229089 -5.98048822107 2.32802376918 0 0 0 1
-3.55843193578 -2.8110589805 -4.10665379866 0 0 0 1
4.19047928868 5.24604437798 8.47358235603 0 0 0 1
-9.10160046792 2.95489452754 -9.35636193368 0 0 0 1
-2.8712773807 0.955158199343 1.81603444772 0 0 0 1
-8.37742500293 6.27416529566 -8.6509154872 0 0 0 1
6.00032687381 -8.68566046982 -5.55932581871 0 0 0 1
-8.86396571063 -4.01982757848 -9.10607347509 0 0 0 1
9.10869718943 -8.8605556887 -7.47655228502 0 0 0 1
1.01450488666 -4.52219215165 6.4090941951 0 0 0 1
-8.27656570243 7.74456542031 -5.3394948748 0 0 0 1
8.59451814913 -6.9777117271 -9.76916384853 0 0 0 1
-5.26474802652 9.19590365385 5.8152108916 0 0 0 1
5.48822303236 -3.31723278557 3.81144421431 0 0 0 1
-5.56121667269 5.27466237837 4.31649076722 0 0 0 1
2.47127098318 -0.963420187139 0.233208209671 0 0 0 1
7.67719863679 9.49453051209 -6.87393433953 0 0 0 1
0.818104253323 -9.54568815645 -4.05712412907 0 0 0 1
-1.49174537479 0.885027277332 7.51600429021 0 0 0 1
-0.900718047852 -7.14791820043 2.94353665389 0 0 0 1
1.37514689148 7.82137754688 1.89648720651 0 0 0 1
3.01726299011 7.96668883425 7.97127331308 0 0 0 1
-3.75736590905 -9.0436001708 6.55102910069 0 0 0 1
-9.90022279057 4.81449124783 -8.20316863847 0 0 0 1
0.245324762261 9.04612177403 -9.90175983001 0 0 0 1
-1.06623538869 -6.68441145423 -9.31843054836 0 0 0 1
6.25963812898 -4.66423852914 -5.30418929394 0 0 0 1
-9.01201086346 5.2062284489 5.53844870188 0 0 0 1
-6.15027245897 0.539821333725 -2.45673955089 0 0 0 1
9.07189799238 -8.01674148699 -2.62020643056 0 0 0 1
7.04110947671 9.66851841254 9.43362154784 0 0 0 1
1.63893199479 -2.01302187384 5.41013494822 0 0 0 1
-5.08830875771 -3.64641926713 -7.29762121788 0 0 0 1
0.105853553513 -0.982663505941 5.98756361692 0 0 0 1
-7.55631034517 5.29681902219 0.0358866709509 0 0 0 1
3.70059482879 -6.49496851773 5.47787080019 0 0 0 1
3.83993093695 -0.225951187054 3.2242287862 0 0 0 1
5.79993786305 -6.16288163817 -1.93335383936 0 0 0 1
7.49382175298 -7.41401476498 -5.92425502065 0 0 0 1
1.86565627604 -3.43553622692 3.8039210723 0 0 0 1
-7.63488234777 -2.4695829272 -1.02149221269 0 0 0 1
-7.57811719885 -0.350540849655 -0.397078183844 0 0 0 1
-4.27764395835 -3.76220831159 -9.92265314827 0 0 0 1
-4.88568116743 -7.18887081385 8.4851719616 0 0 0 1
-7.7201851683 -1.96169024553 1.64641315334 0 0 0 1
-0.817811309836 4.88232489396 -5.99333628199 0 0 0 1
4.188933639 7.06991993917 2.21547186261 0 0 0 1
-5.69916971985 -1.1302593648 5.51444254847 0 0 0 1
4.99582302203 2.07161917298 -6.28351887759 0 0 0 1
7.45933659239 -9.56441681005 5.32034717061 0 0 0 1
-3.7864199101 -4.20131485323 7.47263165404 0 0 0 1
6.22989655196 2.62871849932 9.39216991456 0 0 0 1
9.81975083741 6.96774228645 -3.45989999649 0 0 0 1
-2.37379916157 -7.10749042919 -0.604726965083 0 0 0 1
9.43518711566 3.74780160462 0.981347647192 0 0 0 1
-3.23388722742 -6.23343541247 -0.335197446116 0 0 0 1
3.000842532 4.89919007214 -5.5992762382 0 0 0 1
-9.68121632029 -2.47700464478 -2.31870298199 0 0 0 1
-3.239479728 0.785074176051 1.8209534468 0 0 0 1
5.68134113846 7.42771670354 6.63751008925 0 0 0 1
4.76381066065 4.23014412328 -9.71086801573 0 0 0 1
-5.33127686308 -4.94729072679 -4.2947987001 0 0 0 1
8.4759669272 1.64438010419 6.59694595815 0 0 0 1
-3.7273703707 8.96312910307 -0.877769251842 0 0 0 1
-1.6333132453 -2.81855046127 0.171631344137 0 0 0 1
-3.6040813618 8.13868575349 -5.48957079152 0 0 0 1
-6.13958642955 -7.78066767351 -7.72448728371 0 0 0 1
-8.73565269249 -5.99050726058 -9.34427693279 0 0 0 1
1.93856289853 2.64152737258 3.64869019347 0 0 0 1
6.26241133382 -9.75701441091 -6.42247931872 0 0 0 1
-7.43905768897 -5.56644622299 -0.891843954302 0 0 0 1
1.89484813068 -1.5088810228 3.77982872083 0 0 0 1
-1.8952567939 6.33829798181 3.59644365111 0 0 0 1
-3.37146430778 9.85167200479 6.16925154644 0 0 0 1
-6.38422271127 -7.41259800981 -6.18236270718 0 0 0 1
0.310439708389 -2.83580330211 -6.30690166223 0 0 0 1
4.20168232557 -6.50920587909 -1.98453726546 0 0 0 1
5.24970518969 8.35172354633 5.62221578885 0 0 0 1
-6.35678190844 9.87197599528 -2.58642756356 0 0 0 1
-5.93275476771 -8.80682842273 -5.09738238178 0 0 0 1
2.66301576551 0.705575313816 -0.695496301174 0 0 0 1
-8.7612859466 -6.70218617988 -6.17145589108 0 0 0 1
7.91842718273 -4.74545358719 9.03005966218 0 0 0 1
8.8021917515 -1.51368417457 9.06616008563 0 0 0 1
-0.564342696119 -9.96180392967 3.78764350993 0 0 0 1
-4.97266002949 -3.69065387825 -4.22211991059 0 0 0 1
-4.5701987292 -9.79115435524 7.3894412248 0 0 0 1
6.55205383668 8.7508197044 -3.82605286279 0 0 0 1
-3.91069417734 6.64083817493 -8.01815404948 0 0 0 1
7.65098563186 -5.32178691266 3.41446919901 0 0 0 1
-3.5970272048 1.36922558186 4.86171934547 0 0 0 1
-7.77954167413 8.32424651004 -6.37836350857 0 0 0 1
1.9232013542 4.28821168121 -5.6101718829 0 0 0 1
-3.43563406468 -1.28692594596 -3.89919876927 0 0 0 1
5.74591587775 9.15852450286 1.72836537458 0 0 0 1
9.1094071696 -5.04467578809 -6.46885283087 0 0 0 1
2.76477786085 6.46922310737 7.65791714747 0 0 0 1
5.5603370086 -6.10551388457 4.62235667628 0 0 0 1
9.00416605984 4.31276879563 -1.89062779329 0 0 0 1
5.31629669032 3.68644685919 8.15008283293 0 0 0 1
2.34050825617 -8.89286744786 1.74945161751 0 0 0 1
2.54869472223 5.16607425115 7.50176711617 0 0 0 1
-5.87080644958 -2.94887278225 8.07752948409 0 0 0 1
-5.9372231977 -2.36480611464 2.02205763082 0 0 0 1
9.15004326829 2.97679939912 6.33417891015 0 0 0 1
8.91964422277 -7.51529405306 -9.8674948215 0 0 0 1
-0.861616158705 4.38784508393 -2.97504234215 0 0 0 1
-0.864892089893 -0.89177272302 5.83584861207 0 0 0 1
-4.57160520085 1.85627695015 -9.9145033722 0 0 0 1
-0.811062847144 -8.37402713016 0.999849983563 0 0 0 1
-5.80580480756 1.04197899958 -1.13232323019 0 0 0 1
-4.63907728716 0.648439200083 2.04362600308 0 0 0 1
6.84587030341 6.80616042001 -5.00935310172 0 0 0 1
-8.72790671732 -8.58330405553 0.466581564644 0 0 0 1
-0.0262927237874 -4.22475743376 4.82863225526 0 0 0 1
-1.24641897591 6.20691206468 -6.46262770251 0 0 0 1
-7.59918991194 -4.1402692948 -9.00562572389 0 0 0 1
-1.44338048719 -6.08259204087 -6.57143795405 0 0 0 1
-4.97418392415 1.54637125609 -6.24388079588 0 0 0 1
1.68496470444 5.57470219505 -5.26830895653 0 0 0 1
-7.72709208891 -6.36630823446 -4.38065510625 0 0 0 1
-8.98029044736 -3.65571024277 8.00909729517 0 0 0 1
-0.372559992341 -4.28019439786 7.29386567252 0 0 0 1
5.76968676591 -1.4269099134 2.87989413226 0 0 0 1
4.00573251217 -9.81764450663 2.57034592934 0 0 0 1
8.53557334534 -4.61510770763 -5.35767747193 0 0 0 1
9.11670450281 -5.10924714451 1.182134295 0 0 0 1
8.22232496087 -4.25334417545 -9.85988554918 0 0 0 1
0.503809940139 2.00982775158 -3.28060267913 0 0 0 1
-6.70057691534 7.30778254567 -1.21601853195 0 0 0 1
-4.75004361816 1.33127939894 -8.5332416973 0 0 0 1
5.8153246425 1.45119766074 -6.31074980683 0 0 0 1
6.29944967492 -2.33147619538 -0.0883164307953 0 0 0 1
7.58306042744 6.61087777926 -0.321430373735 0 0 0 1
4.07632004716 7.09942515381 4.88755995885 0 0 0 1
-6.53042168745 4.66686361524 7.67661452539 0 0 0 1
-3.06286178178 6.9885715605 -6.84767807697 0 0 0 1
7.31961969717 -7.38595375496 -1.83235590912 0 0 0 1
-7.54745167171 -7.95306796517 -6.66973929432 0 0 0 1
6.90882149632 0.757528403578 -6.43460062782 0 0 0 1
5.09115527372 -0.56778279401 -8.09685021291 0 0 0 1
1.37509512694 9.13766673046 -3.74392398885 0 0 0 1
4.74711856757 -1.15529320842 1.90662768718 0 0 0 1
6.03992056446 2.42217516527 7.72956197262 0 0 0 1
0.193715946282 3.56663413445 9.99966189377 0 0 0 1
-0.694417954967 2.76301042706 -0.186836792916 0 0 0 1
-5.63905858474 -9.41553817265 -5.69554950282 0 0 0 1
3.54534265273 -5.80960282016 -4.85625006758 0 0 0 1
-4.72203506604 -6.15423880962 6.24126234089 0 0 0 1
4.6019866819 2.76214868858 -0.589758154691 0 0 0 1
4.28581055065 -0.814122435846 2.16789649997 0 0 0 1
-1.74936143099 5.39662488578 7.77898313773 0 0 0 1
-2.64295158705 -5.47713062991 -4.8665821296 0 0 0 1
4.53666749993 0.786574949488 1.95462953819 0 0 0 1
-5.3810030063 -6.39396006609 -4.6908614725 0 0 0 1
-8.39640383372 -8.74074473743 -3.74845123955 0 0 0 1
4.61634487298 3.58500608385 -8.64762746083 0 0 0 1
5.55193462455 -1.15132991029 9.4071252507 0 0 0 1
5.27862017628 -5.66211888401 -9.87276537821 0 0 0 1
-6.6557868658 1.33710697736 -0.704173263762 0 0 0 1
-3.17161541854 7.32085997376 -9.12894425616 0 0 0 1
-9.12539727805 9.74033098746 -8.19460267836 0 0 0 1
-5.24129620365 2.05570886075 -1.44095928989 0 0 0 1
-0.0733256631194 3.18470636143 -1.56354944971 0 0 0 1
-8.34531011826 2.63904176511 4.98679217499 0 0 0 1
8.69151986498 -4.48819536571 -2.0574020122 0 0 0 1
-2.77626026858 -8.89333054063 -4.07874862835 0 0 0 1
8.77082715314 8.76848869899 -0.457823207064 0 0 0 1
-6.88310763992 5.70901302144 6.42444196369 0 0 0 1
-1.70053666623 5.81740578149 9.28703605464 0 0 0 1
2.21294621518 1.48832014508 -5.81876446271 0 0 0 1
4.41854958518 1.46630258306 -1.56024557748 0 0 0 1
-8.89954499302 9.677288536 -5.27921699519 0 0 0 1
9.53981037337 -9.86680343408 9.78116521578 0 0 0 1
2.13107237245 -9.90339847621 6.95610791045 0 0 0 1
-5.84378569807 4.82337808001 -5.95286670661 0 0 0 1
-7.29045031806 1.37472420225 8.34617332625 0 0 0 1
-5.85215230237 9.30439363774 -7.78120338608 0 0 0 1
-1.73271433763 8.73977926298 8.8184111951 0 0 0 1
-9.28808002786 -7.97198088164 5.41626938862 0 0 0 1
-4.08909869161 4.138476471 -5.13080578861 0 0 0 1
7.22871293562 3.69265576383 4.48094926826 0 0 0 1
3.66658724265 8.75993078381 1.66297145584 0 0 0 1
2.41381050074 6.86729788227 -3.04497304385 0 0 0 1
-5.30581995284 -1.88068358346 -1.68387042847 0 0 0 1
-4.7021570315 8.59122439563 -7.16671089945 0 0 0 1
-1.08042111223 0.352642240174 -6.30153138767 0 0 0 1
8.68419549221 -1.13337525273 2.13706807445 0 0 0 1
8.85894111987 -3.29440722186 -7.26059723308 0 0 0 1
-6.37184700231 4.7499261695 1.91030394787 0 0 0 1
-6.97644483188 2.25456638907 -1.01674093536 0 0 0 1
2.00639343839 9.18214946758 -5.92775843442 0 0 0 1
3.17025975196 2.90115285858 8.27043352381 0 0 0 1
-2.18848841376 -0.892478759489 3.74073677377 0 0 0 1
-4.75602027779 8.94686298584 -6.23591261316 0 0 0 1
-6.7770952222 6.91863162349 -5.91285932348 0 0 0 1
7.55515510906 1.728952847 -8.35758605147 0 0 0 1
4.39812023655 -6.54059877223 -3.63398903485 0 0 0 1
-3.30062757936 -9.05404845743 6.92154654431 0 0 0 1
4.95843264359 7.07327145237 -9.67110281933 0 0 0 1
-7.78102252526 -9.55497818541 -8.74573965396 0 0 0 1
7.08015896552 -2.36534159239 -8.14615181639 0 0 0 1
-5.20826343191 3.32906534763 9.84075096755 0 0 0 1
1.00039803692 -2.60686639546 -6.21438947781 0 0 0 1
-3.12483544294 4.94695879223 0.106505092647 0 0 0 1
9.94775514007 -4.55614599608 5.74205268308 0 0 0 1
-7.79327405931 8.45876414009 7.55649588901 0 0 0 1
3.62826084108 7.5871978453 7.44440179934 0 0 0 1
3.24724327085 1.48547309537 0.057062786449 0 0 0 1
4.5944563489 7.09044274895 -2.12200367547 0 0 0 1
-0.205787565872 -0.766278139839 -9.42721830669 0 0 0 1
8.35491778135 1.18826638181 2.91839874576 0 0 0 1
1.27075275588 -8.0421378776 6.81721664337 0 0 0 1
-7.18748492064 -3.99509307965 6.75061960178 0 0 0 1
-6.90714490273 -1.16313291826 0.436230624007 0 0 0 1
-0.970909456723 9.15273669685 -5.97168910232 0 0 0 1
-0.0613947125394 8.59440025026 5.53828120261 0 0 0 1
8.17601835056 7.48819372313 7.77505279795 0 0 0 1
-1.29921912956 -0.984584271933 7.22902458435 0 0 0 1
-1.96058096127 -4.93881524776 1.13214266385 0 0 0 1
-6.63637390424 -4.82161918623 5.96851021416 0 0 0 1
5.27721312823 -4.9608862858 7.82942486538 0 0 0 1
-2.31288889785 -4.80918410804 0.586731939998 0 0 0 1
1.11299972323 5.32839759234 1.93166140838 0 0 0 1
0.810475415054 -4.85564321065 -9.7138747947 0 0 0 1
9.55005160478 7.74956377166 -6.72239141271 0 0 0 1
5.50181385448 -5.58996832849 -0.0133831394823 0 0 0 1
-9.52543287416 -5.53361497048 -4.83662395178 0 0 0 1
7.23591671174 -4.06500639793 -6.61322360227 0 0 0 1
-3.23978344329 -6.18548475967 -1.93936168185 0 0 0 1
0.0126131253678 2.24442368945 -6.10495374574 0 0 0 1
6.01862716367 3.17855935462 2.62163247406 0 0 0 1
-3.44248914879 8.78210063541 -4.6008912567 0 0 0 1
0.711704366063 -5.29592498979 -2.04220714163 0 0 0 1
-7.81870861988 0.0755025579231 5.81904852873 0 0 0 1
3.03855983571 5.53346802556 9.88904337404 0 0 0 1
-5.48269643349 4.70528651053 8.26121526789 0 0 0 1
8.28394075349 3.85969757589 -5.89434317292 0 0 0 1
-6.08826532958 4.91234722807 -4.78261524135 0 0 0 1
-3.77138104262 -7.71986097953 9.32715337959 0 0 0 1
-0.268480838499 2.42288926496 -1.99516059996 0 0 0 1
8.58536812806 -9.70233773479 4.31020222728 0 0 0 1
8.72276120078 -0.459504423995 -3.5097373005 0 0 0 1
0.847378403692 -6.0402796293 2.48434650348 0 0 0 1
5.03980212111 -3.8712617805 -2.47393898371 0 0 0 1
-6.8720232265 7.2911912698 -2.35037264426 0 0 0 1
-8.57022799423 -4.87508436581 4.56316248442 0 0 0 1
9.65436590963 -3.71932565353 4.60786151341 0 0 0 1
2.38600912209 -6.63961572869 9.98915397313 0 0 0 1
-6.49027919877 -1.90245852184 9.65176771116 0 0 0 1
-8.01655703323 8.56938669695 -4.48482227397 0 0 0 1
-3.35295794215 2.6523190961 -0.587791250565 0 0 0 1
-5.24316899823 6.0377329651 -7.60760301511 0 0 0 1
2.99584007728 -9.57628786968 3.77047965045 0 0 0 1
-1.4420584229 -0.516768422399 -6.50773902226 0 0 0 1
-0.617538273483 5.28709809721 -2.27580371108 0 0 0 1
8.82363690187 -4.18572061038 -1.79787443631 0 0 0 1
-3.34347847407 -6.93113991767 2.46074333665 0 0 0 1
-2.8529560321 -8.81089824167 -5.68764362511 0 0 0 1
-4.68045213633 -5.98206906369 -4.9524707809 0 0 0 1
6.70578464549 9.67086095791 -2.82883456601 0 0 0 1
3.78483961841 -3.64019629772 8.25677524482 0 0 0 1
-9.94094568309 -9.63459505262 6.45493480335 0 0 0 1
-3.97274226093 -6.05826249796 8.54907704002 0 0 0 1
1.93458286683 -4.6581089448 -4.83321948753 0 0 0 1
1.54067701841 0.84814655136 6.9190582645 0 0 0 1
2.63018658154 -4.16223774215 1.00234501275 0 0 0 1
-5.2100636307 9.43082414812 -6.28898370821 0 0 0 1
7.03936550927 6.02038074998 3.17088568507 0 0 0 1
-7.96847716428 6.49313224722 -3.40974951594 0 0 0 1
-7.5542170769 -8.41883286351 -0.576554336779 0 0 0 1
-5.29783266491 5.42185842042 7.30414582596 0 0 0 1
-2.60964439096 -2.80413119173 -3.71500897124 0 0 0 1
9.10381980513 -5.83729047179 -1.26689401131 0 0 0 1
8.71131068255 -3.27994848039 -4.92602502413 0 0 0 1
-7.392118372 5.26426465552 -7.41400306179 0 0 0 1
-2.05693966434 -9.0596178529 6.18427009373 0 0 0 1
7.58270268572 -9.92588547982 3.31405995838 0 0 0 1
-2.40591009045 3.17981937914 9.15672413021 0 0 0 1
4.18591679855 9.91883567921 6.64053789872 0 0 0 1
6.79850098275 -2.47574164747 3.30938040896 0 0 0 1
-7.58878801428 5.3313198723 -5.44533554231 0 0 0 1
7.78778170271 -9.7610916488 -3.44133950961 0 0 0 1
-9.33007369908 -4.53723199274 1.59834401208 0 0 0 1
6.78888080898 -7.26013658969 7.76331459632 0 0 0 1
-7.94472928324 -8.22588386954 -3.3489109532 0 0 0 1
-7.67237412344 -6.2503691168 9.06947223999 0 0 0 1
-1.33813855778 -8.08426450508 -6.10111339597 0 0 0 1
0.182112205252 5.17481978301 4.64158434137 0 0 0 1
-4.01000331878 -9.15819820717 -9.73671635691 0 0 0 1
-4.3292389778 -7.943786623 3.91470723253 0 0 0 1
-7.11742806774 0.23465740799 4.97353439106 0 0 0 1
-3.07056054859 -0.859078538202 8.47950632183 0 0 0 1
-6.90970313821 -1.42849771478 -7.37461474348 0 0 0 1
-7.73705593783 -1.53901724525 -3.59445619901 0 0 0 1
1.8519138811 1.87196963711 -4.85574969028 0 0 0 1
6.70951013225 -9.86526943835 -5.03318876681 0 0 0 1
-0.646390184206 -4.81594057767 -9.30418905898 0 0 0 1
6.15556744175 5.14507656546 -7.06516792801 0 0 0 1
6.15981220968 9.8085714831 0.350000983155 0 0 0 1
-9.04167906752 -0.485528893096 -6.02967318075 0 0 0 1
-1.88422668026 8.47990573231 9.11446594987 0 0 0 1
3.87943401092 -9.72717632072 -3.8408722032 0 0 0 1
6.433174848 -1.34013248239 7.36344603204 0 0 0 1
-3.70681473525 -2.82445339812 1.50284722016 0 0 0 1
0.705404303842 -5.07438774648 -3.14192476862 0 0 0 1
7.30283548177 -1.38413495605 -7.89891465229 0 0 0 1
-6.66338009643 1.89188679653 0.644203091765 0 0 0 1
7.79059817391 3.89282431785 3.2174359731 0 0 0 1
-6.99386335446 -7.51209951983 -9.72830544443 0 0 0 1
-9.68777660957 -8.83146165232 -5.57744346009 0 0 0 1
-6.65605938416 -6.7175017158 5.03738946374 0 0 0 1
-1.56875484319 0.775767276185 1.70791192313 0 0 0 1
-7.31820695599 -9.88229879996 -4.30570003913 0 0 0 1
-4.61368742159 5.56682702659 -9.36478102208 0 0 0 1
4.29527513412 -7.95735307342 -7.35093190776 0 0 0 1
6.358186057 -2.37342512801 8.08670212801 0 0 0 1
1.96297482344 -3.35270689679 -6.75586495371 0 0 0 1
-5.66223580133 1.41616616534 -0.198302446705 0 0 0 1
6.10970495559 2.16987923754 -8.9065681552 0 0 0 1
-3.27330585778 9.37617296213 8.28171929536 0 0 0 1
-3.21208395332 -2.93713873346 -3.42107547068 0 0 0 1
-4.8428191496 2.14083011871 -4.83455659995 0 0 0 1
-2.01456890673 -1.16484756284 -0.392817665333 0 0 0 1
0.948928443303 -6.19198297018 7.71708618184 0 0 0 1
-3.57579871831 -7.47511129951 -2.96453149235 0 0 0 1
-1.15345696509 5.29545483421 3.63286881959 0 0 0 1
5.49462206442 1.82111430612 -8.50407469617 0 0 0 1
1.39504708893 2.85859434194 -8.97786932257 0 0 0 1
3.46448096526 0.683690771552 -3.04767570724 0 0 0 1
7.43036189047 -0.829797664206 -4.67547282727 0 0 0 1
0.908766948137 5.56925541156 -4.92934404165 0 0 0 1
1.86122821248 6.65427965944 9.51557770685 0 0 0 1
-4.53592172698 3.80868126806 -4.43420871185 0 0 0 1
0.997680096514 -0.472617072803 -5.16612264052 0 0 0 1
-9.638071938 1.61651720813 -9.18633172704 0 0 0 1
1.81107785599 7.77169186884 6.91825844481 0 0 0 1
7.0427081079 -5.03011526548 -4.1116125105 0 0 0 1
2.53708183575 -9.75739084765 -4.95980111091 0 0 0 1
7.82083967912 -8.32444433301 8.7631900546 0 0 0 1
6.16056905962 -1.59672688162 9.79456670827 0 0 0 1
6.10833226127 -0.874264210287 -6.35189041072 0 0 0 1
-2.5853944951 -8.63469909182 -3.94709491854 0 0 0 1
-9.64411588986 -8.37658414828 -7.91326718361 0 0 0 1
2.82837422995 -8.89098729961 4.28661325797 0 0 0 1
-0.00995354765856 -3.76133110308 6.74678514954 0 0 0 1
-2.75536894095 2.93366318544 -9.47686853186 0 0 0 1
1.02361572182 8.16359915406 -9.67798891721 0 0 0 1
1.40564735332 4.26112687836 -5.388079021 0 0 0 1
-7.64724670535 1.7009350644 -0.382334949997 0 0 0 1
3.74454482975 0.145144460478 -9.76357617236 0 0 0 1
-0.692342342519 0.501296906304 9.73905182424 0 0 0 1
0.654120630786 -2.10771864637 2.31975958883 0 0 0 1
7.44736953126 -1.25825449371 -8.03100608595 0 0 0 1
-0.844697613066 -8.48896809663 0.984879279381 0 0 0 1
-9.35960968689 -9.16380787055 3.58848777156 0 0 0 1
-0.679026210224 -7.93994183989 -9.35413043721 0 0 0 1
-7.95109854581 9.139004959 8.34694856163 0 0 0 1
4.45694788733 -7.01005660109 -0.13572482274 0 0 0 1
-9.43281548151 9.99797821583 -7.71047565782 0 0 0 1
7.22128459244 7.94411537865 4.90915252352 0 0 0 1
-1.88939785641 7.16454671444 -4.35468119353 0 0 0 1
0.875126031859 -3.47638262843 0.413106798132 0 0 0 1
3.88636847626 1.30288869046 1.62341370815 0 0 0 1
-3.23305664941 -7.20246121332 8.32366679949 0 0 0 1
0.225925136107 -4.47534422234 -8.0456180096 0 0 0 1
-3.10255141581 -2.37463611268 1.63474219695 0 0 0 1
8.35227640549 4.76599692803 -2.96408554531 0 0 0 1
-9.08313206899 -5.22261565851 6.35713175333 0 0 0 1
5.11987701058 6.34343146014 -6.38439478086 0 0 0 1
8.31386685936 9.26251110351 0.101710582393 0 0 0 1
-3.20106894925 0.995382533254 1.65464912138 0 0 0 1
2.60798418477 9.94936918148 5.42566460576 0 0 0 1
-4.46889791419 -6.03138911482 2.23615689928 0 0 0 1
-9.33858409347 0.658417693825 -2.10876746429 0 0 0 1
-4.46316982667 -7.55969720377 -4.6656639796 0 0 0 1
9.47363802897 0.32532652561 -2.90664955214 0 0 0 1
-2.02158999859 0.0833745551089 1.50577887411 0 0 0 1
-8.81158873602 -2.13589099061 -7.88036200762 0 0 0 1
-6.87020988253 6.31706884097 -0.705585151244 0 0 0 1
-9.52519452314 -1.01538774289 -9.88529532528 0 0 0 1
9.60081133359 -4.16599747859 4.28120714547 0 0 0 1
-0.810687017063 6.19106449616 3.75037912973 0 0 0 1
6.8674323681 -6.5924754712 3.29697248924 0 0 0 1
-7.9207766365 4.60716987967 -0.729006785167 0 0 0 1
-6.87711723447 2.36571507917 8.03369288177 0 0 0 1
-1.81866688092 9.36126481791 -3.73579576295 0 0 0 1
9.94545742621 -9.3177500837 0.57188685058 0 0 0 1
-4.64917987999 -3.88406349852 3.9197706252 0 0 0 1
-5.87265886364 4.97459829038 -6.59198989308 0 0 0 1
5.25046191568 2.06573741913 7.57946619998 0 0 0 1
-4.02054405025 -8.77705876288 7.42378697559 0 0 0 1
6.76078433969 3.72865183704 -1.88464717933 0 0 0 1
1.93226182951 1.27318306625 -2.16199475976 0 0 0 1
0.567757859891 7.74778382254 -9.77494097525 0 0 0 1
5.16018410211 7.82520687723 7.19800910278 0 0 0 1
-0.141206596089 -3.83183253309 -3.93131757877 0 0 0 1
9.2545234029 -4.03475992574 5.44232809194 0 0 0 1
1.98643217191 -8.28463181779 6.42985350233 0 0 0 1
-6.65346658429 -9.68012919576 -6.09362060805 0 0 0 1
-3.88868314586 8.48160522108 -0.408412789257 0 0 0 1
4.6725640298 6.67316042332 -1.36765355556 0 0 0 1
1.06269670847 -4.47418575851 9.71470356389 0 0 0 1
1.83993647056 -3.26881278781 -6.84318199613 0 0 0 1
-8.57991346485 7.49308936407 3.67083763584 0 0 0 1
-9.52800613544 -3.12083013352 -9.22045064341 0 0 0 1
1.01410595335 -5.57422028286 -4.55810085956 0 0 0 1
8.38643491107 0.00534231672475 -0.0628418238092 0 0 0 1
2.09657562065 9.54597396289 9.79397963222 0 0 0 1
-0.569586469696 -5.84430821537 -5.7783938092 0 0 0 1
-6.76091394526 1.7459062161 -6.74899641174 0 0 0 1
5.86679874311 7.0072544198 4.5098325342 0 0 0 1
2.0446037989 -4.17442064941 7.4183595236 0 0 0 1
-9.36410268917 -5.96702209319 4.9920304009 0 0 0 1
-5.95647320228 6.28389003884 -4.47899701436 0 0 0 1
0.93479655566 5.03507203438 3.8295648963 0 0 0 1
2.2932339936 0.560747497121 1.10035353998 0 0 0 1
3.39934942286 0.647833302415 -6.21681055298 0 0 0 1
-7.94148051509 -0.244914231851 -5.64120874813 0 0 0 1
8.97837917174 -8.62111138012 -7.89241497111 0 0 0 1
-3.797196266 5.70705257763 -0.696259612647 0 0 0 1
-9.00039183281 7.89437033658 8.99195305601 0 0 0 1
8.44443641242 4.80884196498 -8.67032014721 0 0 0 1
6.13358967722 -4.65503707774 9.12971132846 0 0 0 1
2.69214851833 -9.94766686223 -1.43350270771 0 0 0 1
8.36300847754 3.78460764277 6.87808264482 0 0 0 1
-0.782283377519 0.689721711985 -7.44347351847 0 0 0 1
-3.16793088087 3.98008693502 -4.64517571542 0 0 0 1
7.72122007664 -4.34207843845 6.72404740779 0 0 0 1
8.49996122224 4.98901825715 4.84930640688 0 0 0 1
-0.394222242086 4.00082270009 -7.81148455404 0 0 0 1
-5.60982028125 -2.27493003663 -8.63562771341 0 0 0 1
-6.35981243821 -7.51666993898 7.17525709705 0 0 0 1
9.21348310255 0.729100938197 -7.24417657935 0 0 0 1
5.56528625929 1.19966502247 -0.431156764542 0 0 0 1
9.37736543247 -8.48085402739 -2.60003314997 0 0 0 1
-2.33844010415 6.42150312613 9.05334249761 0 0 0 1
6.22911709111 4.62999498321 -5.31612900655 0 0 0 1
-4.32481289064 8.61898032666 5.3684786659 0 0 0 1
8.13912778918 -8.82481823858 1.4994689006 0 0 0 1
-4.78361732404 6.18700864713 9.55774364005 0 0 0 1
-5.39509028177 9.17570193904 -6.66974611134 0 0 0 1
9.26460844335 -5.29998566249 7.2069665869 0 0 0 1
-7.14803925518 1.96690707173 4.48110366238 0 0 0 1
-5.78695946329 -0.119040672198 5.02076862626 0 0 0 1
3.31657238191 -7.84172989853 -6.86889230433 0 0 0 1
4.32633290904 -0.098453165666 0.455009253607 0 0 0 1
-1.88540470424 -1.78657991229 1.78631768252 0 0 0 1
-9.74950224386 -8.21368680351 -2.86575062673 0 0 0 1
1.32754879233 -0.841357313349 5.22325466962 0 0 0 1
-5.4696581492 1.9034476406 7.25104102471 0 0 0 1
-3.20662983986 8.11593245583 1.62590565902 0 0 0 1
-7.52211024032 -7.73598727816 0.119743517995 0 0 0 1
1.4087656502 -2.62436361782 -8.57437762397 0 0 0 1
-1.9223254075 -4.26917102031 -7.06680706942 0 0 0 1
-4.06983764724 3.10189936262 2.38119399429 0 0 0 1
-1.6130169788 -5.04277276073 9.79911431548 0 0 0 1
-9.55341036521 -8.34859571238 0.682007830385 0 0 0 1
-1.91688714518 -2.23395223984 9.94298365404 0 0 0 1
6.39495115759 7.90615881703 2.80325670923 0 0 0 1
-8.56856550176 -0.572123661479 7.37960456271 0 0 0 1
4.46060190181 1.85240264288 -1.73496151608 0 0 0 1
-8.05549058962 7.05332265261 -4.0995142624 0 0 0 1
8.7687800975 3.25622525416 -0.348974751969 0 0 0 1
-3.11469362951 3.90146381565 -0.115727125553 0 0 0 1
-2.44214086398 -1.23884662401 -7.69278157952 0 0 0 1
3.50612311921 7.16259201202 7.29167485692 0 0 0 1
4.25990573303 6.51007086997 9.6225215913 0 0 0 1
0.0288836723762 -7.46149969899 7.36297797761 0 0 0 1
-4.19527415236 7.36524404072 -2.3138123873 0 0 0 1
-8.32923556624 -7.46944190705 -1.34020932318 0 0 0 1
-0.965705121976 -2.53568836282 0.818046589089 0 0 0 1
8.94111000686 -1.74830228152 -6.83018562177 0 0 0 1
6.46202395727 0.792127705266 -2.45914647319 0 0 0 1
1.41990322773 1.05647455666 2.94797431486 0 0 0 1
3.11087756277 7.15101755807 9.47712229929 0 0 0 1
-9.58209257899 -7.43075672483 9.43143096511 0 0 0 1
2.40525154478 -6.79496136676 7.01409489892 0 0 0 1
0.717305830514 -1.66515727917 -0.3662879064 0 0 0 1
2.87878176785 -5.95714201983 -5.97072371328 0 0 0 1
-5.91060469941 -7.68319931012 3.15733913706 0 0 0 1
8.50780384955 3.03518427629 7.97885163331 0 0 0 1
5.97034188768 -2.55155207017 -5.02407987926 0 0 0 1
-2.74736148106 -4.97015108961 -7.42400076561 0 0 0 1
-3.30161989782 4.46364351674 6.69753934709 0 0 0 1
-2.60954936799 5.36322914454 6.59544320705 0 0 0 1
1.90490404833 2.52480996462 -2.29443857979 0 0 0 1
8.89247767468 9.97383748688 1.13601493448 0 0 0 1
-5.29650595463 1.01929250917 -3.09895948644 0 0 0 1
5.9216364327 -9.11524851594 2.98405022636 0 0 0 1
-6.69006817969 -5.39893222881 -0.344592419868 0 0 0 1
-1.04187797155 4.75685440947 4.33665014527 0 0 0 1
1.12414067975 9.91635714054 6.11928532382 0 0 0 1
-7.70668461187 -3.9086592717 -8.55564642402 0 0 0 1
5.89342086196 -2.08081376234 -8.77299136697 0 0 0 1
-2.15483081209 6.12473833698 1.79534125919 0 0 0 1
9.94165737702 7.78840613134 5.71662066136 0 0 0 1
8.075826185 -5.00070089592 9.58824866117 0 0 0 1
-8.97876003893 4.28242676475 -2.54006771504 0 0 0 1
-2.87803177777 6.81312275008 9.64144478355 0 0 0 1
-2.77074398245 -4.45453082841 5.63925038563 0 0 0 1
-7.83398446116 7.47542312393 -0.648485176597 0 0 0 1
5.60641434706 2.56088998669 6.42263136659 0 0 0 1
-8.52273934995 -8.40543737644 -3.71600345316 0 0 0 1
-9.69062004891 -3.59149596351 7.17009470291 0 0 0 1
9.71920136589 0.270394273848 4.94830722738 0 0 0 1
-4.55884289926 -6.93958381019 -5.42463822822 0 0 0 1
6.73464998321 -0.98810115323 -6.6559511994 0 0 0 1
-5.47925373624 7.71714918725 -7.76086579718 0 0 0 1
2.70124854412 0.085484827011 -4.02877427973 0 0 0 1
2.01656347278 9.30371168175 0.639364430185 0 0 0 1
4.90435922733 -1.23765510723 -9.24360633981 0 0 0 1
1.15388531705 -3.35330137192 -1.64433798719 0 0 0 1
-9.86090650294 -1.92778642123 -6.28149208285 0 0 0 1
-9.29426147006 8.95551450785 6.03423558656 0 0 0 1
4.02371858939 6.09174503107 -8.28919258914 0 0 0 1
-8.43745838533 -0.638381699087 -1.89855824358 0 0 0 1
6.31891611888 -7.25229613471 -3.95458111018 0 0 0 1
7.9184164225 -2.09329210584 1.75604543123 0 0 0 1
-9.14692589899 5.44916700398 3.12729731505 0 0 0 1
1.01273050218 7.21645829285 1.92151207671 0 0 0 1
3.69363936451 2.6162371735 -8.09506598057 0 0 0 1
4.3872556184 -6.45435733437 2.07294677472 0 0 0 1
-1.53454980946 -5.99148316643 -9.25055312016 0 0 0 1
8.39921181638 6.62176210834 5.90676911414 0 0 0 1
3.00815227442 3.03972943025 -5.72832020519 0 0 0 1
-5.06600173139 1.77098890383 -1.83200411664 0 0 0 1
5.957585776 -7.99159503157 7.00305236413 0 0 0 1
-4.3157644049 3.06132127979 -3.46233188464 0 0 0 1
2.2834477761 5.53827186126 6.16074920686 0 0 0 1
9.89834238832 3.2740686487 -3.3581386945 0 0 0 1
8.93348050728 2.52309126902 -9.96033354656 0 0 0 1
-2.87303634255 -9.67528547333 -8.18590170576 0 0 0 1
1.60916969847 3.60325417797 0.949875475268 0 0 0 1
4.30011979709 1.67865194987 -0.401638365853 0 0 0 1
6.00049181889 -3.90737392075 -7.15305501488 0 0 0 1
1.76475744196 2.98256418855 -2.02074866717 0 0 0 1
3.52857408727 -7.77956776507 -0.11291340821 0 0 0 1
3.91616353663 4.74579570456 6.82386007647 0 0 0 1
-4.96889122978 -9.70192910771 3.29404167015 0 0 0 1
-9.72239866856 -8.60941087863 -6.2151610699 0 0 0 1
-2.87982372075 9.4253505705 1.17193439888 0 0 0 1
5.83317557332 5.72604973066 1.84990214065 0 0 0 1
5.55505706172 -5.98630481903 -2.67820771799 0 0 0 1
-6.0961507009 -8.73752915038 -6.59016689362 0 0 0 1
9.70060784512 -2.54819743988 5.23765264254 0 0 0 1
9.57745738655 -3.07784090201 1.30835983069 0 0 0 1
-4.88141634602 -2.81936012111 -0.111331901023 0 0 0 1
-2.21314096475 -4.60869798186 7.41600764475 0 0 0 1
2.60210053356 9.12747996607 -0.0920738240121 0 0 0 1
-8.36940350113 -3.82345153374 -0.574137221837 0 0 0 1
0.715675564961 -0.872180332401 9.73695587864 0 0 0 1
-2.34593468587 3.02997907791 -3.36767305679 0 0 0 1
-4.78940311665 6.10694519385 8.4403185817 0 0 0 1
-3.90868613593 6.35114376353 -9.85857325809 0 0 0 1
-1.16467518493 -5.13287112313 1.24397659617 0 0 0 1
7.81787636443 0.00953143313903 -7.6625702703 0 0 0 1
-5.142835702 -9.02551170994 -5.04486427591 0 0 0 1
-0.943142927014 -1.02125905872 -7.21516725311 0 0 0 1
-0.720537846993 0.173014994472 -2.38345141195 0 0 0 1
1.0640966922 -1.53637433739 3.4577587385 0 0 0 1
0.619121314442 9.99574442084 -9.88511858224 0 0 0 1
7.11701258545 4.04844846488 5.05828706159 0 0 0 1
4.72001058006 3.19940894286 -3.10611994153 0 0 0 1
5.15073572214 3.73969956815 8.35522994731 0 0 0 1
4.33378734186 2.77782934898 -3.66710469274 0 0 0 1
7.5876313704 9.31918445887 2.93202046473 0 0 0 1
6.94058903126 -2.2588453338 6.52008877397 0 0 0 1
8.83638450498 2.0659339139 8.28276838561 0 0 0 1
-2.25003944375 5.97069982867 -1.76009248291 0 0 0 1
7.70900238047 8.62338110223 1.59490278556 0 0 0 1
-2.37345752704 -4.69917977231 6.39789919133 0 0 0 1
-4.12861343503 5.57234796815 -8.14982703398 0 0 0 1
-0.387586220391 9.56683346353 7.90154847329 0 0 0 1
-8.62713661824 3.954171195 8.59630307116 0 0 0 1
0.688885983965 1.96511527995 3.15918303038 0 0 0 1
-5.38280007939 8.1307208044 8.3781889174 0 0 0 1
3.93939008526 -5.55745545952 -8.30958061983 0 0 0 1
5.68114370055 -4.96062208309 1.24385919227 0 0 0 1
-9.84042854941 -9.85738069397 6.42118100895 0 0 0 1
-5.03670776976 -5.10188051392 7.79261246886 0 0 0 1
-4.58348563166 -3.20220889413 4.38400723659 0 0 0 1
4.14481762963 1.02898932757 5.08568666632 0 0 0 1
1.94760255976 7.51006350186 -0.665300749801 0 0 0 1
3.18600863047 -7.68179304006 3.488356778 0 0 0 1
8.85120774736 4.54739752255 -1.52812963874 0 0 0 1
3.86264232555 0.540103345676 0.898309117153 0 0 0 1
3.83857368551 4.49199849658 -6.38490486369 0 0 0 1
5.03311007867 9.23120549778 -9.60687980447 0 0 0 1
-0.012597701985 9.44008026942 -8.36469725641 0 0 0 1
8.82490257665 2.2448428471 -0.517382380663 0 0 0 1
-7.21398832477 -1.49197541895 -4.30548199755 0 0 0 1
7.13889861141 -7.67637965725 2.03030327893 0 0 0 1
-2.49443709216 7.4930093534 -8.96144848153 0 0 0 1
9.40365600701 2.14963848085 -4.37780151707 0 0 0 1
7.69886097489 -3.70350508256 -1.37601454724 0 0 0 1
-4.64829395428 4.29631583273 2.42121943095 0 0 0 1
4.2583051085 1.24516633239 -7.21070471067 0 0 0 1
5.35270229451 6.30498401519 9.57301452899 0 0 0 1
-0.244687985668 -8.47858288509 5.34235480388 0 0 0 1
7.66167320574 -3.4077179405 9.48422402046 0 0 0 1
-0.504165575769 7.45943503615 7.06330468468 0 0 0 1
9.54151726365 8.12685604324 -6.00572379192 0 0 0 1
-7.64923145837 2.91927494404 -6.30722484303 0 0 0 1
8.06405448358 -0.617931297749 -0.0401926965742 0 0 0 1
-7.2111596717 6.01708470785 -3.88300441151 0 0 0 1
-0.887418736908 -3.58640529659 8.89961970768 0 0 0 1
-1.98306199758 6.39917207171 5.484744797 0 0 0 1
9.96698832808 -2.23435238283 -8.70143451546 0 0 0 1
-1.91874894369 5.27140626014 -5.92949142531 0 0 0 1
-0.344188440959 5.97588706151 6.22139155598 0 0 0 1
1.09639608316 2.78301242303 3.2606886241 0 0 0 1
0.0605196850578 -9.74741864395 -8.93162855031 0 0 0 1
-6.43213577994 9.37345214654 0.542528980611 0 0 0 1
3.39731170098 -3.6673385463 -3.90904218782 0 0 0 1
-8.62228804801 -8.98629058335 -0.820974127873 0 0 0 1
6.45685730975 9.84663790543 7.40830293033 0 0 0 1
-9.25380812789 -1.27513786009 3.00729296658 0 0 0 1
0.629235756771 -9.3281709118 5.5701417881 0 0 0 1
5.3421892353 8.61982973966 6.63813008508 0 0 0 1
-1.18476522126 -0.658497483189 2.05722033603 0 0 0 1
-6.00536995308 7.98143690151 9.83961873296 0 0 0 1
6.69580325737 -0.464261011571 -0.118593460014 0 0 0 1
-6.62854484656 5.64873136204 3.58284027566 0 0 0 1
-7.54295674158 -6.86858884044 7.29044777531 0 0 0 1
1.12465679337 6.85783110239 -2.94491866136 0 0 0 1
3.00481654843 -1.18909818732 -3.87958098959 0 0 0 1
0.473413822047 7.39275002391 -4.27761069738 0 0 0 1
7.39547204144 7.57762710014 8.85758712713 0 0 0 1
4.07686184128 -6.26806704711 4.43101684641 0 0 0 1
1.70277026906 1.35960337286 -9.95051251883 0 0 0 1
6.90784366734 -2.93646481212 0.135525595908 0 0 0 1
-2.86344592223 3.07726415026 -3.72103234668 0 0 0 1
-7.68276172071 -8.68347582246 -4.67196547408 0 0 0 1
9.62635733252 6.56148229772 -3.70132823773 0 0 0 1
-5.06517976471 5.63231669733 -4.30404236867 0 0 0 1
2.4777066375 8.27694965125 9.09591326333 0 0 0 1
2.80088513761 -0.285916328504 1.05986522377 0 0 0 1
5.09644608295 -6.47623853177 0.534244271745 0 0 0 1
-5.76639178498 5.32638447456 -9.90669664128 0 0 0 1
-3.14312147031 -6.94569137433 0.0702608090246 0 0 0 1
0.871706774645 -7.92651063167 -4.88130840612 0 0 0 1
-2.55401674976 8.60757592151 -5.19752408159 0 0 0 1
-7.49340974562 -1.55687047388 -7.72956209436 0 0 0 1
-0.752974330408 0.705890607924 -4.27635014667 0 0 0 1
-6.40004813971 4.1066449524 9.60132860676 0 0 0 1
0.926979352326 6.00985767879 -1.77695065314 0 0 0 1
-7.37617273845 -3.25772469546 -0.439625055921 0 0 0 1
5.40595135233 -2.5499966353 7.50258534546 0 0 0 1
5.18801475674 0.657536350914 -5.42053554742 0 0 0 1
-7.62055148457 1.90827423559 8.28456143969 0 0 0 1
-3.6639721244 -3.85202125254 -2.00147496976 0 0 0 1
-1.02130889732 9.75709456499 -9.01579946351 0 0 0 1
-5.7034798381 0.773820425023 -1.23595626181 0 0 0 1
-8.95968951429 -9.82642156965 9.67778466084 0 0 0 1
-1.44394816857 0.431273654672 6.04401705434 0 0 0 1
4.90810759782 1.3842001867 -2.27546729383 0 0 0 1
1.84550177814 -6.30665081431 9.86140913887 0 0 0 1
2.67295134865 3.39855697686 -8.39429559669 0 0 0 1
-2.24211115437 -2.47230902372 3.01829329344 0 0 0 1
-8.41803860397 -8.23198510418 -1.26045787974 0 0 0 1
4.22272245216 -6.02270989346 -4.56882489077 0 0 0 1
1.29807541774 -7.40060343141 -1.0196707797 0 0 0 1
9.52499307929 8.74357116082 -3.17999091724 0 0 0 1
-2.43316947163 7.06157640176 6.67058839724 0 0 0 1
6.37438051635 9.84895717655 -6.54446037486 0 0 0 1
5.00984206662 5.03888722432 -8.7358720928 0 0 0 1
9.06857584547 7.63451117894 6.7809734066 0 0 0 1
6.5165342455 6.65786850376 8.53960446756 0 0 0 1
8.12373512951 8.59649216154 -7.05812295806 0 0 0 1
9.34093816694 3.08636942107 9.43857547989 0 0 0 1
1.66871995678 -5.06097003482 2.99990427986 0 0 0 1
3.98740525813 6.92511720165 -2.86201893565 0 0 0 1
1.6693093365 6.55495237299 5.95374374044 0 0 0 1
4.59934105465 -7.63367797257 -5.78376346635 0 0 0 1
-9.48581026727 -6.63164486941 2.25897016704 0 0 0 1
1.4180364204 -0.466738476932 3.65813415151 0 0 0 1
-9.70439134814 -8.16797336583 2.88651572011 0 0 0 1
-4.65224682935 8.85582139845 -5.20134447646 0 0 0 1
-1.49929923966 -5.90642750321 -2.28353803893 0 0 0 1
0.559933851656 -2.432489234 0.335149969311 0 0 0 1
-0.374252974901 5.28886905101 -1.84764044989 0 0 0 1
-3.85912557303 -1.73609571453 1.72483199326 0 0 0 1
-2.04810779059 1.40645239461 -2.89249117075 0 0 0 1
-0.963360523433 -5.68765658202 -5.03207293135 0 0 0 1
4.39714738702 -7.88832928564 -8.38979143924 0 0 0 1
4.96716241257 4.33456887866 -1.6970824052 0 0 0 1
-4.71905630937 -3.02365165064 6.74942196524 0 0 0 1
-1.53098831525 -9.09886593167 5.8246450259 0 0 0 1
4.9848543438 6.99395589403 -3.41641431926 0 0 0 1
1.17646669745 2.52240939843 -5.36078020329 0 0 0 1
-5.22270606581 8.50847120744 -2.22830053989 0 0 0 1
-9.30875241179 -6.36275117704 -1.04092760753 0 0 0 1
-0.150921028555 1.27936901514 7.43671694256 0 0 0 1
8.87779164035 5.47995697926 -4.91628054522 0 0 0 1
-8.96953185026 2.31328392 7.36708598809 0 0 0 1
-5.79958852492 -0.465785204552 -7.9935592083 0 0 0 1
-2.38010659974 5.16759840964 6.70299112176 0 0 0 1
8.81801187721 1.99548069833 8.88379357863 0 0 0 1
7.01572655401 9.81275415859 -9.63155608205 0 0 0 1
-8.38784974155 5.61966051286 6.10283213328 0 0 0 1
3.76214025436 -0.29209608101 3.82001359712 0 0 0 1
-7.05840728547 -5.21573838237 8.51666296596 0 0 0 1
-4.03249685712 2.63035477893 8.38292459469 0 0 0 1
-4.33685314334 -5.18431243161 8.72460247045 0 0 0 1
-0.898977348081 6.77147357737 7.54581472899 0 0 0 1
-4.64395665579 -3.42068784969 -7.94629763615 0 0 0 1
6.20063802476 0.995801921779 7.69185467677 0 0 0 1
1.203465232 -0.052512003048 -2.61152378731 0 0 0 1
2.35933380945 -8.98295975682 -8.2885263497 0 0 0 1
-6.68487113249 0.171724090939 -1.24461708748 0 0 0 1
-0.711327581828 2.80741962101 7.96839350371 0 0 0 1
0.688620756147 -7.58976759102 8.56291953159 0 0 0 1
-1.87585946944 6.03011055676 7.29516440084 0 0 0 1
-6.21099837647 2.89241265087 -9.83649014742 0 0 0 1
-0.296955523181 7.90940256475 1.44097357807 0 0 0 1
8.18700669139 5.94339117429 -0.0199616181467 0 0 0 1
6.64559621095 3.15784839132 6.4225828075 0 0 0 1
-7.578527138 0.422465781699 -0.0651885050132 0 0 0 1
1.72731895536 -4.05137936617 -3.64658489515 0 0 0 1
-0.690444343294 -4.52979254346 -7.30068667436 0 0 0 1
3.87384952681 -6.84035969222 9.23734475648 0 0 0 1
2.53832661856 -5.42579944302 -9.2648145964 0 0 0 1
-6.86246718621 7.27890572681 3.83852934026 0 0 0 1
-6.49400672266 6.39520187201 -2.8605549079 0 0 0 1
-9.27806058613 4.83331294646 7.0109618681 0 0 0 1
-8.93727691983 0.838539785299 -8.98105007333 0 0 0 1
-6.74525466023 1.73055774205 -7.25964289025 0 0 0 1
9.7265942759 4.07319789451 -2.97008322957 0 0 0 1
-7.54707421423 9.36551489489 -9.95123140219 0 0 0 1
-3.79000358081 -3.45550413511 -9.3498182882 0 0 0 1
-2.92630253446 -6.60146576811 -1.65249500004 0 0 0 1
-3.64939709795 9.50857314471 -6.1448234952 0 0 0 1
-0.0879145140851 -6.76395850901 -3.99393052823 0 0 0 1
8.43337615646 -6.41895531071 7.5920772635 0 0 0 1
-7.02798204191 1.58104729511 4.72975362784 0 0 0 1
-7.34047165952 0.367952018594 5.54052014159 0 0 0 1
-6.63647409403 4.86367528856 2.07885307769 0 0 0 1
-6.52127906409 7.40130456053 0.593091925065 0 0 0 1
0.0344968042606 3.9062286772 0.895636502183 0 0 0 1
-2.07432895219 -8.54022083411 -6.9995055875 0 0 0 1
-9.41099937002 -2.36147963367 -4.1521658759 0 0 0 1
-8.52603632369 -5.0664535761 1.69607179904 0 0 0 1
5.94818193727 0.310568054846 -3.45377375419 0 0 0 1
9.43090050155 -9.30360562374 3.43791296447 0 0 0 1
-2.02154363514 -2.26927191556 9.73700558501 0 0 0 1
-1.32096699886 -5.28178642996 6.71382887627 0 0 0 1
-1.67911322702 5.37274741778 -2.76948199751 0 0 0 1
-3.55488199149 -4.08586038013 1.07883849559 0 0 0 1
-5.56277184633 -8.35738214494 9.49015649391 0 0 0 1
3.5294312382 -6.10924758883 -0.796033500602 0 0 0 1
7.98776007086 6.20641037343 -4.6547858393 0 0 0 1
-3.24560916958 4.87329085901 3.20730663581 0 0 0 1
2.38451289475 -1.89398455276 -3.46195368317 0 0 0 1
7.75795673378 -0.573298455567 -0.671677805753 0 0 0 1
2.99600086662 -6.70306551937 -2.27305188142 0 0 0 1
-0.410141380037 -3.52113720347 -0.462803950336 0 0 0 1
-4.6608903914 8.83389567362 4.60096326492 0 0 0 1
1.01207733939 9.25986468726 -9.20420431642 0 0 0 1
-6.89274623204 -9.69194740524 -5.11322209772 0 0 0 1
0.958068194521 -0.837973417384 -4.95124769239 0 0 0 1
8.12331957168 6.40073413468 -7.4280467644 0 0 0 1
6.3706296544 -8.68865306256 -0.040201571692 0 0 0 1
1.13268066719 2.95099024709 9.73275008445 0 0 0 1
-7.5994297801 5.78735910148 -3.82962161086 0 0 0 1
5.97120346631 -0.640520757246 -9.0840748464 0 0 0 1
6.05392407274 -5.82613702155 6.50274309306 0 0 0 1
1.16894298656 8.06506731743 2.54305879468 0 0 0 1
7.97742731831 -8.55549277159 -9.45215926978 0 0 0 1
-0.170794083469 -4.34266912945 -0.274709544458 0 0 0 1
-0.478081099161 1.59953927369 3.50735982336 0 0 0 1
-8.60556141383 9.03925598551 -1.14597181261 0 0 0 1
-1.3476165283 -3.45434687216 1.93172005791 0 0 0 1
0.37689302838 8.09709647988 -6.74481448362 0 0 0 1
-1.28464151034 -0.31339918669 -6.23911025854 0 0 0 1
6.78266045796 -3.6918361776 -7.12080960171 0 0 0 1
0.683641397074 -2.78360673797 -4.58775333389 0 0 0 1
-0.979577728947 -8.54010323648 0.588916750839 0 0 0 1
-8.06693695394 8.12653880606 -2.76550435843 0 0 0 1
5.91562953349 -5.37885983175 3.82027295159 0 0 0 1
-2.58740644848 -1.97537720481 -0.164887253733 0 0 0 1
-4.56680737487 -4.56361929161 1.98658678336 0 0 0 1
4.36396942076 -4.60467207998 -5.58823887392 0 0 0 1
-6.98434647115 -5.63288709996 1.30364368262 0 0 0 1
-2.22646309754 -4.2730980476 -5.98419828342 0 0 0 1
-1.22166643322 9.42988325463 5.86887047788 0 0 0 1
-3.65716583841 0.917687815414 -7.87482455177 0 0 0 1
-2.73630516268 -7.97008747592 -3.22727028822 0 0 0 1
-9.0852476407 -2.19624923531 2.92819624686 0 0 0 1
-7.42137051648 -6.0532163997 -5.58465833148 0 0 0 1
3.57245395961 -4.67209309267 -6.34473275698 0 0 0 1
-4.31704909662 -0.865878299547 4.86598452464 0 0 0 1
5.21090418752 0.223710334374 1.8779545344 0 0 0 1
0.122511240516 -0.248874706766 -6.02534040584 0 0 0 1
7.77329799151 0.49958684886 4.59992129082 0 0 0 1
8.72973790712 7.10182831155 8.2502354558 0 0 0 1
-8.69445907251 1.58855231563 8.47331726365 0 0 0 1
-2.58823411366 9.69123368123 -5.04694576291 0 0 0 1
-4.35696314301 -3.85197654103 5.8617593647 0 0 0 1
-6.15887904836 3.9440779547 -7.6970239818 0 0 0 1
3.42429622012 0.689887257016 2.77054115455 0 0 0 1
-5.95213604573 -1.94614853121 3.99269522405 0 0 0 1
-9.20815850332 -6.45275193695 -8.42490665314 0 0 0 1
-3.16155273088 6.11634205591 -1.33625701553 0 0 0 1
-7.62671542661 1.69916799294 -6.66194938377 0 0 0 1
2.17979637925 -7.26660194859 2.96519157212 0 0 0 1
-6.95264268223 -4.41237734909 -9.5699718762 0 0 0 1
5.17068668757 -7.84708452236 -7.41291105442 0 0 0 1
3.1607561792 6.41298007313 4.07814882744 0 0 0 1
3.54086167134 -4.35323359843 6.10993352795 0 0 0 1
2.73692214553 3.50684474716 4.93703086243 0 0 0 1
7.44373322879 -2.57177284917 4.76018049401 0 0 0 1
-6.8957943135 3.146206492 -3.38387317262 0 0 0 1
1.95738711683 -8.74449357049 -7.43667439428 0 0 0 1
-7.02049340797 8.68925027893 5.88476784998 0 0 0 1
4.8172498579 -2.00506487131 -3.2457567105 0 0 0 1
-0.682858105586 -8.26244766613 -7.76363410719 0 0 0 1
4.04796726893 8.02577258358 -9.714779006 0 0 0 1
-3.87804602609 2.21428900008 7.75972925741 0 0 0 1
5.53889410473 -5.60779599734 3.68468703515 0 0 0 1
-1.17860905702 -6.8861817689 0.562944919501 0 0 0 1
-6.5218042284 7.96390019302 -4.76348663824 0 0 0 1
-9.55559841661 6.97447005935 2.0416522073 0 0 0 1
7.58683558538 -1.72254812936 -2.51798281595 0 0 0 1
3.14564823073 -4.92273359718 -4.04068290785 0 0 0 1
0.0382772078234 -1.8487937301 1.11774316677 0 0 0 1
-0.956956607335 2.78007091048 -6.91652518297 0 0 0 1
-8.22089893868 4.984253017 8.21168079358 0 0 0 1
-3.56458747041 3.65010291293 7.14538201556 0 0 0 1
-1.41864051273 9.0343744608 9.71526974564 0 0 0 1
-5.63643983903 1.54588689293 2.34250701432 0 0 0 1
-2.46832578515 -4.51295992809 -2.48586435002 0 0 0 1
-3.29343200985 0.759410742741 0.0040546946312 0 0 0 1
-3.42334380558 5.10161940803 -3.92777581212 0 0 0 1
-5.91701252872 0.838585638326 -0.664493751261 0 0 0 1
-3.90424034203 -6.26714105583 5.56902590382 0 0 0 1
-8.18563892859 1.187578199 -2.0570073327 0 0 0 1
7.17795359331 3.99118202145 -4.66680778769 0 0 0 1
-8.89200455667 7.17949741239 -5.47086256729 0 0 0 1
7.64474759906 -6.06045039438 6.63590521875 0 0 0 1
-5.02911513097 5.11332718809 -6.19733330389 0 0 0 1
-1.71738641219 4.65214548776 -8.98532582213 0 0 0 1
-9.53748659995 -0.0313446287291 1.38630730287 0 0 0 1
-1.92386544571 0.384599894677 8.33041412185 0 0 0 1
-1.76206392885 9.45937594699 -1.67832746834 0 0 0 1
3.17213492134 2.02499578473 0.576768165371 0 0 0 1
-6.61077635972 6.91152220219 -2.67673380886 0 0 0 1
-4.04720302444 -9.11941806053 -4.10338442115 0 0 0 1
-6.33325954565 -7.29985930785 -6.04372437278 0 0 0 1
1.39207067286 7.51304899498 0.543607779221 0 0 0 1
-6.72517880756 -4.95550469237 -8.68367401561 0 0 0 1
9.50916177111 5.07096695732 -0.0963868492402 0 0 0 1
-9.80548165039 -6.76908691929 5.63338752644 0 0 0 1
-6.12893988587 3.5810381917 2.04591793551 0 0 0 1
1.96231840639 2.04955348229 -7.03113671046 0 0 0 1
-3.4351211869 3.15310967154 -5.69887033013 0 0 0 1
0.117757567321 6.31186063138 2.8286118797 0 0 0 1
2.37804552079 7.20904115184 -2.02680039112 0 0 0 1
4.53764749537 -6.19466434092 -5.34381393058 0 0 0 1
7.81577928871 8.77100088935 2.90573704351 0 0 0 1
2.44369622348 6.49022748582 5.50333583266 0 0 0 1
-9.86409733452 2.02317051051 0.692884930703 0 0 0 1
8.63116117069 -1.17900763557 8.22069075491 0 0 0 1
-1.60576814818 4.93373608198 -0.221936721832 0 0 0 1
0.807736789373 -7.38512851703 2.47484270426 0 0 0 1
-5.02417203038 9.03906982276 -2.02721973488 0 0 0 1
9.19842077456 -2.54607897882 -3.35884382927 0 0 0 1
-1.57526287087 2.53224402605 -9.38767674227 0 0 0 1
-8.22440248586 -5.9735821257 -3.08282032703 0 0 0 1
8.18288576566 3.9390559063 -0.341156149774 0 0 0 1
-7.78160545672 -7.21940806693 -4.3550275378 0 0 0 1
8.07282719217 -1.31986259494 7.81567070891 0 0 0 1
7.2734610501 -4.63821072102 6.53096054169 0 0 0 1
-4.19856842194 -6.72965043864 8.08230196047 0 0 0 1
-7.90867164359 5.67477296106 -9.44935883198 0 0 0 1
-6.74162911888 -1.92857085791 6.12648490987 0 0 0 1
-3.86292957011 -9.73612582189 3.31751412778 0 0 0 1
-5.14513184607 -0.612299841607 3.64283118929 0 0 0 1
0.560625014739 5.76559861231 5.33518570507 0 0 0 1
-5.90727262259 -6.56336696547 -7.76565022863 0 0 0 1
7.65764090412 7.41771113094 2.01246846984 0 0 0 1
-3.74610699695 -5.41056412241 4.11355499209 0 0 0 1
-7.34132655086 1.91703550235 -3.45899694812 0 0 0 1
3.72032059338 -6.5096094127 -9.75921905614 0 0 0 1
4.08530739122 -9.17403877599 -7.92293433876 0 0 0 1
-7.80727680107 1.08543126879 -1.41005066733 0 0 0 1
8.92888532152 -4.16983805512 3.5812110192 0 0 0 1
0.189156758759 3.67920023228 2.60370187611 0 0 0 1
-0.723190353825 7.82502286718 5.66192970707 0 0 0 1
-7.24712724323 -3.05945466759 9.12390929883 0 0 0 1
6.68918538222 6.74757413487 6.01675705626 0 0 0 1
1.32930040922 6.81537022264 7.22865305333 0 0 0 1
9.70215046236 0.510758289761 -3.45929754055 0 0 0 1
-4.03783920951 -9.23399980443 -2.78201900083 0 0 0 1
-1.77329126847 -8.38141635327 5.82689148519 0 0 0 1
-8.64506391455 0.295016105442 2.23021866446 0 0 0 1
-0.0875422374416 -2.22185528779 7.84377958365 0 0 0 1
-6.00131669845 -0.962937689308 4.41937134456 0 0 0 1
-2.05886858049 -8.54968835325 -8.58820290457 0 0 0 1
0.111333037771 -1.35160096159 7.52516718693 0 0 0 1
0.81939928534 1.67880527156 7.53373387659 0 0 0 1
6.52818386965 -6.32283683709 7.76037003993 0 0 0 1
-9.7090316071 8.06226166154 5.15211251432 0 0 0 1
6.40876734814 -8.60331852012 -8.41160205837 0 0 0 1
0.15557006604 6.30743535643 4.80743703072 0 0 0 1
0.666254912846 -1.73738598504 4.55986525146 0 0 0 1
4.77230282349 -9.36584181027 -9.02381742811 0 0 0 1
-3.32975337734 8.08430564614 8.57453508495 0 0 0 1
-2.33348740784 -9.93465390564 -0.440042359495 0 0 0 1
8.53629573129 -0.490670935806 5.7630275434 0 0 0 1
-8.07909164243 -5.31273430214 8.00504784545 0 0 0 1
-8.36381084112 -8.08185634189 5.33067495158 0 0 0 1
1.56240343324 -1.33090505371 -9.96075547221 0 0 0 1
0.341792739304 -3.02232543667 -4.86621560845 0 0 0 1
-4.87983611666 -7.69903179168 5.4900076811 0 0 0 1
-1.2588412565 -7.02978950019 -3.50472358651 0 0 0 1
0.679906759924 -5.60393183487 -3.41173342498 0 0 0 1
-1.32307887327 -8.56070888484 4.36158558574 0 0 0 1
-2.71857501109 5.0396685593 1.96146300901 0 0 0 1
-7.73149757764 -7.34824356166 4.55223204139 0 0 0 1
-8.41909557219 7.13326430714 -8.43136857255 0 0 0 1
9.37372225428 -0.319175632185 1.10224955309 0 0 0 1
4.66436444199 0.445073784705 -2.99613784425 0 0 0 1
-6.33237267526 4.56265873387 2.01502228452 0 0 0 1
5.70153853306 2.15879309706 1.88032239559 0 0 0 1
4.23992030725 -6.59753727108 4.12710891047 0 0 0 1
-3.61216491482 9.36491767665 2.94374866704 0 0 0 1
-9.90058846641 6.73356168833 -9.2170753889 0 0 0 1
8.94395136336 4.44282844356 9.79218296104 0 0 0 1
0.287288058215 9.08099252374 9.30340054186 0 0 0 1
-3.61333082836 0.833823094717 9.80898347688 0 0 0 1
6.82161736525 9.93113254135 1.78251638168 0 0 0 1
8.41922926897 7.80108769513 -0.105601588173 0 0 0 1
0.0441541840317 2.8572685621 9.47782223522 0 0 0 1
-3.41524459425 -3.61620300098 4.781036515 0 0 0 1
-0.463744370928 -4.54840954196 -2.87180155444 0 0 0 1
6.08076530857 -5.83660067379 1.67352657114 0 0 0 1
-2.78017758973 2.96029385612 5.33716149746 0 0 0 1
-6.7715501645 0.527767056494 -4.61305796278 0 0 0 1
7.83387117689 7.27258875276 -0.512798038927 0 0 0 1
6.36818944582 -2.17020708252 -2.57503336154 0 0 0 1
-4.9723995869 -4.68525620033 9.96501791755 0 0 0 1
-3.71582336649 0.956601702294 -1.55605719292 0 0 0 1
-2.86550616288 0.849373690553 6.56240010058 0 0 0 1
4.41314120735 -1.7751645843 2.6307326624 0 0 0 1
-2.89047225634 -3.9536994672 1.38851519157 0 0 0 1
-5.44562834974 9.81335983723 9.70116073072 0 0 0 1
-5.86650544905 4.79118478249 8.79439321359 0 0 0 1
7.46042140597 -0.595393551063 9.43080715778 0 0 0 1
-7.74399628224 9.18996869815 -9.11687573256 0 0 0 1
-4.53023483211 8.38029597679 4.59416674719 0 0 0 1
-1.34663077481 -3.33500919647 -5.74739538979 0 0 0 1
-3.83347257836 -4.21903215113 -5.27651711109 0 0 0 1
6.59945713925 -9.69419881063 7.14106297034 0 0 0 1
4.35559738799 -4.83238005032 5.07478921488 0 0 0 1
1.60317754549 -0.485197360938 -2.83220457736 0 0 0 1
3.31213982861 6.27150129947 9.35419938284 0 0 0 1
-1.51402890206 8.6692696801 6.652956453 0 0 0 1
-4.50587518497 8.19895261067 -8.16625040371 0 0 0 1
-8.26382108462 -3.95433766804 4.13310729003 0 0 0 1
-8.87555971676 7.10363693276 -1.0965429506 0 0 0 1
3.50206784545 3.14645145893 -8.77680227056 0 0 0 1
-8.15156747224 7.02157118245 -8.19396490958 0 0 0 1
0.594811472139 -3.9884821001 -9.18355901123 0 0 0 1
7.91812921192 -1.19252778609 -4.71423688777 0 0 0 1
-7.39373873928 7.74788854939 -3.41077359021 0 0 0 1
-0.177302322811 0.878723368848 -2.32063161633 0 0 0 1
5.46125239259 -7.2526695006 7.41431912089 0 0 0 1
6.54166658482 8.88265735975 -5.77676052256 0 0 0 1
9.362347099 -9.68368409439 8.01387579526 0 0 0 1
0.917638838798 -7.33941086799 -7.43814433376 0 0 0 1
-2.79995852918 -1.30866991886 9.95890811002 0 0 0 1
-4.48512702144 -8.77530080524 -0.370986693175 0 0 0 1
-9.26782914049 -3.18703746272 2.05994466646 0 0 0 1
-0.497828309589 -6.8868032616 0.408528456103 0 0 0 1
1.85871764561 -5.81412966776 2.73317273812 0 0 0 1
-1.42052505443 -4.5806472345 -5.35184247484 0 0 0 1
-8.19951615833 4.69817489024 8.17795115104 0 0 0 1
-5.29363231524 7.9447826787 -4.90796910089 0 0 0 1
-2.14907425037 -2.19622792992 -9.26977191692 0 0 0 1
-4.38478867498 3.63968547374 -8.3214429633 0 0 0 1
5.72478555866 -9.35630298152 0.40364350524 0 0 0 1
-6.44074986317 4.5543515785 3.7498692992 0 0 0 1
-3.19435496708 -4.66310859378 -8.34827731082 0 0 0 1
-5.41378050423 -1.27224617333 -4.55003623845 0 0 0 1
-6.07279197395 -3.7628165411 7.56509241016 0 0 0 1
-8.19934387114 -0.101252840174 3.39906522787 0 0 0 1
9.13273593766 -4.95238774009 -9.05109188812 0 0 0 1
0.632895301524 0.580537658829 -5.19156183572 0 0 0 1
8.72366282198 -8.39107070114 -1.72619923884 0 0 0 1
-9.50334554679 -0.0212948473992 6.09331154946 0 0 0 1
9.96606953452 3.34058143599 -0.339245735994 0 0 0 1
5.01326806104 5.11181892858 -7.06603465835 0 0 0 1
5.05207303709 3.35197863435 4.1507121417 0 0 0 1
-5.43434825869 9.65882314789 0.189832587768 0 0 0 1
-4.83409746405 4.29455791503 -4.39610601432 0 0 0 1
7.77148777677 9.8971324518 -7.40094268181 0 0 0 1
2.14117124335 -1.3316933375 -1.23140556795 0 0 0 1
-4.84763813007 9.2237974084 -1.34742777837 0 0 0 1
2.91467841382 -3.31009930394 3.33735268038 0 0 0 1
-0.00583086554653 3.19683982648 7.68143591118 0 0 0 1
-3.96175883692 -5.6961124057 -3.12137553322 0 0 0 1
0.740127212334 -8.46040746109 3.38113845399 0 0 0 1
7.04946202505 2.72001811121 9.89960356736 0 0 0 1
6.47707623924 -6.34489483202 3.0931608903 0 0 0 1
5.06127327325 -5.58955361741 4.63566205433 0 0 0 1
1.14365678315 8.1881210306 -1.20079045637 0 0 0 1
1.11664999124 -7.7851958252 -2.49204250449 0 0 0 1
2.17416079666 9.01013226581 -9.53164014435 0 0 0 1
-0.304289568684 -9.69285192959 -9.21278526872 0 0 0 1
7.16607619582 4.87210997126 -9.43371019176 0 0 0 1
5.31853835608 7.28983388884 -9.30714686202 0 0 0 1
-3.92470938156 2.51332764062 -3.07345929591 0 0 0 1
5.30658251708 -2.97223126241 -9.72795675313 0 0 0 1
-0.00965761963882 -9.47966092036 -2.2785606366 0 0 0 1
4.67949853025 -1.2075620985 -6.76067017023 0 0 0 1
-0.276581076581 4.04953417162 8.40218680743 0 0 0 1
4.97376498101 -7.46070371388 -3.71740293393 0 0 0 1
-8.59655388808 -0.537634293461 7.75313782494 0 0 0 1
-1.01101779094 4.57762626355 1.17552864464 0 0 0 1
4.19181793765 -1.6437811036 -2.10036907358 0 0 0 1
1.66174502065 -7.21939370694 -9.71648040472 0 0 0 1
0.268082253901 -2.04596037806 -4.14251975118 0 0 0 1
-8.59887225055 -1.71594550187 -7.26928600362 0 0 0 1
6.87160909045 -0.530746142858 0.885854325327 0 0 0 1
-6.87454394884 3.26246163556 7.55910870091 0 0 0 1
5.30230942522 -1.16130475834 -5.15273654633 0 0 0 1
9.8259459823 0.44071859344 -6.61915166226 0 0 0 1
2.43433809692 1.28567207421 0.737524055601 0 0 0 1
7.01158696621 8.45402550758 -6.27792200584 0 0 0 1
1.32175773747 8.53977697903 0.302667720183 0 0 0 1
-0.877605500087 9.5247310185 3.71932521154 0 0 0 1
-0.637129927631 5.70302064171 -7.4677983803 0 0 0 1
-9.89189000527 -9.83283820425 4.77297824645 0 0 0 1
-0.758364544619 4.51518626049 -1.6382871808 0 0 0 1
1.94429524899 9.51572527273 0.566060711565 0 0 0 1
-9.47202663625 -2.66279192867 9.73996555518 0 0 0 1
5.47737764022 9.96250773578 0.0952728862055 0 0 0 1
0.121322420575 7.31771734309 3.70648453621 0 0 0 1
-1.08543141025 4.96138306059 9.83239709589 0 0 0 1
5.79844654436 -6.25433667928 -0.276424241718 0 0 0 1
1.83342529794 -2.77511599754 -3.86976706445 0 0 0 1
2.91982586161 6.91724796168 -5.38544585462 0 0 0 1
1.84274586533 1.55892652247 9.39605307893 0 0 0 1
-8.63359408173 -7.24495571631 -3.02593107873 0 0 0 1
1.75466470479 1.84200317307 -8.66747262603 0 0 0 1
-9.31312500169 1.99011319343 -6.11945682943 0 0 0 1
6.43080487538 -7.07069987288 6.6973370058 0 0 0 1
-2.14417360502 -4.23692756045 6.07490771587 0 0 0 1
6.72770778817 -8.30469429889 -8.23702974522 0 0 0 1
7.6144668542 8.72875591318 4.82609476138 0 0 0 1
0.114981088319 7.86827845567 -2.54503347547 0 0 0 1
7.55731067684 -0.447424986681 -7.09498867855 0 0 0 1
-0.745427305946 -1.41193709116 9.81510950395 0 0 0 1
1.06046301057 9.87655642336 -7.33170681608 0 0 0 1
-3.27458143478 -4.31159095504 -9.62001007257 0 0 0 1
-0.00628280425773 -4.01570308245 -2.78543199031 0 0 0 1
-3.28112242429 -6.801594752 -1.50118860198 0 0 0 1
0.620682814018 -6.6315530993 -9.10044868826 0 0 0 1
6.25391848373 -9.12803505442 -2.4215460877 0 0 0 1
-2.68071785618 5.85800922655 -7.30548410671 0 0 0 1
-9.43570929065 -4.65120213301 0.529872363829 0 0 0 1
-1.83145605043 8.38600106031 8.23847587595 0 0 0 1
7.03556876996 -7.53009032975 -7.44632800009 0 0 0 1
-5.04898397163 -5.77269141301 7.75312650867 0 0 0 1
-5.8992995283 -0.0420217772865 3.6565122922 0 0 0 1
-0.0749286235331 8.80125976152 4.84871019639 0 0 0 1
0.893001125189 6.83352082507 -7.94392419751 0 0 0 1
7.47160636691 3.88326028485 5.61531875216 0 0 0 1
4.12812769075 -9.24991038234 -9.57064182771 0 0 0 1
-2.83838682055 -1.83738748508 -1.55057053005 0 0 0 1
-4.01657326054 -5.86105694576 8.15993630482 0 0 0 1
-4.99570109876 8.8754162127 9.70350245618 0 0 0 1
7.83395465995 5.09048252004 0.5722760146 0 0 0 1
-4.33102158266 8.2640820146 -7.66865917316 0 0 0 1
8.39298674384 -1.55879961703 3.21554340187 0 0 0 1
-1.59416532929 9.4445738658 2.85322133482 0 0 0 1
-2.37872742062 -9.27300603904 8.72275561435 0 0 0 1
9.61787184955 2.35982554607 0.321293926019 0 0 0 1
0.385159320673 9.43204837988 -6.24915417042 0 0 0 1
-6.34726415418 5.6742889473 7.02896180022 0 0 0 1
6.47390617691 2.06466274351 8.85470916176 0 0 0 1
-5.90583858528 -8.14877623776 0.296568784023 0 0 0 1
9.88847157603 2.44372042964 1.83110801638 0 0 0 1
-9.25500214741 8.47772150839 -8.88463958262 0 0 0 1
3.44837847141 -9.30940976517 7.32362034282 0 0 0 1
-9.82633300793 -0.43612369812 3.58062308037 0 0 0 1
8.39089145304 -4.77916407508 -0.0719391370085 0 0 0 1
-8.95312504381 -7.86831353432 4.91980645601 0 0 0 1
6.61299650645 -4.22839248263 7.75804122539 0 0 0 1
-9.69265108704 -9.41565571826 -1.97520118436 0 0 0 1
2.29011303997 2.15428542018 8.29483148689 0 0 0 1
-9.99799945277 -7.17523933562 -5.15845047912 0 0 0 1
5.56674155494 -8.96298936901 0.851271280343 0 0 0 1
-5.32219056824 -3.40803705005 9.23987728718 0 0 0 1
0.842710952114 -5.02186195705 3.77152847828 0 0 0 1
2.10387110528 -1.14307158977 -1.4424856082 0 0 0 1
1.82636803468 7.25178944608 -8.72798215324 0 0 0 1
3.50298102547 -1.54577085562 -3.99838788139 0 0 0 1
-1.23380771512 -5.80087321855 -1.57139759694 0 0 0 1
1.99961048672 -3.93540722596 -2.21659510321 0 0 0 1
0.86006865377 -1.06626437484 -7.61040648205 0 0 0 1
-9.66857250461 -5.74788964365 5.70179977792 0 0 0 1
-5.0517094651 -8.43536093143 -3.67314193953 0 0 0 1
8.78973068819 1.22338700703 1.09095279988 0 0 0 1
-7.32011444434 -0.296296893618 3.6178130831 0 0 0 1
-7.35306607659 1.12569383732 3.47439254607 0 0 0 1
5.14231085393 9.53233287709 -7.94998136255 0 0 0 1
5.1707701868 2.83450851857 -1.51579546837 0 0 0 1
9.03950595177 -4.1114020628 9.7034547339 0 0 0 1
3.64863666768 0.878482228844 -4.26346164104 0 0 0 1
8.39923230657 9.64047348541 7.76223626294 0 0 0 1
5.3282442543 -6.6009284906 -3.93135492829 0 0 0 1
6.24274954956 7.11685403071 -0.709369040099 0 0 0 1
-8.66224194927 -7.03566400758 -9.67086702752 0 0 0 1
9.86057059952 -3.17304191819 9.9263827099 0 0 0 1
1.43634181786 9.70875161563 -0.696204757781 0 0 0 1
3.02020097666 2.2598197791 4.20583241637 0 0 0 1
2.43939072553 -3.12410609277 -4.39234116979 0 0 0 1
9.56469087543 -4.514211946 3.49637993856 0 0 0 1
5.46366449819 -9.09216835475 6.38203562791 0 0 0 1
-2.32923658768 -2.47618710391 -9.8460529411 0 0 0 1
-0.973419249234 -8.5881498956 -8.89013665569 0 0 0 1
-4.76484983347 0.551982736008 -3.82875347842 0 0 0 1
-7.26331173617 -5.03246823204 -1.87711638702 0 0 0 1
8.00512049863 4.19154021599 6.21745286768 0 0 0 1
0.748438982639 -2.17117403281 -7.28727206641 0 0 0 1
0.129574455633 0.819800409959 -1.02304963005 0 0 0 1
5.96308173972 0.231118768071 0.904287717124 0 0 0 1
3.30068311235 5.4238626412 9.14865682388 0 0 0 1
2.96734593302 -1.7613744822 -5.22172124731 0 0 0 1
7.52551433548 7.63845719665 7.72167039853 0 0 0 1
-9.22585032584 -0.443850873678 -4.03411543681 0 0 0 1
-6.52804119619 -7.37447364464 8.18876415618 0 0 0 1
7.9006025581 6.56679128575 2.42608167247 0 0 0 1
0.375386135671 -8.17579774913 2.17160322686 0 0 0 1
8.3559436246 8.0042049671 -8.43970444285 0 0 0 1
-8.44037100889 2.74059940764 -8.89480972889 0 0 0 1
-4.04428066717 -9.5332360792 1.62576952219 0 0 0 1
-7.95703266839 6.58267158318 -2.02043827915 0 0 0 1
5.4951133625 6.04609494157 -0.51521547896 0 0 0 1
-6.48002415359 -1.01323808552 -7.36634874883 0 0 0 1
3.77489498449 -8.82649075814 5.71157477095 0 0 0 1
-0.388836896346 -0.641252521945 -9.18013179425 0 0 0 1
-3.15338524583 -1.16739050343 8.74162913468 0 0 0 1
-2.5265878092 -2.86549097638 4.0204377085 0 0 0 1
-2.32984473739 -9.35560127949 4.65767372713 0 0 0 1
6.16189214045 8.97821088813 1.75522112666 0 0 0 1
1.38567288526 -7.06298350557 0.711394317917 0 0 0 1
-1.99369194466 -8.05751711026 8.5800494631 0 0 0 1
4.84652033968 8.87273400208 7.81135032781 0 0 0 1
-1.12670598581 9.55639047932 -8.74120647909 0 0 0 1
1.35006092571 -1.16235827709 -4.47141126422 0 0 0 1
1.94120266828 3.17513558466 0.0036698101762 0 0 0 1
-8.86678603706 -6.06652607304 -5.5202182058 0 0 0 1
9.53367680751 -9.27472334048 -8.61932281161 0 0 0 1
1.03986384266 3.24338160812 -3.53327944567 0 0 0 1
-2.99037792026 5.27149037343 -1.80226217527 0 0 0 1
-6.63699554903 -3.98149026868 6.75495575094 0 0 0 1
-4.66457361796 -4.67388083756 7.7281818743 0 0 0 1
-0.4399523797 5.9793670945 -2.39249447441 0 0 0 1
-4.55252699131 -0.515641479074 -0.53424054164 0 0 0 1
-4.79461595428 -9.69261067188 -5.01113572779 0 0 0 1
2.5675699544 7.45544663658 -0.46080111905 0 0 0 1
1.0528599233 -9.32988351566 9.77367774633 0 0 0 1
8.51741198243 8.52828718774 -2.6260928986 0 0 0 1
-6.68144320239 2.62492502535 6.43657209761 0 0 0 1
2.59040228759 4.42938848987 -1.10730197713 0 0 0 1
5.93433741668 -5.30785460496 -8.3105033998 0 0 0 1
-6.22430813172 7.25486247078 2.45811275697 0 0 0 1
9.08370522555 -6.82873612853 -6.52310706173 0 0 0 1
-8.16444560461 -2.65224546924 -1.99191176082 0 0 0 1
-7.01053620886 0.0110676228529 9.24609365464 0 0 0 1
-8.54986375568 3.76302646149 5.06349014479 0 0 0 1
3.51446053027 -5.56611742682 1.8207369066 0 0 0 1
-5.78424938906 -2.42774291728 5.58771831177 0 0 0 1
8.44137736569 -2.06184168241 7.43531483159 0 0 0 1
-5.63620366335 2.06723962731 5.63739478553 0 0 0 1
4.33757118913 9.92200613059 -4.7213497117 0 0 0 1
-9.20311501068 -6.06434102941 -5.83847832969 0 0 0 1
-5.16017407459 -5.25595260884 -3.91215445575 0 0 0 1
-1.2747074836 9.88002112227 -3.43722280135 0 0 0 1
6.79436695215 -8.82883415954 -2.79770133274 0 0 0 1
-2.3259070235 7.80301481389 3.06739250402 0 0 0 1
1.08354125856 7.62182682533 -2.61218661284 0 0 0 1
8.37512204968 -4.43264070904 8.96255843325 0 0 0 1
5.86097705271 5.30126274893 6.82464403311 0 0 0 1
-3.6415559645 -5.84726772698 -6.26164683894 0 0 0 1
-7.63681037563 4.56476764046 -8.89465577043 0 0 0 1
-4.88110001268 5.36363935133 0.252799018312 0 0 0 1
7.64395263639 -5.05928465581 1.14760776336 0 0 0 1
-1.85778223925 -9.66344666346 6.90599716176 0 0 0 1
-2.86331549773 -0.708134962699 3.57894512325 0 0 0 1
-9.91360348673 -1.70117618192 4.68538089263 0 0 0 1
-5.2845958239 3.15892826237 8.00280309936 0 0 0 1
9.90208428562 -9.75731842412 -8.80311098382 0 0 0 1
9.74010872771 -0.20864726626 -9.56659631798 0 0 0 1
2.57173317475 6.23646687837 4.82301947733 0 0 0 1
3.0024931082 -3.34243529879 -3.2785639107 0 0 0 1
1.53579269216 9.75282514623 0.835642241598 0 0 0 1
-0.794550617947 8.88237114191 6.77905427772 0 0 0 1
-0.417397581337 -0.827770417868 9.68689569729 0 0 0 1
-5.93352215414 -7.69568647215 0.941246909112 0 0 0 1
-3.8840689544 -3.59418854289 -5.55508843659 0 0 0 1
-7.95256260188 -1.0119369731 7.03960209515 0 0 0 1
7.81537544769 -8.18944121122 6.95093987339 0 0 0 1
6.37367100843 6.53631083968 -7.02022679871 0 0 0 1
-6.41804065772 0.878837043501 -1.65603562778 0 0 0 1
-2.16634480174 -2.55475861825 -3.35810699207 0 0 0 1
-0.419754061988 -7.10144815499 9.66918429614 0 0 0 1
3.54159579437 4.91266181366 6.82516401631 0 0 0 1
7.44433289752 9.22984562238 4.8780120741 0 0 0 1
3.40116938024 -4.15597126713 -8.01745905235 0 0 0 1
4.0290796399 -9.44903817631 -5.24158870051 0 0 0 1
-3.85960104452 1.09262858007 -6.82388457862 0 0 0 1
-3.12713780052 -9.62484627295 -0.494821331304 0 0 0 1
8.81162827048 -9.036101068 -9.53854438068 0 0 0 1
0.374738167392 -1.11579913868 -1.05557393158 0 0 0 1
-6.52271628179 -8.60157264804 7.26211391255 0 0 0 1
-0.963345491879 7.47247521312 4.63297923815 0 0 0 1
-5.47305762797 0.0476049189281 8.41560885216 0 0 0 1
1.22457060657 2.91763254053 -0.804615441652 0 0 0 1
2.66412713605 -6.0500425984 2.08418473526 0 0 0 1
8.57510587214 6.03350090437 8.32723410692 0 0 0 1
7.78232737922 1.97029758608 6.61884879607 0 0 0 1
6.83013796861 -0.418613422056 -4.88519430915 0 0 0 1
-0.456755511954 -0.582067889258 3.61403809133 0 0 0 1
-6.66967361145 -5.09640376666 9.33726945213 0 0 0 1
-7.51816228703 -9.57170006273 -7.24681835314 0 0 0 1
-3.43744238431 4.32530781969 8.27229236625 0 0 0 1
8.97316432143 -1.24120216563 5.4269457943 0 0 0 1
3.75246139269 2.39265163291 5.10645671131 0 0 0 1
1.03597428851 -5.7497670441 -4.33394832535 0 0 0 1
-6.33281141918 2.22959358667 -9.1714973135 0 0 0 1
8.78799669567 -8.98565218652 4.08222108385 0 0 0 1
-2.66599320789 -7.28522544601 3.02700088903 0 0 0 1
4.35876412643 -2.83018784934 0.809903593199 0 0 0 1
-8.60246418563 -4.72766708879 -6.92453611381 0 0 0 1
7.44869341362 -8.30343959612 1.13277771926 0 0 0 1
-3.70257949891 -0.944662288274 -9.75663697434 0 0 0 1
8.51056007004 6.73235427753 -8.46271319638 0 0 0 1
-7.0707270518 -7.91280589887 -8.97293310305 0 0 0 1
-3.6274815168 2.79579040936 -9.68124507501 0 0 0 1
0.0414206075685 -2.07288489485 -4.63640503099 0 0 0 1
7.24653386601 1.30171301697 -4.12792757663 0 0 0 1
6.46582925924 -1.44481684701 1.9459211041 0 0 0 1
9.90463598747 4.51230998958 9.1917106464 0 0 0 1
6.07364858889 4.58929998923 -2.71359211274 0 0 0 1
-6.14378916038 0.823355190061 3.05095321769 0 0 0 1
-6.73825372839 3.01876335197 8.84324121448 0 0 0 1
9.32691197023 5.66647577382 1.03996189134 0 0 0 1
-9.71720147617 7.18733822124 9.25356056363 0 0 0 1
-2.35148404958 -6.82716077624 -0.970503977846 0 0 0 1
-2.73645826808 6.93417969223 7.05222463508 0 0 0 1
5.9470006548 -2.84381185637 -4.36630133705 0 0 0 1
-2.6803531293 1.61047097268 3.70341563213 0 0 0 1
-1.52248913007 -6.07746068102 4.18106422452 0 0 0 1
-0.940079231464 5.2663805149 -2.70413909659 0 0 0 1
-2.07176891228 0.711071406774 7.50772119692 0 0 0 1
-4.02945139215 4.24711384994 -5.75318675405 0 0 0 1
6.35673682523 -4.98478680091 -8.72401514547 0 0 0 1
9.00944664684 -7.19527125537 -0.920318387778 0 0 0 1
1.305905514 2.88991193858 4.7907809828 0 0 0 1
-8.0379911504 0.769835665721 3.89658796602 0 0 0 1
6.43585800231 9.47212416024 9.095015425 0 0 0 1
2.05982511798 -0.644802304728 -4.58072609488 0 0 0 1
-2.85745220682 3.48912439148 -2.81767959964 0 0 0 1
6.72683985989 5.87861283712 2.20509890153 0 0 0 1
-1.65057836893 -7.53530257968 -8.959814879 0 0 0 1
9.14818844809 4.761726355 5.44580711977 0 0 0 1
3.67261792353 1.39504220731 5.58476127609 0 0 0 1
-5.88640643841 -7.68994058279 -5.59660413989 0 0 0 1
-0.766644357841 -9.81394388835 -5.28912369215 0 0 0 1
5.38857952076 5.72271484785 5.82344113275 0 0 0 1
-6.90698890305 -9.45120515557 -7.96673111623 0 0 0 1
9.17118574209 -4.04096074202 0.0793088974982 0 0 0 1
-7.64800351757 0.389831751463 1.80124777175 0 0 0 1
