7.10403991255 -9.90447384653 -8.62083332893 0 0 0 1
8.85229972795 4.57428115576 -0.927036770348 0 0 0 1
-6.5237732901 -6.27210385593 -3.9866598646 0 0 0 1
8.25328262463 -9.89979276351 -5.6505344807 0 0 0 1
-9.19007975412 -4.90775273311 3.17263376788 0 0 0 1
-2.16726275044 -8.05450422209 5.71783083599 0 0 0 1
3.52541311683 -0.778415231879 0.838422651449 0 0 0 1
-8.14248971046 2.04060304444 0.515535460207 0 0 0 1
-8.57941220263 5.45650210665 -0.59802335754 0 0 0 1
8.05146699874 -7.2849174605 -7.96262802153 0 0 0 1
5.31844185445 -2.53575632379 9.64106724236 0 0 0 1
-4.15463918944 3.6013563108 -5.18139140774 0 0 0 1
9.2297868619 -2.04705989722 -0.44351475339 0 0 0 1
0.515410461173 3.63038319262 -5.0887526879 0 0 0 1
-5.88888000646 0.680182749265 -9.244927688 0 0 0 1
-7.22503164302 -2.68985219329 -2.59457330114 0 0 0 1
5.81199631285 -9.33608224193 5.18160659382 0 0 0 1
4.49966325604 6.19628038238 8.12041542661 0 0 0 1
6.49017943183 4.00619591414 -7.73149112319 0 0 0 1
-4.49221253488 5.01127229705 -9.25726765077 0 0 0 1
2.17333892086 -8.19392347513 5.00959422978 0 0 0 1
-5.01670837801 -3.65503338441 -3.42578053358 0 0 0 1
0.780759611726 -0.821145658632 -3.68264065256 0 0 0 1
1.26206055637 9.47051662102 6.85840276745 0 0 0 1
9.54067106088 1.04582926405 4.25333327385 0 0 0 1
8.0172437756 -7.5505766442 4.49227330474 0 0 0 1
-5.53806983897 -4.60350308685 -9.44593825217 0 0 0 1
0.175671641151 2.71182424156 8.33723318433 0 0 0 1
-0.10698080241 -5.70818581048 -9.27520768965 0 0 0 1
-1.70575815654 -7.68596924204 0.243177325894 0 0 0 1
5.06386057236 -5.6088916736 -2.40111013429 0 0 0 1
6.01071346972 4.54182906727 -0.592980510421 0 0 0 1
