0.781680602709 8.15298184085 9.55334704091 0 0 0 1
8.23093680291 -3.43674165455 -0.802698017734 0 0 0 1
-1.49731166549 6.50091986257 7.88679913123 0 0 0 1
9.81670639418 4.5710060775 -4.27200499517 0 0 0 1
-7.74850635989 -3.744152122 0.665733435098 0 0 0 1
0.928370531281 9.31933914411 -6.19910397597 0 0 0 1
-1.49652898615 5.39189414344 3.74345520995 0 0 0 1
1.08608511477 4.47286485726 -0.00211607255802 0 0 0 1
5.94351166056 6.93579598116 -7.85932864272 0 0 0 1
1.84104261599 -4.70162514369 7.26546686108 0 0 0 1
-9.20867229699 -9.23152273618 9.58733652538 0 0 0 1
-4.87083491007 -4.91136584484 2.3818000359 0 0 0 1
3.29536061725 0.611030727506 0.647123615292 0 0 0 1
2.80343277077 2.03896055457 -0.283431540539 0 0 0 1
-1.74562099938 -6.45563437097 -0.0384888586135 0 0 0 1
5.62362062661 -2.8746574955 -8.9572926486 0 0 0 1
-7.66661247473 3.3268239493 6.73900274559 0 0 0 1
9.82577874572 -2.91544789214 -3.03732317177 0 0 0 1
9.07822096852 1.38939126046 3.51734603668 0 0 0 1
-9.5494684846 -6.10520738175 0.849189827398 0 0 0 1
4.20366797704 2.11675332917 6.14791349929 0 0 0 1
-8.29423575892 2.51526001687 -7.43590483871 0 0 0 1
-6.05797430938 0.53520168329 0.632134267406 0 0 0 1
-0.285664927126 -2.94033680093 -3.38285730243 0 0 0 1
-4.13089150629 -8.51645375695 -3.97781991791 0 0 0 1
4.4583390397 4.57334566603 -8.35174848549 0 0 0 1
-1.94972169977 9.13495464458 1.60598735293 0 0 0 1
-2.71473289606 -7.5005826923 9.01686952186 0 0 0 1
2.64338213676 -7.26371021096 -8.42611714719 0 0 0 1
-8.08034419648 8.97122495377 -5.81638695605 0 0 0 1
-0.827287341005 -6.13792912809 0.808949581309 0 0 0 1
-8.14228577233 -9.51690145182 5.12060955483 0 0 0 1
-0.963134658433 9.15048914244 1.8261626082 0 0 0 1
9.49914887301 7.5857804683 7.95118313741 0 0 0 1
-1.40458703114 3.2572383628 7.96204888504 0 0 0 1
6.16344311791 -5.75653880073 -1.01711332529 0 0 0 1
4.64241002959 -8.45269052722 8.39151398575 0 0 0 1
5.1479643349 -4.09297725118 5.63251724195 0 0 0 1
7.74895654556 -3.1880978284 2.88897905376 0 0 0 1
-3.60364775248 -3.25566931233 -0.436461016235 0 0 0 1
4.02247089835 -9.91274038324 9.06330586078 0 0 0 1
-4.85381668068 -5.32114107361 8.86402237456 0 0 0 1
4.48107848339 0.76459159497 1.74764541948 0 0 0 1
-8.64499464734 8.21783879872 -9.09317023169 0 0 0 1
-4.01877132676 1.33645215123 9.59965861288 0 0 0 1
0.437174640564 8.32426124431 2.29244943994 0 0 0 1
4.55697033296 6.91393831727 0.997715420961 0 0 0 1
0.815395606472 -8.34998761966 -4.45856164043 0 0 0 1
1.96180390882 -7.50950651185 2.65788057637 0 0 0 1
5.3379865619 1.59220312201 9.87993978597 0 0 0 1
3.37705791821 -9.425833491 4.60875773623 0 0 0 1
6.46816382273 -7.01349357162 -2.65583746263 0 0 0 1
5.74896669207 3.82705198847 2.72506496362 0 0 0 1
-8.83843432299 -0.0602764511147 -9.43396153682 0 0 0 1
-0.127362073197 -8.58636472523 3.51468331469 0 0 0 1
1.26791539515 -1.68382183347 2.0801301839 0 0 0 1
-6.63230926775 3.83878564881 -7.8533514044 0 0 0 1
0.682528005268 3.69239894534 6.72769503094 0 0 0 1
9.90678261672 -6.82078766785 -2.33229948115 0 0 0 1
-0.735466944539 -7.03866991177 -0.0660676716077 0 0 0 1
5.30880706059 2.94390797756 -9.94114778974 0 0 0 1
-2.19244128144 0.566821475369 -1.54752224417 0 0 0 1
6.10377723389 0.433573533375 -3.85679860645 0 0 0 1
-8.4240899486 -6.40374430759 -5.53622024158 0 0 0 1
5.08042804738 -7.2424261133 -8.96778287909 0 0 0 1
-2.1922356926 1.39814572959 -3.52870084076 0 0 0 1
9.80944336823 -1.33317173621 -9.59991906248 0 0 0 1
-3.32708987365 -8.14780666082 6.43860399326 0 0 0 1
5.62941257873 -5.78711813434 -1.68559433082 0 0 0 1
-3.22837092043 8.78556778566 0.0997022454676 0 0 0 1
-2.79826372595 3.97783905522 1.08517475066 0 0 0 1
9.98272835655 4.32505053527 -1.34884887422 0 0 0 1
2.23821858195 -7.19792269378 -4.96781618994 0 0 0 1
-1.43765240683 0.586250214916 -1.98432172271 0 0 0 1
-7.08439431698 4.41264892064 -3.49928818499 0 0 0 1
3.9130806385 -7.2154367625 -0.66057993402 0 0 0 1
-1.06199184892 2.82793841059 1.99912488727 0 0 0 1
5.32660494381 9.5296167733 -9.9738673684 0 0 0 1
-8.03010435488 1.89584671933 -9.02829064261 0 0 0 1
3.03475828807 -6.54929230902 7.11143258889 0 0 0 1
5.03737334196 7.16240027929 -1.31512972676 0 0 0 1
6.03458409504 6.42184276901 2.06029288406 0 0 0 1
8.74034794486 -2.60720515887 6.94755330692 0 0 0 1
9.88210001435 -6.99791831917 -3.12365390823 0 0 0 1
8.25709636154 -3.05457758417 -6.26468657238 0 0 0 1
-8.89544020695 -7.16054394894 8.42274099338 0 0 0 1
-4.52716362531 4.08282700011 3.46031097282 0 0 0 1
1.28130294619 -6.22802411234 -4.01431515925 0 0 0 1
2.35075703267 -9.00284195164 6.34027326783 0 0 0 1
-9.41718446235 -7.04048400453 6.38034731291 0 0 0 1
-2.12858466188 -4.38832523948 -4.94919614643 0 0 0 1
4.75088314795 6.83574771874 7.26309286605 0 0 0 1
-8.44817826565 -8.04153801399 1.54531866793 0 0 0 1
5.07077331874 6.64347105419 -0.350490221632 0 0 0 1
3.05471109106 2.39826720204 2.84548879312 0 0 0 1
8.88648316266 -6.77710081379 0.265673672799 0 0 0 1
7.32751520933 -9.02957535662 -3.72282005847 0 0 0 1
8.3460056884 0.0703066123186 -8.91230377949 0 0 0 1
-2.20115678517 6.62013303274 0.824482244335 0 0 0 1
-8.41864540883 -9.91374872511 0.909239966133 0 0 0 1
3.42481354406 -2.31230237026 -2.77316630653 0 0 0 1
-9.65054641191 -0.202208867203 0.236796523281 0 0 0 1
-1.93429932625 6.54404249815 4.21596400627 0 0 0 1
3.1389011466 7.95204444961 1.73436145019 0 0 0 1
-2.59749946746 -7.52479326606 -6.67343365705 0 0 0 1
3.58141745222 0.45930313807 5.17572070664 0 0 0 1
-1.31894319222 -9.44603764008 -2.31630750309 0 0 0 1
0.882951117042 0.451217135552 0.470803151465 0 0 0 1
-3.55601637833 9.28866785031 -1.3221452454 0 0 0 1
2.95468368751 -0.503983756463 -4.47831960474 0 0 0 1
5.29333122678 3.74713448556 0.442688556782 0 0 0 1
-8.82889710731 -6.90234107724 9.3962870389 0 0 0 1
0.505257651451 8.33971037825 -0.0155950756558 0 0 0 1
2.26228743868 -3.16052414822 -9.33850115318 0 0 0 1
-3.27188725042 0.298597091206 -0.603894896072 0 0 0 1
-2.01219530839 0.288723897806 -4.92400263114 0 0 0 1
-1.50824355636 3.23074136773 9.36024838569 0 0 0 1
5.29736239067 3.69495694206 -1.06974135982 0 0 0 1
-5.90356827803 -3.75795678452 -8.27908404434 0 0 0 1
4.63503619012 -1.00487008151 6.57172103569 0 0 0 1
1.94204252707 7.45997025446 -5.77555380114 0 0 0 1
3.27250099446 6.0290262522 -6.91580380813 0 0 0 1
-9.46485000643 3.04813642686 -2.18592492919 0 0 0 1
-6.97973509046 -9.74236533138 -3.91892398569 0 0 0 1
0.790553352821 5.4054879611 -1.64887248495 0 0 0 1
-4.78266985115 -2.34121022565 6.9725783678 0 0 0 1
-4.03253866327 4.84384620689 1.06778231135 0 0 0 1
-4.91596905657 -8.54462907333 -6.42464917763 0 0 0 1
7.65125145983 1.3795815882 -5.28635921213 0 0 0 1
8.38231063644 -8.67403785499 9.76547650628 0 0 0 1
-4.0874254681 5.70523104316 -6.40310657442 0 0 0 1
6.80739237207 -0.00570738269288 -2.38321430632 0 0 0 1
-5.36348252851 8.46391009683 2.77758845456 0 0 0 1
7.9756054127 -5.26403836216 -2.5514131212 0 0 0 1
7.34391502228 8.28460888229 8.15786593938 0 0 0 1
-3.03851742328 2.03739755789 9.35760238331 0 0 0 1
-1.30795165819 1.365488284 -8.71619594048 0 0 0 1
-4.69305984665 -7.72592706586 -0.383240496906 0 0 0 1
-4.77490117559 -1.95348046939 -9.50346567989 0 0 0 1
-4.62469375008 -6.24380678529 5.31533305355 0 0 0 1
8.0447615966 3.02918181019 4.8436874249 0 0 0 1
4.17004489858 5.20997972213 -9.38060207428 0 0 0 1
-8.87681024554 -8.77060573448 -2.64475736936 0 0 0 1
-6.29211135582 -7.70618450142 3.1090676602 0 0 0 1
8.74374531294 9.10636698494 9.66533051417 0 0 0 1
-7.7622407739 -8.49950577784 -3.19967461787 0 0 0 1
-2.76399111805 7.70749612719 5.39099041553 0 0 0 1
-7.25312945377 2.30687258316 -2.6421226001 0 0 0 1
-7.59130518109 -8.81990892733 -7.31742842456 0 0 0 1
2.41776202266 3.23906834056 -5.71898208716 0 0 0 1
-9.91549995542 -6.72285311858 -3.34811130167 0 0 0 1
-9.8860079883 -0.391637609643 0.989837870641 0 0 0 1
-8.38251720174 1.89201567448 9.41641730742 0 0 0 1
-8.2718179719 9.25368938034 3.19923255639 0 0 0 1
5.2179720713 9.47564090143 -6.98307025584 0 0 0 1
-2.71151818132 0.583618626069 4.45676017718 0 0 0 1
0.131967358168 -4.84775250672 -4.51428638596 0 0 0 1
-9.07675771385 -1.92348613529 -3.82415208618 0 0 0 1
-8.17274882386 5.7433991885 -8.93729979656 0 0 0 1
2.17658199668 0.381743489151 -3.69385890627 0 0 0 1
-6.73984520465 -7.95846884374 -8.94442410883 0 0 0 1
9.70497624792 4.996353789 -4.23408258267 0 0 0 1
-1.68773664027 -9.16902707502 1.44036173359 0 0 0 1
-7.08162461482 1.7866386687 4.6152856925 0 0 0 1
7.94596349362 -2.85655154702 6.14119565873 0 0 0 1
6.58981727627 -9.1674219975 3.56730074056 0 0 0 1
6.03649802819 4.40484432248 2.92940015926 0 0 0 1
-6.5251421483 -5.51335091399 -9.4602196405 0 0 0 1
-2.89371429521 -8.88531857946 -7.63732973335 0 0 0 1
4.28065442191 -1.30337956135 6.72098466581 0 0 0 1
2.00080710331 0.665126967656 -9.03454813561 0 0 0 1
-6.09680396084 8.36719989788 2.21165756922 0 0 0 1
-6.71023149035 -1.33283297258 -5.20785230078 0 0 0 1
0.0729910194083 -9.95968562053 -6.29375969856 0 0 0 1
-3.39756680452 2.52911255742 5.65955933613 0 0 0 1
7.72533891934 3.11192732661 -2.53881516338 0 0 0 1
-0.691889956733 4.28972870229 2.38988267457 0 0 0 1
9.52931741986 -8.1304156056 -7.24665815647 0 0 0 1
1.90328260431 -5.11615657273 6.75676109375 0 0 0 1
8.08725352692 -1.2346826267 -9.24302490405 0 0 0 1
0.867147942135 -3.43526262947 -7.22404923198 0 0 0 1
-4.24528731059 -1.47106164104 -1.56462133784 0 0 0 1
6.7698726024 9.43357607825 -1.5772491276 0 0 0 1
4.57234980384 7.84863996941 -5.70011177112 0 0 0 1
-0.0261202942478 8.58806334207 -6.42283758185 0 0 0 1
-6.30650444681 3.62214352917 -0.0274650243748 0 0 0 1
4.11803256458 7.89288167883 -4.65553393685 0 0 0 1
9.9616231453 -1.58117591202 -2.42617128588 0 0 0 1
-1.59313678811 2.68685149634 -7.85208333951 0 0 0 1
8.49809038995 9.52724248243 -3.97466984024 0 0 0 1
0.204525921542 2.10440461961 5.0944221281 0 0 0 1
-7.43567675196 2.41774012118 -3.66109839144 0 0 0 1
3.78788906857 -5.4294994934 -8.12643332041 0 0 0 1
-7.90530061219 5.33867652764 -2.73344416375 0 0 0 1
2.64792711035 3.06384143201 1.64531661675 0 0 0 1
5.69472151725 1.67971985478 8.19217896317 0 0 0 1
7.57723796173 4.8156795561 -2.27986038406 0 0 0 1
-9.8179887603 -7.45421101515 6.48800472739 0 0 0 1
3.28991592236 -0.887632568045 -1.57727873192 0 0 0 1
-5.89078780618 8.9372385234 1.02773627504 0 0 0 1
-0.432728776514 2.10083710986 -2.2324083242 0 0 0 1
-5.17881312179 -2.44648567345 -6.82100554518 0 0 0 1
-2.14656597706 2.14019673864 7.35941326932 0 0 0 1
3.99288214002 -3.73754986926 5.48148746919 0 0 0 1
-2.75950008944 -8.68762168969 2.39095358925 0 0 0 1
2.78021270743 -7.34760576771 -7.4154426473 0 0 0 1
-3.47690643272 -7.01056715623 8.81887489023 0 0 0 1
-4.78080302507 9.34977074647 4.86630723034 0 0 0 1
6.9553831635 -2.14615405095 -9.22197834033 0 0 0 1
-3.28784078528 0.131271144698 -2.31735202912 0 0 0 1
-6.24654332937 7.4829350488 -9.14001084692 0 0 0 1
4.87099891569 6.00785641524 -8.59564008441 0 0 0 1
8.5460473398 -0.125878139125 -9.4322844768 0 0 0 1
4.31614101042 -1.05740261277 -4.80467175564 0 0 0 1
-4.27196518778 -6.35833169544 -6.57283125331 0 0 0 1
1.4781846673 -2.560928465 0.147619236189 0 0 0 1
-2.97187323904 2.77918084435 -3.9842298301 0 0 0 1
-5.46559805735 -2.47201842108 1.53588345064 0 0 0 1
5.79994829111 5.37088251165 -4.10658566887 0 0 0 1
8.62510998683 -3.80294514271 5.86593093044 0 0 0 1
6.56821404695 -8.31057953803 -3.53174564159 0 0 0 1
7.25017343223 -6.82570721677 9.99558982454 0 0 0 1
-9.95304040015 1.45557867999 2.82070339873 0 0 0 1
-9.49347444189 9.30594357659 -2.32040361165 0 0 0 1
-9.96104997271 -2.90454228288 -7.48791083762 0 0 0 1
-6.23959526927 -6.34881554003 5.10993649178 0 0 0 1
-8.96427620079 7.0847914316 9.1393605393 0 0 0 1
6.63150667946 9.2069765172 8.09972272215 0 0 0 1
8.78650596426 -0.516415756648 5.48308009157 0 0 0 1
6.11204839743 -6.83192705566 3.74596306595 0 0 0 1
4.21544416819 -7.21972363638 -1.90393356259 0 0 0 1
-0.323584140419 6.11774387235 5.9574613183 0 0 0 1
8.35232074774 8.33207522413 9.86867182506 0 0 0 1
0.178669226556 -7.61306891661 9.83170317017 0 0 0 1
0.941970285865 -1.73954589215 3.20157232105 0 0 0 1
-6.93142631467 7.57009038681 7.29351993722 0 0 0 1
6.14490779336 -4.00739881017 4.8371395404 0 0 0 1
-2.29170064348 -9.74470171285 5.37158282942 0 0 0 1
-3.31555365261 7.77292394314 -4.34572976756 0 0 0 1
-2.47330769467 6.88789358845 1.01420227693 0 0 0 1
-8.60921362668 4.00218555312 2.00437749165 0 0 0 1
-3.90412438503 3.29671969337 -0.297995661913 0 0 0 1
-4.13400793717 -4.80321807347 6.84876946617 0 0 0 1
3.68339461177 1.96303104412 -1.49783520817 0 0 0 1
-2.77952803518 9.59943807111 1.87689987751 0 0 0 1
7.39923664357 -0.701912185373 -5.59144267222 0 0 0 1
9.77939417978 -2.35778017074 1.36061984862 0 0 0 1
-3.28192549384 5.43027744899 -4.39085667162 0 0 0 1
-7.33045365677 -3.80806390347 -2.54029950952 0 0 0 1
2.51503027608 -8.44136247943 5.75400840922 0 0 0 1
-3.81402919894 -0.744517370018 2.04751421583 0 0 0 1
7.55776978899 2.07142692327 7.16623588478 0 0 0 1
3.60587475751 -5.65064927538 7.24320920212 0 0 0 1
0.197000766521 -9.88783502419 9.49603977674 0 0 0 1
-3.25623930568 2.70165014508 4.87626743872 0 0 0 1
-9.48597913445 8.48671478551 -1.96652372094 0 0 0 1
6.29611437092 -5.85892561704 3.82070505964 0 0 0 1
-0.449619559683 1.05941126965 7.82061445983 0 0 0 1
-9.51554606535 -0.944125219099 -1.10415618001 0 0 0 1
-5.77952178312 2.81633482877 -1.15991648323 0 0 0 1
3.95128927455 -9.04251387893 -8.97801035693 0 0 0 1
-6.35613014066 -2.83891010458 7.2904053677 0 0 0 1
-2.15980473888 0.359227884252 -2.26329875472 0 0 0 1
5.33844314949 3.75355196362 -9.46600171217 0 0 0 1
-3.92233630893 8.96759399498 0.6926692489 0 0 0 1
0.77130005382 -0.456089463972 1.85311595608 0 0 0 1
-9.19135560515 -6.11710149705 -2.21155930583 0 0 0 1
-9.15521484534 -4.8284667421 -7.15455797209 0 0 0 1
2.0374770042 7.03402186069 9.34417283935 0 0 0 1
-2.2590973019 9.01554301741 -7.28216399341 0 0 0 1
2.86396309272 -5.20319648652 -7.47638159838 0 0 0 1
-8.83557146747 1.63012268927 -8.66921347801 0 0 0 1
3.65593743332 0.0969067883947 9.86144152445 0 0 0 1
9.56734697509 8.24727587704 -0.42280921367 0 0 0 1
6.04561728222 9.52338746138 -1.5157445096 0 0 0 1
-6.31070529799 2.54472351274 -3.9904727168 0 0 0 1
-0.0925939142247 9.96427949476 -4.57020960887 0 0 0 1
3.33458177491 4.4907336042 0.964084634774 0 0 0 1
-0.168539924451 -9.16843885405 5.44196360776 0 0 0 1
0.252160795591 1.07631070321 -3.26354695274 0 0 0 1
-1.47826991766 3.96279933267 -1.53076574677 0 0 0 1
-1.36690075103 5.34812490796 -9.44249683599 0 0 0 1
2.12919222046 3.03810242978 -4.57129401884 0 0 0 1
-8.49829427748 -7.15608995851 -9.41322572059 0 0 0 1
-6.71699448829 -5.69105204138 -6.67846657952 0 0 0 1
0.0777048745033 1.30140961876 -9.7878416239 0 0 0 1
3.07903794181 -3.71161924431 -2.54766045595 0 0 0 1
8.11320800349 -3.62835948998 9.6230159463 0 0 0 1
-8.2111638354 -4.68602805478 -9.05299198165 0 0 0 1
5.22519279401 -5.64480963191 -2.70641145724 0 0 0 1
6.20476404576 -9.59849795435 7.55380677678 0 0 0 1
4.25235110603 7.71541576291 7.08524305562 0 0 0 1
-3.22201498839 3.63278983611 6.83308752555 0 0 0 1
-5.04267296142 -9.5849574947 -1.15026572449 0 0 0 1
-7.7254930352 -6.30091954076 -3.47766046821 0 0 0 1
4.99200191502 2.71253378382 -6.38669565098 0 0 0 1
3.17112426734 7.00492042549 -1.52512904721 0 0 0 1
-0.405606582994 8.517883913 6.56351053384 0 0 0 1
6.31333024339 -1.45354427082 4.24001782605 0 0 0 1
-4.95933984805 -8.43494458694 -5.1447101358 0 0 0 1
-3.94422615717 5.17421438602 -4.5539139574 0 0 0 1
-8.27975371447 -3.11326175735 -1.84654512946 0 0 0 1
-5.44613480191 3.19035572391 6.89677516884 0 0 0 1
-8.21997958523 7.66981357372 -2.30438322599 0 0 0 1
-4.80994666234 6.57900075144 -2.79879256334 0 0 0 1
0.6802123784 -4.95938796275 3.25876228188 0 0 0 1
6.00713457097 1.85772385962 -7.48717009221 0 0 0 1
2.76035561855 6.14543686272 -9.65114545377 0 0 0 1
4.52162378104 -5.41797152272 -4.04768075487 0 0 0 1
6.46426493134 3.8946940255 2.12444800149 0 0 0 1
6.58515243121 9.49251927277 1.15646851469 0 0 0 1
-6.29926863095 -4.95684322123 8.3195629082 0 0 0 1
-7.50461607231 4.86279199281 -3.71403641107 0 0 0 1
-4.75040588566 5.20378453761 5.18867441601 0 0 0 1
5.68723917953 -8.3074116911 -4.57611874232 0 0 0 1
8.32798086884 -7.7288789809 3.79436972006 0 0 0 1
9.89572311311 -4.7498603274 5.88421698744 0 0 0 1
2.29673748769 8.79520123616 -9.84649615123 0 0 0 1
4.55597923957 -0.552019403741 1.42768052647 0 0 0 1
3.10172071134 6.98085522704 6.47893499841 0 0 0 1
6.28548887702 -4.13474041261 9.50942824191 0 0 0 1
-1.93101742142 -9.47425197829 2.5258526355 0 0 0 1
7.4909511742 7.43814413276 0.189246990675 0 0 0 1
-5.92161926293 3.19195497082 6.38703169743 0 0 0 1
-5.02712970561 8.3583108739 -0.459880056674 0 0 0 1
-1.48114546249 -1.81855664881 -0.0902647560848 0 0 0 1
4.13272367262 -8.27255729043 -3.0417728068 0 0 0 1
3.5512683538 7.20606321733 7.65322561776 0 0 0 1
7.21261553888 -4.72075987499 -5.22508747864 0 0 0 1
-0.97080944481 3.78323081702 8.55307851848 0 0 0 1
6.00707375099 -9.01529621154 9.08113580651 0 0 0 1
6.21918035829 6.84221438993 9.82632586048 0 0 0 1
-2.87699817956 -5.10093077277 -1.20938569422 0 0 0 1
2.17530006744 3.28226023534 2.25484316791 0 0 0 1
1.64040553479 0.660267667057 -8.35098867825 0 0 0 1
4.0799800965 -4.14690306297 7.96160069123 0 0 0 1
-9.70138830739 -3.7358303712 -5.1028132067 0 0 0 1
-6.94365853483 3.97533146536 2.67286161742 0 0 0 1
-1.01595730492 -2.0285318131 -3.65153518194 0 0 0 1
2.92374247279 4.98993875972 4.13908199601 0 0 0 1
0.0702557309007 4.64233808821 -7.3953219627 0 0 0 1
3.23185920325 6.3399722919 4.84086010526 0 0 0 1
-3.95952530203 -1.02112728465 1.40442850073 0 0 0 1
-3.86332535108 -3.50808017997 3.25972152073 0 0 0 1
6.79948854423 0.496700307117 6.9230053176 0 0 0 1
-7.59056673489 -4.81836058424 3.90664555555 0 0 0 1
0.316275048788 -3.51577835184 -9.58493500363 0 0 0 1
-0.424976014166 -1.26628723138 0.871613611379 0 0 0 1
-4.87911627365 -5.54668571887 5.01774952209 0 0 0 1
-4.33230226842 -5.06193945849 9.71521629145 0 0 0 1
4.22236465478 2.43503091016 9.19663365809 0 0 0 1
-2.97599641854 -0.78905834838 8.1401340106 0 0 0 1
-8.15496231879 -0.352598964106 -4.46957237587 0 0 0 1
3.26144337964 -3.6770811557 6.68300077965 0 0 0 1
2.58929514758 3.68431015881 5.96761688352 0 0 0 1
-6.66003943445 -8.81495794222 -5.40972176536 0 0 0 1
9.65531352737 6.82852930579 -3.13901436003 0 0 0 1
4.8470723152 -2.00716260459 4.28037690663 0 0 0 1
-5.49130004607 -4.91746675851 9.65881169648 0 0 0 1
9.11222414328 4.57311185418 -5.75476606495 0 0 0 1
3.05436467389 -6.89570352304 2.22137800783 0 0 0 1
2.59471116423 -5.11547375182 -9.26587880398 0 0 0 1
-9.45399145526 -1.14747544698 7.97321136683 0 0 0 1
2.42569060632 1.44045955805 -1.71928983963 0 0 0 1
4.84887516559 -4.50454376522 -9.98957099528 0 0 0 1
9.09724806529 8.14957642324 5.39205417307 0 0 0 1
-6.64099152736 -4.20660254605 0.475331456428 0 0 0 1
-9.84049410156 -2.51565683263 2.66813735726 0 0 0 1
-3.23573573209 -9.39108796238 -4.03668994678 0 0 0 1
-0.797096184385 -1.09104651989 1.59066137803 0 0 0 1
-3.13808321565 6.91577409039 5.25033291047 0 0 0 1
5.28436746357 6.51664960011 0.60582807381 0 0 0 1
2.75612442099 6.6985861265 3.25394217227 0 0 0 1
6.11951538999 4.9448941144 5.81049451397 0 0 0 1
4.26202514608 2.67472092214 -8.64632129295 0 0 0 1
-7.96828796525 -8.98598726566 9.53826031946 0 0 0 1
0.0537532492635 7.41676282551 6.68502231421 0 0 0 1
-1.38634402451 -8.63009684304 4.26995224716 0 0 0 1
8.72451979815 -0.0451298335749 -0.745711987264 0 0 0 1
4.32020683879 -4.9778838848 1.61206462067 0 0 0 1
7.5788944971 1.90556593356 -4.38326061643 0 0 0 1
-1.84862045099 7.7714071822 8.12342019931 0 0 0 1
-4.77704491396 1.58742567394 3.13171330155 0 0 0 1
-3.27257843848 -5.8898250072 -7.82120834332 0 0 0 1
2.90646788999 9.66842813551 -4.39186762878 0 0 0 1
2.20836806789 6.60668386395 4.08057577165 0 0 0 1
1.1845052064 6.96748884699 -9.22138243335 0 0 0 1
-7.23002548296 -1.84544449935 8.51230212411 0 0 0 1
-6.47539666246 3.38554995503 -3.85266808718 0 0 0 1
2.44628353279 9.42558609535 6.78049402923 0 0 0 1
9.07980698689 -7.22213291341 0.691068822777 0 0 0 1
4.96769989793 -6.21912911163 -3.03826557383 0 0 0 1
0.835799500565 -5.40766280303 -7.95198038181 0 0 0 1
1.37081830104 2.92822308879 6.77782570663 0 0 0 1
7.18220946613 -0.241144490449 8.35428311851 0 0 0 1
9.06640966351 4.74294242989 4.3597298132 0 0 0 1
-7.05459378634 9.60019996131 2.17741458751 0 0 0 1
2.24878511192 0.347653313209 -7.9151809817 0 0 0 1
6.82178590098 4.03936457561 -7.35282216929 0 0 0 1
-0.811042602468 -2.90043534012 -2.214221898 0 0 0 1
-6.39686410644 -3.28338565392 6.77088742532 0 0 0 1
5.07068620846 6.81059108279 -1.95028106279 0 0 0 1
-8.85575144934 0.892077551794 -9.40538352445 0 0 0 1
1.31528704248 -4.97479956664 -0.995549359168 0 0 0 1
-6.77925592578 7.61218707091 2.58038047819 0 0 0 1
3.21612697939 1.10076930268 -3.39362446837 0 0 0 1
-3.94155812501 2.66847501523 6.88453893566 0 0 0 1
-6.98571709549 7.17758936477 4.63494388576 0 0 0 1
-0.0814769796133 9.62171284809 -1.28062120269 0 0 0 1
-1.47084525915 -9.12453305742 6.47330795512 0 0 0 1
9.76886614032 -9.29933351251 -1.16129642462 0 0 0 1
-0.59951348309 9.56140094915 -6.33481786475 0 0 0 1
9.91990867822 -8.27116924403 1.80723003042 0 0 0 1
2.00265169006 5.99803398436 3.5672597062 0 0 0 1
1.21127030493 -5.15830376578 -2.13262120104 0 0 0 1
9.2397927511 2.26353688767 9.31968000089 0 0 0 1
-7.32538365067 -7.28119795684 3.70099212065 0 0 0 1
-7.54541899087 0.299983930295 0.954921019521 0 0 0 1
0.0435701424624 -5.45518731539 6.62429607511 0 0 0 1
1.08133593758 8.03913087878 -4.9234451957 0 0 0 1
0.496097231798 -1.19360690392 -0.170713561593 0 0 0 1
-0.289421053777 2.06423736972 9.86740215817 0 0 0 1
6.78683995485 -2.00375505661 -1.49776650256 0 0 0 1
-1.64247802497 4.08308607715 -4.19683087883 0 0 0 1
2.65492801603 2.57247084463 5.25514551043 0 0 0 1
8.02936854052 -4.08796604523 4.96959340261 0 0 0 1
-9.10540467329 9.05762384956 -8.92284177058 0 0 0 1
-6.88336749779 0.966873371355 -6.6103384085 0 0 0 1
-8.58513560068 0.35747710775 -6.24882662054 0 0 0 1
9.88184637859 -1.52476059676 -0.386460371013 0 0 0 1
9.80635179698 -4.94109046544 -8.12157313251 0 0 0 1
-2.66469598606 5.99374269302 -7.94760493221 0 0 0 1
9.84698957156 -2.37002149909 9.94297185669 0 0 0 1
-0.0936967036875 9.89571464984 -7.48151992574 0 0 0 1
6.3912980251 -7.8389133718 -3.07992273632 0 0 0 1
-3.04662060855 1.91495603797 -8.86457067076 0 0 0 1
3.23404369324 -2.80737667696 0.905735393141 0 0 0 1
8.91246053698 -7.53535098376 2.52681361058 0 0 0 1
0.791413866665 -0.573912899232 -5.5784106412 0 0 0 1
-9.20770170318 -1.77955434903 -9.53828272629 0 0 0 1
-1.33002596886 -2.48404463914 -9.57637737193 0 0 0 1
-8.16781632702 0.84019509437 -1.97973869231 0 0 0 1
6.01686156677 7.72978462004 6.71203849696 0 0 0 1
-0.644432577841 -4.78883863563 -9.6289849907 0 0 0 1
0.835272785638 9.67392733446 7.17092913025 0 0 0 1
4.6452239359 -7.81560714769 -2.09564420691 0 0 0 1
-2.49116040615 8.26896094263 -0.889103948116 0 0 0 1
4.12095949688 8.03392217939 -5.08038438742 0 0 0 1
-1.82112698141 8.40143943827 -7.13621130804 0 0 0 1
-5.26008753871 -3.30413855377 -3.78710434688 0 0 0 1
-6.21637869524 0.227035840789 4.50349776262 0 0 0 1
4.74544105991 -4.16642601612 1.31820100848 0 0 0 1
-6.40824247928 -6.46258887005 -2.86948553405 0 0 0 1
-4.06367474866 -7.88721962224 1.47330555496 0 0 0 1
-1.80561976044 6.74372596105 -1.59931264629 0 0 0 1
3.53962914595 0.4576832141 -4.55436258917 0 0 0 1
-1.06166351947 8.31691157063 8.22703177532 0 0 0 1
-2.26914522741 3.90225263326 -4.37285583165 0 0 0 1
0.924309902068 -0.594040378847 6.78721129201 0 0 0 1
-6.50701332574 -1.47537176201 -3.68179601478 0 0 0 1
9.17597957929 -6.12644559856 -9.386736442 0 0 0 1
1.65510576625 4.86438563519 -3.38921418697 0 0 0 1
-9.23326780876 -9.24812203801 -9.79545116294 0 0 0 1
-7.72622988036 -7.16390304071 -1.17598652939 0 0 0 1
1.06333045228 8.32742915033 -6.19771199229 0 0 0 1
-2.541060237 7.82895935132 6.45038844341 0 0 0 1
-4.44097035095 0.612029280537 2.97533907275 0 0 0 1
-4.99563452615 -9.11872930169 -9.20885024663 0 0 0 1
3.31510716361 -0.516322582775 3.84969261257 0 0 0 1
5.45859810929 7.30148526213 -1.02545779527 0 0 0 1
-1.12550888749 -1.34857818066 5.69378463736 0 0 0 1
3.40559989476 -5.65519522884 -1.92321352932 0 0 0 1
-9.77394949033 7.69821058698 -4.59030341351 0 0 0 1
-2.52588118765 9.7054699562 0.809836495743 0 0 0 1
9.99276528855 -7.00529688731 -0.265353411433 0 0 0 1
6.71991631753 6.78767445508 7.20340590555 0 0 0 1
8.56274717778 -0.0367605929751 1.82509606913 0 0 0 1
0.844010162682 1.8891438391 -0.907500622494 0 0 0 1
-5.92931584408 -1.87529178478 -0.69388760002 0 0 0 1
-5.32717209938 2.64943211478 -2.18412795449 0 0 0 1
0.887788110599 -5.65059620139 -9.16174098818 0 0 0 1
0.390274189602 7.12042447204 -8.04786092603 0 0 0 1
5.3805923172 4.7691405162 -0.968571711567 0 0 0 1
-0.602450243331 -0.0154446357059 -4.68978683473 0 0 0 1
-1.18584347866 -5.36029593989 -0.557481690825 0 0 0 1
0.931846413251 4.47104126344 4.94333745242 0 0 0 1
0.881161475742 6.15146002533 1.73381863304 0 0 0 1
-2.04192490003 -0.624002829526 8.89361201833 0 0 0 1
-3.40779853093 -2.23415012701 3.55389515248 0 0 0 1
6.01638931323 9.97032886527 9.53705508103 0 0 0 1
-3.93821349024 8.07639218237 8.60036210832 0 0 0 1
-2.48751520083 -8.42406850453 -9.17829287218 0 0 0 1
-1.67012503316 3.82243359396 -1.23900314291 0 0 0 1
-3.18195701968 -6.33540228951 -5.94160664388 0 0 0 1
-1.02770743101 -0.175930760711 7.37911047967 0 0 0 1
-8.28444238491 7.4564515338 -9.11991372427 0 0 0 1
4.57644911197 7.3749440705 0.51498666793 0 0 0 1
7.66859839747 -3.41972493367 9.44058732614 0 0 0 1
8.78592480213 -6.04227434955 2.49171452863 0 0 0 1
2.6492397746 3.03597115653 2.97186080856 0 0 0 1
-3.83641639712 4.72270654191 -9.08676059973 0 0 0 1
-5.74697151856 1.56204547683 6.9248026708 0 0 0 1
1.38546364024 1.07364693365 -0.812493225009 0 0 0 1
-7.54867984407 -6.60612046146 1.84124175749 0 0 0 1
0.708205046801 -9.65769273928 1.8887935198 0 0 0 1
-8.25281622153 1.42899922287 -5.2486453679 0 0 0 1
4.96317823051 -1.02167880262 -8.54745930299 0 0 0 1
5.43778319083 -5.11269570563 -7.61305217388 0 0 0 1
1.24348856463 -8.27668835028 -0.445024396657 0 0 0 1
-4.84671458156 5.54329254318 1.30394893227 0 0 0 1
-4.27859546812 9.69587514367 -7.99879329963 0 0 0 1
-1.23412161206 -8.02494196783 -2.34946244176 0 0 0 1
-7.81246748799 4.84665440676 -2.00874608745 0 0 0 1
-0.469729281788 -8.03220349332 2.17792234796 0 0 0 1
-2.0400443848 7.86666254777 -1.36210858445 0 0 0 1
2.69369395642 7.85492509572 2.80485315237 0 0 0 1
5.27006451584 4.65944944879 -2.78436330323 0 0 0 1
9.28264431644 0.0979209190057 3.2447031477 0 0 0 1
-7.77349645069 -5.33728309475 2.74220529668 0 0 0 1
-7.8964460518 0.0181054104884 -9.85629569178 0 0 0 1
5.93877386747 7.86308995128 8.25659653236 0 0 0 1
3.45595993001 -0.167415397805 4.31573313787 0 0 0 1
4.57253749211 3.82666851957 0.196252141358 0 0 0 1
9.67587932583 -5.69636796243 9.62205174349 0 0 0 1
6.08217040566 -8.5900383904 -1.21828347585 0 0 0 1
7.48169728297 -3.73415781317 -1.18371868976 0 0 0 1
4.34764356338 -2.15175436057 -8.92681555745 0 0 0 1
-5.73548907964 -1.65154124169 -6.25875691746 0 0 0 1
-7.79015600197 7.37018210923 -4.22658156245 0 0 0 1
-4.15268021635 -8.78805847976 -8.9584969468 0 0 0 1
-8.25983038321 -1.11132755334 -3.01227954935 0 0 0 1
0.823645035589 4.68783608553 7.16545703176 0 0 0 1
8.85797668037 -3.19845237428 1.15139480374 0 0 0 1
8.41028097274 -5.66511751458 1.6967692789 0 0 0 1
-4.41104941473 7.75944424559 8.13796082542 0 0 0 1
4.39521187667 -6.21746091604 6.32802410731 0 0 0 1
5.73510706232 -4.75550897491 -5.64475524066 0 0 0 1
-5.57088106623 -1.8322880445 4.73367209838 0 0 0 1
-4.87873979094 -7.02161457105 9.76764573356 0 0 0 1
0.287519730834 -9.47940857239 0.428830912909 0 0 0 1
2.69348607656 9.96968149963 3.10421362074 0 0 0 1
-1.17096110474 5.99622909059 -0.394747970762 0 0 0 1
2.55765105968 -3.05313130733 8.07306894332 0 0 0 1
-7.29743301925 6.32776899062 5.33084710655 0 0 0 1
0.364524329583 5.23426987949 0.140005158385 0 0 0 1
9.22982898111 -9.12638446099 -2.51994706531 0 0 0 1
5.47169715454 -4.11262309476 -8.08945310752 0 0 0 1
2.90432643605 -6.00929260227 2.90872550793 0 0 0 1
-2.17736545346 5.11588488306 -0.274755076992 0 0 0 1
-7.51539364539 2.70595675657 6.78209182706 0 0 0 1
-8.24197869378 6.28139074412 -8.28579481821 0 0 0 1
-7.67665091239 -9.64987515709 0.269945041737 0 0 0 1
-7.00585545087 2.29377562181 -8.19101183346 0 0 0 1
9.43817684662 1.60454267706 4.89582899525 0 0 0 1
-2.40766930038 -8.45555767405 -7.28182219081 0 0 0 1
9.75560451992 4.64636817582 -7.84821230576 0 0 0 1
9.1989675862 9.03756863432 4.35482212585 0 0 0 1
-4.70389138225 -0.531739199985 -2.81794919508 0 0 0 1
3.92956989395 -2.21169508219 2.85082234215 0 0 0 1
-8.59000257549 -4.90489578867 -0.239847393571 0 0 0 1
-6.72203553988 9.41953308146 -9.24267035262 0 0 0 1
4.47811290701 6.01092710912 -5.49357043293 0 0 0 1
-0.465037049429 -8.39703929285 1.36556224554 0 0 0 1
3.46769316435 1.63306340852 7.6059798663 0 0 0 1
-2.85653362903 7.75153933146 -1.75450631805 0 0 0 1
-2.08768557816 -9.81630461325 -1.63242432561 0 0 0 1
3.97009817008 7.65772372316 2.65011089008 0 0 0 1
9.85842777695 -7.29925189745 9.83546149894 0 0 0 1
-0.36983146408 -2.48975587975 -1.80886855507 0 0 0 1
-7.48337403793 6.10687035311 -5.29566406434 0 0 0 1
-1.26901029211 9.03776702915 -4.11952901197 0 0 0 1
-5.52846908212 -0.643153048459 -4.58379477067 0 0 0 1
-5.73544722017 -5.3332051323 -7.11237716613 0 0 0 1
8.99997963186 -9.11814726447 -3.3371121846 0 0 0 1
-0.779110506853 -3.1197507141 1.02067873012 0 0 0 1
-0.728217116749 -0.657506943295 -8.57215536096 0 0 0 1
3.83791663576 6.84078583647 -5.18684601543 0 0 0 1
-9.93412941126 6.372964087 1.34898308861 0 0 0 1
2.60241470614 7.74388122486 -1.80428885992 0 0 0 1
-6.58081470329 4.04988091955 -3.79755949405 0 0 0 1
-8.91930334104 -4.92491971009 -4.23079099985 0 0 0 1
3.34719410067 -2.55279504939 -1.52332953602 0 0 0 1
9.63129779426 7.70029396751 5.71243529408 0 0 0 1
-5.51043769456 -6.77733387627 3.62805292554 0 0 0 1
0.758443704721 -9.25845366583 -0.142777101775 0 0 0 1
1.76223263685 6.8420070465 1.48652923013 0 0 0 1
-7.1321447968 -4.20054304078 -0.326762955352 0 0 0 1
4.54120464368 -2.76729757936 -4.83327401415 0 0 0 1
2.49695903359 -8.95325991814 -3.02265020753 0 0 0 1
-6.63767287855 9.66569319652 7.69346426546 0 0 0 1
4.78009405692 -0.617047640851 4.0000152681 0 0 0 1
8.22390903186 -9.40395338541 -1.08267335578 0 0 0 1
5.53376760716 -2.79700031339 -3.41578068165 0 0 0 1
9.22734300912 4.97718067048 4.79568424296 0 0 0 1
3.22134427313 -1.29499463207 4.84915139336 0 0 0 1
-1.19356586258 -4.6800332785 -6.84770967595 0 0 0 1
-2.15942604401 -7.46196611203 7.60209788013 0 0 0 1
-0.915543544177 -1.17811218151 1.78000968046 0 0 0 1
-4.82095193078 -3.9937333037 2.76621563911 0 0 0 1
-8.89697440898 -6.47435877432 4.4017854269 0 0 0 1
0.492124109653 7.26158723986 -0.280632806403 0 0 0 1
-3.34932302059 -7.38960462699 5.89639196068 0 0 0 1
-9.8134063016 7.18758025514 5.01066487784 0 0 0 1
-7.08035596458 5.80162503891 -5.56650948491 0 0 0 1
6.55275820997 2.41002314275 4.53568781315 0 0 0 1
-9.51650918535 -9.19927194414 -1.33246689201 0 0 0 1
7.20287859459 -3.90583069383 -1.99104486922 0 0 0 1
-1.65445568778 1.17908152193 3.81213544059 0 0 0 1
-4.99919494001 -6.33729922037 -0.901413982822 0 0 0 1
1.43408292503 -7.17134816606 -9.90692588475 0 0 0 1
-1.41479702956 -3.85185462289 -2.54532067403 0 0 0 1
-4.52809543565 2.16888531831 6.01360879636 0 0 0 1
-8.38847329064 2.68991908513 2.07472691129 0 0 0 1
-2.43196157483 -9.1062093197 -5.5068616035 0 0 0 1
-2.64410812167 0.652570047846 -6.80485842275 0 0 0 1
5.63359946486 -8.83261096629 3.8712608357 0 0 0 1
9.92099457388 7.56969890332 6.38847515364 0 0 0 1
2.88569725122 -3.19016772893 -6.38930520106 0 0 0 1
7.77465174231 -6.06960982042 5.18681447069 0 0 0 1
-6.94183275213 6.58587497632 5.75022887351 0 0 0 1
9.25924079166 5.08283304277 -7.72249973133 0 0 0 1
3.80640718171 3.877693258 -4.01040204881 0 0 0 1
-6.01358826227 -2.21628407381 -6.44356633949 0 0 0 1
-1.29428274131 -9.01667916207 -6.22231261915 0 0 0 1
2.31347578873 -1.44066948664 0.947265588756 0 0 0 1
-5.17060287923 4.14827484241 -8.87997812195 0 0 0 1
-5.87039235035 -9.17895651034 5.5067534755 0 0 0 1
3.76880760683 9.82011451531 5.53653180629 0 0 0 1
-2.69246428644 -3.67319670137 -3.37185355454 0 0 0 1
1.23277321165 5.80424456207 1.57345484939 0 0 0 1
1.88210045638 6.38624361708 -9.5737225223 0 0 0 1
-3.6769657617 5.6628316526 -6.53687855195 0 0 0 1
1.1040761663 -0.801744541619 -9.20057295734 0 0 0 1
-6.73203064868 3.74004528195 -1.81259217314 0 0 0 1
0.272504175325 -7.40284318335 -0.499311207092 0 0 0 1
-0.026424813297 -8.96465963007 0.642340324758 0 0 0 1
4.86073936577 -4.89793224447 -9.50917490603 0 0 0 1
7.7016235624 9.11524105618 -1.06227125833 0 0 0 1
-0.456231846756 6.0301131512 -3.68345525103 0 0 0 1
-8.23043079313 -7.99895309687 1.56440834294 0 0 0 1
9.44638808743 5.21749524447 -7.03558380461 0 0 0 1
-5.2765376117 9.56344911206 7.40780074142 0 0 0 1
-2.98212978849 9.71703904112 3.73203904277 0 0 0 1
3.0126839362 -3.96303487701 -1.28845080597 0 0 0 1
6.37898658214 6.65922347577 0.514790900674 0 0 0 1
7.15730572187 7.1823986736 -1.66057870246 0 0 0 1
-1.10239571454 -9.48245549373 -1.21037236029 0 0 0 1
-7.98846294657 6.55631598528 -9.322339529 0 0 0 1
0.777976789552 5.49381130862 -9.32822746963 0 0 0 1
5.65101795539 9.43680371486 3.37627392166 0 0 0 1
-6.65429691715 5.15640242133 4.96011884798 0 0 0 1
-8.94249174251 -0.198033513714 -1.89793582869 0 0 0 1
0.535770636588 5.95282601234 6.197090352 0 0 0 1
7.18465813014 7.7701249571 9.3413708325 0 0 0 1
-2.29167035163 -0.354142566074 6.32983152765 0 0 0 1
4.62430549456 -1.33356592682 1.11543139488 0 0 0 1
-1.77158280411 0.0351295068063 4.7345699504 0 0 0 1
-7.13449074806 -9.03586126964 -4.59272604118 0 0 0 1
-1.52153922449 6.11610286043 2.42015381477 0 0 0 1
-8.05646369236 0.580782988653 -3.27045213583 0 0 0 1
-6.94002354825 5.39019358719 4.67411277264 0 0 0 1
3.53812482985 -3.83675502029 4.85389632243 0 0 0 1
-5.94992947415 -7.84044716527 0.379253575897 0 0 0 1
-6.64074346651 1.511094133 1.35041366362 0 0 0 1
2.42101852818 -4.30024905634 -9.01082572663 0 0 0 1
-0.670993742661 -2.69609944779 0.509179128611 0 0 0 1
1.49361249456 -5.52799067329 3.73850823252 0 0 0 1
6.27144850966 -7.70855611352 3.19195024037 0 0 0 1
-7.97642609684 -0.448692512179 -7.14386079995 0 0 0 1
-7.57617010331 3.55921008296 -3.04905851604 0 0 0 1
-6.92410409661 -6.05901194049 2.38181657653 0 0 0 1
-8.75637254195 -5.23615198029 -9.98107278327 0 0 0 1
-1.25616059875 -8.47672354148 4.72200117228 0 0 0 1
8.1183743399 2.6596059974 8.53270555117 0 0 0 1
-0.605568921383 6.05361304974 2.57370547392 0 0 0 1
-4.29515471888 -8.47825086956 7.56555924036 0 0 0 1
4.75264379818 6.64536851464 3.49252378697 0 0 0 1
6.06365312033 7.11660250497 0.603581345922 0 0 0 1
-9.82068550723 1.15850068847 9.30253639036 0 0 0 1
9.28582369888 7.22088178668 -2.52251901275 0 0 0 1
-2.029840264 -1.17255723714 -2.67728131148 0 0 0 1
6.18028373056 8.66212581331 -9.51720587354 0 0 0 1
3.14877036067 -4.98524684282 3.14875464079 0 0 0 1
3.5331408578 5.15800967164 3.7259382456 0 0 0 1
1.8216011215 -2.36971236777 -0.686896134554 0 0 0 1
-0.488268906908 8.28283472965 6.07887092102 0 0 0 1
4.60807133102 -1.19176832692 -2.37678478032 0 0 0 1
9.34038212962 -1.5062153834 7.51808777899 0 0 0 1
7.55061880665 -4.08962519408 -9.21630659081 0 0 0 1
1.54212961625 2.12921198838 6.16262722919 0 0 0 1
6.257695787 -0.432441411417 7.9551890074 0 0 0 1
-4.71713017651 -9.93914832113 -6.16483981742 0 0 0 1
0.0153977517412 0.240150279904 -8.95570759216 0 0 0 1
9.55992950037 -9.65067112393 -6.36796675964 0 0 0 1
3.23144258478 0.5487761993 4.98926879079 0 0 0 1
6.60999508253 1.80605535481 -5.85059806014 0 0 0 1
8.68171441219 -3.25226445248 -3.83906757315 0 0 0 1
4.20544385269 2.29986027809 7.24875239245 0 0 0 1
-5.48543210984 4.11458299034 1.05715442063 0 0 0 1
-1.36770280541 4.15093162111 6.59046026699 0 0 0 1
-8.92688102032 7.26068472331 -4.0648219826 0 0 0 1
1.78117215873 4.71862406623 2.53882397512 0 0 0 1
-5.74352566758 5.80934377023 -2.98694088409 0 0 0 1
3.27193989423 -7.40695764149 2.30832569113 0 0 0 1
-4.22775172317 9.19432186123 4.64066696503 0 0 0 1
4.89556412287 1.68441847562 -2.32968766139 0 0 0 1
1.3267019908 1.61265182748 3.53645069025 0 0 0 1
1.17599900017 4.85764197536 -5.05945136609 0 0 0 1
8.65074534366 5.8056166606 4.53939106358 0 0 0 1
-1.90074747398 -7.68727157652 0.331787951481 0 0 0 1
1.11518035107 2.57826630665 6.69270980208 0 0 0 1
4.64256476216 -3.15485856827 -5.46782425818 0 0 0 1
0.278677516008 -5.4271512249 7.0188952242 0 0 0 1
-3.24187095442 -0.624271143474 6.61340167443 0 0 0 1
4.2361388792 4.68459259139 -3.35292944399 0 0 0 1
2.02413281137 2.85194345824 9.45743548587 0 0 0 1
8.21304657476 6.27582350628 2.7721877157 0 0 0 1
-7.10056614311 -0.997306866468 9.64110431676 0 0 0 1
2.73148493638 6.48477432214 6.23349900448 0 0 0 1
-9.76636442345 7.14038499645 -7.11213449258 0 0 0 1
-6.54946423368 1.41432990702 4.10834374828 0 0 0 1
-8.37639784046 7.31463776092 -1.62509623146 0 0 0 1
1.81921827863 -8.54972030336 -4.34489869329 0 0 0 1
8.37291733517 6.21711603984 -7.85092031786 0 0 0 1
1.70611220893 9.05885966973 8.52636928711 0 0 0 1
2.27416676196 -5.86961224026 -0.453156865998 0 0 0 1
5.35051281026 4.74392987267 -8.81193374505 0 0 0 1
-9.0008764452 -2.27517832262 4.17957627789 0 0 0 1
7.38522876505 1.94466183282 -7.44078739917 0 0 0 1
6.33464330621 -6.5509804463 -8.5129433136 0 0 0 1
-1.88925059328 9.98157102302 9.02306559684 0 0 0 1
0.351883982081 -5.4536465013 3.4715707027 0 0 0 1
-4.51243499165 8.06790872444 1.62640390823 0 0 0 1
-1.26981939246 -7.33034291463 -3.59054359999 0 0 0 1
-5.96501734279 5.56546357191 -5.27903849096 0 0 0 1
9.64206819497 1.8258473924 -3.76276178368 0 0 0 1
0.0368627547674 -6.06422908117 2.79954208764 0 0 0 1
3.94129044258 -9.81160736527 7.15309258413 0 0 0 1
-6.68416104428 -2.68282955008 5.72457771326 0 0 0 1
6.36988809327 -9.95632264897 7.08345980426 0 0 0 1
-3.9837784069 5.91977277652 -0.0603196519484 0 0 0 1
3.84366648225 1.38569785033 -4.9802072649 0 0 0 1
-7.68514465058 5.71422379073 9.42621370694 0 0 0 1
4.39467008166 -1.43234403024 2.24582373808 0 0 0 1
-4.53333839362 3.69794340223 -8.17093445116 0 0 0 1
5.62821426972 -5.21543678054 -4.31386314366 0 0 0 1
-9.61590857046 -6.69664268929 -8.76544073507 0 0 0 1
9.89358080159 0.489022337107 0.663626322609 0 0 0 1
-7.57256802259 6.11975442909 -0.225858262213 0 0 0 1
1.85179620498 -1.11930832934 -0.22294351572 0 0 0 1
-0.806820893283 -6.3375528104 -4.51566719214 0 0 0 1
3.20515697889 -5.55225714891 -9.38288508601 0 0 0 1
2.03846201589 7.61001406072 3.71878602209 0 0 0 1
-0.114952680798 -4.99670308976 -4.50439307609 0 0 0 1
0.0195781558426 -4.10511601745 -5.39864260199 0 0 0 1
-1.57374204015 -8.63344303003 6.75695797242 0 0 0 1
-8.23313995411 3.89327790794 7.41725287601 0 0 0 1
-9.58804866603 -6.65331846121 -3.82949498675 0 0 0 1
-3.59593029772 -8.35767950887 5.85108564404 0 0 0 1
0.1283122782 -8.74845764284 -6.9362968791 0 0 0 1
-0.58663677918 0.897782311773 -4.78567499456 0 0 0 1
7.61173661765 4.48323680375 4.35542211365 0 0 0 1
-8.99064280012 -3.58933984864 0.0283963885103 0 0 0 1
-7.31666600438 -9.09327821563 -8.50889613044 0 0 0 1
4.68589707561 3.83239109649 -6.6075887714 0 0 0 1
-2.59823252142 0.714717946436 -3.38860394366 0 0 0 1
9.55741111872 0.374403523892 -1.99678991226 0 0 0 1
-9.1230476371 9.90278822704 1.37433692266 0 0 0 1
3.92398315613 8.73121022618 -2.6317969171 0 0 0 1
-1.83182516234 6.1832123228 -1.28045361267 0 0 0 1
8.68744252528 2.75867347406 7.66243181638 0 0 0 1
0.302616094886 -7.7643843316 -0.0189917831673 0 0 0 1
-1.44751868833 5.736709534 1.94294849397 0 0 0 1
-2.44204358599 -1.05641432379 -3.52945388898 0 0 0 1
5.0353270225 1.16957056695 -6.50015562977 0 0 0 1
-9.47716941279 3.28718039332 -7.27531967082 0 0 0 1
1.80805619013 -4.13979244698 -0.505539782395 0 0 0 1
7.9272490139 6.02376706244 6.51901766848 0 0 0 1
-6.81217149195 -2.2817559563 4.2405575299 0 0 0 1
-5.35143753367 -6.87591422327 -6.82622722705 0 0 0 1
8.72432226326 -5.23865072592 4.37782147543 0 0 0 1
-8.03600103228 9.93274902853 -3.22660370208 0 0 0 1
-2.11503895278 4.84748520822 4.59765903703 0 0 0 1
-6.25866882415 -5.63813289663 -2.51354454737 0 0 0 1
-3.80319620822 -9.42010926448 9.18677784011 0 0 0 1
-8.80770596177 -3.99154764048 -2.68219483062 0 0 0 1
7.92931543032 7.26064652097 7.12798562029 0 0 0 1
6.22114369542 5.91542230819 -5.18802055189 0 0 0 1
-0.604179959748 6.98360157736 8.69251027006 0 0 0 1
8.28476393309 -3.7016026422 -0.713349181012 0 0 0 1
7.64029093068 5.89056213368 0.33231102666 0 0 0 1
-3.36534257227 -3.29874406595 -3.41816743844 0 0 0 1
-3.07776575691 5.40075803185 -1.91993520835 0 0 0 1
-3.79857813995 -1.59032948225 2.65771690953 0 0 0 1
6.06380722562 6.04551254868 -9.43196882367 0 0 0 1
-0.235775882262 -5.26102270259 7.99281110244 0 0 0 1
-6.92013886496 -5.94085825006 -6.86648858359 0 0 0 1
-6.07001758169 -1.04016204019 2.29156955592 0 0 0 1
-7.39377777781 0.219422688943 4.04030470646 0 0 0 1
-5.93080844198 -9.19648912821 -1.04030773868 0 0 0 1
7.25990234768 -6.85140055322 7.47480379491 0 0 0 1
-4.41686193233 9.20896255595 0.365812824266 0 0 0 1
4.39571144231 -9.83582625386 -8.25561378788 0 0 0 1
-1.97419534001 -5.84905914738 -0.719257685343 0 0 0 1
2.00939252815 7.27929899814 -4.8168502078 0 0 0 1
-7.1332622667 -9.24063078944 0.623233302305 0 0 0 1
9.68042538853 -4.55137963175 0.295136499348 0 0 0 1
5.74179557151 0.296713515005 -0.762824122689 0 0 0 1
-4.53221701804 3.52541862923 6.70916626661 0 0 0 1
8.65145699733 -5.49968380866 -7.18120937525 0 0 0 1
2.3264314362 6.1808135388 -6.44113606148 0 0 0 1
7.14898587363 -4.83926575517 9.29256786229 0 0 0 1
7.04517301245 -5.35592184167 -3.09315112494 0 0 0 1
-2.84852458482 -2.75396259933 0.971051534014 0 0 0 1
6.52941878717 7.54667705023 -2.32234949784 0 0 0 1
-6.22818452238 1.44958911361 2.1567591197 0 0 0 1
8.89177592729 -8.3199404868 -1.50178395853 0 0 0 1
-7.52531289306 5.96145829959 -6.93529676399 0 0 0 1
4.72388753943 -6.49417312992 -1.29391955084 0 0 0 1
8.64827048898 -7.71450425273 5.48736042136 0 0 0 1
-6.71055091739 -8.8651369112 -7.51435483692 0 0 0 1
6.2328868009 -8.95314808519 -5.20713892494 0 0 0 1
-0.981701164675 -2.40227649663 2.26258417236 0 0 0 1
2.34522350394 -2.99430537852 -6.62439468986 0 0 0 1
-8.05724896047 8.14917295838 -2.20530169122 0 0 0 1
5.96586165087 6.15278919998 -3.38161425101 0 0 0 1
8.3355287139 -9.45114412885 -3.93846651784 0 0 0 1
-8.77290453115 6.6439268803 9.60435739514 0 0 0 1
-2.33534337058 -7.80446228146 -0.832339882976 0 0 0 1
-4.14394592214 -0.239810892271 -1.29988931193 0 0 0 1
2.62084908524 1.40123881501 -1.65579320731 0 0 0 1
7.67304167386 5.58603537077 6.53419205205 0 0 0 1
3.20678435461 -5.29927589758 0.269201531725 0 0 0 1
0.864617799159 -6.06239018683 -0.23408470426 0 0 0 1
-2.77738530846 4.40186771359 -9.53578126564 0 0 0 1
9.05211209326 6.70206610676 -9.42563282907 0 0 0 1
-7.37433894643 9.79391216318 -9.90084201643 0 0 0 1
-7.12572976175 -4.93752715855 -0.178726356386 0 0 0 1
2.55918908404 8.25299191449 7.02119958629 0 0 0 1
-1.26987533358 7.22124735891 -5.88975192646 0 0 0 1
-9.92858844368 5.25316606975 -8.69270352168 0 0 0 1
3.56051839277 7.69443319446 -3.89258237104 0 0 0 1
6.88469102856 8.6916606032 2.64457636776 0 0 0 1
-0.24849268589 7.15832637121 -6.39154420659 0 0 0 1
-3.24729572062 1.52714665819 -0.19772049081 0 0 0 1
4.93667589391 4.18716564164 9.83219847883 0 0 0 1
-0.462864915721 5.69156255154 6.91211131307 0 0 0 1
5.92290607244 1.22596933278 0.005630394698 0 0 0 1
6.02066682572 -3.39588109014 2.33407207756 0 0 0 1
-4.33787633608 0.0793744647654 4.13382433468 0 0 0 1
8.98410049121 8.53528258345 4.3522110932 0 0 0 1
5.80021778042 6.66974369687 -3.16376674105 0 0 0 1
-0.289038903735 -9.13770554987 -6.46955799847 0 0 0 1
-0.542410986964 5.36959551959 -4.77267922801 0 0 0 1
-7.83910929849 -6.53982791498 -7.69711087269 0 0 0 1
2.81592148355 5.91816602245 -4.81197165023 0 0 0 1
8.92727383193 7.13456196961 8.00363825031 0 0 0 1
0.228569693326 -7.13800156458 -4.9364891864 0 0 0 1
-2.4411745914 -5.0548273017 9.13340156403 0 0 0 1
8.9706374278 1.03422545667 5.31596950666 0 0 0 1
7.88099891568 -5.12478162043 -3.961412976 0 0 0 1
-8.1238602287 5.25122850292 -4.25102448379 0 0 0 1
-7.03862128077 -4.89489721431 9.71480954969 0 0 0 1
8.76219675873 2.98541945341 -2.09115186972 0 0 0 1
3.54704500251 -0.0124194113058 6.28301765067 0 0 0 1
8.4139905218 5.61800437129 -6.52469689231 0 0 0 1
-7.85138029191 -1.07488385358 4.70936041552 0 0 0 1
-6.48727679227 -1.24247955782 3.45544091189 0 0 0 1
7.53579829067 4.36491416381 -9.86948320561 0 0 0 1
-0.95112823594 -9.68433298332 -6.43439163728 0 0 0 1
-2.41986654374 -7.57293688656 -2.28204017493 0 0 0 1
-2.5295987311 5.72478461851 4.69439569392 0 0 0 1
8.80684746498 0.263360556886 5.61287476981 0 0 0 1
-1.97174221361 6.56551306286 -3.18126809313 0 0 0 1
-0.987666123617 8.84332565507 -0.0791292464515 0 0 0 1
8.28287924255 6.17259440405 4.6315279641 0 0 0 1
2.89609259169 -0.827422009117 2.38338270843 0 0 0 1
-6.73339606496 -0.467328529849 8.00690599434 0 0 0 1
-6.63334817963 -6.36728419576 1.52374343936 0 0 0 1
-1.82921550959 -6.65820988598 -4.13083588286 0 0 0 1
-7.30101486788 6.69114511531 -2.05095328322 0 0 0 1
-6.29921663511 9.64139582534 -2.53078713897 0 0 0 1
-3.86053979454 -3.38805536101 -7.18893826631 0 0 0 1
9.85752247076 -2.51669438196 0.0356177739635 0 0 0 1
3.3722601856 -3.3310875453 -4.79279067011 0 0 0 1
6.53553554134 7.55382850402 -7.4978273564 0 0 0 1
-9.97037166365 -0.368024967826 0.691430250401 0 0 0 1
-7.29792163818 -5.58080303064 -0.340325729644 0 0 0 1
1.11446279735 -8.12820216335 -4.88576758089 0 0 0 1
0.526395604498 -2.04114390455 4.49175922029 0 0 0 1
6.61158106458 -9.61819554379 3.03962520579 0 0 0 1
-0.68098401851 -8.66230615718 -6.17905869909 0 0 0 1
4.51447542083 5.31042791629 7.12634054255 0 0 0 1
1.14170519592 0.752339554328 8.89139654357 0 0 0 1
1.56831062687 -7.77358271335 7.37687505244 0 0 0 1
-8.47850498095 1.00595150543 -5.55180474153 0 0 0 1
4.3961544537 7.26025784256 -2.99754070725 0 0 0 1
-1.19463789094 5.79677406717 5.12591882687 0 0 0 1
-5.03231512633 -3.0483000836 3.13077138336 0 0 0 1
0.824497096934 5.95187933752 8.72772271725 0 0 0 1
-1.61351910778 -6.91709858027 -7.89947857561 0 0 0 1
-1.4311913411 2.28346888096 -2.87984084164 0 0 0 1
1.53432636266 -7.43381160048 3.2639057766 0 0 0 1
-0.645217583188 2.10677408549 -7.84321959344 0 0 0 1
6.43486715569 -9.62535195265 4.794168478 0 0 0 1
1.37637832119 -5.78486090407 9.02512085731 0 0 0 1
1.77687711481 6.28023214385 9.16612351595 0 0 0 1
9.52440840239 5.3145243596 -2.02516317832 0 0 0 1
6.37780453218 5.29206611644 -1.19321693838 0 0 0 1
4.2838799647 -7.14917014165 5.1888833966 0 0 0 1
-4.24308257898 -3.5425879894 7.74447571045 0 0 0 1
-0.560084203315 -6.79787728282 6.86071220549 0 0 0 1
-9.09650862303 9.64090113289 -5.18444466417 0 0 0 1
-8.4830207972 0.429794391084 5.12811735966 0 0 0 1
3.06590007016 -6.17205236092 9.38169436406 0 0 0 1
6.52465803253 8.64512904122 8.46629668082 0 0 0 1
9.22043560333 -5.37424456161 -9.82507124531 0 0 0 1
4.08494452408 -7.16337565509 -5.54284353297 0 0 0 1
1.25073364532 2.33469331776 6.83287676355 0 0 0 1
5.81195468301 -9.67887089234 -3.1378012166 0 0 0 1
-1.8155884768 -3.95772518927 -2.67127610935 0 0 0 1
-7.87126114965 -0.17531540937 -4.73610979569 0 0 0 1
-4.73233790375 -3.18841263862 0.91032941667 0 0 0 1
-2.97312451948 -4.67191790706 9.16928234204 0 0 0 1
-1.80797859395 8.91198130843 -0.929458492343 0 0 0 1
-2.89176498881 -6.14538211433 0.324916051739 0 0 0 1
-0.410334439485 4.33188040338 3.7715721132 0 0 0 1
2.99683009236 -4.72030213621 -1.27985055611 0 0 0 1
-3.47710757986 -0.844909945669 -6.84919153389 0 0 0 1
-4.04365645373 -5.89928315658 -2.48228963633 0 0 0 1
9.57717380019 9.91803710635 0.301763240485 0 0 0 1
5.84688823868 -7.5384013895 6.18144698957 0 0 0 1
-6.83900070974 2.14481302496 1.10820944719 0 0 0 1
-7.17703803533 -5.89412097191 9.00793224932 0 0 0 1
7.82412626477 8.71816883443 -1.17362504162 0 0 0 1
0.644649128377 8.73254016537 -5.76930175286 0 0 0 1
-6.04355122056 -0.467671764234 -5.48658460517 0 0 0 1
-4.89213643004 2.39399219264 -6.00412141382 0 0 0 1
8.2578503281 -1.64932288301 -9.22439931732 0 0 0 1
5.59824529368 -1.85019375525 2.79304186029 0 0 0 1
7.82461551987 8.45357074113 -2.20352794332 0 0 0 1
-7.71986049643 -1.19796614872 -7.26202159994 0 0 0 1
-5.03630563321 5.13460470791 -2.38270515511 0 0 0 1
4.65819625475 8.20008130853 6.76320747074 0 0 0 1
5.93566567257 7.06076691317 -8.42081806155 0 0 0 1
7.24224031425 -5.81807898272 2.54324744231 0 0 0 1
-1.65545215288 7.72835289622 -2.86065727211 0 0 0 1
8.60921549874 -0.635267836472 1.68359387609 0 0 0 1
4.39726470056 -3.96401760732 -7.78805534846 0 0 0 1
-6.86944660336 -2.99487201619 -9.85523390489 0 0 0 1
-6.28932709312 0.500391379185 -4.3613507198 0 0 0 1
2.21532799997 7.0277683546 1.45927898735 0 0 0 1
-6.87263067974 2.12242531452 -1.33566184072 0 0 0 1
-6.62652906787 6.78229617893 8.46061891139 0 0 0 1
0.240706837114 0.495380752629 3.95010148291 0 0 0 1
-3.06823695644 -3.92571586705 6.52823981017 0 0 0 1
9.37069188046 3.04742926326 8.7626583423 0 0 0 1
-3.35784939177 0.476701373569 6.38142112113 0 0 0 1
9.09340895273 -3.01746902724 -4.55965531217 0 0 0 1
-0.586768835143 7.59012842681 -2.89538337071 0 0 0 1
1.83850458299 9.22839915824 5.7632586417 0 0 0 1
-8.10748668148 -9.55338000269 -4.0426735917 0 0 0 1
9.27738719441 8.48545286916 -6.46478328915 0 0 0 1
2.53043358669 -1.97291959183 -1.15155141299 0 0 0 1
-9.19042389396 -1.58313635635 -2.90288029392 0 0 0 1
-6.90585587964 -7.20646855265 -1.4985938072 0 0 0 1
6.9734552994 3.8730157094 7.51465612925 0 0 0 1
-5.57211945634 1.65101893263 5.27037505509 0 0 0 1
-7.8380119945 -2.22318697618 -3.66232976539 0 0 0 1
8.27271137341 9.73225746168 7.30577011718 0 0 0 1
-9.29002462691 -8.78555057601 0.816988152538 0 0 0 1
6.91350852411 -7.70172932313 5.73302290139 0 0 0 1
-2.14828515777 9.962179523 -0.362054499335 0 0 0 1
-6.89301626156 4.27591224665 6.48486149202 0 0 0 1
-0.246990316771 -8.81606846565 1.50167900144 0 0 0 1
-8.1257080177 -7.19417836042 -3.02284927029 0 0 0 1
8.30007441477 -9.5955078852 3.8796145333 0 0 0 1
-2.15805325252 7.4641184716 -9.98856664653 0 0 0 1
5.12270691867 5.25665160463 -3.84834091792 0 0 0 1
3.44115647436 3.12271992227 -2.14708758311 0 0 0 1
-2.22457820311 3.19942394842 4.73147094293 0 0 0 1
4.29377590024 7.64386508529 8.47415584757 0 0 0 1
2.19767996691 -3.8892361617 -4.79906841255 0 0 0 1
1.45622284145 5.50921798779 -9.43956039612 0 0 0 1
-7.99137022535 -2.50828350658 3.03807194102 0 0 0 1
-6.33427223042 2.2619184381 8.84429274738 0 0 0 1
3.51106130053 -2.7585261085 3.66608598382 0 0 0 1
0.578089746832 3.98885410656 0.523019727304 0 0 0 1
4.79043477224 9.37358257423 -0.995979771373 0 0 0 1
-6.64355316506 -0.94898870842 -2.46528807207 0 0 0 1
-6.77918567854 -7.75452959593 -1.80269629196 0 0 0 1
-2.3388983443 6.14863200059 -1.4374880433 0 0 0 1
6.26451824939 -0.108437834407 -2.12440919841 0 0 0 1
4.65181792846 -0.176548899546 -0.790976982365 0 0 0 1
7.53090981397 9.15701120327 -2.69455816941 0 0 0 1
3.40289946278 2.78132328273 -3.74903112513 0 0 0 1
-6.66391407745 -8.24052076855 -4.57322448685 0 0 0 1
-7.53119051097 2.5519190623 9.16479305425 0 0 0 1
3.77624558894 -9.08458438832 -0.900491322407 0 0 0 1
-9.85417415637 -9.69082226681 7.56170779389 0 0 0 1
4.89969059005 2.86003293621 1.30521367743 0 0 0 1
-4.15297337852 7.74888634235 -9.51017093409 0 0 0 1
3.08533017119 9.96649551036 -1.01100232733 0 0 0 1
-5.70298659822 -9.0729589431 -3.16255443304 0 0 0 1
5.39088386878 -5.36219451544 5.25070732391 0 0 0 1
-3.63547755357 9.18101792728 0.663633772248 0 0 0 1
-9.64283010246 4.18527333215 -2.20180405047 0 0 0 1
-2.89003145366 3.97151222325 2.78557379729 0 0 0 1
-5.49543685973 -3.88567947366 3.23993632783 0 0 0 1
-6.68411295093 5.81145382537 0.865987787058 0 0 0 1
-0.521548582275 -4.35169320379 -4.04731630741 0 0 0 1
0.436717474604 0.523887406357 5.71540609106 0 0 0 1
9.56360529328 9.89284788849 -7.53459003605 0 0 0 1
-8.16813741062 4.79445792061 3.64063823415 0 0 0 1
-1.17247747266 3.46941859218 -5.10456740379 0 0 0 1
-2.09777729948 3.51020054979 5.74633282988 0 0 0 1
-0.630255729497 -6.58649546477 5.50708728263 0 0 0 1
1.7861224484 -9.82644030582 6.8739126187 0 0 0 1
6.77440783262 -3.59141651293 -1.54915498307 0 0 0 1
-7.93317080348 -5.62435277172 -8.02202138028 0 0 0 1
-7.60246596138 -7.13952354313 -2.17065231669 0 0 0 1
-5.90803333217 -1.90198212829 3.24985832537 0 0 0 1
-3.07990201599 4.1502785129 6.92510302073 0 0 0 1
8.40300522115 5.02554535273 -8.97900702274 0 0 0 1
-7.13838065711 3.32126898989 4.20553130015 0 0 0 1
-2.76595748934 -8.96538279986 5.93008517707 0 0 0 1
2.86587355707 -3.19689550348 -7.19744088041 0 0 0 1
1.40376070666 -6.23848724058 9.09562927714 0 0 0 1
-7.92110978087 -5.64082900414 -8.61671314215 0 0 0 1
2.7547969286 5.24869941908 -5.17700080653 0 0 0 1
-9.63409173767 -7.73014390053 6.18897183089 0 0 0 1
-6.64180096985 -8.1621502365 7.4340753879 0 0 0 1
0.310159268572 -0.848298980378 7.14864248623 0 0 0 1
3.44716637245 -4.40536232532 8.10579773584 0 0 0 1
-1.54118776834 8.07269610954 -7.45041062435 0 0 0 1
-7.20722191601 9.30472362777 8.3531795443 0 0 0 1
9.1107758369 5.66024351872 5.15314556624 0 0 0 1
-4.87527178312 -2.51049365431 3.17398810633 0 0 0 1
7.02741348749 9.58386717616 6.92337204132 0 0 0 1
5.16611254063 5.80395504822 -8.29635274703 0 0 0 1
-1.83254288043 0.960388705129 4.25069763495 0 0 0 1
6.99777969408 -3.34160805439 5.15815513832 0 0 0 1
8.32530710854 -6.85955630725 4.03007412645 0 0 0 1
-5.65604328065 7.69904684142 2.63020734962 0 0 0 1
1.07732648269 -7.86558650057 -4.06803786105 0 0 0 1
5.78926971942 -2.05588141923 -2.76621810333 0 0 0 1
2.27191924358 -1.765210325 -2.91824737303 0 0 0 1
-5.86803312958 6.45943272989 -6.22629926099 0 0 0 1
-1.36472418641 -9.0559816461 7.41307762057 0 0 0 1
-2.65589243309 -6.86291626046 7.21689459754 0 0 0 1
-1.6574602582 0.37713554808 6.59490493984 0 0 0 1
-4.97370856749 3.99379738256 -0.731798316779 0 0 0 1
-4.81768067876 3.70311867604 -7.77794040312 0 0 0 1
-7.71522624041 -6.30915242726 -8.55766965902 0 0 0 1
-9.28673458793 6.470419157 -2.73467131244 0 0 0 1
7.32303424647 -5.13006220378 6.53782750249 0 0 0 1
-2.35302495147 -1.55227252617 0.084297185078 0 0 0 1
2.79548380145 -6.29717285294 8.06878160845 0 0 0 1
-7.54891634952 6.76889866928 -4.61077828375 0 0 0 1
0.104592622137 -6.8876944658 -4.42587611811 0 0 0 1
9.4298786307 2.95422796843 0.489185186335 0 0 0 1
8.53141884684 -0.515091925532 2.21763176601 0 0 0 1
6.88472692732 -7.71470742507 -0.159124721843 0 0 0 1
-1.43031520684 -4.28199303629 -3.28083046717 0 0 0 1
-6.1166223114 3.2454333624 9.95904682374 0 0 0 1
3.85366983708 5.65963393163 9.38768722443 0 0 0 1
-3.68179840447 4.76370366319 4.39934569285 0 0 0 1
2.96945420298 -8.10448280677 8.20557747854 0 0 0 1
9.72702843744 -3.11724010158 4.00065984867 0 0 0 1
-6.88927445332 9.72684420784 -1.15312403915 0 0 0 1
0.410381893374 -0.669086566385 5.37510570008 0 0 0 1
-6.23607370983 8.98255393955 -8.72059794288 0 0 0 1
1.28104938856 0.307251725057 8.35386951224 0 0 0 1
6.25661116742 5.96681975929 -9.19512640859 0 0 0 1
-2.31096299455 -7.675474958 9.7217047904 0 0 0 1
-7.51221831681 -6.68916709529 -6.61214533525 0 0 0 1
3.88955237519 -4.73953420977 -4.05653481331 0 0 0 1
3.78797081775 -6.07838105856 8.56644290948 0 0 0 1
1.72167856911 6.87904915722 2.01705239679 0 0 0 1
-2.49196889973 -6.30006375221 -0.529133197597 0 0 0 1
4.5079451314 -0.721124102577 -4.15541441128 0 0 0 1
-5.91814267949 -4.52351065185 -1.71541589086 0 0 0 1
0.275270766738 6.95039791889 -8.73216461875 0 0 0 1
3.26298808563 -5.95743951623 0.402708831195 0 0 0 1
-7.0848735647 -3.47285335875 5.70449393059 0 0 0 1
-1.1452552551 3.94313366143 -2.65139184875 0 0 0 1
5.92415267704 3.84090217188 -4.69541849398 0 0 0 1
-3.04287075302 -3.43448198563 -2.2943349841 0 0 0 1
-9.54082275595 7.26216607776 8.63466135175 0 0 0 1
3.41191302685 9.19711322655 -6.23406542005 0 0 0 1
9.19752825242 5.00894826438 5.16466436976 0 0 0 1
-6.61172583865 -6.15134132916 -5.73880435073 0 0 0 1
8.24643622809 7.07161597046 2.48669553074 0 0 0 1
3.14777852651 7.67977108214 5.84547048524 0 0 0 1
0.670448253787 9.73864905232 7.92843854117 0 0 0 1
5.10079817068 -2.15804279282 2.02329659565 0 0 0 1
5.13828739169 -9.95522832553 5.05213730212 0 0 0 1
9.5246098638 4.02452424032 6.579384765 0 0 0 1
-3.13867712189 8.50385805846 -8.96768149966 0 0 0 1
-1.81937080471 1.57975279832 -6.80990915047 0 0 0 1
2.96727572797 -6.00373628619 1.16744905856 0 0 0 1
5.7507243458 8.49114462721 5.35745105226 0 0 0 1
-3.20293186797 8.36667922487 9.98169544024 0 0 0 1
-1.18048845144 -7.17817628126 -4.55860477595 0 0 0 1
6.48227375545 -5.19160077693 -7.82872134867 0 0 0 1
2.36504870708 -5.82899569298 -6.70962416603 0 0 0 1
-6.01450506247 2.89071965902 -4.08353871028 0 0 0 1
-1.47942694841 7.18281006435 9.49699744605 0 0 0 1
1.42113649203 1.00357230198 7.05058744929 0 0 0 1
-1.26773678284 -1.2507962906 5.95164031959 0 0 0 1
6.45385764145 -0.271871850442 -3.01922313906 0 0 0 1
4.70159935688 4.5491264777 -6.27473168106 0 0 0 1
2.2295633656 -4.12996259432 -5.2855085066 0 0 0 1
-7.74977874996 -5.08274207168 5.31561264024 0 0 0 1
-7.12871530619 -5.19198614116 -5.82881978098 0 0 0 1
-7.81157889852 5.3803491351 1.19510398645 0 0 0 1
8.90666420045 -6.26665585915 -1.03871139416 0 0 0 1
-5.53235468809 5.25275155342 1.05608744006 0 0 0 1
-0.91610804577 0.983577837332 -3.83470929015 0 0 0 1
-1.93575113895 4.41510226284 7.62931479537 0 0 0 1
-3.3757316402 0.312787193139 -7.22553656822 0 0 0 1
4.94031194742 3.59847588671 -1.89568117237 0 0 0 1
-3.75456667437 2.06698061629 -1.016456243 0 0 0 1
-6.50960947498 5.67133722963 -4.47470526237 0 0 0 1
2.65596739616 -3.59689998699 -0.0446646448275 0 0 0 1
-5.55209798396 1.06675011125 4.86733452261 0 0 0 1
-6.87859725966 3.88898549061 -0.568831815375 0 0 0 1
2.38654776081 -6.97577293888 0.321512194901 0 0 0 1
5.04768461905 -4.94980811723 -6.0446747128 0 0 0 1
3.6748919356 -3.43714921575 -1.14336588095 0 0 0 1
-2.44124633407 -3.56333634911 7.5055584561 0 0 0 1
6.83819256477 3.69896007755 4.45978168775 0 0 0 1
-8.34259357206 -4.21509277979 6.38356664853 0 0 0 1
7.78329208817 0.147901146038 0.0377915592783 0 0 0 1
6.33882062307 2.94866921451 0.532705667834 0 0 0 1
-9.01848445805 -8.6482184507 6.767395892 0 0 0 1
1.24908105428 1.94909151802 9.22348824437 0 0 0 1
6.36753521531 -2.16982947661 0.830859350587 0 0 0 1
8.9177987446 -8.45076348136 -7.55353293678 0 0 0 1
-6.60008230969 -9.52493354802 8.19474210678 0 0 0 1
-5.04155767825 -0.988493887141 -7.59718158462 0 0 0 1
3.36429640675 8.09584998304 -1.34177797939 0 0 0 1
-8.0321581241 -9.54440189591 -2.30376627508 0 0 0 1
4.10503242278 -6.50752057024 1.40574368378 0 0 0 1
-2.38265283561 4.85418936768 3.70632690992 0 0 0 1
4.6444049247 4.90837671283 3.83365130905 0 0 0 1
2.51766762935 -5.18770283391 2.66699686397 0 0 0 1
-2.50504833867 7.64226676144 -9.57601720342 0 0 0 1
4.77140058878 6.06979070136 2.82270592888 0 0 0 1
6.72721831463 -7.29164387197 -4.48189251648 0 0 0 1
-4.68171118747 -2.67648742576 -0.730572914519 0 0 0 1
3.2202784634 -1.66097313605 -8.94009414818 0 0 0 1
-8.25509808626 8.01450383417 -4.56612160219 0 0 0 1
-2.13652480689 4.175043398 5.15368926044 0 0 0 1
3.78788801378 -4.52491140904 -5.36117268494 0 0 0 1
9.81960913531 0.0252803759792 8.40343944414 0 0 0 1
4.99906222122 5.56746084384 4.60083121602 0 0 0 1
5.49182968898 -1.138154083 5.54415846109 0 0 0 1
3.04894992386 -7.50040497686 7.29629391448 0 0 0 1
-1.28834930315 7.59737050717 -5.53668066408 0 0 0 1
-8.31842997405 9.71964766316 -1.35532634948 0 0 0 1
-7.4073572878 6.42143646157 -8.67999946644 0 0 0 1
9.29938243285 -8.70488184898 1.35715265823 0 0 0 1
-1.11575181894 2.33589943978 1.61142872332 0 0 0 1
5.27714442022 -9.9885826266 4.51382225824 0 0 0 1
-9.98266093794 9.29321551507 -0.31735978934 0 0 0 1
-9.64009881222 6.28269654937 -8.95558420199 0 0 0 1
-3.55024280203 -3.94400548039 -9.15751566021 0 0 0 1
1.25062226619 1.82092474618 -0.375625398829 0 0 0 1
-5.03102676212 5.85132354005 -8.84190923344 0 0 0 1
4.35246127128 -4.92416190243 7.82071894115 0 0 0 1
4.52593427878 2.69951335147 9.14170353513 0 0 0 1
-8.33719264328 -2.0673710105 3.1543028617 0 0 0 1
-0.339374686848 6.99763457204 -8.23683914147 0 0 0 1
-9.1348803881 0.405371426035 -8.62433216343 0 0 0 1
9.21202518141 9.69963979139 -5.45240105425 0 0 0 1
8.61508950273 -5.06841778941 -0.0173232987529 0 0 0 1
-7.96425794313 1.16790687223 -0.536875256478 0 0 0 1
-3.0469532946 -1.5613203236 -2.44286210837 0 0 0 1
-3.60766588726 -0.607348516102 -4.17277265601 0 0 0 1
-4.00801891281 8.31971841252 2.76948795182 0 0 0 1
-4.21017996828 5.61637550404 -2.3705280858 0 0 0 1
-3.301576511 -1.02988929273 -9.59748098353 0 0 0 1
9.30078692912 9.63294872489 -9.55078698444 0 0 0 1
2.6151351503 3.73323558082 0.638527714701 0 0 0 1
-4.47149707217 -4.50438851179 -4.04862571654 0 0 0 1
-3.1724005065 -3.26888764194 4.10825959433 0 0 0 1
-4.2213404002 0.617098765997 8.84135937198 0 0 0 1
3.00785222881 -3.32260225398 5.99384609708 0 0 0 1
-2.33249839735 -0.389045934541 4.75070249282 0 0 0 1
6.23811618767 -4.81973318211 -1.93673863329 0 0 0 1
-3.50858754341 0.92531745467 9.40731962917 0 0 0 1
-9.48941151591 -9.18791777439 1.15229819272 0 0 0 1
9.00923920808 6.06490777463 8.59976687474 0 0 0 1
-0.523036054096 4.08268020797 3.21068506529 0 0 0 1
-6.15474351931 -5.76417407955 -1.53216195727 0 0 0 1
8.09360650045 -7.96034926459 -8.65951805169 0 0 0 1
-4.46809245455 -3.02076956851 8.57162525078 0 0 0 1
4.62989972785 0.948576573678 -3.87106591142 0 0 0 1
6.031932814 0.657076827137 2.41887850128 0 0 0 1
-2.30185677082 -2.57487170247 1.83271314498 0 0 0 1
-3.89106571282 -2.06059145013 -3.33154144622 0 0 0 1
-9.50356047952 8.21689147592 -2.24454486576 0 0 0 1
7.59287989627 -7.04569681154 4.24262544502 0 0 0 1
-5.62266442703 -9.21369999765 5.51415415758 0 0 0 1
4.05634849276 -6.23868201963 1.76297628284 0 0 0 1
1.28179299124 9.37533727963 -4.89896063054 0 0 0 1
1.52685789025 -7.79560398259 3.49177395677 0 0 0 1
4.51503784195 -0.991139519743 5.50023337329 0 0 0 1
-4.2973757823 -1.45520339952 7.21528452263 0 0 0 1
3.27221324684 -2.2228125911 -1.30450002463 0 0 0 1
-1.93664204193 -7.33871362953 8.07529669127 0 0 0 1
3.02418552887 -7.52363115603 2.38590687181 0 0 0 1
-5.83077779682 -6.2060227071 -4.01924451603 0 0 0 1
-2.85740100015 0.742356230727 2.93758632597 0 0 0 1
6.50524212762 1.41935084168 -0.195755196163 0 0 0 1
8.08217847418 -8.30369976671 -3.13086455649 0 0 0 1
8.31110265763 4.63874618327 4.23696965999 0 0 0 1
3.99909574412 -2.66670806381 -2.37371163027 0 0 0 1
4.25577738156 8.6471653507 9.11671891884 0 0 0 1
2.44126378369 -9.97433419075 2.22362107951 0 0 0 1
7.45070797559 6.94056153741 -1.5892673371 0 0 0 1
-2.56103318979 5.30097085083 -5.80670895563 0 0 0 1
-4.26413982157 -2.47143040546 3.02680929188 0 0 0 1
1.54088935506 5.40601837062 6.41755954389 0 0 0 1
-8.08994023199 2.45143246446 4.99405138976 0 0 0 1
-5.86374943158 8.7331156376 1.63735942198 0 0 0 1
-2.32802041631 -8.96262460731 -7.98138347951 0 0 0 1
6.79365058222 -2.3857595602 0.588940151342 0 0 0 1
3.36769286988 1.90646598717 -3.26503953706 0 0 0 1
6.9833415188 7.60592197495 7.65316528622 0 0 0 1
9.75042890515 -0.320491752655 4.02242264437 0 0 0 1
-1.84732514402 5.50994572063 1.69533470942 0 0 0 1
0.229238204021 4.71161444888 9.5600464868 0 0 0 1
1.92254800304 -0.684140378426 0.479885313209 0 0 0 1
3.36614305422 -6.6263947377 5.47617083809 0 0 0 1
8.36091466844 -3.08476882729 -1.1212160559 0 0 0 1
-8.68181189424 -9.21246444775 3.41530468755 0 0 0 1
0.983779442907 7.38047208339 -0.51203896008 0 0 0 1
2.46876430836 3.04019824829 -1.38031345888 0 0 0 1
5.82588624308 2.98497771785 1.91537861326 0 0 0 1
-7.16064699323 -5.85415211076 -7.05716593915 0 0 0 1
0.24564530951 1.84660972979 -5.11025219664 0 0 0 1
-3.19152017735 -5.75444190555 2.71338127901 0 0 0 1
-6.22193110862 -7.82406893363 -5.5339473871 0 0 0 1
-0.853261989602 -9.5070163555 -2.52857896646 0 0 0 1
2.16905293927 3.1295091704 -2.85941124888 0 0 0 1
5.03839461688 6.61541076727 -5.90076755535 0 0 0 1
0.168281584117 2.35394761991 6.10938716876 0 0 0 1
6.71267894934 4.24478930437 -1.50157365 0 0 0 1
-9.26200585342 -8.33264318582 5.40162923761 0 0 0 1
-0.611527997834 -9.17592749442 -0.0127822597641 0 0 0 1
-7.03908959436 0.0280162750559 3.66488031433 0 0 0 1
2.68876682744 8.44049974462 -2.53434500023 0 0 0 1
-0.105493126506 9.52210350708 -6.51211020268 0 0 0 1
-5.65531046668 2.73234026145 4.76263468543 0 0 0 1
-1.38438999848 7.26532816756 0.121535416868 0 0 0 1
9.18459862428 3.78419675554 0.734977534119 0 0 0 1
5.9797838672 5.08384741464 -9.35759130619 0 0 0 1
-1.65623724124 6.04558431734 9.17433131021 0 0 0 1
7.11681890984 -5.86640290878 -9.87926472912 0 0 0 1
8.26881894851 -4.1716827246 7.62823142397 0 0 0 1
3.10547505064 2.24696373483 4.0197873312 0 0 0 1
3.49757550447 -7.53008344132 2.35877633921 0 0 0 1
9.50049971337 7.76908548729 -8.39755669984 0 0 0 1
-2.62267700103 6.4739228123 6.05456412499 0 0 0 1
3.05060431173 -1.34833547817 -8.52969636032 0 0 0 1
7.77538702621 -6.88260263439 -8.0761742873 0 0 0 1
-3.18479355467 8.41968482092 1.39773910201 0 0 0 1
9.08874366639 2.39483336579 2.39268506854 0 0 0 1
-8.81408033766 -5.80890489832 -5.44829679025 0 0 0 1
3.00343916942 -8.09031553738 -8.44326049412 0 0 0 1
1.01461521176 5.84639306045 -0.885155880566 0 0 0 1
3.56634506915 9.73208438646 -2.2889127815 0 0 0 1
-1.00158140292 7.61756615296 5.58312575745 0 0 0 1
-0.323615339527 -8.39275654037 -4.58499701005 0 0 0 1
5.32169427768 -8.20521069721 6.80535002449 0 0 0 1
8.38849934934 9.51034313705 2.11415697259 0 0 0 1
6.90237371606 4.42943292811 -5.53479494618 0 0 0 1
-9.489863153 3.82626316338 3.94461139322 0 0 0 1
-4.66306864986 -4.95862449543 6.31155410463 0 0 0 1
9.49233973242 -3.94214995484 2.51676659086 0 0 0 1
3.42361647484 3.70123983964 5.76369097068 0 0 0 1
-6.34415715399 8.37275095742 -4.05363844554 0 0 0 1
-4.11277564753 6.9513408154 -0.137251101136 0 0 0 1
1.78361685999 -1.52098637148 -8.19795075545 0 0 0 1
7.82809692772 7.78097583754 -2.7978926063 0 0 0 1
-1.80516145532 -3.3280528017 6.95072756599 0 0 0 1
3.61688200284 8.16541239155 -6.14740105263 0 0 0 1
1.17468363942 3.07140323915 1.980224727 0 0 0 1
-2.15337311761 5.20166219436 -5.54847918445 0 0 0 1
-6.30252287008 2.22884529841 9.75710082207 0 0 0 1
7.29437427443 6.24207051293 5.19951534004 0 0 0 1
5.66163795599 8.75538198224 0.641161449149 0 0 0 1
-9.46467038224 -4.76150116577 6.41919651742 0 0 0 1
-9.46124800708 1.55418065435 -1.45941872747 0 0 0 1
-8.53457484621 4.30875796599 -3.56868163133 0 0 0 1
-6.30679231393 -5.55332252175 2.44307800524 0 0 0 1
1.36928477998 2.24851699422 -6.89120501383 0 0 0 1
-9.50586073286 2.65300996964 -5.05263634206 0 0 0 1
-8.80263096188 -7.59375260521 -0.541766027301 0 0 0 1
4.83417915189 -9.90903436164 -2.76477156205 0 0 0 1
-6.42335597201 5.45812571655 8.56405519499 0 0 0 1
0.332966329669 7.13933070269 2.35084833199 0 0 0 1
-7.13072917314 -1.71830746824 1.48206807731 0 0 0 1
9.70570548098 4.29938668771 -7.74476813778 0 0 0 1
4.38447770271 7.11597885684 0.511331293694 0 0 0 1
1.99304326437 3.76481815186 -6.60038888065 0 0 0 1
-1.36321262343 -6.86007339982 -9.4172736214 0 0 0 1
5.66395417388 -3.39234101578 -2.86585633821 0 0 0 1
-6.03111430122 -9.7037281525 6.10859196243 0 0 0 1
-2.38048284157 6.81191695257 8.57281435716 0 0 0 1
-0.0777365144291 -1.11631713059 6.27338874309 0 0 0 1
4.43615139009 8.43841875051 4.76898525672 0 0 0 1
-4.91871813564 7.62326906338 1.75330813539 0 0 0 1
0.522222591053 0.350939972992 6.04589569522 0 0 0 1
-4.41521326321 1.84460895978 -5.24239251649 0 0 0 1
-3.38218811325 -3.84554658084 4.62628210427 0 0 0 1
-3.24784001963 5.54149895379 -4.78078033084 0 0 0 1
6.6806708122 7.59664397209 -1.10446436037 0 0 0 1
-1.75307434024 -8.26365170889 7.75140003153 0 0 0 1
-7.92027086997 3.60937719824 -7.58110810865 0 0 0 1
-8.33617716546 1.43841883426 0.18009047391 0 0 0 1
2.20367424526 -5.73023084307 9.86369022061 0 0 0 1
0.776293544557 -8.84525670892 6.74353209293 0 0 0 1
-0.359281819362 -0.0235225300675 0.447408867956 0 0 0 1
5.30144330069 1.73375857565 -9.01201831068 0 0 0 1
7.18083693512 9.79671457156 8.49334495938 0 0 0 1
-9.08514612709 -6.76599775721 -3.30288390703 0 0 0 1
6.4115665582 -9.88549592142 7.57340962477 0 0 0 1
-4.00989573825 -6.12493988667 1.03876735078 0 0 0 1
-5.24949005836 3.2434169089 7.33568220327 0 0 0 1
-6.03031080189 -9.89909026193 -1.89779635434 0 0 0 1
-4.28632245613 6.09013039013 -9.30755841157 0 0 0 1
8.29396322507 4.99838893038 -8.00320917962 0 0 0 1
3.12545124266 0.681262586189 -2.43381383876 0 0 0 1
-0.978348708246 -0.765002752586 8.22184387314 0 0 0 1
3.69548362409 -2.67666246992 3.13077551672 0 0 0 1
5.53232128317 2.75425710503 -6.49036702936 0 0 0 1
-4.50108631722 3.30604682443 -9.29899807993 0 0 0 1
-4.71858322939 -9.50580048342 7.21529142384 0 0 0 1
-4.98558349093 0.0200166350676 -3.52354845002 0 0 0 1
-0.187235078655 -8.47600043363 4.86831822059 0 0 0 1
3.29774543977 2.72775748766 -6.51015620099 0 0 0 1
3.06466948299 -8.68128174144 4.13389057161 0 0 0 1
-5.92089292735 1.16736280457 4.60741810149 0 0 0 1
-6.64298798786 -3.82885235491 -5.23256343231 0 0 0 1
-6.56163550794 -1.47519208787 8.06857825067 0 0 0 1
3.94253713991 1.34117858237 -5.41478424318 0 0 0 1
1.66342932972 -2.66342941883 6.86545757404 0 0 0 1
4.65332924773 6.62976595237 -5.93171047916 0 0 0 1
-5.93414608164 0.764641693279 6.81293978811 0 0 0 1
-1.39369304895 5.37357459688 -6.61879988152 0 0 0 1
4.15805730985 -5.33117403884 7.94289923172 0 0 0 1
9.31649177822 5.49319586604 -2.61371050527 0 0 0 1
-8.54092749454 8.78521789415 6.41817198452 0 0 0 1
3.8926388655 -4.46823408073 -0.348599078054 0 0 0 1
6.50193672746 4.07774633525 4.91270168558 0 0 0 1
-3.11674811059 5.85455128623 -5.49639144014 0 0 0 1
-0.945523958599 6.15999115596 2.29387650766 0 0 0 1
7.62144265721 -0.163065980608 0.373841247306 0 0 0 1
-3.36903315128 6.25547266145 -2.08516727356 0 0 0 1
8.81448105342 -1.72525388608 3.52606510322 0 0 0 1
-4.58337599462 -3.25152243946 3.87136370865 0 0 0 1
-9.86446155281 0.990126094158 -0.198956697309 0 0 0 1
1.15409171421 6.75077280555 -6.0426139292 0 0 0 1
7.76884876048 9.08836418455 7.92296732942 0 0 0 1
9.04465996117 0.412507961304 -3.41806111572 0 0 0 1
-2.79327203143 -4.94579789374 -2.61916634146 0 0 0 1
5.06377537591 -2.39232583887 1.338934761 0 0 0 1
6.6525773074 -3.75807132957 4.52117518421 0 0 0 1
6.317199566 -9.00168797777 -6.05885376721 0 0 0 1
7.70648567559 -0.0103007771525 -2.30408863811 0 0 0 1
-7.08449555838 -4.82127973195 -2.06161438829 0 0 0 1
1.13398448304 9.53357609937 -3.46166650753 0 0 0 1
4.85891041881 6.45910830626 3.87768898977 0 0 0 1
7.82698091318 -5.34733671279 -3.58750563046 0 0 0 1
2.37022350055 7.53714977664 -0.146598418742 0 0 0 1
-1.9187943008 7.4596485964 6.95058818597 0 0 0 1
-8.73885288512 -8.18014412704 3.49430039364 0 0 0 1
-6.77415563242 6.65484767682 -8.36497937307 0 0 0 1
7.24447553152 -5.73953865235 -4.33500013292 0 0 0 1
5.54745327769 9.17968954621 8.61134891754 0 0 0 1
7.32094980392 8.86682331561 -4.04041106721 0 0 0 1
7.59952773863 1.65069483503 -0.155700671766 0 0 0 1
1.60997253694 -6.60518526389 6.4709647191 0 0 0 1
9.45311518763 -6.56004420893 0.29059382308 0 0 0 1
2.76350916982 -1.41967949571 8.87662852714 0 0 0 1
-0.955448928214 -5.48611465402 6.36542975508 0 0 0 1
0.555511974591 8.61275557923 1.8449471163 0 0 0 1
4.38273257438 -6.81853595089 3.28340399563 0 0 0 1
-3.21791168227 -9.77333232254 -0.588000108703 0 0 0 1
-1.7758007549 -2.60857966396 -0.263178440175 0 0 0 1
8.74119863419 -1.86957654801 -2.41813562935 0 0 0 1
2.03433772493 5.59403539258 -8.75899014716 0 0 0 1
-9.08085643702 8.66336150263 -6.75496071223 0 0 0 1
0.556113796941 -9.42948156121 3.39148982444 0 0 0 1
0.404775964149 -9.06103480353 9.2512171121 0 0 0 1
-0.5987289184 -7.8605576994 8.76445270216 0 0 0 1
2.86829227049 -3.04969498567 -7.74102296923 0 0 0 1
8.45520699769 0.574687048133 -8.16781407555 0 0 0 1
8.85545063646 1.97659828692 4.72956223389 0 0 0 1
-9.59826171552 2.56852032179 6.39142872037 0 0 0 1
8.68022179921 1.58103790508 -7.11548148058 0 0 0 1
1.38009013083 -4.59822737036 -9.1504926587 0 0 0 1
1.18710461648 -5.82946129964 6.2043083813 0 0 0 1
-8.45238527854 -5.57777700703 -6.2627029698 0 0 0 1
0.807705876569 4.42412468378 -6.85138988533 0 0 0 1
7.48467616967 2.05350721245 -5.20269183046 0 0 0 1
4.64512880889 -0.473180136609 -9.1058991559 0 0 0 1
0.437316110462 5.25081434089 -0.824243055964 0 0 0 1
3.35907782795 2.75669001341 1.01693419906 0 0 0 1
-3.15515215615 4.98910254072 -1.23333107895 0 0 0 1
-7.20663320212 -6.31809397282 -0.514019063714 0 0 0 1
2.3516378892 2.66177123944 5.34640975227 0 0 0 1
1.05334106297 1.28744268959 7.88505428079 0 0 0 1
-7.88800780963 6.2435785454 -5.5966456632 0 0 0 1
-9.25692886176 -8.68104714996 -0.770828182748 0 0 0 1
6.91546297647 -4.21050574092 3.25803243533 0 0 0 1
7.92809996188 -8.43007608913 0.747052465741 0 0 0 1
-1.3216448192 1.7673106598 -0.238031522286 0 0 0 1
-6.07481551938 1.13749299062 -3.22646820427 0 0 0 1
-2.72650617739 -4.35711983624 -9.17213527371 0 0 0 1
-6.48093436461 -4.42291373844 3.2981037367 0 0 0 1
-3.53887765124 8.82326056016 -7.8297374245 0 0 0 1
-9.99030136287 -7.35368251902 -9.48282750321 0 0 0 1
9.33072845076 8.54981130316 8.89997507807 0 0 0 1
5.57101576757 7.62833877125 -4.79082026598 0 0 0 1
-2.69076101117 2.37671448066 -1.65917409409 0 0 0 1
-0.990387845378 8.30507965977 0.0141454493582 0 0 0 1
-3.52513252046 4.0038665833 -7.18311151962 0 0 0 1
-7.7911813831 5.49423549824 7.66316748008 0 0 0 1
2.05373272781 -4.48620314314 8.87517466535 0 0 0 1
1.61240148889 -5.01055898949 2.67798533449 0 0 0 1
-9.38042602932 -1.21347375129 -3.58140019989 0 0 0 1
-7.57277643886 5.28928330052 4.75993275227 0 0 0 1
6.49829502111 9.26172430293 -1.32007295143 0 0 0 1
0.381541800649 -4.66055811081 -5.29421755933 0 0 0 1
3.0416470719 3.16339610235 -3.18352472243 0 0 0 1
9.15058946366 -8.78907661335 2.96294036538 0 0 0 1
-5.70959923105 9.70102179555 6.51599899512 0 0 0 1
-0.953036728028 -3.72026509061 0.0475470806074 0 0 0 1
-2.01974396752 -5.09543723911 7.60685272128 0 0 0 1
6.25273415535 7.10212534125 3.51899666761 0 0 0 1
1.17314067816 7.18905625764 -6.79541506786 0 0 0 1
-3.10008766576 3.60459267108 9.26106699436 0 0 0 1
-5.59873528847 7.7018592508 4.35660880001 0 0 0 1
2.84153566883 4.78835030723 -0.959890094129 0 0 0 1
2.56515314128 0.0139613410871 0.608934638436 0 0 0 1
-9.65295819759 -1.12349121027 -5.26306417245 0 0 0 1
-9.74831950303 -6.51797007524 6.75711160365 0 0 0 1
6.33027106188 -4.46996138 3.49813519136 0 0 0 1
-3.09603710077 0.294427360279 -1.79043198306 0 0 0 1
8.89567037646 5.70142243547 -3.96899447768 0 0 0 1
-2.99027233601 2.04952822582 -1.51200497146 0 0 0 1
4.92616113082 -1.32145173509 1.72497864101 0 0 0 1
-8.89691777162 1.8377040266 6.95856823325 0 0 0 1
-7.1277382572 0.337238583517 -3.98497729751 0 0 0 1
-6.81960988872 -1.30650286981 -4.91652281973 0 0 0 1
7.78265650262 0.919618266018 8.01924265059 0 0 0 1
-8.14709682342 2.80289640679 -0.648312021792 0 0 0 1
-9.82657497298 -6.47526716837 -7.4428742919 0 0 0 1
3.26895550471 -2.0749795656 -5.83411168383 0 0 0 1
0.0795772191869 -8.46248077721 -4.93662968433 0 0 0 1
-1.91424605095 -2.70579148495 5.48035545638 0 0 0 1
7.67769943841 2.39682786453 7.58442193351 0 0 0 1
6.83721744276 0.152626513846 6.52031785953 0 0 0 1
9.3031049135 9.94917793071 -0.816677979693 0 0 0 1
-9.61569191287 -7.75827649866 -0.691640172817 0 0 0 1
1.00234588868 6.86393814236 5.29925014178 0 0 0 1
-1.47131672195 7.14735115683 7.31390222419 0 0 0 1
0.293713131348 8.08266231539 1.71912727693 0 0 0 1
-7.67544880913 -3.96799140861 1.3482338361 0 0 0 1
8.88731125834 8.90690681589 9.38384127572 0 0 0 1
2.60907820667 -2.36711884792 5.99685541045 0 0 0 1
8.51693193738 5.89604240967 5.39188052731 0 0 0 1
5.96992229065 -7.9754070935 -8.47794154849 0 0 0 1
-9.4151459157 7.20311598434 -0.436272548262 0 0 0 1
-8.28959841878 6.81233235494 4.34444931776 0 0 0 1
-4.84561503468 2.02642611852 -8.00426925507 0 0 0 1
-4.9844438911 7.57787817357 -4.94786497966 0 0 0 1
8.1102957035 3.1089012036 0.768241617049 0 0 0 1
-0.429892276722 -5.83230092328 -9.96774538672 0 0 0 1
6.04365979085 9.0417526582 2.11601139473 0 0 0 1
9.72742456401 7.28394844273 -7.49691330143 0 0 0 1
-1.10614500593 -4.56221665253 1.49366669513 0 0 0 1
-0.57556950619 -3.97475427294 -8.0921300612 0 0 0 1
9.03115489149 0.433421279271 -7.69338176927 0 0 0 1
-7.7158616424 -9.29681913414 7.92878053337 0 0 0 1
-5.86709772128 9.99903055464 9.60581544971 0 0 0 1
-4.36939854639 2.13428007459 -5.95604175817 0 0 0 1
-9.20666038076 5.3719958111 -9.73075556422 0 0 0 1
-5.1197198237 -2.91116306218 1.98675336651 0 0 0 1
2.34954379726 2.45333317013 -9.59289979814 0 0 0 1
8.81990850974 0.300740098288 3.56964914039 0 0 0 1
7.31941090273 8.24053489172 8.85133643986 0 0 0 1
0.999967942087 4.76795434019 -6.62544061743 0 0 0 1
0.183749736951 -5.85119283089 -5.38972577522 0 0 0 1
-1.86394580446 -5.2368773684 -3.95543351914 0 0 0 1
-3.88103839573 4.40967114373 8.52912594223 0 0 0 1
8.72860624797 1.00904454084 -5.76179038112 0 0 0 1
-1.57805835807 -1.65381583639 -1.67641827557 0 0 0 1
-5.01610791124 3.44154051021 6.85159061811 0 0 0 1
-3.39596266026 -6.72510275307 4.1092418282 0 0 0 1
-9.32809230572 -0.475411800166 8.6586448605 0 0 0 1
-7.1032967309 9.23568824604 -3.3300160808 0 0 0 1
-3.28776442907 -5.26171132847 -1.18811526773 0 0 0 1
2.2118062385 -2.68692989857 6.37679966645 0 0 0 1
-0.957607099659 8.61143993793 -0.189974051848 0 0 0 1
9.89755384393 2.10225541391 -1.75040136734 0 0 0 1
0.87090933803 -6.44114876556 -0.441691764562 0 0 0 1
-2.11394148412 -7.55401704366 1.00835941504 0 0 0 1
-8.73631086704 8.31384731795 9.95596672527 0 0 0 1
-0.234531196768 1.2739922545 -9.54390162504 0 0 0 1
-7.62620283349 -9.94879235197 -6.36833288375 0 0 0 1
-6.19038439249 -8.40787775352 3.68654589439 0 0 0 1
-5.88581722302 -7.79137431975 9.58029958584 0 0 0 1
-8.56554192796 -9.02643835369 0.657551302744 0 0 0 1
0.918114067809 5.32933732303 -1.31746000522 0 0 0 1
6.84195325213 -5.10250198147 -3.60836561275 0 0 0 1
-3.25780204789 -4.41619511201 4.15915663696 0 0 0 1
1.04807881669 9.4857945937 -9.04865787206 0 0 0 1
-5.6248680518 -2.56075062223 7.0903803747 0 0 0 1
-2.83592335486 -9.34275298093 -5.1057515118 0 0 0 1
7.54507119068 -0.271844833797 4.31680035251 0 0 0 1
3.87353882679 0.869723600579 1.93315877788 0 0 0 1
2.23436810859 -6.77288343001 8.38607100271 0 0 0 1
1.34916223825 4.51628819389 6.17710956025 0 0 0 1
-9.1941763776 8.91122523283 0.441124675028 0 0 0 1
-3.01787934293 3.95240921663 -5.77300827114 0 0 0 1
7.75561475217 -2.41024412795 -1.51148423016 0 0 0 1
6.6217317829 9.72538365111 -7.55128424404 0 0 0 1
-2.80622350621 0.655014987861 4.19952817412 0 0 0 1
8.98402293509 8.4239637483 -5.58217489221 0 0 0 1
-7.33391984322 1.62469906388 2.39084415067 0 0 0 1
8.83232380302 2.08643319106 -8.09245156295 0 0 0 1
-2.30684634169 -5.22996410686 -3.50786113658 0 0 0 1
-8.99784366531 -9.61724626202 5.94310626768 0 0 0 1
-3.817259645 0.480190945043 8.2081501399 0 0 0 1
-0.403993403631 7.63487182461 -5.47797334256 0 0 0 1
9.4085564252 7.80990447275 7.42873841089 0 0 0 1
-3.00806122599 -3.39763828948 6.8464969962 0 0 0 1
5.87599982213 -0.703491676785 8.83363641604 0 0 0 1
1.93671544126 -2.47033724737 -0.431993954888 0 0 0 1
-9.02225194093 7.81560472223 8.29794719118 0 0 0 1
5.18840301768 1.26910124291 -6.90638729917 0 0 0 1
-4.68551202833 -3.20427543802 0.917652024107 0 0 0 1
-5.67200359377 0.599553179051 -0.868113124779 0 0 0 1
-9.6158975421 -3.8833235571 1.3109005008 0 0 0 1
3.80751641657 -6.26312424862 0.622490763292 0 0 0 1
-5.81125487413 5.72294226864 1.80414535903 0 0 0 1
-3.12091397135 6.29073303366 -1.38102846731 0 0 0 1
8.86567617755 -4.60345647736 -1.52763873075 0 0 0 1
5.91904106915 8.42811436782 -8.94470173154 0 0 0 1
-8.69811706851 -3.59870878161 -2.63737223025 0 0 0 1
7.05340237315 -3.65609232196 7.5216478129 0 0 0 1
-6.88816368018 8.15297365353 5.19273660162 0 0 0 1
5.71529583525 -3.31022901769 2.11666599708 0 0 0 1
5.88521178749 5.89111105323 -6.75827427338 0 0 0 1
-2.80141005183 7.14119010257 -4.90406894119 0 0 0 1
0.812988269607 -8.84666782344 6.22723353679 0 0 0 1
5.2489206277 8.5162529201 -1.17126646026 0 0 0 1
-3.47335019402 8.53683037661 -2.76733691973 0 0 0 1
-0.294972507231 7.0350325107 9.83951079181 0 0 0 1
9.67127473208 8.74522423343 8.8571182527 0 0 0 1
-0.974026256089 -8.36324583373 9.98103136919 0 0 0 1
-4.10764536373 -3.43626242273 4.22598879523 0 0 0 1
-1.85404409832 -9.5247287822 -9.45778043469 0 0 0 1
4.29964890045 0.822680261875 -0.210197306526 0 0 0 1
7.25778608112 2.42354726308 2.00693789692 0 0 0 1
-0.611731839074 -1.13125271191 -9.84509643463 0 0 0 1
0.551668927629 -2.57851281254 -5.76845965363 0 0 0 1
7.91701237211 0.960743684757 8.56032394649 0 0 0 1
-5.43776222789 -7.40547946866 -3.14627694904 0 0 0 1
7.5284099809 -7.90838950509 0.841663006766 0 0 0 1
-3.52225218646 2.82758953594 -4.24668402412 0 0 0 1
-7.58387469838 -8.33250116052 5.24507241685 0 0 0 1
8.10662022465 -9.77594566939 7.26345767585 0 0 0 1
1.0657742277 -9.82247012361 2.48368384071 0 0 0 1
-3.86016436058 0.656675655587 6.5623529338 0 0 0 1
2.15066161448 2.67320302529 -5.8036814274 0 0 0 1
-5.121890044 -5.20196677011 7.20648924059 0 0 0 1
9.3665982207 -5.87754898043 2.96393826345 0 0 0 1
5.04556061872 9.89493874035 6.33639889238 0 0 0 1
-6.7556432516 5.3888791254 6.4424370056 0 0 0 1
-4.30713835648 1.92426613662 -7.0264754603 0 0 0 1
-3.68515206646 3.88456980951 7.47749807124 0 0 0 1
-4.24019786552 -5.00716400804 0.790700371525 0 0 0 1
-2.30551969963 6.70077803692 -2.14674607633 0 0 0 1
-1.44814367611 9.3420495429 -9.78294303224 0 0 0 1
2.34208630356 5.71625837316 -8.50759502318 0 0 0 1
1.04551304469 1.26443488339 -4.15469446459 0 0 0 1
5.75843130074 4.98007656417 -0.47068138287 0 0 0 1
-1.29582517861 3.07647166234 7.53388574601 0 0 0 1
2.37151480851 3.61623578257 3.34737974827 0 0 0 1
-7.8930794875 -5.88448155891 8.80685058585 0 0 0 1
9.05694101991 -0.826654525695 -3.04036890726 0 0 0 1
3.13470645602 1.05141151753 3.79851325949 0 0 0 1
-3.47276865085 -3.45512781511 -5.65862704496 0 0 0 1
2.52723105354 7.38316523754 1.47816454849 0 0 0 1
