 800 0
 4
 0.E+0,  0.5D0, -.025
 -1.0E-14, .F.
 -4.941001 -2.867530  2.015317  2.422089 -5.070992 -9.316535 -5.509474
 -8.072079 -6.583574 -1.675996 -4.339298 -8.633540 -8.652015 -1.649460
 -1.591492 -4.954918 -1.327708 -7.721791  1.199993  7.238645 -6.040685
  7.310485  5.287679  6.687997 -3.600888 -3.168053  0.934644 -6.971969
 -4.735411  3.002912  0.933175 -0.785312 -3.091082 -5.789178 -3.784097
 -8.334416  8.666548 -6.687902 -6.907882  4.178810  8.996603  5.875195
 -6.102691 -4.225770 -1.337028  3.352631 -7.449610  0.023833  6.358430
 -4.087816  4.015272  1.183631 -3.700777 -5.700116  8.732628 -5.260979
  4.147646 -8.311310 -1.293109  7.857684 -4.911022  5.379980  6.217737
 -6.713597 -3.283760 -8.163435  2.338185  7.787286  4.856004 -3.401828
  0.009724 -3.925295 -7.835600 -6.971363  4.290644  8.347321 -3.143101
 -5.819132  7.662236 -8.829138 -2.440912  1.807343 -0.498850  8.143928
 -5.966637 -4.038340 -9.852487 -4.848130  4.334450  3.040013  2.254407
 -8.179794 -5.702042 -3.248860 -6.067780  3.258355 -7.893868 -1.350894
 -7.476529 -0.209413 -2.903729 -7.424086 -2.365274 -0.132532  5.195250
 -6.488334  9.406033  0.291372 -1.653757 -4.868395 -1.565287 -2.289142
  3.977675  9.333211 -8.493890  9.429730 -1.639211 -4.561710 -5.866168
 -4.024880  6.003404  3.929853  3.737970  9.296516  1.542403 -1.137364
 -2.051689 -4.399337  5.820855 -2.760867  5.064856 -8.933319 -1.603426
  8.957490  1.139474  0.602563  3.933540  6.539025 -6.802521 -9.842720
 -0.499305 -6.149895 -3.425025  0.692268  7.356244  3.801798  5.252526
 -2.146545  6.593988 -3.242028  6.712693 -1.513362  6.738626 -6.090761
  6.627320 -6.269277 -3.331282 -8.688691 -8.107109 -9.878560 -4.670699
  4.775303  8.562909  2.409864  4.119171 -4.420005 -0.229432 -0.765000
 -0.850525 -0.997683  7.804653  3.721271  6.462165  5.790333 -9.167851
 -5.450495  4.451382 -4.271172 -3.147094 -3.865894 -0.865313  5.163414
  6.570495 -3.840275 -6.638626  1.548083  4.575693  0.574063 -9.040224
  3.923834 -2.508296  9.251924 -9.052862  2.906824 -6.363984  6.446688
 -8.693131  3.365845  8.705729 -9.800619  9.367559 -0.520495  5.784953
  0.107544  1.186134  0.433877  8.412677  2.174642  1.551889  0.016133
 -5.197241 -8.487412 -9.995104  9.037421  8.257457 -2.413947 -7.075912
  5.053604 -9.620162  7.970289  1.000705 -7.042869 -3.720868 -1.980356
 -9.732459  8.400116  0.384100  9.807268  1.733276  1.738246 -1.717385
 -7.993892  3.788651  6.621509 -3.458482  9.695315  7.719138  0.436643
 -5.286135 -7.365253  2.758851  1.957354  0.171478  8.105656  4.805334
  2.830051  5.016553 -2.142998 -0.214540  6.746686 -0.235878  7.089918
 -8.710756 -8.588603  8.153992  3.680319 -0.771658  9.868911 -3.298044
 -9.059993  4.455472  2.347304  1.295595  6.621774  9.710256 -6.950201
  8.434061 -1.653939  0.756444  5.646490 -6.559215 -4.302738  9.719384
  0.002547  2.927656  9.325569  9.322169 -2.055198  0.617903  0.752056
 -4.398826 -3.712100  9.753037  1.658453 -1.807261  4.354005 -6.033367
 -8.173295 -5.110102 -3.015807 -7.657621 -2.706287  4.107514 -7.399941
  0.328918  3.506640 -6.404545  4.350474  5.148350  2.258491  3.680469
 -8.026462  4.065244  0.319038  1.341337  5.661713  6.005852  1.793571
 -6.247000  8.826758  6.212656 -5.346985  0.708531  8.164095  7.312569
  0.056836 -2.287938 -4.712120 -5.348647  3.583016  0.246340 -7.003093
  7.075959  8.663770 -6.464619 -4.264061 -2.215692  6.135230  5.302785
  8.927821 -6.701905 -1.418346  1.535147 -8.490191  9.826671  9.982381
  7.841681 -8.450338 -0.709667  1.821564  7.406432 -0.292182 -7.219200
 -9.651362 -5.069409  4.745325  9.339027  2.031023  1.994645 -5.426848
  9.876294  5.864106 -6.156640  0.188226 -9.817856 -2.105416 -6.235571
  5.595124 -3.186831  5.010335 -2.799274 -2.901001 -3.726459  3.541904
 -0.077548  4.114794 -7.825725  7.354063 -9.700793  9.011553 -2.274895
  4.836969 -2.060802 -7.681393  0.647224 -5.852098  5.471949  5.382442
 -8.860367  5.572222 -3.856134 -6.494343 -7.148186  6.215854 -6.500907
  7.343451 -1.522671  8.399855 -7.950654  1.455208  5.214186 -6.245740
 -5.929148 -3.377027 -1.468682 -1.933701 -2.249716 -9.452164 -0.081029
  7.285902 -3.078919 -1.149390 -0.520375 -1.112450 -6.421379  7.871301
 -8.513659 -4.202495  5.311175  6.495085  1.178788  2.584316  3.372452
 -2.193223 -0.994362 -1.590048 -5.757218 -9.673342 -5.404027  2.080688
 -0.719311  3.163417 -4.661501  9.655039 -0.713302 -1.527566 -3.968789
  0.555631  6.433912  6.115597 -3.827295 -2.415791 -6.493709  9.036168
  9.037704  1.421468 -8.026838  5.218695  4.560424  5.017183 -6.168255
 -3.309121  8.967689  8.393328 -4.043124  8.426600 -2.300528 -4.778174
  3.199082  1.528422  4.196024  7.825188  0.501553 -2.487659  2.658679
 -3.522404 -2.999226  5.282119  4.251513  8.055381  0.076617 -8.516351
 -7.340507 -5.160764  9.655277 -6.730716  5.646966 -8.726525 -2.118039
  7.884408 -9.490480 -8.782746  7.258999 -2.777436 -0.671864 -4.029690
  2.991042  2.688167  5.769839  0.894498 -4.680582 -9.596831 -8.944863
 -7.601269  5.815468  1.754088  5.151714  1.063407  4.126096 -8.477488
 -1.796198  3.184948 -0.583142  6.616153  6.620108 -4.756579 -0.495957
  8.975394 -7.648361 -6.379674 -4.204829  3.939780  9.341377 -6.510305
 -2.471664 -1.949696  5.026681  7.850418  6.689237  4.912659 -1.502546
  5.829448  0.448767  7.923532  6.557603 -9.256783 -7.486609 -6.815039
 -1.315905 -8.185664  1.552316  3.635769 -1.176219  9.987862  4.594592
  8.014547 -9.410177 -0.294168  5.449857 -0.977280  7.257957  0.212342
 -7.863930  0.127291 -9.114516  3.712360  5.918298 -3.199005  5.034672
  6.696213  5.588061 -0.937428  5.723071 -8.017991 -8.624093 -0.447745
 -0.381782 -8.898898  0.620112  2.168928 -9.642245  2.784964  0.438004
  9.771392  3.105448 -6.166584 -4.010871 -6.592743 -4.332560  1.121421
 -0.700406 -5.851352  2.314978  2.965863  5.374200 -3.243074  0.944943
  4.986777  1.264883  2.795792  8.701039  7.674275  2.815617 -2.022724
  1.797601  4.103217  6.052242  2.338337 -4.144803  5.890445  1.205296
 -9.020684 -8.904086  5.140733 -2.263399  6.907450 -9.753207 -9.479868
 -0.565568  5.841266  2.987971 -1.057272  3.295952  1.446338 -2.133034
 -4.634009 -9.536625 -2.708404  5.884105  6.954544 -6.480216 -2.086545
 -2.399658  6.475013  5.099665  2.873448 -6.077250 -5.045199 -8.129640
 -1.436408  7.839438  1.385317  0.261259  8.577917  4.975111 -7.034981
 -2.733884  5.800773 -3.561837  5.795733 -2.435776 -0.957279 -4.002470
  9.245861 -1.179182 -1.110269 -6.687639  6.715938  3.407569  6.813378
 -0.150991 -8.287119 -8.714900  4.014506  3.455158 -6.424604 -9.148715
  2.346665  9.375604  4.015915 -8.346196  9.171631  6.704148  8.344319
  3.306860 -9.133181 -6.425608  1.389659 -5.127723  7.526743  7.926856
  6.764996  4.120754  8.890764 -1.837854  5.725009  9.548907  1.314801
  9.904141 -5.701674 -4.334482 -5.204282  7.290270 -1.605937 -9.752019
 -2.800900  1.649528 -7.443114  0.085878  8.645869  3.826540  4.055034
  6.247275 -0.584738 -6.257745  8.009587  5.808772  9.951101 -4.371337
  7.481219 -5.698923  8.686017  7.414076  6.988873  1.915348 -1.466755
  8.544906  3.092788 -2.555515  3.008718  6.540780  7.092342  6.249339
  9.138267  7.437131 -2.370363 -0.359385  3.418995  2.423868 -7.626848
  8.033965  5.940535 -7.966028 -1.522810 -6.818425 -1.737323 -1.482796
 -7.116754  4.793536  7.830761 -6.948436 -3.548389 -4.281078 -8.814925
 -2.813582 -6.892865  0.396663 -9.881683 -7.117415 -1.983960  9.875362
  3.240396  9.421600 -6.861934 -4.234670  8.613713 -8.624587 -9.090837
  7.702431  3.728394 -0.251864  8.029496  8.860435  6.932405  9.300840
 -4.518459  7.486815 -9.660959  8.654857 -2.785012  5.452150 -6.492476
  9.601206  2.420637  0.519107  2.549823  1.849255  6.233181  5.119071
 -6.228405  9.930110  9.119912  2.554420 -3.435411  1.271657 -3.244292
 -3.763574 -7.456018  6.785966 -9.798774 -5.855270  0.045596 -0.193165
 -0.117230  8.519296  1.966303  2.119726  3.569876 -5.151817  9.178784
  9.701031 -2.220423 -8.312790  9.202970  8.246586  4.144894  9.307737
  9.354090  1.649214  0.814215 -0.021531 -8.234958 -5.123376 -6.746904
 -2.240657  5.140992  9.878404 -9.737620  3.129445  6.283561  6.504399
 -5.165055 -7.982286 -7.976301  7.614827  8.497492 -7.618932  3.641859
 -7.301008 -1.501506 -8.330944 -5.365068  5.589063  7.357341  9.226933
  6.858134  2.983784 -3.917138 -8.923673 -5.668953  7.096230  7.056913
  7.021083 -2.825516 -2.021945 -4.277174 -9.713028 -8.629595 -2.604864
 -7.390867  2.799098 -6.518543 -4.191174 -1.464286 -4.769265 -6.200361
 -8.806125  6.392582 -3.433003 -0.350428  6.293557 -2.401219 -5.400486
 -5.770650  1.057918  4.418098 -2.594962  1.900814  8.161869  5.631908
 -0.418386  2.325995 -1.131863 -8.643321 -3.705323 -0.178753 -4.588559
  6.027967  1.456632 -0.300887  2.853569  5.432680  9.986437 -8.707812
 -9.737211  8.361221  9.060290 -9.890922 -6.597075  2.301778 -0.758365
 -3.847378  5.531926  6.909969  0.863001  1.904533 -8.147779  4.660201
  9.343007 -7.612670 -6.252093 -5.900508 -1.138135 -4.367586  1.495477
 -5.072396  4.198785 -7.016689  4.153946  0.101927  0.271865  8.002220
 -1.626879  1.028206  3.805285  8.972597  1.209553 -1.328892  1.563885
  1.678592  2.032811 -9.143021 -3.265364  7.774430  7.474429  4.936946
 -8.380360  4.558125 -2.189030 -3.409801 -5.092006  7.848471 -5.837818
  3.763453 -8.494832 -4.317200  7.661359  0.122107 -3.453473 -5.384017
 -0.708490  5.179790 -7.588258 -6.801687  3.896178 -6.809548  3.625136
 -4.159922 -7.438208  2.641892 -2.488905  0.462089  7.263040 -9.685500
 -3.147031  6.218764 -8.547584 -8.323438 -9.965097  9.233666 -6.327507
 -0.497328 -3.355925  7.123946 -9.964999  2.137857 -2.420214 -9.327323
 -5.473817 -5.467259 -1.056722  1.533112 -1.973463 -2.654508  5.566268
  5.924194  9.054430  9.753489  3.119392  5.074315 -7.663298  1.018366
 -8.657456  2.202411 -7.796557  6.068822  9.830985 -7.011365  2.297236
 -3.549386 -6.456124  0.327777 -6.246912 -6.622413 -1.043696  7.856286
 -7.669805 -2.298805 -3.840115 -9.308442  4.346611  8.491386 -5.657828
  9.111181 -1.039286  7.643078  9.823699  5.926072 -2.816850  9.289279
 -3.159776 -0.390916 -3.422102  9.261989 -4.584473 -3.470556 -2.648963
 -7.112774 -1.987959  0.116888  6.781624  8.557537 -7.727024  0.669281
 -4.158670  7.047697  6.967058 -1.638159  8.259757 -7.946277  8.621099
  8.074403  8.466627  4.851765  8.444442  5.079733 -2.889972 -1.577665
  7.565947  7.397968  8.510865 -8.343034  3.482297  7.532026 -4.132871
  7.075762 -7.617394  9.727180  6.098991 -6.483407 -4.912332 -7.329561
  2.348512  5.102094  1.794929 -4.960955 -7.963109  9.017508 -9.778197
  7.543382 -4.551642 -2.033833  4.124414 -2.857327 -8.564825 -6.883203
 -8.803941  4.551697 -2.722057  3.990345  9.801634  9.508842  7.150656
  3.653203  2.363763 -6.483702  3.827851 -8.012667  9.805953  8.699557
 -1.056088 -3.253481  3.779820 -4.817386  4.459997  6.796579  5.284161
 -4.789141  4.095280 -3.456171  8.850697 -1.931897  9.361170 -8.241899
  2.341043 -4.069992  3.855959  9.678940  6.693608  1.461416  8.186041
  6.949994  0.029516 -0.524894  2.467223  3.761862 -9.937572  2.537914
  2.817069 -0.740668  4.007909  0.560499 -1.250349 -0.543086 -1.178129
 -0.453623 -5.725548  9.797522 -1.352289  2.359679 -5.042033 -0.777666
  1.399148  0.263017  3.766386  8.421781  3.091667  9.361444 -9.709208
 -1.386312 -9.244547 -6.752195  2.312917 -3.516765  5.317011 -7.573146
  6.196948 -8.292501  5.569775  3.469615  2.238716  1.478558  6.954434
 -5.833195  7.782325 -5.735571 -7.841450  4.285703  5.336222  6.982202
 -2.032052 -0.666606 -4.944582  1.934339 -0.911689  1.070144  5.680451
  4.610858  0.403078 -3.279288 -3.215351 -0.885243  3.054580  5.294795
 -5.676868  6.641152 -4.198456 -9.898356  8.182142  5.716111 -1.106035
  2.514090  7.206611  0.494689  6.979255 -1.606946  2.479680 -7.308156
  7.338256 -8.860461 -4.080876  9.048439  9.467581 -3.223882  0.803487
 -8.627207 -5.018655 -7.778426 -5.344572  6.555557 -8.836125 -5.503918
  6.525752  5.548524  9.669880 -2.967685  5.959313  8.313708  7.660231
 -1.880071  5.103915 -2.334503 -8.337763  1.206689 -6.815208 -3.929474
  4.830376  2.805828 -4.511255  6.496585 -9.476761  9.366308  3.804376
  7.435542 -0.593895 -0.840446 -7.812833  2.951867 -6.196071  4.792153
 -3.643410 -6.358949  8.025947 -9.373785  2.007277 -9.523200  9.936379
  9.870877 -8.104814  0.870261 -6.278024  5.094456  3.205699  9.451501
  4.250801  3.790667 -2.193412  0.735442 -4.152284  5.191021 -9.501258
 -0.274219  1.284603 -4.936502  1.555658 -5.908323  8.321017 -5.614121
  8.930990 -2.116068  7.310055  8.682140 -1.120251  2.096800 -8.296535
 -7.443439 -1.010623 -3.134429 -5.557338 -1.934034  7.277442  9.527318
  1.026230  3.581164 -7.583593 -2.181102  8.195398  7.516172 -5.528950
 -0.288062 -6.971970 -0.807023 -5.728334 -1.744511 -6.467754 -5.992300
 -8.191723  1.750835 -1.984370 -3.021747 -2.963702  1.273492  0.987584
 -5.910816  8.319516  9.264752  1.519404 -9.231690 -8.709967 -4.540685
  9.935095  1.664673  1.737724  6.372619  1.379299 -0.937718  5.776431
  3.894506 -5.229375  5.898420  0.162958  9.105460  6.003796  2.666974
  3.271029 -6.191347 -9.942314  9.037164  8.984063  1.854803  4.293993
 -8.606931 -5.322629  7.579048 -2.881538  6.739914  2.159289  0.887301
 -9.163325  4.933301  7.228960 -1.970342  1.797857  6.002385 -2.950152
  4.656860  4.238812  2.281390 -9.080154 -6.840665 -3.141969 -2.509774
  8.318438 -4.335342 -3.579301  3.671007  5.739173  9.899022 -5.695120
  3.808083  7.648570 -7.627230 -7.142821 -5.997638  6.973885  3.465376
 -4.246110 -9.329938  7.365075 -8.389199  4.065105  7.255884  4.445877
 -1.091808  2.130785 -4.553628  5.681374  5.236077  1.048768  7.482272
 -2.598051  7.935183  0.097455 -7.701990  9.601801 -7.542246 -2.635256
  0.794301  4.688772 -3.246753  2.515109 -0.175899  1.014780  7.193443
  6.969502  8.236934  8.778893 -8.874304 -2.747291  2.483451 -9.233604
 -2.284368  5.261683  7.257551  0.994665 -2.013292 -7.912761 -2.884899
  0.886356  8.225895  8.589950  3.956343  8.698648  0.834534 -6.996756
  7.830488  2.585974 -3.886657  3.429075 -6.170238 -6.133071  7.369249
 -8.888267 -6.843297 -3.152480 -6.299479  5.441474 -2.625232 -7.197555
  2.082281 -7.881934 -3.110830  5.581335 -9.271999  2.780228 -3.681727
  8.334808  2.999567  4.952660 -4.546018  1.533149  6.381808  7.726994
 -8.716582 -6.730374  1.238610 -3.943261  5.120320  9.537207  1.904404
  5.075863  0.656684  7.216420 -0.754688 -8.599710 -0.629453 -0.794259
  7.716154 -9.559181  1.330578 -3.217147  2.719322 -6.224777  3.329149
  7.260033 -0.639618  4.288479  2.502032  2.887628  7.455111 -3.099873
 -9.945893  0.557781 -7.987987  9.776336  4.494350 -4.641821 -2.998564
 -5.360326 -2.992668  0.741085  4.242386  7.032521  9.091842  2.168042
 -3.308366 -3.555184  5.292734  5.953578 -6.344271 -4.120436  3.435146
  0.894431  1.427777  0.010246 -0.310301  8.674394 -8.170122  2.292408
 -4.102334 -5.479011  5.393731 -7.281650  2.585106 -6.285037  1.766960
  2.617833  0.997722  1.018391 -3.785138 -8.078307  9.839057  9.078892
 -7.796170 -4.924271  7.684333 -8.810606  0.205697  0.457682  1.148836
  2.081063 -0.383078  7.857855 -4.564607 -1.220566 -6.387517  3.170469
  3.218129 -2.703082  4.281747 -6.783610  4.903959 -5.126798 -2.619168
 -5.013522 -4.420098  0.727566  0.931978 -4.181336  7.453609 -5.914217
  6.611307  5.505327  0.428989  3.356578  5.707362 -0.703030 -0.563354
  3.695427 -4.925766 -7.800690  1.559336  9.675440  4.873761  0.192037
 -3.841899  5.117036  2.611324 -2.983313 -2.758390 -3.724465  5.277949
  4.565820  1.413896 -7.300071 -5.100602 -6.468697 -9.373511 -8.188320
  2.757716  7.109911  9.029148 -8.890975  5.754649  0.902040 -5.630920
 -8.263979 -9.917624  9.528838  4.379329  0.979233 -2.982490 -5.892057
 -9.661196  4.725423 -4.409153  3.423488  9.234895  7.210915 -3.811262
  3.167307 -8.454698 -4.331726 -2.089002  7.420141  3.312543 -8.970498
  0.780683 -9.837398 -1.134783 -0.283989  5.162124 -7.570935  3.509653
  0.554132 -8.461232 -9.961120 -3.984952  4.895664 -8.710048  4.315328
 -9.400705  9.638756  4.510873 -6.126315 -5.767131  9.175209 -2.733528
 -5.176085  7.996903  3.854363 -8.684411 -3.467002  9.373576 -9.767899
  7.903013 -3.564506 -9.925758  7.399126  8.424580 -8.220673  3.877000
  8.331113 -0.665261 -2.649150  7.024523 -1.767857  6.547948  8.723520
 -9.559265  5.780675  2.236661  1.707201  1.752346 -6.170323 -8.739305
  7.168831 -6.226288  6.541178 -8.796413  1.065339  3.530556 -9.128104
  5.651431 -6.263207  4.149993 -4.792130 -5.595921  3.285718 -1.825666
  2.055228  3.287100 -7.406171 -5.987507 -9.427609  9.438439  3.907440
 -0.685715 -3.159350  7.109285 -4.146704 -6.213037  4.036722  8.339678
  5.980329 -1.876772 -8.346290 -3.267587 -1.502325 -2.609577 -1.577124
  6.224294 -6.796171  1.438595 -5.787777  7.684771 -5.096323 -1.599647
  8.658634 -7.032491  6.686904 -7.690732 -1.200542  6.583529  6.831939
  9.482653  5.005587  3.544484 -8.450646  8.289761  6.229598  0.533427
 -1.477006  8.814423 -5.863652  7.826006  2.715035  0.619823 -6.357409
  1.908328 -4.572510  3.935071  2.860793  3.706608 -1.279331 -8.443718
 -7.234298  3.126815 -5.890692 -1.992340 -0.616997  9.769247 -4.134198
  3.001509  7.864298 -9.768280  0.403995 -9.943200 -8.881051  2.911785
 -8.674016  2.036836  2.345365  3.962170  7.580627  4.773006 -9.321524
  7.902192 -3.699300 -5.118757  4.554931 -8.093994 -2.052042  7.868432
 -0.798933  9.856214  3.354295 -3.043470  1.098548  8.527445 -6.261770
 -4.275721 -5.194527  4.512546  0.944752 -2.563338  1.484133 -5.020797
  1.358926 -0.757065 -4.844528  6.656169 -6.449384  4.060064 -0.634541
  8.608875 -7.867767  2.656105  4.412281  0.228546  5.827198  9.557383
 -8.483576  0.580031 -4.014191 -1.946047 -9.553399  1.124797  3.014212
  7.486246 -3.742629  0.485553  1.944797  4.428624  9.851376 -8.599844
  4.167424  7.313860 -4.253996  0.682681 -4.499743  1.169410  9.675653
  0.545470 -9.005811 -7.014425 -8.793772  4.123069 -7.789543  2.020378
 -4.556695  8.605783  0.081402  1.619212 -9.834775  2.142523  3.816002
 -9.181524  0.682283  4.264504 -5.233315 -1.620179 -3.305057 -9.097439
  6.641609  4.776709 -4.182698 -9.120726 -0.695046 -1.423703  3.126694
 -4.792314  8.798392 -9.040679 -9.052535  6.623122 -5.173821  3.257504
  6.878269 -8.906036 -4.010257  9.487673  1.257640 -4.463770  8.653192
  2.149962  3.425298  1.535709  1.729865 -9.165194  4.892647  1.902673
  3.971605  4.560832 -7.707340  4.979328  1.431821  7.245655 -3.744626
  0.254361 -9.614414  0.321206 -3.416848 -2.528383  2.047960 -8.644221
  8.841499 -3.016258 -8.175341 -5.575514 -8.909488  2.336990  3.130952
 -4.076071 -1.040109 -8.066927 -4.439053 -7.627207 -1.659946  1.574874
  4.672070  0.964094  9.278652 -2.470334  8.697026  1.495185 -2.503432
 -4.209805  4.305540  4.909371  8.338006 -1.390652  8.135074  2.468874
 -5.181642 -8.712155 -2.111893  9.591721  9.128346 -6.839527 -3.995270
 -3.485319 -5.235422 -7.817186 -8.149905 -9.236451  9.055366 -4.126150
 -5.031193 -0.243624 -2.124784 -4.969632 -7.263237 -6.848066 -3.322751
 -6.617242 -4.078198 -2.667151 -2.216459 -7.114792 -5.407349 -4.293835
  9.988234  1.312244 -7.476229  4.777458 -9.673744  4.911325 -6.262966
 -0.043772 -2.519981 -6.177168 -6.491881 -4.962519  3.306943  2.413429
 -9.523599  4.244974  8.706132 -1.750703 -6.277003 -2.974026 -2.038840
 -0.300352 -9.409387  5.920226  7.319199  9.750141  8.296203 -8.083323
 -3.953167  6.786670 -7.922995 -4.289832 -5.531034  7.704011  9.764051
  9.710135 -7.251459  5.876049 -2.094241  7.587392  7.528861 -5.948999
 -7.918496  6.213848  1.153371  5.794435  7.754384 -1.907262 -0.037541
 -8.679529  1.908490 -4.630197  4.214804 -1.969074  6.290165 -7.524927
  8.967851 -9.823085  5.697686  8.802701 -1.102064  8.023700 -6.382215
 -7.116806  1.695349 -0.757693 -7.127662  5.629625  6.670530 -5.958517
  3.363909  6.497913  1.703789 -9.097877  1.007356 -0.782394  2.979547
  1.913710  0.426243 -7.833703  7.708533 -6.690441  9.610675 -6.035215
  2.368136  6.829840  0.238961  5.609458 -6.049810  6.563428  6.068094
 -0.347341  1.083130 -3.293577  1.476955  8.494723  2.613430 -9.825368
  7.044542 -6.363489 -8.550844 -0.570108  0.534045  6.152633 -1.199278
  2.718700  5.356631 -0.668416  4.922586  3.819887  5.918491 -3.141319
  6.899110  9.204136 -9.823886  8.299938  9.518385 -3.241240 -5.732845
 -0.427020  6.827060 -8.779743  5.763282 -3.653447  2.596929  1.811317
  4.329593  1.319322 -8.439682 -9.187509 -2.085751  1.975335  7.366693
 -5.881386  7.185927 -2.958413  3.126090  0.397110 -9.788766 -7.503165
  8.268472 -1.668729 -8.907371 -1.973518 -8.332515  4.579038 -9.317877
  2.234403 -7.939911 -4.538765 -6.323411 -3.979110 -8.748955  3.285219
  7.258374  4.005538 -7.332625 -0.380274 -9.397012  6.473118  8.172315
  0.713319 -2.226069  5.999483  5.594528 -7.758412  8.978507  8.798555
 -4.380373  3.108466  0.745516  0.972222  8.676771  0.749443  8.047697
 -4.368867  7.185768  3.314670 -2.383597  1.482222 -8.375881  5.344384
 -5.011703 -1.269427  8.891335 -7.290170 -5.727429  8.320225  4.872818
  7.926627  0.121803 -9.725411 -3.023663  6.137298  5.204732 -6.809744
 -1.118466  3.846598  7.242977 -9.740089 -1.160268 -9.198254 -9.289374
  1.687010  7.333508 -1.020848 -0.556622  8.568258 -7.657812 -3.388366
 -3.757665  5.862288  9.962042  1.241570 -9.510416  9.750028 -6.990519
 -5.781833 -5.090224 -2.671735 -0.483968 -4.177831 -8.242368 -3.714919
 -8.561854 -0.804540 -0.266271 -7.718243  7.685984  8.726780 -7.338757
 -7.951943  8.991496 -4.581924 -2.842665 -7.740522  2.375489  9.339126
 -6.731176 -6.352041  8.039636 -9.180145 -8.416818 -5.620558 -9.132728
 -4.402711 -1.473175  3.268288  2.474679 -8.652226 -1.355989 -0.089454
  7.908982 -1.360422 -1.463475 -0.190152  9.110616 -5.095311 -8.005508
  8.743552  4.205099  6.251525  9.718132  9.343517  7.517994 -0.348261
  2.760678 -7.415971  9.277882 -0.564525 -5.990760  9.515435 -2.491926
  6.444584  4.165638 -1.158304 -2.198965  1.247217 -5.309612  3.766983
 -9.243426 -4.517482  1.681683  4.653638  9.316985 -9.758454  8.807391
 -7.017078 -5.873169  3.058677 -0.005289 -3.092633 -9.204000 -0.395691
 -7.249746 -2.454744 -1.822902  1.790038  8.896095  8.247853 -8.452116
 -7.371835  5.762627  5.081574  6.017451  3.915929 -1.792707 -9.410639
 -4.297238  9.980893 -0.029383 -6.488240 -6.181187  0.760252  1.805115
  4.918049  5.274918 -4.090939  7.671100 -9.427757  3.646403 -7.987591
 -6.939144  6.838061 -8.542256  1.730529  7.194490 -0.249755 -1.160616
  5.402883  4.317169 -7.237522  3.202775 -6.823459  1.338382  4.739215
 -5.564323  7.216980  0.072853  1.056706 -3.638361 -4.366963  7.928758
  5.035417  6.214661  0.093815 -1.123633 -7.636715  4.995549 -3.220557
 -4.951501 -3.785132  0.255447 -3.097281 -0.198878  0.225365 -7.515180
  3.070337  1.943335 -5.986854  3.431046  5.346508 -5.492359 -2.597066
 -3.418155  3.910512  4.168223  7.541480  7.059647 -5.093032 -6.563410
  5.554995  4.208836 -8.138297  7.986799  1.892742 -2.462475 -9.950298
  5.232389 -2.667724 -9.552988  4.923599 -8.321698  7.592889 -0.826733
 -2.396511 -9.085784 -2.562777  5.636982 -7.221588  4.564802 -6.988898
  5.680612 -6.354838  1.491387  3.015815  1.125296  6.672255 -4.128118
 -1.203136 -0.813114 -0.186633  0.809768  3.557465  6.559738  3.126447
 -3.530987 -9.151324 -1.861529  7.127506 -9.350072  6.664103 -4.773036
  6.884277  3.166646 -7.622144 -5.616673  9.895617 -2.467850 -3.887392
 -6.286821  0.785740  5.804972  1.095954  7.029322  9.302883  7.519269
 -4.417226  5.539161 -6.835305  5.257618 -8.894240  4.936291  3.314943
 -7.311310  2.586507  5.894764 -7.536759  9.544696  4.622776 -9.948567
 -9.199385  9.361099  3.860951 -9.267645 -3.363248  9.510251  7.839820
  8.008597  7.535655  5.002212  0.191756  9.662984  4.896842  5.074351
  3.499516 -5.968806  8.736998  4.936595 -6.815915  3.406882  0.949515
  0.776053 -3.447188  6.015810  4.421632 -2.205530 -4.820586 -2.702039
 -9.831802 -6.458632  1.130390  4.880962  5.770781  6.841979  2.501656
 -8.124517  7.209090 -1.927611  3.809187 -6.290426 -5.667866 -6.646255
 -6.336049 -1.667557 -2.474284  2.764445 -1.518587  8.476440 -3.622640
  2.515249  0.553171  6.567660 -6.794530  0.101656  3.291443  8.061756
 -5.610010  2.829338  3.042136  2.801383  4.353614 -5.256241  3.374101
  0.237041 -5.941753 -5.945714 -9.408554 -3.359571  4.065047 -5.394459
 -9.420938  3.002042 -0.695793  0.653301  1.431550 -3.689914  0.690859
  9.495777 -6.340446  7.988509  8.544432  0.019693  7.357831  4.143269
 -7.878313  1.743709 -6.374202 -5.157931  7.370726 -0.145006 -7.477829
 -2.524813 -4.132142 -4.920871 -2.872577  3.006307  0.300377  6.154323
  5.700062  6.533213 -1.617620  5.600645  5.681021  5.291558 -5.916708
 -2.907275  4.228931  5.620494  7.066796 -6.186817  3.158661 -6.329930
 -3.137200  9.673711 -1.920687 -1.000658 -3.150892  2.100019  8.937052
 -6.619497 -0.875097 -4.147678  7.632849  7.655631  4.560350  3.636906
  1.105369  3.009310 -2.508740 -2.319577 -5.388615 -8.607792  9.784552
 -1.715553 -5.298641  4.085398 -5.125006  3.458489 -5.280978 -7.420233
  4.766230 -9.598370 -8.130381 -0.873936  1.117542 -5.116866 -4.611558
 -2.785234 -4.446892  2.569595  5.390755 -5.005784 -3.378117 -8.753038
  1.165540 -5.182194 -9.177808 -3.949815 -3.849683 -7.716608 -0.448056
  9.853049 -4.357910 -8.425769 -4.798779  3.637846  7.400375  2.061890
  8.680711 -9.349598  0.881416  0.425188 -8.343562  4.837777 -9.443373
  4.345810  3.006215  6.378167 -9.710914  9.004073 -5.052324  4.551940
  3.881405  7.766430 -2.854579  9.861462 -6.676015 -6.019211 -9.378764
 -3.918074  0.678202 -8.707361 -1.871186  8.867231  8.171419 -1.534548
 -8.896959  4.582935  8.103514  8.186691 -3.959770 -4.574538  7.266159
 -8.154241 -6.386860  5.529300  0.292152 -1.768778  4.547833 -3.725077
 -5.403440 -1.433189  5.997864  0.824523 -8.461096 -3.801604  7.537097
  1.711722  5.284618 -3.440654  1.039892 -5.277444 -0.349507  2.969021
 -4.000072 -8.584097 -2.447481  5.296957  7.411661 -1.577633 -6.296649
  4.062380  7.427453  0.684963  4.682349 -0.336123 -9.819888 -1.420994
  7.294263  0.122705 -2.616243  4.858509  5.020359 -5.635509  6.637204
  0.578014  1.692851  5.642708  2.309716  7.235103  1.862928  2.346600
 -5.390305  8.540270 -5.143110 -4.034603 -3.688667  4.963567 -5.096779
  4.095091 -0.210612 -7.991341  4.696626 -6.137785 -9.715861  7.464401
  2.184143  5.378015  1.065438  0.009151 -0.335117  0.340329  7.940965
  7.205180 -0.293279 -3.698993 -5.270465 -0.652874  7.843638 -0.174673
  1.321076 -2.940348 -1.115022  9.660885  7.712492 -8.460254  6.341803
  8.510991 -0.033194 -3.295196 -6.402353  2.599996  7.647859 -7.773063
 -4.493625 -9.129364 -3.696779 -9.787375 -0.636747  0.591777  1.386656
  2.234588 -4.062845 -3.520874  4.079148  6.930725 -7.462926 -7.379358
  2.354833 -5.142819  0.739756  0.542052  3.288193  5.340501 -2.460895
  9.405293 -5.932336 -9.958562  4.675200  4.911038 -5.127940  4.753084
  5.797525  3.327379  1.746488 -3.283908 -1.623706 -6.080089  4.604463
 -6.818373  7.956584  9.125826 -6.012076  0.747694 -4.166071 -5.438960
  7.825138  3.260282 -8.382243  5.216392  1.611907 -9.180654  5.660171
  6.416721 -3.810652 -2.049941 -6.127173  4.142721 -1.683705 -2.874320
 -0.331549  2.131326 -3.478485  8.481336  8.361322  4.228217 -6.686440
 -2.683942  2.596378 -6.183383  0.176339 -9.902767 -0.263808 -8.962427
 -3.077457 -8.241480  2.547766  8.115776  0.213693 -5.958275 -9.260153
 -9.822177 -0.635667  8.194966  9.868754 -7.878850 -0.254720  0.997176
  3.581279 -8.401828 -9.617650 -8.242751 -3.142340  0.554685 -2.197182
 -6.997459 -9.675331  1.585169  0.036310  8.340827 -4.005779 -7.363332
 -1.674731  5.362288  3.878818  5.081916  3.266608 -8.985225 -0.539862
 -5.511681  5.532202  5.279501 -6.599687 -1.975744  8.657368  5.696962
  4.490111 -7.189341  2.892076  4.131690 -4.225546  5.243862 -4.699555
  8.372574  2.988984 -3.971907  3.039285  8.323708 -0.258105 -4.752757
 -2.061289  7.424899  4.292649  5.452716  8.045007  2.019804 -8.400610
  1.681448 -0.914215 -3.384881 -4.072677  4.160606  5.155368 -6.380349
  1.215579  7.082931  6.758892 -7.927716 -9.113992  2.350592  7.181152
  6.138817 -7.074235 -8.725050  1.162689  4.981777 -6.674562 -5.195971
  6.870234  4.716114  5.133449 -4.755214 -5.296489  7.586119  4.272539
 -0.839668  4.279018  3.271284  8.830440 -8.277935 -5.393269 -4.007003
  2.904101 -7.427162 -1.906947  2.413866  2.449315 -7.507676  2.238847
 -1.927093 -4.135530  6.517334  1.934704 -7.496454  4.006657 -1.425382
  8.125883  6.479410 -6.254464  2.441876 -6.142726  8.330022 -1.370317
 -9.423896  7.771062  9.975485  9.615071  2.549362 -3.158562 -1.207808
 -2.331008  7.946697  1.941747  2.821977 -8.061286 -2.425806  4.931758
 -9.991379 -9.788284  7.991896  3.165086 -3.505192  0.623702 -3.575917
  3.725038  6.237000  3.852813 -1.240183 -8.494731 -0.700016  4.663744
  3.767192 -9.959054  2.555729 -8.954831  5.717607 -6.864549  5.268447
 -7.518021  2.698788 -9.304274  0.476640 -0.656718  2.242468  5.975333
 -3.439547 -7.412547  5.831314  3.972278 -5.779250 -0.564088 -0.493846
  6.807145 -9.923018  5.138085 -7.632189  8.957511  5.169159  5.063758
 -3.587323  1.347395  0.368992 -8.920569 -4.648931 -9.473591  8.750085
  9.557724 -2.031732 -7.792490  3.225773  1.670352  8.781724  5.355898
  2.104705 -3.623303 -2.434072  6.646189  5.950303  3.921265 -8.028468
 -1.180905 -7.508898  2.208032 -5.583664  0.923878 -7.699029 -4.373925
  5.922834  4.812654 -5.865300 -1.437227  3.786075  5.882221 -4.113435
 -1.303438 -6.278202  2.352951 -9.358200  5.034405 -0.477435 -3.527859
 -2.768501  7.223357 -4.310662 -8.701470 -5.975834 -0.745254  4.672002
 -8.459936  5.682837  0.660107 -9.782908 -5.237689  3.843754  3.078278
 -4.623085 -2.768331  3.328806  3.003168  7.349252  9.222517  6.523756
  2.205344  0.490903 -5.124630 -0.225487 -2.346082 -8.547785  1.859693
 -7.894481  6.077166 -9.505980  8.375195 -2.913242 -3.304521 -0.914808
  0.537160 -6.058476  7.160824 -0.917354  1.917090 -7.153131  5.975208
  9.936936 -2.857989  7.168103 -7.410433  6.729725  2.983129  5.420745
 -4.430434  8.065596  5.114914  6.730639  3.011319 -7.964931 -8.544869
 -4.634806 -3.436000 -8.729734 -2.775037  4.611351 -9.062988  2.900591
  2.452045 -6.052409 -2.950722 -1.603805  6.035114 -8.024599  3.838662
 -2.684392  9.814807  7.259477  2.111579 -3.861411  3.059673 -1.646733
 -9.299016 -1.718507  8.034853  7.636743  2.920517  3.991695  0.042775
 -9.071479  1.735100 -0.699994  0.743640 -6.217706 -3.783586 -5.289661
 -7.087016  0.558335 -8.720580  7.737667 -0.147961  1.176768  9.622911
 -1.659791 -5.020640  6.702220 -7.642596  4.757945  4.097295 -7.605933
 -8.799134  9.534596  3.206605 -2.943624 -0.510487 -5.459592  4.321233
  6.322300 -6.641280  1.808965 -1.411548  6.543248  6.430314  5.800888
  1.842441 -0.223296 -0.529203  9.899254  5.633165  4.520079  1.456578
  9.453174  7.921202  8.242223  2.244321  3.275956 -6.651344  5.222793
  4.646214 -2.006456  2.911520  3.109635 -3.916676 -3.838116 -8.569049
 -3.959158  1.550058  9.793230 -5.232090  8.627764 -7.846330 -8.211306
  2.467901  8.493935  2.584478 -2.565275  6.288366 -2.467871  0.436117
  3.061382  4.973679  7.928671  3.180620 -5.936368 -5.288406  5.421915
  0.110473  4.619014 -9.347857  6.359867 -7.014315  1.768712  7.989432
  5.418066 -3.872654  6.012236 -5.317275 -3.435090 -5.637280  6.652155
 -7.739755  9.008783  6.630930 -0.192321  3.621620  1.442308 -7.251331
  2.395584  7.241552 -9.659407  7.281868  8.382508 -7.921027 -1.109944
  3.246100 -2.554260  4.912806 -3.877783  9.201155 -8.905139  0.212605
  9.270915  9.179647 -8.232103  7.154446 -8.895606 -3.912708 -6.644693
  2.145304 -4.777580  5.099478  5.943329  6.720707  8.314098  8.281878
  5.406469  7.737644  2.917317 -5.122526 -6.577051  5.890010 -8.842664
  3.222492  2.478529  5.659796 -0.254237 -5.235470 -9.727026 -6.374210
  2.562651  4.792917 -9.583223  4.789047  5.543939 -5.792743  2.752228
  5.342950 -5.753123 -4.619464  7.262509 -0.338476  1.156787  1.027319
  0.297732 -2.311747 -9.534839 -2.657922  2.087689 -5.788680 -8.496386
  7.783664 -8.695117  3.611178  2.973311 -0.783693 -9.202167  2.290073
 -2.744421  2.303033 -6.349541 -1.477059  9.405701 -1.275650  9.521558
  8.737984 -5.329260 -2.814029 -6.791934 -1.899961 -9.035786 -7.102465
 -9.373331  8.091770 -9.893572  3.001515  9.961679 -6.093291  8.064841
  6.870142 -2.569307  8.505622 -3.313806  4.801627  1.620272 -0.775835
 -1.281530  3.252908  4.300406 -1.324414 -1.574760  6.305210 -5.314439
  7.528058 -9.809649  6.361151  7.769488  3.228587 -5.730796 -4.489521
 -7.749865  3.810553 -8.052758 -1.411743  0.162204  3.335238  2.685650
 -1.472984  8.656313  6.864375  1.992924  6.279991  5.891827 -1.367810
 -9.072690 -9.983606 -2.332507  5.494691 -5.631219 -9.919937  9.997677
  1.868086  4.709361  5.687559 -0.513926 -0.322031 -8.886114 -1.212202
  0.599438 -1.615313 -9.193453 -5.069107  1.343518 -5.502502 -5.210159
  1.059994 -1.289312  8.624885 -2.238387 -3.090388  1.751033  5.597583
  0.346528  2.115483 -6.894025 -5.701447 -7.266340 -4.153673  0.572965
 -8.464551 -3.416815  3.714891  9.995254  2.220035  9.692185 -7.527974
  5.541082  6.904805 -5.605615  2.800484  6.362618 -4.397573 -8.578938
 -6.948849  4.515607 -9.127323  6.795741  6.770177 -3.137596 -0.909904
 -7.784271  4.804748  2.256662 -0.797825  4.102448 -3.025676  8.887082
  5.576512 -5.937836 -1.137444  9.844094 -7.118048 -0.986521 -0.167639
 -9.546252 -4.474941 -1.776895  8.967999 -3.155615  0.076175 -4.018209
 -8.861036 -1.076923  1.757811 -6.835900 -6.097634 -1.955856  8.405952
 -5.520323  9.381493  9.105197  6.161754  8.189365 -0.781463  7.700604
 -5.490801 -9.037046  8.007585 -8.862558  8.745287  0.094771  4.827662
  2.824758  3.072355 -2.751016  1.848598  4.161173  0.808664  4.528337
 -8.271679  2.327964 -2.296697  2.058381  8.654620 -9.270635 -9.027053
 -2.317749 -5.269826  0.398063  1.583677 -5.135282 -0.760526  1.333200
 -5.121379 -4.305439  0.894044 -1.527192  9.555790  4.358321  8.469222
 -3.731215  0.210113 -3.240674  8.409694  9.205987  2.528805  5.244632
 -2.927446  0.545767  6.693816 -5.542577  0.456627 -2.016550 -9.745388
  2.783164 -1.128130  3.542683  4.717545 -8.503971  1.927510  5.194128
  4.366888  7.299936  6.916024  2.820471  1.921243  5.371250  9.252580
 -6.409735 -1.104653  3.544403  0.238201  4.942715 -7.324548 -9.152545
  0.107531  9.386931 -0.222214 -5.559283  6.612902 -5.178013  9.953701
 -9.176640 -3.229504  5.942657  0.073151 -0.973678 -8.631589 -7.658262
  4.798803 -4.232498 -4.660055  7.744985 -3.277936  5.193759  5.311789
 -8.551892  4.457176 -4.138144  3.235798  9.014517 -7.382696 -3.063817
 -2.558979 -7.177925 -1.311498 -4.557238 -0.157521  1.048417 -1.577949
 -7.827826 -3.020679  0.952856 -6.005535  3.497023  3.649206 -9.652420
 -7.682009 -4.613651 -7.973086  0.939187 -1.490994 -7.063187 -3.002177
 -5.773043 -3.162179 -9.965067 -0.544279  0.034571 -5.451394  0.878075
 -9.156381 -2.403256  5.833053 -9.281332  7.982141  9.992808  2.055715
  7.809968 -3.172265 -7.421325 -9.039063  2.436275  9.582335  5.835808
  0.662429 -6.720457 -8.113262 -5.762792  5.542191 -8.891616 -2.354666
 -3.408193  8.915954 -2.466850  2.191049  7.115738 -3.488999  0.978685
  0.336729 -3.553552 -1.091691  0.091893 -6.930398 -1.349749  8.215880
 -7.097849  4.945549  7.826027  8.708388 -7.491788 -4.773590 -7.204652
 -0.742571  8.034487  5.628275 -3.565901 -0.144687  9.063263  0.604427
  6.660140 -6.233924  3.127210 -9.880138  7.617205  3.356537  2.385807
 -2.964866 -4.079734  5.053999 -0.228157  6.483684 -6.851763  2.522238
  9.465141  4.452322  5.483597  1.432844 -6.402577  4.731554 -8.965633
 -6.118812  6.413375  3.990093  0.586396 -3.114294  9.393578 -6.244493
  1.047584  3.044752  5.973910 -1.286532 -7.557505  2.957989  3.945378
  6.668291  4.654944  2.819334  4.727805 -3.974790  5.478322 -0.163561
 -9.608699 -4.063285 -6.261466  1.322760  7.409570  1.346619 -1.741023
  3.406873 -5.967073  2.828641 -8.640783  6.296422  4.684411  7.656635
  4.616710  9.828531  8.794187  6.665032  9.820696 -5.030979  2.374597
 -9.802054  8.505069  0.869469 -5.530262 -7.888110  5.606239  3.417939
 -4.059749 -0.546928  1.580948  4.356040  0.576460  4.217645 -3.790547
  4.594606  2.000024  4.088991 -4.678131  3.137879  7.183125 -6.375307
 -4.645669 -8.645526  1.036631  0.079622  6.916841  2.995571 -9.424987
  8.533383 -9.099595  2.640941  1.770847  5.746901  5.379826 -4.985070
  1.842306  1.049891 -7.853636 -1.539668  5.008356  3.678001 -1.548208
  6.921891 -7.084501  2.673833  1.177619 -4.454414  0.073895 -3.347215
  2.186194  1.854818 -0.587935  9.858200  1.085388 -7.098429  1.657623
  3.506053  1.709477  8.919338  2.942125 -1.362670 -6.071722 -2.801062
 -7.283784 -9.768964 -1.720468  9.181680  3.776655 -5.379585 -8.308926
  5.689157  2.990603  0.290478 -9.905036  0.183859  1.441255  2.377892
 -7.172313 -4.926475 -0.475758 -0.273433  6.022430 -0.961409 -0.021290
 -0.291453 -4.895192  6.006695 -1.759304 -3.286619 -5.584062 -3.852247
  0.780130  6.959037  8.325964 -8.952934 -9.021053 -4.345128 -1.372529
  3.341045  5.869399 -5.487649  7.450215  7.004384 -4.872971  6.327779
  8.980009 -8.269777 -1.220976 -6.458863 -7.206245  4.863137  0.783463
  8.697458  7.336180 -5.614660 -5.338565 -1.438543 -8.877806  0.468904
  9.019701 -8.037485 -8.402391 -1.377817  7.107493 -2.931657 -5.666002
  7.840443  2.566658  8.003089 -0.726082 -8.594395  3.823259  5.164281
  0.833992 -6.190558 -6.128964  1.987435  8.942459  5.951954  1.392588
  9.128256  3.037466  8.356269 -4.915298  1.976291  7.453202 -0.188427
 -8.602886 -7.354490  2.593380 -0.806164  6.535830  8.828491 -8.410815
 -5.191472 -6.748204 -0.644244  8.109833  3.633063 -7.531618  4.680031
  2.819063  9.352339  2.788552  7.969155  0.187627  4.856941  2.240383
  3.600811  7.835156 -4.659996 -7.768586  0.865211  0.921838 -3.882835
 -3.061095  2.288223 -4.837269  9.902383 -1.850690  4.159482  9.418570
  9.930211 -1.068714  2.302722  2.370345 -6.155901  0.850009  3.587855
 -9.526319 -2.075919  8.072133 -5.310936 -5.328327 -4.041207 -7.028577
 -5.154348  7.409238  0.684333  6.102681  0.397376 -9.331875  2.655261
  2.896686 -6.782737  3.915247 -8.980318 -4.351233  7.766214  1.382146
 -5.458587  2.167320 -7.391983  3.932594  6.803174 -3.416359 -4.453625
  9.726620 -5.357048  8.452876 -6.014385 -3.975860  8.491041  5.383204
  2.588679  4.111290  2.405410  1.042837 -1.554064 -6.228682  2.960366
 -7.331385 -8.406442  1.648392 -3.569799  9.905482 -5.764005  5.798815
  4.221647  1.108341  4.050418  8.364858 -2.684897  2.989563  2.706084
 -5.148851 -8.914385  9.215850  7.616939 -5.483229  1.268445  1.964298
  2.494459  5.480391 -0.602867  9.874694 -0.137196 -0.605208  8.334818
 -4.013037  9.109105  5.276602  7.888740 -0.514569 -9.452744 -4.665789
 -4.025204 -7.548321  8.217881  3.685434  7.543899  5.969068 -6.493827
 -9.557953 -0.939361  0.836756  5.821666  7.321713  6.539723  5.417844
 -9.427501 -4.592032  1.145278 -2.924573  9.462885 -1.542472  4.333361
  5.580254 -0.803022 -0.483511 -8.847672 -3.498300 -1.475665 -4.130776
  6.687987 -6.223879  1.029439  2.323665  8.634014 -2.084222  8.228459
  4.137340 -4.527304  2.966471 -7.914058  5.691734  3.906188 -6.912109
 -6.111394 -5.216442 -9.073027 -1.370052  8.606961  8.060373  5.318202
 -4.674305 -7.009285  5.279337  0.379055 -1.749434  9.627068 -2.996416
  8.265382 -7.655274 -3.210904  8.811556 -5.712402 -8.884122  1.300232
 -9.766816 -2.856136 -9.781180  1.931591  5.277508  5.109446  5.109827
  7.570871 -9.172029 -5.471115  5.027894 -8.175479  0.601588 -3.795809
 -6.774826 -1.221142 -8.069377  0.638430 -8.376415 -5.878935  6.954836
  8.172815 -9.205839  6.914823 -9.509408  9.296884  4.135840  9.673460
 -9.022923  7.943627  1.839639  6.092536 -8.262025 -3.674313 -3.054217
 -4.865662 -5.678473 -2.340005  3.641118 -9.055656 -7.533322  3.884581
  6.571179 -9.402834 -1.040761 -9.011808 -6.427285 -6.661726  5.879774
  1.694600  1.483272  8.407658 -3.022700  2.597106 -3.285075  8.827610
 -0.808860 -3.811511  9.648142 -9.254927 -4.595440  2.162455 -0.122688
  1.181739  7.468025  8.666026  9.842134  0.281047 -5.281674 -0.644104
 -4.579780  5.269451 -2.599291  9.431379  7.431503  4.198667  3.794391
  8.119464  8.930117 -0.959738 -1.199438  1.207751  2.514798  9.517374
 -9.181499  1.088307 -6.926892  6.555996 -7.073138 -5.609288 -8.848730
 -2.132328  3.093389  3.201847 -9.761022  0.194344 -4.655885  1.301931
 -5.292523 -1.118008 -1.404072 -9.648213  8.388740  0.314400 -0.978836
  7.478861 -8.623975 -5.894228  1.357709 -3.299499  3.228236  8.567683
  5.986320 -7.274978 -7.752680  9.392675  6.305039  8.339693  3.766713
  7.673310 -1.322397 -6.184606 -7.485650 -6.866292  8.130389 -0.383864
 -6.371995  5.174694 -3.715049  3.676361  8.463667 -3.810583 -7.395025
  4.824949  8.065970  7.039105 -7.765580 -7.087658  3.894469 -1.902756
  4.497206  3.040718 -4.203614 -0.056054 -1.835353 -2.751784  0.230573
 -3.212180 -6.809747 -6.499582 -0.481452  9.826617  2.254758 -1.413773
  8.800098 -2.477714 -1.003349 -1.877858 -8.512905 -7.339127  3.859804
  9.699407 -0.010586 -8.219304  8.692421 -2.075885  2.395921 -5.163053
 -0.750856  6.688568 -7.443706 -2.902296 -3.689047 -3.912776  4.325308
 -3.477769 -8.587758  8.274216 -0.600560 -4.090932  1.291883  0.061075
  2.235559  5.101856 -8.114819  2.145019  9.113433 -0.884940  1.890259
 -5.797502  3.107363 -1.574893 -0.065793  8.537257 -7.846316 -3.444465
  6.568084  6.238120  3.076197 -7.962397 -6.420189 -1.452934 -8.165384
  1.543942  9.163259  7.200309 -2.793807  3.554006  2.960960  2.030817
  2.838753  6.848485  1.302971  2.988824 -6.164411  6.427239  4.358106
 -7.032070 -0.262617 -0.771232  6.054284  0.669689  8.638928 -0.133464
 -8.496411  9.055299 -6.959439 -1.518689 -8.766557  0.360116  8.008279
 -8.810622  8.383027  1.785254  5.166500 -6.114104  5.006871  4.838428
  5.026726  2.750988  7.120940 -9.528827 -7.357111  5.015844 -3.709389
  0.860902  1.504474  9.454489  2.745893  8.193261  0.098855 -8.473878
 -9.672833 -2.346296 -9.990951 -4.505812  8.541559  0.009010  2.841732
 -5.714685 -8.728461  7.889284  0.528287  7.460966 -9.874610 -1.223657
  3.346981  8.382164 -5.273510  4.960018  3.719526  9.897485 -6.191168
  3.385289  3.247666 -9.921434  7.315326  8.865596 -7.290605  8.139991
  4.771984  3.315600  7.029110  5.248345  1.381317  0.961427  6.673162
  8.794269  0.489573  6.458397 -5.991109 -8.951863 -7.500175  6.594666
  2.944720 -7.619456  6.790862  3.333155  3.974511 -0.062177 -3.684082
 -2.242527 -3.611150  0.725474 -8.460540 -0.615858  7.447146  6.246444
  1.864062  2.671836 -0.408394 -6.779803  1.748715 -8.469052 -2.674078
  0.288651  4.724355 -6.271026  4.009507  3.973754 -1.267447  5.859069
 -0.548513 -4.666193  9.264633 -4.535190  6.617952  0.883632 -9.576772
  5.901110 -3.751673 -4.614026 -7.710529 -4.237400  0.850952 -0.455864
 -4.299913 -1.511594  5.490848 -8.947843 -1.091559  9.886166 -5.698960
  6.294753 -1.272943 -9.946692 -3.076608 -2.531156 -4.850881  6.227907
  7.130535 -0.266885  3.129563 -9.215984  3.049495 -0.216362 -4.864033
  0.282812 -8.378309  6.611573 -9.046813 -4.742227  3.286129 -2.581422
  7.649951 -5.963975 -0.403451 -1.138377 -0.140792 -6.892803 -6.627664
  4.858988  5.723335  5.907988  3.756922 -5.060999 -4.800941  2.052084
  6.826994 -9.988536 -8.262943  3.507126  7.787767  5.545360  2.298035
 -2.280595  6.634995 -8.766399  9.215033 -4.252106 -6.229908  8.782145
  1.175969  2.279449 -2.677489 -7.592350  6.365858 -2.771688  2.038736
 -7.182454 -4.926156 -6.547072  2.234356  0.510370 -2.715931 -4.614994
  3.190340  3.910432 -2.790842 -1.706933  9.739943  7.876269  1.892072
  9.098221 -3.358534  8.173381 -3.364045 -6.378645 -5.699820  2.892141
  5.400865  7.909049 -5.891872 -1.131937 -3.940416 -6.833605  8.659966
 -8.860782 -7.658336 -6.051781  8.080366 -0.693991  6.422008  1.091840
  1.943453  5.561665  9.345009  8.914933  7.094950 -5.876149 -6.453679
  3.654947  3.052718 -7.103980 -6.201140 -9.446318 -2.384944 -5.549315
  3.766194 -9.371194  5.110763 -2.607579 -7.130530  0.510985 -0.284589
  6.160098  1.282336 -3.644759 -8.138270 -3.759511 -9.742729  8.079701
  9.270834 -7.676490 -6.017235 -6.875141  9.593872 -4.640128  3.218663
 -7.277560 -9.031261  5.595855 -4.802664 -4.672205  5.947066 -0.687444
 -9.768720 -7.916463  0.702836 -3.275590 -3.357777 -8.016380  0.168692
 -3.276892  5.588664 -7.212353 -8.849103 -4.052424 -4.385827  2.328471
  6.228886 -1.220993  8.419263 -7.410267  1.424619  1.830407 -4.726881
  7.484993  3.558526  3.623558  9.897914 -0.333058  9.512433 -8.440933
 -4.829951  3.974962 -0.746819  0.446866  3.975213  9.716408 -5.264907
  2.692492 -3.049205 -0.900962  6.868155  2.499266 -4.126814  0.025810
  0.088384 -7.383409  6.407460 -6.591733 -1.205850 -1.355650 -3.561628
  7.222930  8.107553  0.665078 -6.621560 -1.657741  4.164383  7.482946
  6.579753  0.643655 -7.169054  7.340094 -4.952731 -4.646425 -2.837762
  1.639618 -5.476529 -2.048104 -1.788562 -7.850032 -5.003014  1.824390
  0.164972 -3.702753 -8.526798 -3.321474  0.592243 -2.085620 -1.149940
 -5.252151 -8.762911  0.421895 -4.478963 -5.851531  8.460433  0.555762
  2.280051 -3.420675 -1.331437  9.544503  7.417479  5.531834 -3.102351
  6.381626  3.811198  5.605530 -6.173164  5.720696  9.958672 -2.930441
 -4.193949  5.750853 -5.547761 -6.096938  7.063577 -5.956962  3.237637
 -6.711388 -4.542642 -4.743377 -9.265824  1.167039  0.067136  6.189146
  9.774969 -8.059943  1.574405  1.248567 -6.541874  7.769955 -0.918339
  8.409513  5.491847 -7.088906 -4.355980 -4.816375 -0.927878  0.156763
 -9.903243  5.015368 -6.793633  2.604985  8.807800 -0.323898  3.652757
 -5.760484  6.468262  2.152847  2.185150 -6.984740 -3.308123 -8.312857
 -9.963569  2.145672 -8.086155  5.946290 -0.176063  0.013730  3.660088
  6.853451 -7.703947  3.997364 -5.970974 -7.957721  7.360080  6.554606
 -3.507357 -2.813877  4.187311 -2.214691  2.118702  0.655746 -3.410091
 -8.079843 -2.360383 -4.121624  3.662428 -5.237417  6.347486 -7.257196
 -7.968209  1.352062  2.010650  7.931739  1.616151  8.763268  8.962327
  4.772506  3.153605  8.789721  1.319352 -5.342753 -4.036218 -6.318750
  0.131837 -2.548981  9.682078  3.446616  4.407472  4.912672 -7.978705
 -0.567244 -5.586019 -8.040410 -8.766970  3.119241 -1.209776  4.164606
 -4.020087 -2.887691 -4.303704  0.948490  2.764301 -5.217815  2.711729
  6.997125  4.404294 -3.062227 -8.097990  1.151755 -0.105905 -9.243049
  5.249144  4.441985 -1.936486 -8.205048 -1.909379  6.839159  5.963357
 -2.356498 -3.036190  2.949941 -2.401320 -9.738926  8.380094  7.387502
  5.856270  2.808016  6.855949  2.646496 -4.049304 -0.084996  4.889556
  5.305577  3.244033 -3.147931  2.542506  5.183208 -6.305827  9.929620
  7.352322  1.497932 -2.552974 -4.878318  8.549044  2.544586  7.447348
 -9.469569 -5.337180 -8.433477  1.266064  4.957440  5.302327  9.447746
  1.397235  5.781370  2.698787  3.228674  4.280602 -7.108057 -2.166580
 -9.774888  0.327506 -9.830399  2.458718 -2.058631 -9.203939  4.185623
  8.439151  0.670875 -0.110353 -6.707341 -0.798905  3.516621 -3.799321
 -4.604814  5.981045  6.199892 -1.176067  1.513266  4.719857 -2.473358
  1.741280  5.397482  7.802182 -3.817418 -7.557115  3.309022  2.443016
  7.883839 -1.088489  7.256219 -1.436678 -2.803448 -6.566251  8.809937
  0.697064 -5.162768  7.631454 -5.885711 -0.816052 -0.359667  5.659583
  9.598829  7.491287  9.456352  5.393377  9.458078 -2.484247 -7.425926
  4.597206  8.753180 -1.115481  4.488479 -6.702238  6.350526 -2.973201
 -5.536009 -2.469083  1.179131 -9.199902  2.522552  1.246058  2.133844
 -4.384252  8.919592  2.192023 -8.311958 -9.843552  1.004155  9.217449
 -9.304199 -3.540920 -1.909805 -8.447248  3.218151  1.794666  5.957599
  2.055538 -0.296779 -4.698261  8.962403  3.921637  9.557677  7.089629
 -1.286846  5.321963  7.797068 -9.835501 -3.852691 -5.195078  6.032206
  7.906516 -6.959761  9.431107  8.535376  7.447789 -7.203283 -6.835833
 -9.084765  0.429695 -6.965230  3.787468 -3.993899  0.742454 -9.484232
 -6.879888  6.937442 -9.421589 -4.961675  1.514779 -8.797745  9.227281
 -2.582630  5.259464  1.414181 -1.544979  4.906744 -9.733281 -5.512329
  6.232025 -2.720920  8.374341  0.458763  9.069524 -1.396215 -8.176188
  4.018441 -8.748402 -1.885936 -3.667347 -1.181905 -0.244556 -2.289742
  0.092659 -1.561925 -2.281789  6.260309 -6.096149 -1.959336  6.759273
  4.345864 -8.430135  8.566500 -9.053306  3.457729 -4.860998  0.292632
 -7.730462  3.329571  3.112151  1.946271 -5.608388  1.241478  9.682088
 -3.736010 -4.995191  1.665177  1.096840 -7.753474  7.905579  3.276885
 -5.514457  3.509692  6.229024  0.815024  3.840108  5.672127 -6.527517
 -8.285119 -3.785207  6.017978  5.499193  8.276502 -1.736380  5.549021
 -3.122813  3.992563  6.299889 -8.348124  2.949857 -5.646962  3.186350
 -4.267184 -8.017943  4.479895  0.140535  6.226309  0.212268  3.040184
  1.178948  3.311563 -4.571104 -1.731842  2.813792  3.747313 -2.990896
 -3.302864 -0.293984 -0.114886  6.803029 -5.564587  9.521654 -0.179963
 -1.724289  8.677597  7.516620  6.963369 -0.018886 -5.912625 -2.251561
 -7.529337 -9.905319  6.636395  9.200126 -1.163538  2.873488  2.179873
 -4.404260  3.724916 -3.567090 -4.636271  4.885579  0.709910 -9.526349
 -1.602928 -4.788087  9.122234 -7.465957  1.810899  0.803445  2.475150
  9.384627 -1.234212 -3.934481 -8.055432 -9.309664 -2.930574 -9.129991
  5.585950 -2.496212 -7.396137 -1.023818 -0.739517 -7.190120 -5.988171
  9.924393  3.373541  9.077325 -4.907251  6.974880 -8.028648  4.284862
  9.519030  8.148816 -1.611553  7.482812  8.169141 -7.243587  4.709079
  5.571568  4.880329  2.950429 -8.131363  2.953880 -9.646358  5.334047
  4.714858 -6.375623 -5.913127 -9.718828  0.788297  4.544322 -0.587192
  5.318401  8.007134  6.471890 -0.191331  4.228523 -3.532140 -8.053692
  3.228503 -4.470032  9.082904  5.773082 -2.757291 -1.250349 -0.560337
  5.044185 -9.695251 -1.036463 -9.112610 -6.112819  0.378353  0.881070
 -4.609703 -5.515094  9.098525  2.343400 -9.815552  5.222975 -8.592872
  5.409208 -8.911585 -2.193894  7.297883 -7.527448 -4.450205  1.167730
  4.824462  0.340915 -6.205122 -7.924207 -3.545705  8.548697  3.257305
 -7.537628 -3.236769 -6.287885  0.510070  1.472787  2.411009 -4.236921
 -4.281285  5.518078 -2.479875 -4.748574 -7.514012 -3.880819  3.699417
  2.292177 -2.777331  4.519671 -0.626236 -9.736900  0.695096  2.184209
 -4.828007  2.433437 -4.572325  7.550086 -2.116256  0.911765 -4.447958
  4.796039 -3.433282  2.934545 -7.305813 -0.535544 -8.838672 -4.150607
 -0.670752  3.646006 -9.987271  1.086526  3.489949 -1.183094  6.570545
  5.751793  8.513221  9.120714  9.277532 -8.833243 -1.247481 -8.291552
  0.604135 -9.024751  4.966053 -4.222329  1.335003  9.993766 -7.552086
  1.276341  3.010170 -0.117806  3.017084 -7.960919 -2.544268 -3.214931
 -1.180945  4.016968  1.770876  7.948342 -2.470138 -9.455133 -1.825019
  3.343396  7.351675  1.896079 -3.319421 -3.290705  9.425304 -3.607054
  1.575089  1.006086 -2.376758  4.040569  5.874919 -0.343190  9.386262
 -5.991167 -2.295078  1.255632  9.600797  5.614240  6.516857  7.067598
 -7.487789  9.557779  6.364502 -6.997722  2.392913 -0.086369 -0.810117
  1.171451 -2.241948 -8.198483  4.809009 -1.847809  9.065617  4.810763
 -4.716047  7.572313 -9.294154  9.835226  3.610453 -9.876361  0.723093
  0.967229  2.512652  7.159150  0.709515 -8.144166  1.911152  2.820893
 -8.506089 -2.792010 -4.995337  1.523707  8.768638 -4.347633  9.776541
  5.815902  4.317900  5.854065  9.413516  0.286454  6.072381 -8.553966
 -6.992882 -0.895809 -7.214260  8.127566 -0.095948  0.031894  6.662959
  4.202413 -0.195779 -7.121837 -1.548365 -2.455968 -1.002106  0.281033
  3.057937  4.055764  8.906775 -5.612613 -8.513107  5.258617  7.236509
 -0.968944  3.607150  0.192381 -6.195824  9.689316 -4.599838 -1.882316
 -2.419943 -9.497689 -4.146252 -0.101619  1.091502  5.976872  4.093507
 -9.396888 -7.649957  4.978179 -1.993541  2.349453 -8.775796 -1.270290
  7.088397  9.074750 -5.535862 -6.116605 -0.078263 -7.798498  2.176033
  4.396149 -9.188499  3.881239  1.284517 -7.341391  6.152624 -7.133774
  6.320991 -1.912888 -6.491710  6.554193 -8.643309 -9.103390  2.495639
  1.528118  5.933477 -8.313433  3.456899 -6.226923  6.267133  5.641241
 -5.731019 -1.540402 -5.109020 -3.326934  3.034811  4.129925 -5.511067
 -9.767378 -7.497243 -7.192416 -5.984704  4.046980 -5.238474  7.021414
 -0.259050 -6.081128  3.760269 -7.856268 -0.684405 -5.740410  0.338494
  5.519019 -7.862688  5.125072 -1.629658  3.335899  6.372424 -6.974599
  7.493298  0.305091 -2.648559  1.376150  1.287685 -9.532162  3.167099
 -7.396898  9.175673  1.760703 -0.985421 -7.218718 -2.617085 -7.835125
  2.404376 -2.925417 -3.760770 -9.581883 -7.764933 -4.872982 -0.398378
  5.236079 -0.238356 -4.512011 -4.785545 -2.696833 -6.176153 -9.048289
  8.982330 -3.399459  5.005814 -3.378782  8.570394  5.712646 -1.176127
  6.701696  1.191593  5.771292 -3.864356 -5.215841 -7.399496  6.341654
  6.376155 -4.378034 -2.663034 -3.105917  0.691242 -4.867583 -3.064483
  0.242844 -7.429134  3.462091  4.319639  3.799054 -1.277935 -8.728164
  9.055895 -3.588340 -3.943017 -9.958361  2.026200 -9.454744  4.650014
  9.527858  7.736080 -4.216220  6.816346  8.613776  1.756877 -4.777999
 -3.800017 -9.187470 -5.459835 -9.836408 -7.814494  1.082756 -1.641949
 -8.762076  3.896671 -0.604190  4.266809  0.671776  0.859944  8.089105
 -7.480295  3.681007 -4.923805 -3.876387 -3.662684  9.258766 -3.640803
  0.890958 -5.562870 -4.595764  0.852468 -3.531506 -4.362669 -2.078163
 -5.200137  0.741177 -0.525723 -9.164607 -6.672455 -5.731972  2.993706
 -4.669368 -0.228385 -0.184598  7.036359 -3.455063 -6.979426 -4.827848
 -9.132346  6.904710 -2.817058 -6.857124  6.273086  3.361404 -0.789614
  5.994672  3.698202  6.968053  3.368989  3.073771 -8.171613  8.411749
 -4.475831 -1.414987 -5.135594 -5.139891 -7.074873 -9.203627  0.044838
  3.688974 -2.926963  1.650807 -4.439251  8.213491 -9.323601 -0.921462
 -1.530335  6.211959  7.356068 -8.020290  9.339014  4.053157 -4.348606
 -0.943282  0.510252  1.410200  3.559140 -9.132378 -4.652264  1.212401
  8.263717  0.188096  2.651325 -6.898410  8.882236  9.824100 -1.429884
 -4.503747  8.291355  5.614887 -5.269372 -8.690374  3.565000 -8.145269
 -9.263680 -1.791719 -1.135348 -7.918894 -2.817170  2.689119 -9.918961
  8.858561 -9.565373 -7.181456 -3.752727 -1.541037  3.671019 -3.083044
 -0.601492  9.097156  3.122155  3.670618 -9.752358  6.345367  9.621556
 -8.826446 -5.345273 -8.153175 -3.036900 -9.080077  5.057377  7.465160
 -1.053002 -2.964548  7.298627  2.728095  6.893927  6.813072 -9.732110
  9.223050  4.790031  7.298955 -4.720695  2.790600 -9.236049  6.393752
  5.481905 -5.813102  6.107038  0.338974 -6.608648  5.341509  9.800145
  3.688289 -4.239648 -9.975777 -5.778027 -4.670022 -9.515788  7.199536
  0.381002  9.891647  2.588864 -5.524292  7.112798  6.469292  6.932486
  3.458284 -2.818322 -3.722439 -0.182248 -0.427130 -3.757766 -9.011126
  7.117560 -2.669099 -0.403898 -5.831075  8.728966 -8.018727  5.089584
 -9.297682  4.115661  5.901797 -9.094314  6.144723  6.682126  1.316850
 -1.120515  6.680054  1.305844  1.423484 -0.079063 -3.248850  2.415487
  0.140665 -3.753990  7.931311  8.956208  2.849886 -3.181368  8.661388
  6.397887  6.391825 -9.519075 -3.200359 -8.782421 -1.516467 -4.190026
  8.162020 -2.873808 -7.611423 -1.548312 -9.963515 -0.636267 -4.312838
  2.433506 -5.423397 -9.069593 -7.194201  1.913008 -6.359636 -3.168047
  5.458548  7.847933  4.512239 -0.683824  5.637842  6.732582  9.428124
 -4.433606  7.796486 -1.541390  3.454700 -5.110650  8.407248 -5.665877
  5.155995  1.723137  7.789061  5.484896  5.490638  1.116995  4.648744
 -3.595344 -2.529816  3.328597  6.081954  1.142467  5.496630 -6.205852
  4.061246 -2.584583  7.071837 -6.437589  0.361961  0.212149  4.092091
  8.836321 -2.944262 -7.948776  2.036410 -9.790704 -6.513225 -1.955254
 -6.627194 -4.407120  8.877958 -0.358885 -2.723743  7.904333 -4.963333
 -2.882833 -8.636868  9.684480 -7.718970  2.872549  5.933918  2.729441
  4.883978  5.780395  5.941254 -3.543731 -3.258528  7.584247  3.467695
  9.505591  0.269420 -9.632590 -2.755736  9.843572  0.213971  9.279661
 -4.628728  7.440112 -6.341877  5.363728 -0.627440 -8.137556  0.832253
 -6.296930  3.391405 -4.860234  5.892776  5.150353 -0.784439  8.868711
 -3.261396  5.658548  6.813296  9.799888 -0.033781 -9.248989  1.579814
  2.970683 -9.244516 -7.658874  1.006766 -7.059878 -2.934018 -1.232040
 -2.068704 -2.221776 -7.861001  4.345250  6.669558 -0.720323  7.157913
 -2.467569 -7.152242 -7.340736 -8.313203  6.380709  4.516153 -7.633808
 -6.506280  6.868149  2.172810  8.257832  4.187504  4.306161 -5.898629
 -4.272598 -7.581162  5.063263  1.681694 -4.651491 -9.611317  3.700685
 -3.641190  3.933810  3.945136 -8.414764 -8.672526  4.617520 -2.626781
  2.979728 -3.817514  9.093469 -7.432447 -4.301511 -1.181922  1.310117
 -1.305314  5.729535  4.027122  7.689440  8.144488 -9.297832  5.418657
 -0.018204 -1.721417  7.718241  8.723595 -2.827702 -1.923165 -0.968146
  0.533095 -1.853929 -2.229215 -7.501316 -0.264295  8.104995  4.298824
  3.845506 -0.825644 -3.851048  2.482646 -3.437044 -1.582344 -1.945233
  8.086299 -9.854869 -2.077165 -1.739587  7.640426 -3.733487  5.848177
  9.083215  1.864875 -1.915709  7.969202 -1.409474  0.056235 -0.427268
