 1200 0
 4
 0.E+0,  0.5D0, -.025
 -1.0E-14, .F.
 -2.351919 -7.967850  8.222047 -5.426874  9.654305 -1.511635 -3.715650
 -5.260474  5.234901  7.691856  5.527534  9.379580 -3.364542  8.940608
 -3.305555 -9.386419 -1.575911 -5.112064 -2.246599  1.023704 -9.842541
  8.000630 -6.664174 -2.067706 -1.129854 -7.294365  1.170855  8.096103
 -7.968986  8.605426  3.674036  0.979276  4.592082  3.087884 -1.949660
  9.246204  5.711097 -8.414737  7.067917  1.264355 -4.935115 -4.801238
 -5.481798  2.616389  9.221674 -5.168130  0.241600  5.438679  8.268987
 -3.571554 -4.527291 -8.131750  5.064322 -9.984080  5.580599 -6.747930
  2.684944  8.201012  1.396142 -0.944429 -3.664846 -2.510689 -7.113643
 -6.736209  5.440671  6.813907 -0.863604  4.835495  0.130589 -3.403872
 -1.099403 -7.566472 -5.280580  2.054251  7.340213  8.973018  7.661627
  0.690117 -2.360204 -7.588669 -1.824922 -4.280419  2.105125 -4.726978
  4.266787  9.883923  3.267596  5.230015 -0.168356 -8.856377  1.652991
 -8.146762  5.245072  4.317911  9.427432  9.813172 -8.131794 -4.973791
 -3.179061 -0.022157  9.292530 -0.921159 -2.770101  4.705420  9.394870
 -1.700016  1.788835  9.825081 -4.141507 -4.738036 -2.169270 -7.539225
  0.706992 -5.768276  5.540643 -5.365675  1.341827 -9.325345  3.089020
 -7.560883  2.347666  8.496071  2.365189  0.553334 -0.435903 -4.789327
  6.255585 -9.333647  2.809076  7.615958  8.172603  1.827285  6.934578
  5.749664 -5.024365  7.211341 -1.129375  4.253716 -5.255709  1.409760
  4.779837  6.853407 -1.264234  0.238543 -6.487351  9.733313  0.232220
 -6.516358  4.012372 -6.854707  3.666723  6.221984 -2.142781  4.058748
 -4.411196  6.991727 -5.007395  6.822845  7.661399 -8.066723 -7.505510
  4.399375  5.521331 -0.592116  6.949906  5.880577  8.511477  2.620504
 -4.706994  4.940858 -1.122370 -9.702272  6.603900  3.011575  4.038647
 -7.629302 -9.994697 -3.749986 -2.432355 -9.242058 -5.902936 -9.968280
 -3.297524  2.277298  3.832712 -7.461668  5.872723  8.266178  1.927078
 -4.026572 -5.380905  9.057322 -2.404661  2.630561 -8.642222 -3.548886
  6.758283  7.256889 -2.345030  0.322216  5.710335 -1.900536 -3.811744
  6.079765  7.847161  4.802810 -8.586430 -0.319818 -4.714004  5.696474
  5.631814 -7.216067  7.926557  6.415568  0.901582  6.486058 -7.747097
  0.276809 -0.785058 -0.310435 -1.335977  4.886800  2.098963 -7.300886
  4.661422 -9.202124  7.538758  1.240568 -1.733988 -8.921171 -0.666498
  1.350002  0.592985 -7.912024 -4.037962 -9.874426 -5.761244 -4.499367
  5.580110  0.662419 -6.591730  5.671423  7.610247  0.455019 -4.177259
 -2.771014  7.751341  7.437861 -8.854314  2.062268 -3.019997  2.722999
  0.012750  5.575329  8.378499 -0.302596  8.240406 -0.706730  0.544289
 -1.989306 -7.595403 -3.952877 -6.347160 -2.452098 -4.425826  5.183048
 -4.420517 -0.241649  8.806658  9.780220 -1.623766  7.149158 -2.296803
 -6.907800  2.291482  9.899702  3.557854  3.483676 -3.855406 -8.825569
 -9.853319 -7.352934  2.539227  3.393346  9.921216  2.516024 -2.331402
 -6.915023 -6.306927 -4.859764 -4.915261  1.062259 -3.990868  8.558076
 -9.138332 -1.180678  5.559408 -1.897758  4.705221 -5.019868 -2.965228
 -9.403591  5.273947  8.936381 -8.414384  4.600837  8.825689 -3.948142
 -2.050379 -2.701093 -4.646937 -2.617135  3.499621  6.911200 -8.032503
  5.305867 -1.931780  2.508615 -2.498345 -6.738577  4.489301  6.405194
  6.317157 -5.430936 -7.173764  5.632083 -2.134928 -8.634596  8.369005
  4.983337 -0.283600  2.731140  3.045899  1.249038  5.232437  2.578024
 -9.366501 -7.459752 -2.846018  8.561335  3.939372 -1.022221  7.859006
 -6.388564 -2.474441 -3.180188  2.014783  7.933342 -2.679483 -1.144609
  2.149484 -0.780531 -0.541862  2.743978 -3.330585 -1.308275  4.440754
 -0.471811  0.250375 -6.939678 -0.025347  2.519634 -5.479751 -1.374351
  3.119088 -2.058615  7.100054 -5.702771  8.058522  9.980183 -4.540939
  9.294216 -3.247830 -4.082937  1.428795 -1.840816  3.850401  6.644782
 -3.861138  1.223957  0.400166 -5.075929  2.889382 -9.233758  7.718352
 -6.961360 -8.860174 -8.998231  2.915440 -7.460981  0.056697 -5.139630
  8.731598 -9.934943  6.524776  4.022116  7.356441 -8.081613 -2.493349
 -2.604564 -2.960671  9.163679 -4.835781  8.506396 -5.166764  9.069726
  7.318703  5.896761  8.706893 -4.123971 -1.574366  8.153128 -8.495007
 -1.542208  0.883893  0.918798 -3.258066 -5.995590  9.321901 -4.217439
  6.074426 -9.362693 -9.485721  1.733065 -2.025696  4.105911 -8.485330
 -5.644459 -2.749229  9.797416  4.748480 -4.359997  9.226121  9.978588
  1.190869  3.052657  9.975301 -5.576956  2.762684 -4.974319  2.644234
  5.831279  7.447558  1.941420 -3.171674 -5.984444 -7.906620 -7.472464
 -2.697128  1.099480 -7.788415  8.281929  5.145742 -1.280413 -9.171525
 -0.590701 -4.127170  5.552488  0.570185  8.060107  5.755020  6.569030
 -7.630187 -6.367729 -7.528998  4.381218  3.511308  7.703512  7.445444
  3.555991 -9.576129  7.639494 -3.279125 -1.015942 -4.986663  6.866666
  9.377614 -2.491444 -8.283641 -8.228027 -6.872757  5.966711 -7.952944
  2.387045  3.566822 -9.511520  5.804961 -4.320093 -6.624282  7.020790
  4.395774  4.600863 -1.784608 -7.523039  0.909999  6.415724  9.210851
  5.454999  8.069314  1.030823  2.311807 -7.331318 -6.832927  6.417951
 -3.781304 -5.811299  0.190532 -9.482735 -8.806331 -8.352784 -4.187236
  3.363445  2.536237  4.553682 -1.884145 -9.332534  1.993813  9.698884
 -5.939616 -3.496687  9.926240 -3.928624 -3.819764  1.924312 -6.580566
 -5.225246  2.620320  7.226069  3.704093  8.309754  6.470486 -5.556321
 -1.731801 -6.163069  3.207156 -3.979012  8.667750  8.344827 -7.952958
  5.998610  7.435841  0.178505 -8.173736 -6.274308  4.185130 -0.447226
  6.350195  5.093970  7.649424 -6.955713  1.983713 -8.564844 -9.416254
  4.298053  7.323552 -0.671911 -1.098510  8.871115  3.241566 -1.669551
  7.980134 -4.155009 -5.919224 -9.025224 -8.465850 -7.500293 -3.805002
  5.378917  2.152913 -7.299403 -5.535000 -2.315774  5.928085  1.765113
 -5.621318 -5.010184 -8.050755 -6.968827 -1.316650 -6.205742 -2.844286
  6.256997  0.976890 -8.176882 -9.406243 -9.710281 -4.784754 -4.407495
 -9.268638 -1.906542  3.539857 -2.894533  3.021078 -9.581136  2.382034
 -6.273289  2.825591 -4.907636 -0.635260 -5.988649 -3.683150  7.512034
  6.350938  7.767441  5.824930  8.706229 -7.661882 -9.661067  0.784440
 -5.749825  6.408985  8.606229  1.732612  9.420158  3.469544  3.163921
  1.564002 -9.453509 -0.781391 -6.381109 -5.295522 -5.930731  8.914042
  1.169989  1.424700  5.868522 -1.641442 -5.262388 -7.841482 -3.062472
 -6.148638  4.936605 -5.048989  0.077220  3.575305 -6.971792 -2.703812
  0.131366  8.299348  5.435851 -4.684564  3.399004 -0.854405  4.367569
 -0.781733 -9.056999 -6.634837  0.043810  5.180133 -5.762017  5.426393
 -5.600921  7.060767 -9.158601 -2.273925  0.392900 -5.904067  0.953236
 -0.657256 -4.019147 -9.519409  3.955141 -0.282410 -9.506756 -0.393834
  9.937670 -7.282195  2.971764  6.487873 -9.908679  2.709570 -1.038773
 -8.018007  3.168515 -6.528974 -8.134343  2.631184 -2.809271  1.439800
  3.642047 -3.993831 -0.032467  8.981964 -3.359589  9.361659 -2.269119
  9.583553 -1.278381 -1.048075  7.643766  9.109310 -0.311652 -9.468908
  4.081379 -3.980561 -8.792194 -4.757317 -3.317287  8.391493  9.424120
 -6.030053  3.007234  4.705776 -7.389545  1.550146  5.801658  0.984093
  4.518549 -9.570562  3.294750 -9.594265  0.595872 -6.846108  3.186213
  9.056675 -6.623760  6.763114  6.739631  2.292216  8.711371  1.004413
  9.263324  1.209797  4.155622 -2.319749  6.418678 -2.604884  7.328188
 -4.786688  4.924332  2.967045  6.217739 -1.423321  3.029170  3.111140
  5.957607 -3.940222  3.065425  6.228301  1.274828  0.058054 -0.418973
 -7.656199 -7.546143 -0.392744 -0.525171 -6.708033  8.530425  9.349310
  0.680248 -3.774842  7.009224 -5.782367  5.810974 -0.962859 -7.279924
 -0.673589  5.489096 -1.964404 -3.392876 -0.547587  9.460521 -1.139386
 -5.337319  0.789721  8.951815  5.183128  4.733052 -0.387160  3.799070
  8.429256  1.059850  3.317379  2.604616  1.493957 -7.547416 -3.524271
  7.455207 -4.955676  1.329200 -5.680473 -6.481599 -2.118304  2.354547
 -1.785802  7.754656 -7.411793 -4.291723  7.167785 -6.730221  0.338434
  9.432207  6.617643 -0.353285  9.671817  9.373880  6.328630 -0.082468
 -7.732559 -7.939219  9.267247  3.307373  7.183963  1.244659  1.562664
  3.903531 -6.986539 -3.603730  6.739817  3.129402 -5.451037 -0.328467
 -4.621754  3.623208  0.895045  6.372799  1.263630 -0.862503  5.167015
 -6.979024  0.291797  1.577488 -6.752749 -8.211020  5.368732  9.907213
  7.732790  8.554646  5.736496 -8.659711 -4.808311  1.619405 -6.504142
 -5.803756 -4.298385 -1.921419  0.502758 -3.660173  2.227021 -2.940425
 -5.469512 -5.629957 -9.139004 -4.651536 -6.090496 -9.032290 -1.493308
 -2.860477 -3.644511  4.547502  6.576396 -2.628545  6.181002  5.687789
 -5.230773  3.768228 -5.623773 -0.561465  7.988847 -8.478994 -3.053849
  8.913643  8.407998  8.630332  7.883907  3.022996 -4.882940  3.888116
 -2.434681  6.682776 -9.663530 -8.613749 -8.030114 -7.163654 -4.641097
 -1.340540  2.712848  0.346532 -3.829123 -9.044184  1.572780  9.832919
 -2.655089  3.986039 -7.029352  3.563857 -5.483248  0.098244  0.741128
  9.809440 -6.248627 -2.072718 -0.782315 -1.500280 -1.514185 -2.967624
 -1.965628 -1.179156 -7.941058 -9.531628 -5.691990  6.812782 -1.673614
 -5.286090 -4.939898  9.816538  4.352738 -8.729489  2.606812 -2.213547
  9.928001 -5.779739  5.136137 -2.324706 -6.706636 -3.226815 -3.281123
 -4.651218  0.345907  2.543840  0.070910  0.004048 -3.372949 -5.087253
  2.972285  2.238935  9.153621  6.234647 -0.365627  0.654504 -5.597729
 -1.797899 -3.235043 -7.155949  1.950889 -7.400560 -8.002943 -2.838955
  7.698071 -2.159615  4.228543  6.116553  6.994144 -4.125505  8.968285
 -4.063719 -7.922833 -3.901854 -7.159901  1.503469 -4.512468  6.937842
 -4.581653 -0.148495 -8.395320  6.465741 -7.200824  3.547547  9.740953
 -3.137317 -8.814943  2.684708  4.686841  9.482788 -2.991518 -3.941782
  4.288018 -6.962361  3.796750 -0.733577 -1.291463 -4.271500 -3.098439
 -1.402796  4.780112  0.358744  3.448872  3.332411  9.885871  5.333605
  7.378724  3.987676 -8.832411  1.010156  7.977061 -9.868475 -7.117217
 -4.247277  8.195558 -9.441566 -7.972648  0.803108 -5.166404 -6.472567
 -5.026504 -1.945959  0.471361 -1.905373  5.466688  9.245178 -9.504746
 -2.577443 -5.268695  0.157185 -6.131193  5.413935  4.221920 -1.734414
 -2.418191 -4.260690 -3.705451  6.458427 -2.900198  8.660844  4.562854
 -1.934157  3.669435  2.413861 -0.455945 -6.009331 -4.784068  9.557037
  4.414308 -9.811517  7.472488 -4.125979 -0.224796 -0.032529  6.025510
  1.043034 -4.022306 -7.248066  1.125620  0.915969  8.088436 -2.627704
  1.283014  5.884143 -8.520321  0.930152 -9.978463  3.654148 -8.262856
 -1.922098 -5.302569 -7.914825  9.820838 -6.389202 -5.460541 -7.783651
  7.850961 -6.607464  1.348328  4.663300  7.060034  0.654148 -4.838371
  8.873452  5.702773 -1.617668  7.551632 -8.072224  6.349751 -1.984646
  2.176993 -3.075498  8.031471 -1.487336  9.904519  9.658768  8.570767
 -1.809626  6.049171 -2.484792 -9.760806  5.648398 -4.361532  0.981647
  3.183716  3.611374  4.080547  3.214564 -7.846112 -2.393317  2.904777
 -0.234849  1.536225  8.808561  2.046558  6.433937 -2.730702  6.015314
  2.026916  7.944902  1.213999 -1.288302 -3.827406 -0.091800 -0.262283
 -2.383559  0.623184 -3.703815  0.226184  7.972332 -2.600142  0.091541
  4.349992  7.585379  1.249123  8.389158  4.339318 -3.825436 -3.132092
 -3.253353  4.818309  8.499406 -5.900648  2.638247  2.016259 -9.164018
 -4.013276  3.457362 -3.756238  6.362728  6.422183  0.648486  7.576514
  1.545201  7.398739  5.518806  8.261365  3.140372 -1.648922  7.704929
  7.967302  4.222377  3.931262 -8.061910  9.154291  0.213549 -8.088991
  7.358862  9.629819  2.129688 -6.354647 -9.203330  7.270512  7.240812
  6.243205  3.898388 -8.645470  5.123333  3.677481  0.099735  0.607748
 -5.536989  9.667596  6.276690  6.379675  3.464136 -5.407434  4.145228
 -3.920565  3.157484  0.523481  2.017769  9.221488 -0.194470 -7.660856
 -5.172099 -8.378391 -9.892785  2.084660  7.312166 -7.924858  2.821556
  3.150996  4.080431  6.189708 -3.521090 -2.704221  0.425843 -5.308456
 -8.178905 -9.650039  5.059848  7.132123  5.454952 -7.827170 -2.865652
  7.347372 -5.731651  1.495564  3.853762  9.129863  3.565137  4.305640
 -1.571073 -2.445368  5.236876 -9.327775  1.827098 -3.087797 -3.535764
 -9.779685  0.595352  2.698672  0.826768 -6.312346  9.229434 -9.565163
  8.137916 -4.081843 -1.995902 -0.834347  1.238386 -5.669782 -2.941605
 -2.497171  5.647265 -2.889844 -3.852490  0.254465  3.325210  4.328262
  9.894290 -3.463847  3.768445 -9.871503  0.978341 -3.729399 -0.558388
  8.281253 -5.002848  2.382166 -2.758762 -9.921975  4.801492 -9.875743
 -5.319573 -2.561172  0.395198 -6.902103 -0.298756  5.071708 -5.926871
 -4.990438 -9.674056 -3.106106 -4.489301 -7.236617  3.006908 -8.595258
 -1.165263  5.614404  0.140125  7.260849  4.160908 -4.232583  4.775751
 -3.628430 -8.092649 -2.813257  8.871106  0.534983  8.501641 -7.609046
 -2.025817  9.893035  1.719008 -7.333658 -8.585795 -1.587790  2.814007
 -6.314258 -2.999996 -2.234560 -8.454742 -7.636365 -1.442578  2.726755
 -5.290328  4.045653 -7.062036 -5.382919  8.757240  1.117817  8.963593
  3.888773 -0.504961  9.702585  7.696693 -2.033321  8.071510 -3.884261
 -2.337608 -0.403487 -0.656166  1.545215 -3.337260 -4.846590 -1.455717
  7.486000 -0.502962  5.458606 -5.982644  6.567294  9.490958 -7.911937
  3.713136  5.130667 -5.437443  8.073688 -9.895908  7.601885 -2.904491
 -1.801481  7.279813  4.849329 -5.691245  2.768978  8.720420  5.197039
 -3.780324  9.353346 -7.147928 -9.095082  5.379846 -2.976922 -7.718162
  8.786363 -0.434476  1.635937  1.883466 -3.128026  5.350890  0.472618
  8.254850  8.142007  2.688963  7.899208  2.567746 -0.558552 -9.739989
  8.695458  8.007101  8.100650 -5.226673 -6.620605 -2.304990  0.949304
 -0.396298  1.526760  7.046428  4.898763 -6.393042  7.694085 -4.178371
 -0.257091 -0.525311 -1.299346 -8.654381 -6.060007  3.266200 -9.461140
 -9.498778 -9.534366  3.804723 -0.686987  7.321226 -2.470498  6.848102
 -1.663879 -9.559832  9.466586 -9.411909  3.018788 -3.007982  1.701718
  5.122146  3.229027 -9.837227  4.389604  8.075625 -6.054429  5.475659
  6.346332 -7.634093  2.101623 -1.508149  3.050657  9.380982 -7.345622
 -9.352133 -1.424571 -7.042936  1.260544  9.452467  3.836548 -5.380211
  5.731299 -0.996907 -8.496124  6.482910 -2.729279  8.625659 -7.027495
  3.764485 -8.484691 -2.599997  6.186855 -3.429411 -6.870956 -2.802699
 -2.903621 -8.510284 -6.599855  9.619123  4.331790  0.566656  8.770904
 -5.794147 -4.304386  1.381797  1.654338  6.591538 -5.234877  5.933200
 -6.316559  1.707301 -0.096882  2.275935  5.423050  1.325078  6.872114
 -8.221843  1.404011 -1.647803  8.217259  3.637119  2.125189 -5.673901
 -8.013830  7.785534  7.817175  1.676031  2.783178  7.525097 -4.611278
 -5.506785  6.696622  2.251381  9.223774 -2.529552 -0.496259  0.940285
 -8.813409  7.057621  1.045186 -4.757953  0.709918 -2.096730 -5.702005
  8.984444 -0.193520  3.526954 -0.628541  7.573705  1.010911  2.558410
  7.236438  3.609798  0.185528  6.590535  4.792125 -4.850509 -6.830039
  5.170156  4.115888 -0.295991 -7.804373 -9.585694  7.737488 -3.920061
 -0.714688  0.900590 -1.358348  4.511886  7.520991 -2.911850 -3.864563
 -0.472974  4.199812 -7.805986  6.462918 -0.165497  2.149602 -1.390819
  3.998780 -0.371399 -6.260082  7.985966 -5.400839  2.941769 -8.213064
  6.876818 -6.092843 -3.725057  1.090092  3.073514  8.195196  5.700680
  3.512061 -3.182130  4.036832  2.895830  7.523514  9.726711 -7.940488
  8.405392  4.819551  6.995632 -8.135831  7.220146 -2.083840 -3.905460
  1.757178 -3.833917 -1.606664 -8.498052  1.027389  6.245141  2.861280
 -4.167004  9.848264 -9.548497  6.731534  5.656215  6.688080  0.193971
 -1.620423  2.628513 -5.503955 -4.545928 -6.472367 -7.213266  6.470192
  8.939515 -3.386748  2.781403  7.332350 -4.833420 -2.303314 -9.195344
 -7.920263  6.559456  1.955979 -0.464350  8.704689  5.388755 -9.318917
  8.153297 -0.039698 -0.546865 -8.940523 -4.614768 -4.337930  4.870072
  5.513751  0.235759  2.780576  2.037762  3.467195 -8.951203 -2.649830
 -2.681056 -1.838817 -9.444476 -9.691051 -7.199921  5.213882 -1.572147
  1.305780 -4.854929  2.842085  4.642735 -7.078341 -9.499568  1.581735
 -9.834840 -7.998213  6.860992  7.603480  8.937593 -8.623144  5.497524
 -5.172028 -2.461576  3.017728 -1.548219  0.776163  6.235890  9.326768
 -2.589301  0.434685  4.183281  8.607904 -9.081178 -1.104446 -8.142789
  4.364950 -3.271695  8.305306 -7.517976 -6.323949  1.252585 -6.205379
  5.736759 -3.742783  8.421415  6.670175 -0.762955  3.375364  7.973554
 -1.860210 -6.901362  0.359166  2.249326  7.307477 -2.040712 -5.234713
  2.856767  1.294706 -9.702635  5.540786  3.601171 -3.952592 -2.178556
 -4.410923  9.200701  8.952727  2.416970  5.088509 -4.187200 -7.413526
 -2.388871 -5.606509  9.287881 -7.208068 -3.753299  3.310576  4.288915
  5.899898  3.978361 -4.622135 -1.384292 -4.904705 -4.299366  9.109485
  8.847751 -8.989646  8.817949 -3.916903  7.838987  6.848889 -8.215942
 -7.360604  9.837784  5.513632  0.953066  3.825634  3.954148 -3.836788
 -0.169963  1.252676 -5.813035 -2.470640  0.241287  3.639035  8.003249
  5.714306 -7.848762  6.377316  2.387421 -4.976057  6.258758 -0.662055
  0.739278 -9.034059  2.159325 -7.944396  6.869555  2.843842  8.482871
  4.703399  0.663963  2.411656  2.528751  2.030989  3.168695 -0.745210
  1.992955  5.271325 -7.268420 -4.067630 -8.769837 -1.889221  9.828651
  4.746376  9.803325  0.743615 -6.600777  0.555687 -5.527576 -0.123564
 -5.020662 -0.572863  8.104839 -1.215087 -0.837243 -7.170679 -1.177904
 -9.095893 -9.795026 -2.409742 -3.858311  8.073544  5.913467  1.172749
 -0.272103 -4.902795  0.763251  3.306737 -4.178643 -5.142882  5.101622
 -2.191560  2.843363  0.194269  7.632263 -4.386897  1.261368 -5.802567
 -5.630131  3.569856  6.063708 -0.459005 -2.361881  9.032116  2.075974
 -1.519907 -2.684183  8.842890 -7.670091  8.444335 -8.181784 -5.691483
 -2.775437 -2.319008  2.669365  7.246509  5.568734 -8.443526  5.307013
 -5.610472 -6.631497 -3.353012 -6.093315 -0.995677 -8.935471  9.300977
  8.894839  0.390152  1.677004 -1.881352  3.548113  9.698221  7.099271
 -7.664243 -1.098189  6.724703 -2.890667  9.753982  8.097275  8.238094
  2.295473  5.345847  3.191220  9.791902  8.014295 -7.202697 -1.313595
 -4.214080  5.846828  7.291135 -4.925045  3.153193  3.093828  7.763134
  2.783537  9.648427  2.021098  6.832734  8.012275  4.246416 -5.199811
 -9.600976 -2.415922 -1.918579  1.843934 -2.180894 -2.038283 -3.691544
  5.364579 -7.895824 -3.616468 -4.843325  9.877917  4.985439 -5.913914
 -1.765998 -2.854877 -4.894029  1.775901  2.802313  8.908477  7.915313
 -2.423215 -6.465598  8.815976 -5.020148 -9.221051  8.084967  7.481937
  0.118764  0.025552 -6.747108 -2.599905 -8.933371  8.717909 -5.958650
 -0.207833  8.648405  8.943245 -4.865187 -6.067413 -0.334809  7.869154
  6.515396  3.485420 -8.027021  3.763584  6.809398  7.986254 -7.322881
 -1.131644  3.882639 -5.431105  0.289776  0.526145  2.887649 -5.480076
  4.061803  0.360853 -4.982927  2.556294  8.024018  2.827340 -5.820086
  7.300726  0.863581 -0.802563  3.485363  4.198498  0.288885 -6.088014
 -2.604191  8.507030  5.238551 -6.646296  8.768544 -7.616695 -2.215504
  6.503439 -7.244006 -4.275212 -2.778772  9.100114 -8.789281  2.186241
 -0.609875  4.061117  4.865324 -7.436339  0.204442 -4.153231  7.444219
 -1.129011  0.821875 -0.737305 -6.283586 -3.729582 -5.098734  0.762414
 -8.917783  0.015369  9.852179  6.110832  4.637815 -4.566349 -0.140732
  3.654325 -4.539479  9.837250 -2.722868  0.783113 -3.071141 -4.613411
 -8.500972  8.765285  1.610265  4.241802  3.749057 -6.122557  3.888187
 -1.445963  4.518389 -4.204105  0.616856  2.305664 -9.400344 -9.138581
 -5.781264 -3.480008  9.062795 -8.799066 -7.884916 -9.956307  9.254844
  2.381087  5.549177 -9.308831 -8.759694  4.511392 -1.722326  1.821812
 -3.038137  6.573553  4.071575  0.078328 -3.490355 -8.118406 -7.106605
  5.101676 -0.224138 -2.393765  8.469424 -8.340876  1.873520  1.151557
 -2.026904 -9.043450  7.231214  1.249340  8.233275 -4.538161 -1.579862
  7.541642 -1.947935 -2.096713  9.905950 -9.087983 -0.850998 -7.572935
  7.771590  8.990716  8.955293 -7.077865  5.944704  2.531523  3.132199
  1.519868  0.230609 -9.717515 -6.062654 -0.169681 -1.192497 -6.783506
 -7.992017  1.420859 -1.185477 -2.580032 -7.735233 -4.036206  0.442332
 -6.539706  8.193761  6.297583  6.155886  4.790356 -6.607562 -8.812194
  6.755958 -3.504813  1.003388  6.940943  6.292291  5.332943 -0.556742
  4.270303 -3.221063  5.651623  8.639764 -0.270545 -5.223642 -9.492622
  5.503238  3.633422  6.515516 -4.362590  4.760230  9.632401  7.891588
 -6.545072 -9.969488  3.672135 -5.808062  1.900581 -4.078378 -2.163332
 -6.895452  5.229632  2.351216 -0.667001  7.693898  1.159605  7.642725
 -4.933105 -5.312773  3.515399  6.646208  6.868851 -1.530841  1.707554
 -7.504295  2.134648 -9.638603 -6.966552 -0.049829 -6.808642 -6.796787
 -7.767388  7.076148  7.891100 -5.513416  9.666329 -0.771835 -6.526632
  4.853254 -1.165908  0.530795  8.979940  4.763860 -8.234807 -9.828850
 -2.672144  6.422780  8.364750 -3.769838 -5.310493 -8.141843 -9.303604
  3.279387  3.493682 -1.977216 -3.044103 -3.974702 -6.808704 -1.180529
  4.431174 -5.918897  3.357679 -7.057341  2.217085 -7.314602  7.882831
  0.661169 -0.325354 -3.128216 -3.890042 -3.939826  8.945001 -5.090147
  9.235090  6.902249 -3.622353  1.769930  4.056591 -9.148012  0.922125
  0.753714 -6.757864 -4.549986 -8.833492 -3.672175 -5.574182 -3.081490
 -2.757417  7.743425  1.862785 -8.299827  6.174030  2.672064 -2.704950
  8.650750  7.772454  6.642023  3.040496  4.833638 -7.732573  7.251240
 -8.985592  3.972300 -8.720027  8.695837 -8.022359  2.712221  2.824566
  9.468914  8.807339  0.328409  9.706421  7.477974 -1.539472  9.742444
  4.651161  6.544638 -7.780076  1.968730 -0.476662  0.499263  1.067476
  9.783466  4.972906  3.499670 -5.281236  7.896630  0.256856  6.719588
 -1.170599 -5.633130 -9.835228  7.629725  6.011956 -2.257616  2.909236
 -4.912435  4.740295 -2.798867  6.087262 -5.037846  4.577166 -5.663972
  1.422904  5.554590  7.677686 -2.173590 -1.085587  8.634722 -7.327864
  1.424608 -8.098418 -7.834075 -0.081985 -8.955413  2.519540  0.394996
 -2.180495 -2.921717 -9.946504  5.195144 -5.080970  6.784072 -8.972369
 -0.081584  7.264210 -5.561721 -4.976394 -5.728459 -8.187329 -2.534720
 -2.975425  3.433950 -7.392087  4.270915 -4.327303 -8.868387 -7.334144
  7.402858  4.082530  5.472249  2.603890 -3.493600 -2.823578  3.460448
  6.467101 -6.379201 -8.623793 -8.630234 -5.955455  8.685591  6.592044
 -5.335959 -3.518699 -0.783657 -2.537152 -4.541084 -5.151952  1.122746
  4.982550  5.921077 -3.043424  3.130467  6.027168 -4.257679  5.749891
 -0.097824  8.526141 -7.042059  7.920819  5.728572  8.653951 -6.576441
 -0.515677  2.163846  4.107265  9.841195 -7.227172 -4.879824  7.800147
  9.749393 -4.758223 -2.070069 -2.394095 -5.730146 -1.007946  2.105694
 -1.742022  8.832658  5.661034 -9.527131 -8.937939 -6.952434  9.030343
 -3.103184 -5.067140  3.860662  4.333518 -8.060737  2.360369  4.492029
 -9.896469 -3.128580 -5.128242  9.826884 -7.863505  9.663640  8.800459
 -2.956944 -2.815522 -2.428783  9.454556  5.914857  6.363017 -0.750991
  6.699272 -2.041252 -3.256265  5.444350 -0.518730 -9.471569  3.662009
 -2.387287 -2.367579 -4.760381 -5.040250 -8.793816 -9.657152 -2.228477
 -5.517274  2.729119 -2.123917 -6.165729 -9.477629  8.606078 -6.920908
 -3.109337  8.306822 -1.083523  6.607184  9.260472 -9.654145  5.857541
 -1.869868 -9.470323  9.824148  6.719369  4.707431 -7.949779  2.798867
 -4.570607  2.120506  7.844652  5.558213 -7.999753 -5.479196 -5.623498
  7.462852 -5.175326  2.920228  6.111248 -6.052888  6.194148  8.379211
 -7.495206 -9.974564  8.619202 -8.794961 -3.948316  9.000753  3.309165
 -9.007210 -0.375389 -8.654883  3.154803  6.737537 -2.659670  1.842884
  4.579627  0.480161 -1.397082 -6.821995 -6.379001 -5.543445  2.001975
 -5.781157 -2.182612  6.522720  5.995770  5.983121  4.577497 -3.732665
  5.656020 -0.542003  5.786242  9.726808  3.113760 -4.969732  9.831897
  2.595978 -2.263984 -2.300309 -1.330794  4.638491  7.025772  3.814001
  6.495866 -4.463138  2.646334  5.654459  8.436614  5.984247  4.581126
 -8.579507 -6.632369 -3.721368  7.323587 -9.796792  5.292205  3.845084
  0.699372 -5.859240  0.953940 -8.478047 -1.549934 -2.396639 -1.588730
  6.112493  2.443626  0.227318 -2.476230 -5.541309  9.401760 -3.862959
  9.772481  2.994397  8.605705 -1.849410  2.743677  4.895838  5.846330
  4.536401 -6.966328 -5.548014  8.837777  1.560924 -7.681632 -4.683022
  8.868329  2.260611 -7.805942 -8.911225  9.038648 -2.785170 -7.171730
 -9.402636  0.475943  3.157953 -9.207282  8.694160 -9.699340 -2.305576
  7.247661  6.617006  3.167165  7.898193  5.083940 -6.172805  8.736642
  1.021241 -7.822027  8.965670 -4.597391 -6.434616 -7.304480  3.397182
  2.969573 -3.023003 -8.821253 -7.280662  1.110810  5.689596 -1.450186
 -2.777248  9.223838  7.270516  8.712105 -7.449270  3.240259 -2.003502
  9.741880  1.254193  9.726787  7.781954  6.327893  7.056360  0.010790
  8.751045 -9.700138 -1.723776 -9.002595 -8.631642  3.688313  9.678066
 -0.510492  9.058728  7.156638  7.563764  0.089866  6.154507  4.920978
  1.837075  4.384084 -0.577227 -2.045568  6.720219  9.866035 -9.165192
  8.796967  0.811010  6.681950 -4.512309  4.719031  6.713886 -2.486625
  2.721257  5.411366  2.874701  3.228397 -1.721162 -0.233024 -4.731541
 -6.998789  8.133904 -9.620973  0.160825 -9.087227 -8.403890  3.258745
 -0.401365  1.514632  3.789593 -7.334123 -0.642972 -9.532799 -4.889686
  7.028216  6.381919 -7.486290  3.420136  8.210145  4.903339  9.508551
  0.063978 -5.614123 -2.657600 -0.078792  6.818971  3.082761 -8.112950
 -7.783159  5.017539  3.574911  8.291426  8.060356 -6.548119  5.144922
  5.810527  2.242174  5.448842 -7.059115 -2.822210 -6.867052  1.842087
 -6.830395 -0.798453  7.263461  3.033400 -3.614495 -1.092470  3.959612
  9.115912  0.191567 -4.234365  8.048774 -1.456648  8.055384 -3.963469
  2.201521 -4.976222  6.343101 -2.757212  3.234017  3.446536  9.078671
 -4.592710  8.525730  3.322078  1.615762 -6.118232 -4.623974  3.097282
  8.892991  1.614321  1.445070 -2.806032 -1.451196  9.217739 -4.081778
 -3.554268  4.738196 -7.320373 -6.670254  6.899043  7.494129 -6.559432
  1.642673 -6.997033  1.664260  2.362445  4.894525  6.419995  9.313374
 -5.072472  5.490039  6.837048  0.211572 -4.746399  3.550621  2.407055
  6.265391 -6.982368 -6.771755  8.577968  4.603992  2.254259  9.057852
  6.079067  5.967261  4.491582 -3.730851 -8.716663 -8.484470  9.166360
 -0.250089 -4.542880  9.081926  0.358374 -1.482891 -1.464628 -7.619820
 -3.379276  6.186506 -1.158048  6.063400  1.834807  5.551454  9.162623
 -3.768066  8.960323  4.343907  1.188997  0.994192 -5.779341  1.777649
  3.555628  9.394900 -7.254082 -2.137667 -1.695700 -1.828039 -4.356394
  1.409957 -2.415002 -6.171063 -2.093538 -4.143785 -1.733735  0.015451
 -5.821790 -3.175970  3.003643  7.183988 -6.902939  9.200040  4.684953
 -5.923038 -9.205983  4.997349 -7.695463 -4.807865  9.049766 -1.958023
  1.180415 -0.253452 -5.049360  5.783996 -6.711251  6.168063 -5.366393
  9.602025 -6.501925  6.274779  3.631935  0.114345  7.169979 -6.702137
 -6.378270  8.867982  3.221347 -7.139949 -8.899413 -0.425749 -3.366795
  4.694570  3.650182  8.583974 -4.874808 -7.544729 -6.479133 -2.254121
  1.440346 -7.482897  0.893888 -6.717815  5.071169  0.705227  2.005936
 -6.506670  3.831945 -8.375155  0.248617  0.150712 -2.962927 -1.754493
 -4.243553 -3.811986  4.542013  5.916100  3.130544 -4.446098  3.085975
  8.476644  2.804253 -0.470769  6.978100 -8.114291 -4.525923 -6.381651
 -1.087640  3.631097 -8.210281  0.979619 -5.983076  2.265925  2.519276
 -6.265822  8.274182 -4.674325  0.924391 -1.870434  1.744901  0.335563
  9.775512 -5.723322  6.662749  2.439262  3.367427 -5.922790  0.552459
 -6.348402  9.921635 -9.379999 -3.710284 -0.465166 -8.064097  6.176695
 -2.538295  0.540922  0.209576 -4.481556 -7.676686 -9.212037 -7.980834
 -4.330342 -4.801053  9.679573 -3.977790  6.304532  4.461174 -2.816835
  2.634669 -3.771007 -4.818496  3.114208  2.510018  1.033331 -0.900143
 -2.282935  6.729483  2.132612  0.012135  0.184971  6.199139  8.175012
  0.361903 -1.075600 -2.277976  7.394128 -8.542416  0.603658  5.721063
 -7.662941  1.199938 -6.503547 -8.050048 -3.394968 -3.002485 -3.730686
 -5.525079 -3.024644 -8.765435 -7.564939  4.337678  0.517747  3.351841
  1.584029 -4.283176 -8.095687 -6.053226  4.399406 -5.244442  2.324313
 -2.172637  4.795497 -1.688523 -5.665377  9.424416  1.677079  3.551027
 -2.333261 -1.056536 -7.181391 -3.801183  4.171943 -0.068706 -6.930946
  2.136189  2.281740  2.826866 -3.870150  0.726691  0.874493 -0.200439
  2.917848 -6.255535  3.858654  6.654976 -8.520825 -4.419984  8.388457
  4.294108 -4.797436  8.636879  5.740327  9.639750 -8.789888  2.284353
 -7.115939 -7.955734  4.353401 -4.926738 -5.568952  5.413310  9.583049
  2.864197  3.865100 -1.982853  2.782662 -8.970281  2.148792 -9.965983
 -1.159946 -5.560765 -6.848409 -4.319865  1.132925  8.398475 -1.428704
  9.326035 -0.986452  6.757667  9.067356  5.418612 -4.504164  4.010284
  3.228881 -0.975372 -9.788951 -4.678277  5.326531 -6.760329  6.400579
  5.921379 -5.220889  8.918646  7.950772 -0.205316 -1.828478  2.522155
 -5.594611  8.065187 -2.569247  9.733673  6.845523  8.175509 -3.389546
  2.326957 -2.550624  4.139374  8.103247  1.010587  8.297921  2.206397
 -2.203951  3.571118  5.362595 -1.846260  5.301023  0.922948  9.741050
 -5.077763 -0.656158  2.074914 -2.565499  8.959860 -0.867209  2.281094
  1.544274  1.979016 -5.789394 -3.144219 -0.522993  5.207763  4.412123
 -9.638327 -5.317902 -0.838707 -1.307675  0.860729  9.441761  0.198753
  3.390056  8.696847  2.419287 -4.640288 -4.956116 -9.755906 -2.878914
  1.961074  4.453973 -7.077918 -8.804783 -5.360709 -9.867873  6.631959
 -6.786151  5.338520  4.418386  3.837395  3.146251  3.987826 -4.687970
  9.836622  4.379431  0.561582  9.352943  8.879616  5.024956 -6.072823
  8.650820 -6.960581 -2.980645 -6.315645  9.062626 -8.887387 -4.118262
  1.748251  1.116386 -7.484371 -0.106593 -7.133307 -1.994346  4.515049
 -2.990873 -5.041548  1.463373  2.731247  0.510274 -0.257145  9.413367
 -4.501338 -9.844476  7.193307  3.345492  4.611427  6.233650  1.759914
  3.885557 -7.414957  7.923404  4.310558 -1.208761 -6.013330  1.768665
  7.791627  1.945766  0.393356  9.229881  1.609121  2.061073  2.253642
  8.469954 -2.289373 -7.242742 -8.742948 -1.067712 -6.637409 -0.424849
  2.869792 -2.807042 -8.443091 -1.849707 -8.231000  8.565969  7.591264
  9.004789 -0.433829  0.381682 -7.996750 -6.582337  9.246084 -5.095475
 -9.627696 -3.055970 -7.888809  4.032401  4.400140 -0.935894  6.691165
 -6.279718  8.355209  4.029442  8.469530 -9.094874 -7.914357 -5.461297
  7.039611  4.555102  3.463081 -2.468227  3.563384  8.628114  0.194047
  2.621405  3.812516 -8.672745  4.592165  6.454211 -9.147881 -0.982005
 -2.986063  7.391458 -0.586414  8.476006  7.397308  9.635685 -3.529079
  6.412962 -0.169571  5.567982 -5.085996 -7.342524 -5.072890 -9.496255
  7.205891 -1.167759  5.487996  0.000569  3.429070  3.335478 -8.342338
  5.161695  6.807712 -0.990273  3.345143  6.958646 -5.827288 -4.133923
  9.731365  5.982527  1.454244  5.879629 -6.853868 -3.973326  4.452720
 -1.066282  1.360423  3.325461  3.785334  7.270066  1.927012 -5.415170
  5.306262 -5.279843  4.767369 -7.502499 -2.553993  2.799338 -9.969459
 -4.194015  2.927283  7.193758 -5.325001  1.319957 -0.817875  4.182539
 -8.854429  6.346767  7.340034 -4.259215  0.628216 -5.411632  8.835020
  0.779000  5.505817 -3.674772 -7.127808 -2.939284  4.254521  4.297822
 -4.957742 -7.966434  4.707657 -4.886673 -3.500272 -9.265200  3.248087
 -9.820761  6.426550 -5.971246 -1.698005  0.339545  9.002293 -0.849268
  0.490762 -7.810545  0.552779 -7.607018 -5.637782  5.270325 -4.889652
 -2.694888  1.850504  6.945504  6.924646  0.603446 -7.340862  6.246027
  2.604667  8.725831 -3.155545 -0.379351 -9.153199 -8.715449  3.916025
  3.412423  2.662399 -9.368798  6.951344 -7.519561  2.557068  3.295231
  1.465201  2.443459  3.900836  6.861425  1.101842  2.295132  7.074560
 -3.402104 -0.535916 -1.381441 -2.891047  8.606957 -5.680229  5.978112
 -4.347054  5.243452 -0.211638  4.380071  0.253627 -5.895766  2.300582
 -2.955606  1.531429 -4.704312 -2.622548 -0.623026 -5.765943 -4.668775
 -1.263158 -1.360807  6.231122 -0.848215 -0.680207  6.456281 -7.274315
 -3.892689  6.459693 -1.807801 -9.527769 -2.721179 -3.084694 -4.102131
 -3.940490  5.029884 -3.462508  2.520110 -1.484793 -0.182688  3.789575
  0.968521 -9.337681  0.853912  2.608583 -5.242962 -3.531275  8.692186
 -6.139808  1.598034 -6.654376 -2.927334 -1.100990  9.394494 -5.221682
  1.390685  4.217026  0.412025  3.409361  3.007076 -6.382979  5.627430
 -0.830652 -9.861824  5.108466  0.432326 -8.803883 -2.920144 -4.389316
  1.120736 -5.319160 -7.335391 -9.996212 -2.321629  7.352044 -7.718675
  8.243012 -9.778252 -6.109894 -2.294797 -6.072154  7.640987  0.762340
 -9.869016 -0.680110 -5.428273 -3.631906  4.979174 -1.316426  0.159735
  2.679819  3.982351  2.178607 -1.741930 -1.898833  1.734850 -3.996158
  8.213024 -5.057636 -7.368379 -6.627670 -2.004460 -6.341930  5.444853
 -5.214734 -9.498575  8.175025 -8.582943 -5.109223 -1.482919 -0.826143
  8.212551  2.679537  9.667905  3.428318  8.922406  1.519964  0.489189
  0.824946 -1.972329  1.691395 -1.543706  0.141045  9.172440 -7.681931
  7.645363 -0.735758  6.289493 -4.377800 -6.345824  7.455472 -4.265216
 -9.798252 -5.658603 -3.781593  7.891760  7.705502 -7.574386 -0.757310
 -3.386904  4.073706 -5.575585 -3.445765 -2.602250 -3.981063 -2.363792
  6.050134 -1.021285  6.865768  3.169132  9.414642 -6.111824 -5.087748
 -8.214373 -0.198468  4.104664  8.972445 -2.462028 -9.892254 -9.468608
 -1.655299 -6.067485 -3.639326 -0.368144 -0.532912 -9.537662  2.366541
 -8.046092  0.528939 -7.611195  8.097336  5.492378 -2.919076 -2.721621
  2.610454  5.617939  6.767462 -6.826625  8.549563  5.755011 -8.709125
 -4.783827 -4.618899  1.720873  2.836140  3.527955 -1.435298  7.320345
 -6.484785 -6.835975  1.573536  0.539144 -5.708143 -1.277826  5.948140
 -0.403046  1.836510 -2.281646 -7.634028 -8.470668 -2.056748 -3.085706
 -8.153304  6.861516  1.040835 -7.868016 -7.112029 -1.009205  8.847492
 -0.000695  0.890679  6.024676  1.928171 -1.560668 -5.109572 -6.683011
  4.742747  1.133507 -9.929832  7.173082 -5.301995  4.571164 -4.296158
  9.463002 -5.349959 -3.740315 -9.547846  9.409843  3.267898 -9.030201
 -0.984291  9.762162 -2.345074 -2.166480 -9.374770 -6.184069  4.040807
  0.666794  5.743771  7.433896 -2.662779 -8.954381  4.753117 -6.314596
 -5.524100 -0.309037 -4.951014 -0.844785  9.546085 -4.726714  5.159580
 -1.364811  8.631393 -3.258182  0.028405 -0.504066 -5.659711 -7.072226
  8.711754  4.486923  7.773551 -8.237566 -0.211113  3.705428  4.959173
  8.437725 -5.374757  3.874022 -3.959450  7.771640  3.157614 -0.018618
 -5.236640 -2.827732  5.207390 -7.990700  9.958289  0.602629  9.382212
  8.994930  3.300629 -3.689560 -2.696352 -5.694126  2.774031  2.192398
 -6.572954  2.971451 -3.608546 -1.581952 -0.090203 -1.969161 -8.100733
  7.660350 -4.202002  7.323810 -9.980413 -1.311998 -8.431260 -3.366251
  4.844529 -6.738544 -3.330484 -8.596618  8.339641  1.768156  9.512927
  8.577398 -3.351406 -6.178730 -3.999647 -6.142069  3.281794 -3.161792
  5.707037  8.019154  5.584624  5.108597  2.714026 -4.878011 -7.276754
  3.394221  2.855900  4.977316 -3.199573 -1.296081  5.305944 -1.321606
 -9.871114  0.980301 -2.012406  7.494867 -1.611489  0.905027 -5.680183
  1.750375 -2.379218  2.759768  5.664408 -6.626133  4.167423 -8.660079
  7.323264 -0.501505 -0.060265 -0.401969  0.659682  1.667938  9.300154
  1.427802 -9.568131  6.389941 -0.248640 -7.071903  9.866038  5.034501
  4.744168  9.083394  9.184968 -0.450023  5.299692 -4.223039  8.470764
  8.972464 -6.932069  1.388279 -3.315566 -8.693336  4.298733  7.532253
  4.814003 -6.899204  4.636199  5.246766  4.090143  6.693634  1.513262
  3.127052  1.898713  0.021790  9.038027  5.470152  3.451026 -6.285623
 -1.435689  5.622573  1.880525  6.860800  9.215575  7.332965 -0.085763
  9.687635 -0.543732 -1.622069  1.885371  7.277351  4.491183 -5.906589
 -1.376951  4.945361  0.739339 -6.037123 -3.321606 -2.708375 -8.802557
  0.588708  7.419100  5.577929  9.050936  0.192822 -3.434868  9.456412
  0.089762 -9.998565  7.388721 -2.092565  2.219804 -7.351401 -6.438732
 -5.480535 -8.654301  3.387844 -1.723896 -1.873816  8.808091 -5.089726
  0.163443 -4.591202 -9.622617 -6.877399 -1.571369 -7.558529 -7.085050
 -5.623831  1.234365  5.007771  3.805455  1.564001  6.406700  7.839830
  0.567703  3.380879  5.185450  7.307949 -0.130027  7.246772  1.920073
  1.691970  7.624424  2.878817 -9.241502  7.170819 -0.764834  7.339655
  4.305696 -0.483538 -5.719013  7.164254  2.258034 -8.521091  9.896678
 -3.192460 -5.979009 -1.493186  4.528506 -0.493643  9.538968 -0.333152
  9.898021 -4.398738  3.527993  9.276056  7.427094 -3.364062 -7.297428
 -2.640750 -0.657099  7.431188  3.890344  7.199805  1.000481  7.722844
 -5.040972 -3.052655  8.308777  3.259150 -7.236385 -4.871011 -1.870814
 -7.792522  4.892187 -4.374554 -1.152238 -1.915085 -1.091022 -7.459556
 -8.760527 -3.476397 -7.348108 -4.522887  8.883633  9.675786  8.460532
  0.060380 -7.946372  0.658336 -5.555201  4.673419  5.686543  4.191219
 -3.303424 -9.136028  2.155159 -0.821641  6.966948  9.796182  3.421191
 -7.311941 -3.490681  8.090870 -6.929661  7.197588  9.630607 -4.878914
 -3.880721  5.035840  5.503701  6.030688  2.812667  6.771943 -0.204656
 -3.186771 -3.847963  0.201855 -1.074433 -7.814175  4.047280 -6.012720
  3.924358  0.931671  9.494843  5.449723 -7.359792 -5.898886  7.158549
  5.035078  5.369898 -9.941057  1.191128 -0.749815  2.899867  7.806715
 -3.883870  9.631206  1.120236  7.357002  1.125271 -1.625941  1.791376
 -8.366675 -7.136707  5.640257  5.136994  8.891149  0.659399 -0.470911
 -6.943398  6.366673 -7.187118 -5.622680  7.851712  4.013669  0.183227
  6.839600 -5.436656  8.491118 -4.155064  5.680941 -0.375425 -4.255960
  9.272657 -3.411023  4.152383 -8.836625 -8.416149 -2.144360 -7.052499
 -5.123834  4.801407  4.564885 -8.722288 -3.302111  5.273580 -2.709667
  2.869200  5.965494  7.677910 -8.668131  7.996543 -4.926736  8.899902
 -6.556001 -5.386387 -3.933729 -5.589778  4.397221 -0.643210  1.287484
 -6.202300  1.282668  3.065543  5.127226  3.284138 -0.850599  4.911139
 -6.205014 -6.903101 -6.584878 -1.491490 -8.952137 -8.199881 -6.224086
  5.850394  5.258884 -0.762859 -7.296550 -3.803099 -3.295511 -4.915893
 -3.884523 -8.918065 -9.088371 -1.915123 -5.688771  6.568873 -4.454416
  9.484429 -4.684844 -5.077965 -7.155376  9.560865  0.093081 -3.272996
  9.113766  0.007671  0.539208 -9.197893  1.857110  0.089186  0.375101
  3.166840  6.077229 -4.541198 -7.396329 -0.746895  6.786401 -2.525500
  5.873862 -1.067198  7.284113  6.682623 -7.312744  0.767432 -5.556893
  9.358621 -5.224953  2.788404  6.659736 -1.771182  6.435196 -1.943304
 -2.625614 -5.161209 -9.893061 -0.679418 -2.499586  1.909312 -7.782431
 -4.396554 -6.140205 -4.791745 -0.380973  8.142029 -7.149157  7.776565
 -9.035926  4.667081 -4.757209 -0.671844 -7.142645 -4.806230 -4.783635
 -1.115647 -1.327991 -2.436345  6.961691  9.665224 -4.769373  9.827678
 -0.532598 -1.636935  7.246064  3.683444 -8.495976  8.735037 -8.058912
  1.591507 -0.013708 -0.738690 -2.736949  9.248143 -8.645058 -1.321263
 -5.185968  2.898564 -6.591077  2.807401 -4.609714 -5.038964  3.059233
 -4.336505 -4.513891  2.092119  7.984070 -2.150523  9.357653 -4.759804
  2.689509  8.192769 -3.791687  3.393636  6.112261  2.331546 -7.915022
  4.786035  0.690271  4.041710  5.578950  7.380477 -3.339154 -2.626633
  6.501487 -5.402899  0.056171  4.699231 -2.703275 -9.145186 -2.534070
  1.341345  3.811574 -8.251102 -0.256165  4.870738  9.313448 -0.072778
 -2.372684  0.194613 -5.105976  6.378937 -5.998025  6.606959 -2.920723
  3.505341 -7.493766 -4.887351  9.098116 -3.844082  1.915766  3.207545
 -1.128110 -9.957178  4.652869  2.523962  2.468014 -5.723400 -8.353523
  6.210531 -2.389117  4.145605 -6.379103 -7.282356 -1.929268 -9.827489
 -1.593627  4.374535  4.636543 -7.433661  4.643399  3.087108  4.400967
 -6.449733  6.054677  6.771742 -0.678853 -5.864184 -3.434833 -5.175407
  7.917881  5.380497  4.678599 -7.994037  4.327707 -4.682356  9.191192
 -9.682866 -5.322510  0.676981 -3.384307  7.056028  8.555504  4.306055
 -7.132176  2.801924 -8.167334  9.818800 -8.263160 -9.988649  9.642208
  2.716526  8.180877 -1.039556 -1.395312  3.160089  7.895648  3.049933
  2.690680 -0.833680  4.878342  3.355550  6.729818  0.786776 -4.128571
 -9.881640  9.722853  7.464421 -3.962094  2.142132  4.260874 -8.313355
 -0.587657 -3.584724 -2.747159  8.924313 -7.356213 -0.358719 -6.992732
  4.144594  3.312162 -1.862562 -0.626522  1.761967 -0.423320 -1.804707
  3.886070 -7.485734  7.163710 -5.829583 -3.524337  0.808810  1.759679
  2.717914 -5.687483 -5.727125 -2.344740 -9.064662  7.786828 -4.456846
 -2.513038  4.488311  3.364041  5.477776  6.728767 -3.590959 -3.538217
  2.070620  0.552274  7.745692 -6.852684 -5.807151 -7.648403 -3.799056
 -5.567428  4.998703  6.614109  4.700891 -4.538006 -4.247189  4.041926
 -9.108429  8.931442  6.084915 -2.666243  2.237837 -2.339848  9.960306
 -5.593536 -8.704852 -4.201022 -0.057691 -8.781632 -7.632893 -7.926624
 -4.700708  6.813156  4.406340  7.646412  3.575644 -5.387646 -9.693232
 -0.664881 -5.218392  2.754539 -5.812220  9.844698 -3.017617 -4.016059
  5.206912 -0.386959 -6.749787 -5.966892  2.610136  5.155397  5.000941
  2.093656 -6.889831 -2.574365  8.663189 -8.143679 -7.390382  2.098162
  1.344628 -2.966886 -9.584443 -8.786674  9.551048  4.048522 -6.527083
  9.318617 -0.500407  7.748249 -3.710512  1.829699  8.824016 -6.763524
 -9.879177 -0.722495 -3.623221 -6.798461 -6.807356 -3.293946  6.968451
  3.546924  1.594602  9.558517  0.983559 -4.445823  2.813080  0.056327
  0.264383  4.079738 -9.562811 -4.438445 -4.838610 -0.423967 -9.132078
 -6.341670  7.025400 -1.331484 -8.867629  8.514212  2.218190  7.961464
  2.907173  1.730694 -0.874644 -1.259329 -1.560580  4.378498  0.741268
 -9.197006 -7.796952 -9.433736 -7.887970 -1.375248 -5.594158 -0.058593
  7.117446 -6.122690 -6.091133 -4.075233 -9.362838  1.949311  2.397955
 -9.134267 -5.278287  5.356083  4.702962  3.653430  1.599772 -8.308297
  6.675978  1.376525 -4.207538 -5.008798  2.559919  6.138623  1.391993
 -9.542745  1.226681 -9.090263 -2.212440 -7.017603 -7.195273  2.824230
  7.177651 -8.380292 -2.132466 -0.275814 -0.605696 -0.685900  9.934759
 -2.805427  9.521615  8.577175  2.449467  1.440798  9.550806 -4.454475
 -4.478389 -2.516175  0.491340 -7.968483  4.319117  2.749634  1.694656
  3.008184  2.812460 -6.945132  1.534424 -7.566139  8.160417  3.097954
 -2.016981 -8.178994  1.670380  7.249464 -6.375791  5.608128  1.419238
 -8.946475  4.525321 -5.392664 -8.900634 -4.511530 -4.036663  9.362659
  3.102714  3.739547  9.100297  2.138698  0.680682  9.284649 -2.812977
 -1.804436 -6.539879 -6.056403 -4.775181  2.816501 -5.974849 -6.240328
 -1.117409  4.340001 -4.328014 -4.369315  6.934145  8.495789 -8.400727
 -2.918527  7.032706  6.644142  4.312652  0.857028  2.076499 -9.275118
  3.677810  0.971274 -6.000157  8.448977  4.578000 -4.393051 -9.125942
  1.027192 -1.128436 -0.286425  9.611825 -8.831719  9.846086 -2.231562
 -6.228471 -5.697017 -6.152800  9.144102 -9.678401  4.926945  1.758666
  0.008508 -8.144306  6.117392  2.111805 -4.609887 -4.940998 -7.291054
  3.151921  0.619756 -5.155878 -6.847790  0.346448  6.416671 -6.985643
 -4.701411  4.311019 -1.675976 -3.418557 -7.578806  9.445380  2.755818
  6.900412 -5.194685 -9.176474  5.216198  7.658970  4.896257  7.539895
  8.824351 -2.790598 -6.406488  3.039865  5.779390 -6.518804 -0.903794
  5.499450 -2.420893 -2.363531 -5.595463  6.202754 -5.231191 -2.336031
  0.374375 -8.203723  2.872752 -5.298203 -5.977686 -5.337500  3.947847
 -7.485430 -6.050716  7.165312  8.069721  1.569019  3.838765  6.050517
 -5.529039 -5.822789  8.055807  3.735598 -9.447850  6.568909  1.060793
  6.723624  8.743751  1.875523 -3.771447  4.758727 -0.117981  6.116310
  2.428286  8.309905 -2.059880  6.953901 -6.950494  8.458349  6.021360
  9.099590 -4.158465 -7.043139 -0.689614 -0.063343  2.024933  2.311819
  8.426826  7.361606 -3.555950 -1.956026  6.179762  5.467568 -0.884367
  8.080514 -5.335565  0.989517 -5.716098 -2.650347  3.063776  4.177124
  1.310813  5.202340 -6.714950  8.642684 -6.949065  4.902248  7.379842
 -4.170070  8.442808  2.499593  5.739705  6.449585  5.285765  9.989253
  0.472900 -6.514868  6.782576  8.309326 -2.113163  1.367810 -9.188518
  2.294731  6.780033  2.060323 -6.642322 -6.303089  5.344653  0.611549
  7.309359 -7.579060 -3.453405  4.679569  0.407289  6.190203 -0.415803
 -3.254803  9.866343 -5.143380 -1.010456  8.733868 -9.405698  1.288948
 -0.885725  9.398821 -5.139910  8.036399 -0.086253 -0.048795  0.109813
 -6.266900  9.866215 -7.945292 -2.003919  7.630012 -1.712332 -3.634941
  9.945323  5.824229 -9.298852 -8.892502  1.614385  7.506888  7.075652
  2.846095  7.941621  1.771587  6.439113 -2.572313 -2.262125  3.974159
  8.256961  4.969211  1.930564 -4.728453 -4.142277  7.195297 -4.402655
 -5.580279  1.205374 -8.952761  3.032784 -8.409381  9.512707 -8.677164
 -3.216382 -1.968267 -2.472861  5.493358 -9.327627 -4.293892 -4.482460
 -0.759289  7.575639 -8.804932 -0.176148 -2.741875 -6.817430  3.512487
 -8.970216  1.295678  4.022483 -8.515570 -2.855422  8.255748 -5.490870
 -9.180239 -2.365987  8.054820 -2.836939 -0.166170  6.304528  8.122536
  0.065144  3.223615 -4.926474  8.188387  5.773077  8.150237  8.315988
  5.027666 -3.877558  6.857259  7.268081  4.572977  9.879917 -8.097259
 -8.722668  1.577988  7.162664  5.048764 -6.783526  6.035705 -8.002748
 -8.309590 -2.527435  7.851192 -5.922220  6.120046 -8.774282 -1.645667
 -7.532577  4.429325  2.928090  8.860206 -5.201201 -0.679490  2.197624
  7.947922  3.240208 -8.426218  3.755195 -6.937367 -1.878419  1.071292
  3.233579  1.985008  0.595193  2.259964 -8.103689 -3.939448 -2.163570
  2.400121  7.715573  2.503435  1.716236  3.248955 -6.656130  2.129210
 -2.948746 -2.048080  2.289138  2.269058  5.287389 -9.396558 -5.218993
 -1.079395 -0.299260  8.933455  4.105595 -7.537177 -6.260292 -5.681798
  2.883772 -5.604266 -9.742218 -1.996195  2.645026 -3.186405 -6.973440
 -7.339898 -9.376395 -7.208326  3.383578  7.365439 -5.776446 -5.663229
  0.487627  6.068667 -1.435592 -5.016233  9.953904 -1.557731  4.972154
  5.841666  5.001986 -6.904317  4.318467 -8.590005 -6.338125  2.335553
  4.407866  3.295896 -5.078929  7.016414 -2.694790  4.874515 -4.812186
 -6.335402  6.443866  0.882341 -9.026544  5.380721  9.029882  5.659320
 -7.467320 -0.942579  6.240466 -9.161030  9.603512  3.641121 -8.849676
  5.377729 -8.440839  6.130402  3.389111  4.686196  6.961893 -4.456082
  4.797316 -7.876507 -5.348341  6.490235 -9.692339 -6.777553  0.870347
  9.401354 -6.811864  6.498025  1.204712  0.739460  6.284120 -6.847855
 -2.552803  6.337813  7.318705  7.485056 -2.303093 -6.873892 -7.422917
  8.269444 -7.244767 -9.837579  4.546056 -0.916829  0.219396 -9.161859
 -3.347605  4.627929 -9.686586  2.119174 -6.162239 -4.633731 -9.440061
 -3.521681  1.596028 -8.799450  2.165094  4.892899  5.889495  5.745133
  5.941276 -7.856487  2.205874 -2.766789  6.669130  8.393132 -4.991632
 -5.983901  5.293375 -7.985519  2.244716 -3.651871  2.892434  9.675695
 -7.167168 -2.599085 -8.201630 -3.428770  2.505298  3.878009 -6.657683
 -5.833903 -5.024763 -9.986660 -5.272990  4.051249 -9.924037 -0.797107
  1.243212  7.096667 -9.743002 -7.190849 -2.861761 -1.653644 -7.106253
  9.090364 -6.898584 -3.419969  4.166639  9.759848  5.613242  2.060372
  3.148334  6.041282  2.983411 -3.748748 -7.359566 -3.802834  1.533737
  4.584880 -5.019730 -3.814540  1.659990  1.515365 -7.484659  1.824748
  5.858622 -5.063464 -8.916070  8.060641 -1.227144  4.188573 -2.848655
  5.610421  6.776795 -9.726503  9.328497 -5.943087  6.152673  0.784853
  9.416246  5.258513  7.834133 -7.148467 -5.885508  5.718697  6.252315
  0.128811  7.989740  0.145251  5.610055 -0.970191  2.350610 -7.128658
  7.543516  0.969054  3.684343  7.216815  2.435282 -1.295412  4.880401
  7.804615  7.794210  7.735182  7.065030  8.698862  8.122829  7.041459
  3.393209  8.306024 -8.590713  1.304333 -3.884508  0.432043  7.880226
  6.207285  1.427958 -8.361495 -0.283542  8.584801 -7.343036 -0.587109
 -2.248305 -6.878831 -4.381208  2.408962 -2.741904 -7.135881 -2.422431
 -4.742482  9.416443 -7.922720 -8.067732  4.162750 -3.838958  4.671988
 -3.044287 -0.506335 -8.934747 -6.545214 -3.215756 -4.174486 -1.861881
 -0.035412  5.616211 -4.446003 -7.680926 -5.432248  2.760304  9.612139
 -5.745126  4.458439 -8.476156 -6.250252  2.351088  0.653817 -8.276281
 -1.844450 -6.957616  1.463810 -7.280791  7.170990  7.817359  6.509336
 -9.538892 -8.751332  4.655758  6.235794 -5.550962 -6.843108 -5.342406
  1.796225 -5.413991  0.310724  4.455448 -5.330292  7.991266  3.581266
 -8.576364  3.578845 -9.401243 -4.616202 -7.298845 -7.448788 -1.868988
  6.308682 -7.473631  6.716082 -3.362677 -4.000377  5.028566 -0.757596
 -0.970336  9.628516 -3.785251  9.564445  4.498292  5.458077 -0.545074
  4.117910 -1.266347 -8.679034  0.885557  9.214086  0.720240 -6.652049
 -5.783659  0.192160 -4.613916  5.297478 -9.698626  0.768700  5.104479
 -3.606903  4.966381  2.804850  5.343761  9.641562  0.385639 -9.175706
  1.268108  3.624415  3.521636  7.009162  7.823372  6.278723  5.566259
 -8.301259  2.968210 -3.809077 -7.665841  8.789147 -6.377060  2.016762
 -0.187560 -9.838048  6.102014 -9.439996 -6.881459  6.071943  9.792677
  1.886847  6.545135 -9.745734  8.825170  6.079892  5.140557  8.555255
 -6.392016 -3.362694  3.615848 -4.275719 -3.689960 -8.046381  1.745231
  5.593403  3.454777  9.000382  4.708614  7.837645 -2.465973 -1.348992
  5.375651 -2.515693 -0.174004  0.955466 -0.441534 -7.553363  5.072165
  3.620292  3.559483 -0.406606  3.255403 -9.570370  6.358785  0.498090
 -1.257401  4.890730 -5.955218  3.428551 -1.870253  2.856247  3.944119
  5.891171 -8.031877  9.276138  6.128665  5.217908 -5.689359 -7.017881
 -8.290090 -2.069544  6.178850 -5.143270 -0.740267  5.495751 -7.509416
 -5.401810  8.266027  8.988006 -5.576191  5.403666  9.433995 -0.280024
 -1.108369  6.952752 -9.060444 -1.497153 -3.599786 -9.866441 -6.384979
 -2.761277 -8.282894  0.991080 -1.315305  1.091098  0.475302 -7.571674
  7.985438  6.704443 -5.766771 -0.500381  6.857674 -6.650927 -0.250969
 -7.002009 -1.748263 -0.398637 -1.003199 -8.683771 -9.168309 -2.732779
  3.777490 -3.046815 -1.322238 -9.053518  8.134990 -5.431463 -1.835039
 -4.587864  8.037366  3.400068 -8.412934 -8.191992 -9.186462 -9.418591
  0.002354 -4.165709 -6.634930  4.782307  8.216284  7.827696  4.060856
  1.946455  5.107460 -7.815714 -7.939359  1.301047  0.435800 -9.882312
  3.180398  8.911174 -0.861140  0.696239 -7.781908  1.294317  2.592844
  1.257492 -8.644925 -3.943362 -1.187492  6.423675  0.733255 -8.236578
 -7.924031 -5.262866  7.364432  2.728650  5.251534  5.569420  2.235473
  4.588331  7.884615 -5.613571  9.578997  4.334124  6.551364  4.225203
  7.305998 -7.741759  7.573184  0.262898  2.898204  2.735805 -1.615610
 -9.264307 -9.940706 -9.228475 -2.430491  6.925435 -3.248265  1.875739
  4.498572  3.786202  9.989687 -4.966113 -2.058081  6.965529 -9.258127
  8.948513  9.714600  3.010306 -9.470368 -2.928727 -2.107530 -3.264712
 -8.182949  3.753230  3.181957  9.447152  7.340462 -0.254396 -8.329604
 -0.351428  4.909088 -5.437416 -8.662567  0.553194 -8.151339  3.059624
 -0.226682  2.007217  2.342942 -4.241889  7.544366  1.611860  2.582360
  1.049676  1.626520  7.578167 -6.296197 -5.461536 -4.645195 -3.857513
  8.726737  9.984919  8.823559 -1.988809  5.591180  6.315925 -5.563553
  4.509196  5.171118  0.742097 -9.993398  4.375359 -6.211124 -2.970542
 -5.759518  2.927649 -1.499716 -3.366436 -4.249600 -9.310452 -7.299666
  0.789992 -1.048207  5.521268 -4.704859  0.392787  5.017749  7.007745
  5.118709 -0.729162 -3.508452  1.860983  5.224646 -9.392647  4.502123
  3.849314 -9.905025 -8.894264  1.224546 -1.753664 -8.145025  3.112488
 -4.934197  0.453883 -5.976599  4.796213  1.814006 -7.269417  9.186200
 -4.337420 -1.142885 -5.535678 -3.663301 -6.972157 -6.427573  5.418426
 -0.818106 -6.627817 -7.302263  9.791119  8.756191  8.103483  5.025540
 -8.424712 -6.757820 -2.416916 -4.218434  3.599318 -5.377208 -3.785833
 -3.830854 -4.375971 -8.584442  7.512695 -3.126521  6.542367 -5.183977
 -7.793132 -0.548276  1.897143  1.576986 -8.564665  2.458311 -3.798452
  1.512728  3.139979  6.387274  6.012698  1.769902 -1.799110  7.818063
  6.826141 -5.010961  5.308274 -1.901017  2.311467  2.799289  9.918044
 -8.539653  9.658251 -7.925911 -0.061990 -4.087005 -6.443913  2.749128
  5.701906 -2.963314 -6.263744  3.070855  6.162425  8.590074  1.333989
 -9.146604 -9.047954 -6.959119 -5.246935 -0.722656 -6.443328  8.108230
  4.432405  6.630623 -4.520452 -1.920784  4.291654  4.422429  5.211822
 -1.483634  1.393342  0.785177 -5.631824 -2.809758 -5.765713 -9.645448
 -1.711208 -9.803859  3.104080 -3.633722  7.985431 -4.711029  8.340513
  8.010674  5.282454  5.246679  8.623305  3.020194 -2.161921 -6.896731
 -3.474722  5.878958 -7.251621 -6.087297 -0.792825 -1.742864  3.356115
 -2.153892 -9.121560  1.444848 -6.524687 -8.528393  0.919472  5.357160
  0.862592 -4.365240  6.012429 -5.729321 -0.602682  7.127727 -0.200825
 -3.201460 -6.838714  8.863108  3.247755 -3.780624  4.988476  2.084552
  8.578079 -6.579001  2.679639 -2.463107 -8.608324  3.206574  0.431460
  4.669608 -3.870175  7.819466 -1.339574  9.469509  9.771219 -7.352180
 -1.003102 -4.621435  3.986165  2.489863  8.327798  7.673646  6.004661
 -2.242644  6.808227  0.504010  0.994408  5.218015 -5.302605  8.984874
  2.178912 -8.347112  3.020120 -1.609087 -5.918075  2.441342 -2.981916
 -4.888962 -4.707147 -0.698357  7.759569 -0.182094  7.460760  9.718099
  1.645910  0.070840  0.837922 -0.672483 -4.186213  7.929050  0.616906
 -0.436485  3.467552  9.191824 -2.906960  1.641625 -6.945669 -2.590775
  4.752807 -0.765177  0.499035 -7.531323  0.029655 -0.138196 -9.341276
  5.343966  7.775525 -2.511408  5.111244 -1.242660 -8.719030  9.055006
  0.502543 -2.741597 -2.492030  5.685179  0.141115 -1.125508 -6.777533
  1.748976 -0.593786  5.013479  8.026373  7.210769 -9.613841 -2.416517
 -9.188949 -5.708645 -1.913451 -1.143900  1.357990 -1.346421  1.736673
  4.107121  1.536026  7.218906  7.424967 -7.810203  4.495089  1.829779
  6.063103  3.516581  0.237337 -2.933907  8.440627  8.021647  2.678676
  9.906941  4.185052  6.477723  9.538644  9.173083 -4.253124 -7.543115
 -6.033595 -2.826894  0.959663 -9.693160  7.973130  1.822417 -7.823137
 -3.286559 -7.652057 -5.526111 -2.779348 -8.697901 -9.752635 -2.597067
 -2.360231 -5.305288 -2.714823  3.001152 -9.694062 -9.381038  9.068202
  2.675184 -8.373041 -6.783748 -8.712700 -7.632480 -2.020010  1.394703
  3.503058  7.198915  9.466341  7.853334 -6.319459  7.356563  0.552191
 -0.988334  9.405725 -1.565833 -9.691616  9.742665 -1.368140  0.686241
 -7.049820 -0.903994 -6.346395  2.406705 -9.337920  2.456598 -7.284799
 -8.890021 -3.125446  0.094233  1.100313  9.293789 -9.758643 -8.569495
 -4.351394 -3.796265 -3.735091  4.782271  1.448166 -2.856965  7.703705
  3.142173  1.953471  0.667975 -4.625695  1.264359 -1.289642  8.092579
 -8.113900  7.351644 -4.065463 -4.053338  9.787371  8.169183 -6.218743
  3.701628  2.290358  0.657557 -4.735619  9.374990  7.060064 -7.915038
  3.333696 -9.007354 -1.832501 -7.191955 -5.180109 -0.982613  3.318987
  4.307203 -6.948100 -5.829588 -7.465961 -3.352110 -4.984484 -4.067992
 -4.882772 -1.423350 -1.763179  5.697462 -7.301556  5.286613  6.263908
 -4.456306 -3.787923 -2.980336  1.122920  5.717545  5.180667 -6.664013
 -8.513679  2.415376 -4.329848 -9.042610  1.839035 -5.886511 -2.051053
 -9.795997 -5.295981 -6.988930 -1.834317 -6.647900  1.555377  1.200544
 -0.801676  4.596545 -4.307428 -1.720122  9.605166 -5.336519  7.830883
 -4.546191 -6.794989 -9.823761 -1.145913  0.835214 -1.934556  2.525488
 -2.364614 -5.018321  5.611545 -5.755091  7.988422  8.336006 -6.461350
 -0.232954  5.154721  8.527357 -3.844725 -1.118538  7.415607  0.413630
 -9.428645 -3.037891  8.916758 -2.693702  5.859501  1.900387  9.289857
 -6.494370 -0.956373  5.230584  5.430553 -7.575637  7.271537  6.976572
 -4.718446 -1.731179  4.865126  9.417756  2.382776 -6.020185  7.286952
  4.250069  6.367881  7.514230 -3.172715  8.717198 -5.034531 -4.305165
  5.278452 -8.734094 -7.260974 -5.038871 -3.057782 -7.946527  5.093295
 -0.736295  1.557196 -5.755073 -0.077565  8.283617 -6.288355 -8.581773
 -3.540921  5.772114  9.120581  9.115249 -0.090580 -0.926306 -0.878515
  7.173079 -7.810533  4.903731  0.683108 -8.801773 -1.165207 -6.724392
 -7.312185 -3.757716 -7.965645 -2.821212 -7.656218  4.728509  7.484095
 -8.257546  7.256045  6.453940  3.759991 -2.231301  2.834590  3.142899
  9.255704 -4.846847  9.662046 -4.073075 -3.643886 -7.417221 -6.747890
  7.815580 -3.297589 -6.288152  0.701036 -3.275086  5.132229 -3.003725
 -3.494003  7.398109 -1.498863 -3.775526 -2.335466  8.188949  3.064451
  3.831657 -2.758210 -8.105296  3.526032 -6.386220 -6.424069  6.334910
  2.524247 -5.307964  7.922031 -5.906847 -8.654223  6.471715 -1.414951
  5.916437  4.581903 -1.156979 -1.449713  4.283959  4.142182 -1.195259
 -9.672892  0.841823  9.099761 -8.139073  0.748940 -0.337797  3.272045
  3.568491  2.190810  2.092236 -7.889976 -4.736154 -8.934151 -8.695755
 -8.884023  7.792737  8.633415  9.375590  7.212491 -6.169929 -8.487445
  9.338523 -0.366505 -0.173354 -3.301299 -7.160639 -6.353618 -2.351368
  7.191371  5.185201  3.512077 -7.122242  9.218551 -7.214134 -1.112910
 -5.760817  6.241653  3.354069  2.615649  6.769884  9.702670 -6.881155
  3.683772 -7.041411  9.554629 -8.347279 -6.847568  9.754557  4.355004
 -8.617681  8.015066  7.160897  4.686089 -5.123137  0.936832  6.747363
  2.135764  7.113534  7.965130 -5.520800 -8.641602 -5.233274 -1.890490
  8.193092 -1.054166 -4.443693 -9.393642 -7.213493  5.248123  4.637968
  4.073450 -4.537792  0.288607 -2.103681  7.752447 -0.002005 -2.988821
 -1.886170 -7.147294  5.426357  1.610467 -7.506196 -8.054083 -5.783979
  3.979266  4.689021 -0.213423 -6.656349  3.523896 -5.976177  7.159169
 -9.617035  1.717503 -6.804850  2.875579 -8.461844  0.022660  5.321073
 -4.577834 -3.356488  2.643041  9.962779  5.005127  6.879103 -7.724668
 -5.813335 -5.472384 -8.139515 -2.425740  6.929960 -9.770104 -9.597926
  9.667623 -8.476934  1.943687 -9.550493  2.727375 -8.722332 -5.943875
  7.348169  9.010868  5.300126 -0.022140 -2.120111  2.291796 -0.355545
  6.651397  1.086647  5.010738  6.654595  9.397567  6.778659  4.351248
 -3.345443 -9.438661 -9.929032 -4.685560 -9.669735  0.279882  4.359029
  6.505756 -7.161953 -1.007955 -8.219927  7.315183  6.968259  5.432232
  1.958302 -2.962537 -1.754387  0.359088  0.198936  8.945127  3.922646
  5.347819  8.237346  1.022177 -1.881782  1.035295 -3.375076 -1.850613
 -5.653121 -1.016723  2.382726 -8.293483  8.509532 -8.686715 -3.805735
  4.233229  6.051758  1.346340  6.996743  6.757802  2.440919  0.640339
 -6.164691 -0.802803 -0.864266  7.948355  0.282063 -4.007254  4.498202
 -3.732999  7.036911  2.414448  4.577848 -0.100274 -5.679616 -3.530108
  7.388257  4.821345 -7.188163  6.019284 -9.611421  3.947391  1.330411
  2.884915  8.373382 -7.515695  5.704346 -8.248260  4.737506 -4.972460
 -5.498411 -4.164193  1.662473  7.426774  8.027332 -7.021491  4.560094
 -7.950675 -4.263412  8.872893 -9.877493 -4.309257  1.697552 -1.532791
 -6.928015  5.611818 -5.443995  7.367139 -2.905179 -8.850135  2.508691
 -5.701797  4.270957 -4.670542  7.142798 -1.835386 -7.993612  3.825020
  0.050057  4.039700 -0.775268 -0.566980 -6.439766 -5.852604 -5.995246
 -1.196572  3.590193 -6.367321 -8.781181 -9.922183  0.875089  0.614339
 -1.985178  9.513824  3.188653 -6.726091 -4.992653 -2.040482 -8.373338
  8.212505 -3.382969 -0.537069 -1.960203 -5.972129 -2.880568 -8.329464
 -1.122363 -5.663090 -5.594250  2.312681 -1.280448  3.296393  5.656660
  8.500396 -8.028168  0.108821 -5.950300 -2.731172 -2.055924 -2.217850
  5.780929  0.157234  4.291578  8.629952 -5.579908  6.686932  4.644340
 -8.856584 -2.361346  3.160299  3.779179 -9.219430  8.665002  5.349661
 -8.465512  3.854208 -0.835024  4.563599  9.033625  6.858589 -8.780627
  1.164483  0.772335 -6.462434  5.336899  4.498497 -2.766690  0.398470
 -9.419337 -7.938663  5.345415  5.872910  3.447121 -0.461359  8.964258
 -8.712626 -7.892124 -1.696102  7.618623  2.381650 -1.746476 -5.149471
 -1.890531  1.100064  2.599084 -8.871262 -4.325610 -6.890754 -9.876525
  2.515812 -3.187872 -7.375123 -4.887409  5.868322 -7.828431  2.311607
  0.135615  6.673455  2.849729 -7.411002 -6.748831 -6.663683 -7.278630
 -5.125451  5.200621  6.546100 -2.370836  2.073003 -4.347227 -0.579363
  5.120147 -8.221302  7.806041 -0.888811  8.426216  8.669582  0.959793
 -0.452161  4.445706  4.852678 -6.726773 -6.179104 -6.158649  0.225964
 -6.980412  6.089926  0.351193 -2.232900 -5.288269  9.990025 -2.836530
 -8.477545 -2.387218  1.007738  5.780707  9.962045 -0.591190 -0.559446
 -2.096039 -0.908491  4.589406  6.479703 -8.562611  4.514497 -9.121105
  1.567550 -7.210975  1.800839 -2.403390  6.436172 -3.497012  0.441509
  7.087796 -5.538160 -0.384013 -0.601816  4.240904 -9.861150  6.491874
  5.482292  1.241491 -7.488765  2.253222  5.203647  7.696915  2.172556
  8.583267 -5.016868  9.424595 -0.439344 -8.081359  6.641448  0.024405
 -7.768589 -6.495762 -8.791206  9.562980 -7.042155  4.041459 -2.852148
  0.450977 -6.671868 -0.585573 -8.352172 -1.251008 -5.990728  9.997032
  8.257038 -6.855640  3.397396  3.838102 -2.491072  8.988555  0.395273
 -2.736477  6.888013 -6.853053  5.313403 -8.399707  0.591957 -9.283470
  1.691433 -8.834925 -0.749710 -6.909868  2.627938 -9.089643  9.139044
 -7.317110 -5.495657 -5.293484  9.189833  8.368818  7.200209 -4.094088
  4.729851 -1.873096  9.692635 -0.291929 -0.041348 -0.113316  6.783081
 -3.653461  1.199269 -1.664817  6.719974  1.121394  5.048417  6.250034
 -9.297398 -4.386259  1.758026 -8.260974  4.587816  9.131458 -2.081441
 -8.174460 -1.971074 -8.526211  6.822086 -9.425412  4.651750  3.300649
  5.220010 -3.361242 -4.319501 -8.565278 -7.600721 -6.106850  3.182458
  3.360582  3.839556  3.524994  8.302816 -0.986716  9.754146  0.112343
  5.003386  2.548005  8.409042  5.452994  3.772841  4.913697 -2.854334
 -2.438715  9.247512 -3.431559 -2.538687 -3.353325 -9.955577 -6.897477
 -3.041998  4.551953 -7.632174  1.987068 -1.617070 -5.009881  8.606354
  3.651924  6.765878  0.335313 -4.269881 -3.184483 -2.520886 -1.157778
 -7.702255  7.346246 -9.576704  3.497812  5.077399  9.206337 -5.617561
  5.501656  7.081444  4.142808  5.320221 -8.295535 -0.644774  3.352320
 -0.407221 -9.841086  9.330349  0.833419 -4.789290  0.975639  5.209225
  2.758330  5.556049  8.035599 -3.016086  4.830598 -6.169528  7.214481
  1.787165  6.291501 -2.330043  1.713374 -0.711789 -4.872690  9.436899
  1.206239 -3.693289  5.707221 -2.676630  1.562279  2.340017 -8.596074
  1.301158  4.755186 -4.921634 -9.710869  7.798609 -6.044963 -2.463738
 -3.502282 -5.371870 -7.177091 -1.809064  6.999061 -5.037614 -1.694342
 -3.050293 -8.318585  7.537698  6.806127 -1.740090  0.487098 -9.647789
  5.861125  9.210969 -6.047980 -1.151088  6.557570 -6.252220 -8.596873
 -8.572788  6.850281  8.695609  3.197373  8.596567 -9.286244 -7.019619
  2.150358 -4.738664  7.811664 -3.699379 -8.581084  3.896162 -6.417732
 -1.935692  2.094110 -5.214960  8.141737 -4.327627  6.725928  5.821982
  0.241343  4.172797  7.431880 -1.502924  5.767616  4.066686  4.619008
 -9.812000  5.649170 -0.169511 -7.576347 -5.561425  1.650212 -4.214279
  0.554248  6.246428  4.346021 -1.280293 -9.149945  2.793225 -5.234694
 -0.117380 -0.401537 -6.437187 -2.820243 -6.758931  9.170269 -5.350360
 -6.783909  1.719994  7.425932 -0.428072 -6.034718 -1.399391 -6.610179
 -0.745119 -9.648276  7.682856  6.169643 -2.944739  7.644882  1.558286
  2.444994 -6.079656  2.704967 -3.373413  6.902899 -8.812178 -6.094740
 -7.290979 -7.110618  8.957820 -2.613532  9.778337 -7.848013 -6.823845
 -7.227031  4.470385 -8.087980  8.605436  1.689611 -4.854763  5.684100
 -7.865450 -9.015053  8.268258  8.582308  5.700752 -6.004776 -1.928294
  6.489228 -7.594519  3.659318 -4.926969  5.789724 -8.634688  3.370005
 -8.439111  5.090884  8.918671 -7.193474  9.057493  5.529081  6.056737
 -8.379882  2.698688  9.819115  2.542409 -8.408915  0.874393 -2.353603
  9.771410  1.313154  8.532191  6.676010 -6.957309 -3.001392  8.803472
 -3.412494 -0.391706  2.023527  1.466275  3.282827 -5.320032  4.574411
  6.707303  5.342428  7.511981 -3.767080 -8.271878  1.265010  9.850723
  4.468633 -2.585505  0.645793 -8.157119 -5.005220  9.570708 -3.441372
 -0.548362 -9.280379 -4.513142 -2.549313 -4.707189  9.475578  0.134056
  4.939999  8.687839  4.204269 -1.253980  4.271695  8.010304  0.899836
  1.136979  3.982246  3.171189  4.819776 -4.412942 -5.653786  0.927616
 -6.986028  7.897872 -3.782065  0.499388 -5.607783  8.335488  4.242567
  3.972206  2.032727 -4.863377 -1.184893  1.848563  6.661442 -9.986879
 -6.502482 -1.627980  4.029402  3.599808  0.912887  6.774655 -7.073859
 -7.920480 -3.475591  9.101027 -6.236344 -0.768281 -4.780002 -7.643462
  1.100407 -5.133088  9.098589 -1.462751  0.214594  0.911424 -7.228520
  2.017258 -0.063710 -9.912261  5.905475  0.445134  6.515708 -5.327226
  3.689190 -1.462684 -0.881843 -1.210902  9.538490  6.535457  6.369899
  8.033352 -7.114287 -7.264929 -1.874301  9.654249 -0.774946  6.684108
  3.976381 -8.894021  6.396796 -4.930819  4.564593  4.833772  3.524886
 -4.072613 -7.977041  2.699239  1.198627  7.651020  4.054779 -0.822519
  3.201671  1.137775  8.289266 -0.772655  1.393659 -5.579290  0.615268
 -4.263179  8.754909  6.169167  7.493365 -9.979881 -5.464559  3.354179
 -9.566806 -8.498966  1.350431 -1.172894 -3.910424 -6.357171  6.080784
 -1.048444  8.919758 -3.402442  5.956684  9.826711  6.839780 -8.848555
 -6.028353 -3.106360 -4.363550  6.646979 -0.203529  9.033336 -2.317564
 -8.954562  1.637680 -9.354230 -1.803713 -6.425717 -8.325147 -8.134737
  6.854626  6.298580 -3.730308 -9.013442  5.691445  0.814614 -6.029126
  3.575491 -6.887337 -1.180052 -5.777932 -0.501605 -7.578541 -6.179269
 -6.426354  7.605705 -9.327618  1.409444 -7.112269  1.483873 -6.983885
  9.371460 -8.743176  8.349189  8.270884  3.995986  0.794934 -1.134012
  7.922638 -4.010715 -1.017406 -9.063968 -9.052757 -9.779652  9.083986
  4.909411 -3.673189 -6.321441 -7.977736  9.668085 -6.931488 -0.591026
  8.466741  0.515795  4.644559 -1.501619 -7.025718  9.189153  1.798285
  1.332943 -3.948720  3.619273  5.605481  1.907297  8.173791  7.420542
  8.947664  8.297441 -6.827783 -2.248483 -6.667923  4.186122 -8.453704
 -4.552981  9.238999 -6.183825  7.638594  6.444432 -7.219621 -1.740157
  1.192526  9.607062 -6.628942  1.456365  2.757271  0.815773 -9.482649
 -0.827769 -2.919401 -6.771270 -5.637900 -4.429242  5.337538 -3.274567
  3.553282  7.161444  6.550307  8.680262  9.620631 -1.995559 -5.883589
  3.147682  6.811809  3.749863  1.243936 -0.724403 -5.886306 -2.063984
  1.682489 -2.348197  4.062147  9.286311 -6.420056  6.365825 -6.953171
  3.288196  9.412078  6.272334  8.569596  0.400642 -9.826759  4.199895
 -0.668896  1.258765  6.716393  3.098210 -6.429895  2.714617  7.862899
 -6.636395  5.819893  9.658040 -7.469481 -5.760820 -2.245127  8.091125
 -7.793399 -8.135685  8.493055 -8.186816  4.411389  3.266642  6.431936
  7.106981 -3.070576 -6.131950  4.772385 -2.728305 -8.750744 -0.069420
 -0.982969 -9.337931 -1.955626  9.962379  1.335324 -4.406637 -8.734443
  0.615209  2.460530  8.309643  2.169808  3.753636 -8.625952  4.327989
 -8.284567  8.637736  1.613747  2.814385  8.265039  9.135093 -5.462762
 -3.558361  6.284588  8.256548  5.700888  9.248528 -0.072359 -9.406766
 -1.630934  7.552247  6.576392 -5.745150 -1.772383  4.971407 -9.713604
 -8.815291  0.970810  4.698363 -8.296977 -6.101925  3.755234  3.516894
 -4.581594 -5.466599  6.778732 -2.545347  2.858312 -5.183634  8.759264
  5.693866 -4.617998  3.314402  4.324542  6.277510  1.867987 -7.267742
 -6.150762  3.518039 -0.314173  3.818099 -4.242009 -2.018905 -1.358311
 -7.907622 -0.790738 -8.500467 -6.989446 -3.777230 -3.311300  1.923537
  8.337341  4.728355 -7.761569  1.837523  8.330090 -9.860021 -9.718092
 -3.704293  8.828737  3.385800  9.227246 -0.967100 -1.114354 -6.716993
 -4.846680 -8.147764  2.901648  3.321685  8.989158  9.332066  1.487841
  8.876956 -0.937138  6.976835 -1.873782  3.788486 -9.395647  4.204977
 -1.497056  6.839791  0.471973 -5.796702 -0.890541  6.577881  3.480749
  2.107626 -0.643015 -4.598991  6.700538 -2.618944 -0.714743 -1.998995
  5.199615  6.459376 -3.140602  1.515178  7.766402  5.410188  5.561367
 -8.147784 -7.709028  3.018159  1.771163  1.864989 -9.647051 -6.169732
 -1.037302  4.373610  8.933500 -7.559223 -7.569783  1.550597  2.924049
 -6.555834 -1.489447 -3.425794 -9.320015  7.292708 -8.908421  5.889134
  7.714492 -7.127225  1.891831  3.383357 -9.655299  1.285176  2.017219
 -9.701158 -4.737020  2.655219  6.242510  8.201153  1.370686 -1.804511
 -8.240659 -9.973203  6.676507 -5.638584  1.681493 -1.775397  4.411927
 -2.828764 -2.835443  4.025484 -4.977819 -6.838964 -2.721609 -7.693195
 -3.676900 -2.867868 -4.170374  0.346297 -3.729076  4.721081 -1.606916
 -7.171412  7.976358 -7.208197 -0.154428  5.625661 -8.230129 -2.210448
  9.620980  3.428510  7.625478 -0.539520  5.052645  1.498921  2.755301
  5.877492 -7.600267 -6.370586 -2.393527  8.366347 -3.627635  6.306271
 -1.901531 -5.262185 -9.446195 -3.943132 -6.283995  8.147749 -0.452157
  5.058998  6.700970  9.434609 -1.566833  0.952568  4.670507  8.117832
 -0.226181 -0.421610  6.769363 -4.757509 -0.071133 -4.996004 -4.084939
  1.591837 -2.942565 -8.621103 -8.300201  6.033414 -1.137323 -9.767266
 -7.494612 -2.049338  2.454150 -2.256547  0.906155  9.028876  3.665144
 -0.117099 -5.209402 -5.106416 -6.846377 -2.794172  0.434714  7.941278
 -6.051553 -0.073736 -4.818672  9.737514  4.305566  5.459413 -5.917223
 -4.543296  8.116619 -7.061809  9.888591 -5.591159  3.687883 -3.779105
  6.434880 -6.835490 -7.097314  1.013354  5.523415 -4.526089 -7.767518
  8.981849 -2.072406 -3.619491 -4.735102 -1.022477  4.947449 -3.167176
  8.284844  3.872108 -0.131603  7.333998 -2.605000  0.026397  2.230003
 -6.420963 -8.394742  5.128396 -0.103001 -4.349992  0.201303 -8.142196
 -7.136238 -9.057965  8.199041 -8.493872  3.649692  9.988358  7.340332
 -3.993424  7.633492 -5.479700  5.895369 -2.173533 -7.327625  4.065237
  1.772603 -4.331415  3.516094 -5.803068  7.878508 -4.948335 -4.971603
  9.293360 -7.496725  5.382615  8.694660 -6.673349 -2.667840  6.566612
 -3.026661 -4.653232  5.420397 -5.541571 -5.788693 -8.276816 -6.655368
 -0.266451 -9.578656  6.088354 -8.486860 -8.590356  4.312786 -8.163974
  0.099452 -4.315340  1.381161 -4.536662 -5.862102 -2.114442  0.644657
 -6.242562 -6.011491  7.454782  4.871035 -1.924670  1.191829  9.562162
 -3.329478  6.213774  2.915356  6.399540 -4.459741  2.263739 -4.003471
  1.316764  6.759548 -8.142389 -4.296062  6.796196 -4.583330  1.216096
  7.933491  5.137628 -2.391950  9.396445 -7.507842  7.154537 -1.341206
  1.015984 -1.122947  3.235999  0.555890  7.805714  2.121574  1.623749
 -6.429542 -6.084142 -8.690416  0.138962 -5.962069  2.827409  2.857807
  4.225810  2.843743  8.957507 -2.838141 -3.047435 -8.433750 -6.941370
 -1.038450 -8.118059 -5.573105  4.168009 -7.073028  8.873861 -4.387704
 -2.229188 -8.630078  5.882786  5.158224 -6.652446 -0.051945 -2.935045
 -6.140972  8.083308 -4.140781 -1.616443  8.820856 -9.911898  3.987746
 -7.244751 -9.135552 -1.282534 -3.900367  7.189219  8.826354 -4.829754
  9.746475 -1.518756  7.229924  0.882288 -5.318739  5.095784  4.375700
 -6.126934  1.026983  2.682526 -9.990882  1.166371  1.624730 -5.172394
  2.133379 -3.611356  6.651288 -7.256821 -6.081965  3.821246  2.555482
  9.835467  6.065238  6.109817 -4.291120  5.385805  7.048814 -2.434455
 -7.224939  5.348702 -9.611109  3.523279  2.133248  8.431075  0.512337
 -3.786123 -4.606933 -2.644844 -0.687012 -6.004869  1.326157 -1.357686
  8.354806  3.661842  1.054970 -5.396224 -8.261096 -2.804863 -3.763250
  5.324414 -7.434765 -9.641922 -7.552431  7.497238 -7.533571 -4.330476
  6.695824  7.500121  1.406435 -5.263993 -4.268060 -1.464230 -0.649387
  2.746241 -1.148897 -7.512202  1.376759 -8.711720  3.810024  9.398578
 -5.397630 -5.560971 -8.126028  3.116295  9.143479  0.052466  8.267832
 -4.197513  3.051787  0.198957 -0.112413 -2.995739 -6.591877 -3.125107
 -5.104960  4.117414  1.021725 -5.974191 -1.730886 -7.274200 -8.139992
 -2.776751  4.319428 -5.222019  8.911739  0.262942 -7.862450 -8.649396
  8.227112 -9.301971 -1.533090 -5.318454  6.554923 -5.403806 -3.759681
 -4.051115  4.833291 -6.610491  8.083545  3.360237 -7.863363  1.620483
  7.415434 -0.142091  4.561567 -4.864003 -1.498305  2.570097  4.626370
  7.194209  7.660669  5.051029  2.923029 -9.632208 -4.601369  8.607720
  0.846202  6.142431  5.369908 -2.534899  8.951905  1.356111  3.010233
  4.923651 -2.614259 -6.377940 -8.797399  1.036422  1.041643 -5.279164
  7.670319 -4.840355  1.628652 -3.236658 -3.723174 -5.281952 -2.810239
 -5.182576  1.669645  0.498317  8.875477  0.968390  9.913797 -8.502465
 -2.709546  7.394190 -0.512048 -5.096329 -1.953902 -8.559432  3.829166
 -2.101891 -0.284247 -9.286883  0.080729 -2.270439  1.184416  3.896763
  7.641172  9.836521  9.903195 -0.963496 -7.461746  5.532762  9.518471
 -0.522966 -2.507528  7.471814  5.440063  0.626985  3.459121  5.962961
  6.786783 -9.685972  7.001767 -7.181988 -5.096329 -2.465968 -6.323860
 -5.947573 -5.665861 -2.063581 -2.436974 -3.207949 -4.600266  7.499808
 -5.841814  6.710137  8.547107 -8.719975  6.560591  6.469021 -8.809539
  8.616565  5.918252  5.738142  1.854414  2.868581  1.909694 -0.147834
  3.988538 -6.999640  8.729373  7.492815 -5.821791 -8.057778 -4.928887
  6.288415  8.747485 -7.446209 -5.234269  4.268363 -4.878268 -2.804415
 -2.208481 -4.313463 -1.906583 -6.637543  6.170381  9.609631  3.725950
 -7.119645 -5.767466  6.886057  2.709555  9.046364 -5.982251 -0.207442
  5.988167 -8.414194  6.070754  4.601704 -3.092834 -0.901824  1.744112
  9.467105  2.574590 -4.061401  6.098946  0.982998  9.863735  0.935710
 -2.909981  8.948756  1.299698 -2.126902  9.106439  2.018321 -4.563864
 -4.189065  7.884802 -6.348403 -6.019462 -9.194986 -8.378836  0.502212
  1.882993 -1.658918 -3.479813 -6.754657 -0.010414  5.484917 -7.175247
 -7.356489 -7.535506 -9.266446 -5.474708  7.306072 -1.949220 -3.646260
 -1.602982 -6.599935 -4.111695 -4.200985  2.448149 -6.931042 -5.185964
  9.717523  9.725293 -9.944702  3.209509  1.135247  5.098367  6.954711
 -7.792714  1.667618  4.202163  2.892093  3.674229  2.862499  9.227620
 -5.424215 -8.358306  7.022566  5.060006 -6.909936  4.884017  9.378299
  5.933353  3.500325 -9.631785  3.221226 -2.963297 -7.953095  5.389287
  5.251777  1.693491 -0.571094  7.741941  4.493104  5.736117  2.970381
  9.582328 -8.744612  7.728430  3.380059 -4.039892  9.588248  8.977810
 -1.171564 -8.060805  3.834166 -0.733291 -0.960867  3.642748  6.610941
  6.275893  7.775092  6.379962  3.400381  0.058476 -6.934259 -6.359878
  8.046372 -9.052625 -3.517503 -5.855338 -7.275357 -0.972303 -5.507392
  8.749140 -7.688708 -6.763324 -4.849709  5.549132  3.411916 -5.456049
 -9.024622 -7.826469 -6.486662  9.459371  3.548748  7.204047 -0.870371
 -3.528561  9.851823 -6.301023  9.569276 -1.215463  9.048042 -6.545875
  2.567932 -3.448740  4.437235 -9.917077  7.567331  7.054747 -4.431988
 -5.657582  2.653187  2.367660  4.880025 -6.158759 -9.499225 -1.414212
 -2.104457  5.744752  0.117217  7.720822  7.793662  9.813242  3.586451
 -6.151396 -4.500698  5.505722 -2.131114 -0.863040 -2.576519 -7.625368
  6.911742  0.440897 -2.403013 -4.782303  3.756433 -9.916385 -0.487397
 -3.526848  5.142678 -8.265617 -5.985796  3.273403  2.496134  5.407998
 -9.144643 -4.325660 -8.431593 -6.355828 -6.477071 -6.546126 -8.012824
  1.755706  7.761007 -0.056848  9.810578  4.761002  9.775390  4.013121
  2.620578  6.523347 -1.079251  5.438738  1.102831  5.597443 -3.242498
  4.619169  3.182170 -6.929997 -9.490307 -7.222964 -0.582039 -9.022525
 -1.859726 -8.786625 -7.389706 -2.070251 -6.034788 -0.839238 -7.570071
  9.553484 -5.939558  7.624683  3.058318 -9.921966  2.821776  4.064716
  1.383448  4.996443 -1.312071  5.244320  0.106606 -5.620560  2.221351
 -8.533612 -1.705552  3.912439 -4.829447  2.674809  7.002389 -9.524516
  5.941523  9.901126 -4.419617  6.017060  5.467524  0.181684  8.678989
 -3.055086 -9.967480 -1.310063 -3.123394  9.120676  6.599944 -1.416035
 -4.757411 -2.575419  3.928909 -0.123892 -2.163550 -1.999888 -6.225445
 -6.419861 -9.102259 -8.560343  6.646402  9.464500  5.882210  3.429804
 -3.943855 -4.522052 -8.665084 -0.544120  9.112865  0.566676 -9.649791
 -1.104233  0.221613 -7.511686 -0.757460  1.052328  5.271937  2.286418
  9.663177  2.953584 -4.708758  4.646542  3.953966 -0.184820  2.370675
 -9.877986  3.236812  4.414995 -6.771266  7.138603 -3.849092 -4.180695
 -0.331719 -3.658693  9.407563 -1.915978  9.334807 -9.602652  9.952626
  5.017805 -2.247782 -4.993374 -8.407721 -3.654709  0.227643 -4.301104
  6.989775 -9.409830 -4.474703  9.678151 -2.093336  6.105126 -6.904864
 -6.913706  1.739621  7.757231 -8.622244  0.423288  1.941930  2.939455
  2.109551 -6.903466 -5.821042 -2.826892 -3.209277 -0.683802  2.858379
  2.564614  4.650867 -2.983779  5.772398  7.883176  1.856618 -6.973404
  0.932951 -6.088209  8.941229  5.422696  9.361104 -1.973983 -0.762728
  1.968441 -9.935164 -6.989868  2.640550 -4.385680  1.402508  5.452346
 -8.085272  0.683103  8.815820  4.131980  8.263652  3.779008 -3.954389
  2.389030  4.903990 -2.272924 -2.966784  8.150162  4.813822  5.755149
 -7.630574  4.205385 -7.493689  6.752132  5.577123  1.701902 -8.021200
  8.859546  5.418944 -9.356943  5.713737  9.459356 -3.452828  1.664063
 -5.134157  6.676419  4.915258  6.563244 -3.977857  9.860607  7.629491
 -8.922375  5.578607  2.706763  6.367786  6.099572 -7.370750  3.167576
 -4.937364  4.209882 -1.579994 -1.349481 -1.307686 -0.706268 -5.203823
 -0.071736  1.325466  5.498514  0.733476 -7.493126 -8.754934 -6.773254
  9.544216 -7.087868  5.192891  5.448771 -2.852018  0.610170 -9.763913
 -8.242539 -1.248904  9.980575  3.715029  1.500644  9.748040  9.603235
 -9.149802 -6.293205 -7.605176  3.460475 -3.866163  7.831818  2.644376
 -6.989191  7.255065 -6.973900  0.641698 -0.386587  8.061074  8.941298
  9.245047  0.679528 -3.855175  4.883522 -0.102575 -8.144323  5.827090
 -3.278616  7.374182  8.028870 -8.564930  2.899965  9.185312  3.296845
 -6.098444 -9.233166  5.491787  7.597867 -0.699698 -7.022244 -5.517299
  4.202781 -0.187059  1.597115  3.879160 -1.715191 -1.248851 -2.664456
  1.800322 -5.119502  1.425185  1.951128 -6.723945  5.748149 -6.417657
 -1.541062 -8.386998  3.171355  6.180350  6.367582 -2.425291 -4.935104
 -7.638589  7.183389  2.990715 -5.394663 -5.570219 -8.245175 -8.226166
 -9.298640  0.841472 -9.655027  3.894269  5.423102 -7.028387 -9.553699
  9.391521  5.762892  4.672865  8.752941 -0.360899  6.780805  8.015735
  7.814585  1.046623  9.703388 -3.592544  4.931584 -6.779945 -0.482559
 -0.617371 -8.079333 -3.638149  1.023223 -7.207504 -2.088263 -9.195477
 -5.591731  2.037286  1.929378 -8.713736 -0.919776 -4.398609  5.987514
  2.813619 -6.181193  7.833426  6.374313 -4.719156 -8.664404 -9.307243
  4.037145 -9.719393 -1.089685 -6.442249  9.737179  5.627469 -2.811044
 -5.423696  1.900092 -4.976939 -7.273822 -2.421299 -2.450555  8.644737
  9.663428  9.993147 -1.126767  4.120418  6.720089 -8.291410  1.082335
  8.926474  5.283385 -2.083301 -1.015485 -0.184424  3.843589  2.412172
  3.843318  2.312887  0.931759  1.356006 -5.362614  0.083682  1.262163
 -0.628797  7.327673 -1.535195 -8.273833  6.061496  5.047137 -0.999850
 -4.358498  9.739163  4.828156 -8.228086  5.064612 -1.696280 -4.086315
 -7.967771  6.992241 -7.817057 -1.429825  3.565278  8.601306  9.155289
 -4.764679 -2.419766  2.619307  6.241663  4.827943 -7.530923  4.425132
 -6.541085  7.795118  0.608354 -7.952686 -5.909690 -1.010415 -6.270020
  8.431672  6.486107 -4.067353  1.978086  4.921855 -0.089388 -9.579376
 -9.352591  5.027182  4.602013 -1.727684 -0.364102  2.383290 -0.063221
 -3.540206  5.142166 -1.964805  5.218372  0.116905  9.017246  8.179541
 -8.073224  8.669132 -1.253189  2.462872 -0.127835  4.938717  3.155485
 -7.679918 -8.437217  9.798274  1.297953  0.088308  1.105224 -7.313198
  4.236971 -5.939380  5.232902 -2.329432 -5.917063 -2.650749  5.812184
 -7.306614  9.447682  4.317813  9.292200 -5.209254  2.342238  3.992225
  6.451922 -3.759911 -8.693027 -4.919270 -1.679443  9.039540 -8.876124
  0.349700 -0.858119 -0.411590 -9.593578  4.142846  2.197679 -4.220765
 -8.164753  6.057598  7.811462 -0.218804  9.574463 -8.884535  7.206677
  1.269783 -1.169246  1.348672  8.085136  3.990813 -1.431958 -2.908298
 -3.563393 -9.005946  0.481844 -6.529901 -5.371995  6.065597 -2.711116
  4.554455  4.968145  6.814355 -2.336074 -0.217310 -8.574903  3.829784
  6.315366 -2.499537 -6.991905 -2.712146  1.659363 -2.252482  3.530015
  9.989389  1.980256 -1.293829 -5.523885 -9.837239 -4.542344  0.873256
 -0.099724 -4.131353 -8.085446 -6.286524 -3.211502 -1.248223 -7.382373
  9.673049  4.749553  7.046015 -9.854319 -1.681088  9.073739  0.335060
  3.942934  1.478930 -8.339659 -3.757496 -8.624381 -7.131237  3.128324
  1.662600 -1.912013 -2.960598 -0.435410  5.167503  1.935559 -6.881559
 -6.102199 -3.705233  6.011673 -1.601331  6.293703  5.638817 -5.212654
 -9.438567 -5.810126 -7.298832  5.992193  0.544135 -2.741322  4.537932
  4.232837  9.042736  3.465597  2.272792  9.888161  1.036612 -1.226393
 -6.934432  7.915136 -0.715957  4.650339  6.988977 -2.639360  9.330708
  3.637667  1.418691  7.329270 -5.416313 -6.853393 -7.306986  4.797299
 -5.125729  2.591922  0.098460  5.000135  5.499408  6.943589 -5.017345
 -6.570506  2.905009 -6.235689 -5.908624 -6.786029  7.474809  4.884777
 -1.923624  5.086881  5.308750 -0.501675 -8.184836  3.877486 -9.732373
  6.747795 -3.480505  3.514946 -7.362385 -3.069756 -0.459762 -7.722701
  9.987901  9.808002  8.890883 -9.519388  4.577358 -5.097205 -4.856762
 -0.112604  9.779571  5.673781  1.692252  6.828745 -9.024346  1.574292
 -7.188197 -4.359202 -6.444478  8.902171 -7.535142 -0.898612  1.853420
  4.799791  3.942354  4.064065 -7.028506 -1.430860 -6.996558  5.987635
 -8.582256  5.873120 -6.707048 -3.499410  7.323075 -8.202070 -8.571526
  7.635398 -2.643567  2.386732  6.689313 -5.356425 -3.484996 -0.172933
 -6.755461  9.244836  1.954644 -5.763632 -8.511678 -1.218087  7.157833
  7.953462 -8.614345  4.109058  2.796410  8.611187  8.507079 -8.280192
 -7.846516 -9.090720  8.783961  0.590040 -7.717365  8.716515 -8.981100
 -3.131365 -9.135620  7.703366 -0.376369 -4.308266  1.675937 -1.245526
  4.316578  5.927951  8.992458  4.533126  3.054838  0.433365 -0.490078
  5.869051  0.236581  8.820019 -0.892081 -9.495194  7.782800  2.947703
  0.028010  8.467922  4.853323  5.797855 -7.683072  9.504576 -9.481317
  8.334159  6.636397 -0.982139 -7.623055 -3.631700  8.313194  4.360981
  0.830383 -7.306632  5.068461 -0.427038  4.563587  3.115615  0.356745
  1.516633  1.755796  7.326460  1.386461 -4.653902  1.467407 -7.444956
  0.038129  3.406651 -3.094662  0.167079  4.935942 -6.271009 -8.539965
  6.208544  6.881477  6.684774  5.472289  7.569761 -6.604193 -3.158662
  0.509843 -6.624819 -7.913453  6.087271  8.379027  7.095339  4.576810
 -6.442836 -8.848973  5.703818  3.530498 -2.134128 -4.807218  3.074310
 -6.119069  7.350007 -6.623459 -1.464230 -0.866671 -0.304475  9.840208
  1.928657 -1.892725  4.893218  1.997024 -1.417148  7.390713 -4.655404
  4.149152 -2.125507  3.669085  3.984896 -6.425977  0.735951 -3.376329
  9.384971  4.696810  3.144098  5.548134 -3.976482 -3.009176 -3.141256
 -2.589783  3.200104 -3.229516  8.001563 -8.195580 -6.731002 -1.314330
 -8.073746 -4.815321 -5.970799  6.628597 -5.753596 -8.909901 -4.822762
  7.601721  7.022935  7.662614  6.476675 -8.048360  8.134492 -9.198057
  4.539920 -4.867156  8.652804 -7.357398  3.165376 -0.338437  6.382561
  6.242421 -4.950745 -1.891539  5.705080 -5.577135  8.929301 -5.760629
 -5.435599  7.092940 -3.806995  1.763642  3.379737 -7.950193 -3.206192
 -2.195434  6.588804  9.879597  5.391192  7.314805 -4.420521  2.063199
  5.047924  5.043423  5.112652  9.621989  7.555356  9.029309 -0.229864
  2.421706 -2.741238  3.453472  7.441729  7.476032 -3.864631 -0.494350
 -2.929131  8.902378  3.194058  1.184838 -8.076736  0.711956 -8.525595
  9.022715 -5.015533  0.616585  7.159177 -3.510769 -8.083451  6.502152
 -9.039179 -1.769921 -0.254304 -7.204862 -4.933184  0.783456  9.234137
 -2.491850  8.348117 -9.856224  4.846599  8.217488 -9.151503 -8.809065
  9.406738 -3.190868  5.066686 -4.029702 -3.335076  4.443206 -5.412423
 -8.923565 -2.716244  5.873386  4.499846  1.349492  2.064854  8.836370
 -1.032072 -7.715150  9.814865 -0.345990 -1.838310 -8.612549 -8.085277
  6.562126 -1.182422 -2.411511 -0.834889  6.933268 -5.535864  3.458357
 -5.696563 -5.582157 -1.905316  4.886581  3.713674  6.839937  0.145733
  3.936729 -6.408127 -5.228501  4.487928  5.994133 -3.805773  7.076952
  2.224056  1.554032  7.111686  2.020667  8.630492  7.763370 -6.172566
  4.808716  9.815534  4.192928  1.455358 -6.290146 -1.261536 -3.750501
  1.914115  8.827171  5.029826  8.745629 -7.966139  0.939267 -2.276983
  4.942261  4.425893  2.185542  1.759499  5.256524  8.968982  2.144671
 -0.689851  5.471685  3.727857  7.777500 -6.797139 -8.572636  7.476900
 -9.503828  8.141513  5.563369  2.779242 -2.642052  9.635650  3.909279
 -2.677778 -9.448467 -0.122483 -3.821032 -1.173287  4.002692  7.056242
