-8.10813143897 1.13537369487 -1.9037217437 0 0 0 1
-3.90090040501 4.79383957218 1.58378758758 0 0 0 1
-9.03993198542 -1.19488686232 1.07292649724 0 0 0 1
9.78568615621 -7.24954187803 8.06266151391 0 0 0 1
-5.3164113232 -2.16310335723 -8.09433294828 0 0 0 1
8.73752123676 -0.242808823216 8.61662128642 0 0 0 1
-2.43635707895 3.16362195789 -1.89884351678 0 0 0 1
-8.14246816394 6.01393412381 -7.66776885264 0 0 0 1
-8.6269522675 7.53475519198 0.100569546968 0 0 0 1
-1.70290736097 -6.35588474767 9.12833069255 0 0 0 1
1.87923996368 0.754685210711 1.82662762279 0 0 0 1
2.68406544221 -9.32997380305 6.7859165393 0 0 0 1
2.03922097277 8.84805213528 8.48858882333 0 0 0 1
-9.21671390616 5.57335642164 8.30566805834 0 0 0 1
-8.03969603071 4.35910495048 0.981404397771 0 0 0 1
8.71031826704 -4.64469820164 4.82464770881 0 0 0 1
2.52449691126 -2.59798094192 0.206931895265 0 0 0 1
-4.71699972119 -9.49123283346 0.882226779267 0 0 0 1
3.67745863474 -0.118097067096 -1.52443207959 0 0 0 1
2.52287504101 0.530376229879 8.70279222993 0 0 0 1
-1.68430799871 6.65872102166 8.51895024744 0 0 0 1
6.33643128954 3.53865171963 -8.19748294474 0 0 0 1
-8.93525169651 -0.583748398027 -9.86318316531 0 0 0 1
-8.23063189648 1.36855257373 9.3914785344 0 0 0 1
-3.00981279206 -1.16208869388 -9.75835869095 0 0 0 1
7.57828430168 3.71538068513 3.58487783753 0 0 0 1
5.77282889443 -9.42038247999 -2.80385003444 0 0 0 1
5.10723845863 2.48119876769 6.33217822253 0 0 0 1
-6.26602524022 -6.53186386018 4.34339670227 0 0 0 1
-4.10795450026 -4.25987047031 7.46249594882 0 0 0 1
2.27447888491 1.56128484575 -3.62039071614 0 0 0 1
0.186147209271 -3.01836712709 -4.59797401428 0 0 0 1
0.95748348199 4.7425629117 2.73250779697 0 0 0 1
7.76943882537 -9.62487924307 8.93914934386 0 0 0 1
-8.57943952548 1.21411177834 -2.95502162909 0 0 0 1
3.0621076111 -3.9485565217 9.27243200038 0 0 0 1
-1.58978344872 -6.12002374138 -9.45562692229 0 0 0 1
2.08447459497 -5.1586420672 -4.73643990185 0 0 0 1
0.127756251532 9.15566202693 9.43794925363 0 0 0 1
-5.01828870129 -5.74666303343 -0.123145882432 0 0 0 1
8.37292399107 9.00373331056 -1.33414096219 0 0 0 1
-4.55716151848 1.13253012757 -9.44446150927 0 0 0 1
8.37696697273 6.6995765485 -7.79006259102 0 0 0 1
2.84342801242 -7.28869358602 9.85127144367 0 0 0 1
0.667400459772 3.15216036845 -1.20217569843 0 0 0 1
-9.6665929776 -2.68241560254 -0.0570658464661 0 0 0 1
-7.87369371823 -0.269826407748 -2.34619921131 0 0 0 1
-7.6223793232 -8.98253696919 8.51760416837 0 0 0 1
6.45154029746 2.54053318954 -2.0933935719 0 0 0 1
-0.251505880137 -2.07922240409 6.44915819119 0 0 0 1
-4.98042708791 3.59104988205 2.0655954899 0 0 0 1
8.31826270614 3.35092052775 -9.58306529018 0 0 0 1
7.07057122023 4.05073248192 7.34604599891 0 0 0 1
7.94935670955 -4.4133778978 -1.4747938706 0 0 0 1
-4.19465016455 2.66907751643 -8.52920551933 0 0 0 1
-1.27916580764 -1.90130699945 3.432997756 0 0 0 1
-9.86876347529 9.1056125103 -3.18596256478 0 0 0 1
3.82485529467 5.77413886339 2.60194797515 0 0 0 1
4.72535802393 -8.72903882217 -3.90579530912 0 0 0 1
6.6872109657 -4.51948022196 -7.3618354571 0 0 0 1
-0.431583989275 3.04428767422 3.14642992759 0 0 0 1
-7.69527776648 -8.24839232936 -7.39170531829 0 0 0 1
9.01353405679 -9.2217940463 7.07131885918 0 0 0 1
-6.95280054532 -2.81485841007 0.726025786543 0 0 0 1
-2.2970417568 -0.307022397566 3.81115338512 0 0 0 1
-6.29623794532 1.28103635445 4.1071974451 0 0 0 1
-9.01025896364 -7.85876286254 -0.0625632144965 0 0 0 1
8.02571427867 9.76797133694 -5.79854967477 0 0 0 1
9.68913720663 -9.85647387645 -4.29780622206 0 0 0 1
-2.03190333512 -9.10956994339 -5.80939059714 0 0 0 1
-0.211506534621 8.34273766563 9.66496914302 0 0 0 1
-2.5683320381 -0.618410712648 8.4411850233 0 0 0 1
3.62187284687 1.50887358716 6.67356857006 0 0 0 1
9.88269650446 2.54241615274 2.87789828294 0 0 0 1
-1.18128475602 -0.262509583924 0.318155576335 0 0 0 1
4.58571754366 -1.82907545671 2.57953340856 0 0 0 1
-8.71473856487 9.60564374229 1.67028654547 0 0 0 1
4.63590700423 6.77114585585 5.19461516181 0 0 0 1
7.69336791011 3.65922627749 -5.91534072796 0 0 0 1
9.65360343281 -4.6553562287 -2.97717759514 0 0 0 1
-1.5900594759 8.4588048775 -3.78665833652 0 0 0 1
-3.3108961635 -1.51163379826 6.76840612781 0 0 0 1
4.59235667355 -5.14019191566 -1.72964864057 0 0 0 1
5.05930499422 -8.67446818884 -1.23979303161 0 0 0 1
-6.52132268281 -8.83263435932 -8.14847010256 0 0 0 1
-6.72077715458 -1.69585884811 -0.746741112229 0 0 0 1
7.50887464752 1.91536164001 -8.22203414277 0 0 0 1
-7.3194811793 -1.22509695314 2.43522431053 0 0 0 1
-3.91996293917 2.92439015939 8.45842577354 0 0 0 1
-3.07743950887 3.33836047041 4.41031074619 0 0 0 1
-8.53380194559 3.35391536932 9.00001828084 0 0 0 1
0.883514999805 5.10897022923 0.311252728424 0 0 0 1
-3.48438815029 3.97510962033 -3.01435483452 0 0 0 1
-1.35308648486 5.9887489596 -1.21750943208 0 0 0 1
7.7938427647 -1.80874465646 -1.74031237116 0 0 0 1
-8.83251507 7.13834090912 8.28098004603 0 0 0 1
-2.95622879998 1.20329556435 5.26964289424 0 0 0 1
-3.1751404419 -7.13434904497 4.24081966324 0 0 0 1
-5.20529192649 5.77706917338 -2.13803414648 0 0 0 1
3.66027847451 -5.06154251582 3.30322268075 0 0 0 1
3.31650596845 -2.11184121941 4.71306343521 0 0 0 1
6.09953869673 7.80438643197 6.90235238905 0 0 0 1
-3.10622022113 -0.0856806424044 2.47559914598 0 0 0 1
-4.57122891662 5.98539566006 -5.29261175336 0 0 0 1
-3.51423479789 -4.36730169402 7.85084240813 0 0 0 1
-7.66436077085 9.11847085198 -0.493668070773 0 0 0 1
5.82641784818 -1.32763294713 4.29746737512 0 0 0 1
-8.75180385157 7.68732673253 -9.08063071744 0 0 0 1
3.24038798565 3.01464589772 -0.228553558646 0 0 0 1
-4.41398287373 0.236440058366 6.76987970059 0 0 0 1
-0.34907737201 5.29948567626 -7.20774764335 0 0 0 1
9.85696943645 8.16728840832 2.4808591063 0 0 0 1
-8.44303320251 -1.86469027335 9.40688714954 0 0 0 1
5.1095607129 1.85875259616 -6.30527976331 0 0 0 1
2.3331442534 -3.70044727819 9.55350308223 0 0 0 1
6.73720592555 -1.06473477563 5.83830111985 0 0 0 1
0.913084655304 -0.930257194111 2.62957662088 0 0 0 1
-5.27512466379 -1.00541804186 0.481980110097 0 0 0 1
-0.569556064221 4.17919029898 -0.191447330892 0 0 0 1
8.06527210034 5.31257198413 -6.4067472508 0 0 0 1
2.2599391209 3.65840223373 3.83499775353 0 0 0 1
6.76979766757 -7.49890016702 9.72775968531 0 0 0 1
1.27797735476 -7.82084258512 3.40906456515 0 0 0 1
1.40105173055 -0.330208659779 0.607455614198 0 0 0 1
7.40043604087 -5.506151439 -1.10229268519 0 0 0 1
5.71510456096 4.83540046502 -5.08908508958 0 0 0 1
2.41048847356 -5.16621348059 9.53890094794 0 0 0 1
2.63846198284 9.4916586578 7.53828802464 0 0 0 1
4.01486763515 1.51966858348 -5.16455741022 0 0 0 1
3.79010004183 -7.31214398007 5.61888000338 0 0 0 1
8.41728093017 -5.91975571773 7.59312488939 0 0 0 1
7.09540088317 -3.76020739197 4.33469536117 0 0 0 1
-8.29645187209 4.0105116275 3.73449146322 0 0 0 1
7.39382974789 6.56660846929 4.55591070329 0 0 0 1
0.834877771187 -4.29502558514 -9.35472431542 0 0 0 1
-2.03459140155 4.83770087283 9.76818554831 0 0 0 1
-9.82853119568 -5.37049486507 1.21610392991 0 0 0 1
-8.31829710345 7.43255713007 8.99417902882 0 0 0 1
-3.60688691369 -9.32167018194 3.97026374259 0 0 0 1
-5.60845234584 -9.38450222828 6.55169351776 0 0 0 1
-0.851437379897 4.04922875685 -2.68292542366 0 0 0 1
-1.08557938113 3.65225462853 5.64549217015 0 0 0 1
9.43029244813 -9.13551881111 -4.98441930082 0 0 0 1
-4.89835240535 -5.58223245233 9.59873217584 0 0 0 1
7.75174944464 -3.56056944607 4.98922706112 0 0 0 1
-3.67235193988 -1.40758711755 0.913169249382 0 0 0 1
-3.2656774828 -5.74992402863 -7.9177824266 0 0 0 1
-9.88007552384 -7.04712633781 -2.44345598069 0 0 0 1
-8.87738349952 1.2762838041 7.86319691019 0 0 0 1
-2.48652229138 -7.46508166767 2.97336693882 0 0 0 1
-8.06756737986 -2.85208864799 0.118662182085 0 0 0 1
9.79791983406 -1.02518717649 8.16222553506 0 0 0 1
2.64575024907 -0.361428445596 -9.95556379704 0 0 0 1
-5.88178454139 -7.17961062979 8.75332100997 0 0 0 1
-0.360633357344 6.66258633954 -6.85272542388 0 0 0 1
0.0738538076042 6.539783784 -9.96789937949 0 0 0 1
8.91461445295 0.335711358212 7.15518150709 0 0 0 1
7.11005215725 -8.0954584748 4.91190203581 0 0 0 1
4.51568195566 -5.04571351229 -3.55645574309 0 0 0 1
-9.58829532327 -8.80578070011 -6.48108654449 0 0 0 1
-8.23988125684 1.36312744338 2.1611849398 0 0 0 1
-5.14060318806 7.04607799908 -8.36797110922 0 0 0 1
7.64353171638 -2.87174766779 -2.22097938269 0 0 0 1
7.31321495016 1.1356476291 -6.89605229051 0 0 0 1
7.01724078747 9.82624987827 3.55453215349 0 0 0 1
-3.7326630466 1.27782891174 5.27207544454 0 0 0 1
4.2860839107 9.43347263513 -9.53596795351 0 0 0 1
5.36657423215 1.6518425186 -1.27962252581 0 0 0 1
1.06140497116 -1.47595678907 -9.25307133361 0 0 0 1
-4.30727877831 1.42768442195 -3.0867813085 0 0 0 1
8.93094615542 -0.318077817135 -2.21208322858 0 0 0 1
5.33375730227 8.24862725958 8.63463179169 0 0 0 1
-0.559403644874 -7.33092176556 -9.2497147964 0 0 0 1
4.08677929625 7.10197628873 -0.445528342184 0 0 0 1
7.84272473726 -6.91219902566 -8.68575619893 0 0 0 1
5.11122780685 -7.82005383362 -7.99321672518 0 0 0 1
1.98297965995 9.04331151961 7.01145535081 0 0 0 1
-8.29410171111 -8.51336453847 0.882595989669 0 0 0 1
7.33809924797 8.19099805405 -1.99846064873 0 0 0 1
-2.36786494428 -2.32123922647 -4.76586459065 0 0 0 1
-7.32143500431 9.39727112733 -5.40860200944 0 0 0 1
3.12632008623 -5.49327311083 0.089815230684 0 0 0 1
0.651849364079 9.25477547094 0.536844001985 0 0 0 1
4.70927321107 -4.56414705728 7.06975519297 0 0 0 1
-4.06162780367 7.62611833116 0.371988665922 0 0 0 1
6.95754364402 7.98139591384 2.5105526814 0 0 0 1
-6.23018074473 -0.40560706845 9.33848248024 0 0 0 1
-7.1886382198 -8.33725462144 -4.45649420211 0 0 0 1
-9.46363811033 6.87345362757 -5.19009919602 0 0 0 1
-4.14574934085 8.60004098059 9.93127751594 0 0 0 1
1.26160583679 2.3733092536 -9.97545371034 0 0 0 1
1.62038074114 -4.0354246511 2.16267560498 0 0 0 1
7.80989048105 -0.59827981135 8.93483621487 0 0 0 1
-6.55425150776 2.90909466355 3.13683970908 0 0 0 1
8.19579704413 2.98257080764 4.5448016417 0 0 0 1
-0.553113843285 -5.22138828489 6.19103230099 0 0 0 1
9.21632324277 -7.969950133 -3.76090151053 0 0 0 1
-2.87843319458 2.29826014789 1.02837216717 0 0 0 1
5.16114432379 -2.58195116346 -4.90897851275 0 0 0 1
6.90134183599 -1.03151245584 -1.24757331322 0 0 0 1
-0.620235774878 -4.77048380246 -6.27336720404 0 0 0 1
-1.21961681588 3.05100379461 3.80402288291 0 0 0 1
3.79014040527 -0.0748845929719 5.65495265129 0 0 0 1
5.93159491484 -9.33755784316 -5.79498959413 0 0 0 1
0.0106337048002 6.26861176932 -6.05585714688 0 0 0 1
-1.05799070353 -7.55806331479 4.68726610061 0 0 0 1
4.19039668164 0.599187127585 -7.17642290426 0 0 0 1
-1.24663900396 2.13656873453 9.7923822608 0 0 0 1
3.21962589288 -9.63516879731 7.06184989858 0 0 0 1
2.93847360207 -6.41875707393 4.31360605535 0 0 0 1
1.78197952628 -8.23713270205 5.53288644583 0 0 0 1
0.057804197904 -5.67360507675 8.48818897558 0 0 0 1
-2.40222048342 -0.10104994003 -1.78008277079 0 0 0 1
-5.47979469934 -2.81827444646 -3.98946107274 0 0 0 1
0.197179176486 7.90376022992 5.81052803247 0 0 0 1
7.08118387492 -0.726265161875 5.31171969993 0 0 0 1
-0.0625426077569 6.89324446698 -2.22537955397 0 0 0 1
3.46537928094 -2.88876890034 -5.37791433706 0 0 0 1
0.679171554734 -6.42854560619 1.94828037065 0 0 0 1
-5.0995417493 -4.1276525024 6.67561646896 0 0 0 1
8.28176452134 5.41907501842 8.82796112898 0 0 0 1
9.52124394417 1.55955829108 -9.63471026331 0 0 0 1
-9.56923219201 -6.00327320295 3.60954967581 0 0 0 1
-4.43623901395 9.36429091715 -1.13016879902 0 0 0 1
0.159428688996 1.80669094211 8.41162185612 0 0 0 1
7.12133191049 1.94635880671 3.55642339472 0 0 0 1
-7.19653755696 7.01864831957 -2.74577337899 0 0 0 1
7.68835251068 8.91604311563 6.47557537192 0 0 0 1
-0.265040925625 8.469708307 4.37078640431 0 0 0 1
-2.7569534972 6.36006396723 6.96533663899 0 0 0 1
4.30005674996 0.676717944007 1.85059892869 0 0 0 1
4.69435699664 5.63494749433 3.39681110401 0 0 0 1
3.97566581898 4.40268201401 -2.03669360682 0 0 0 1
-4.69671590025 -2.66982831255 -1.80851719156 0 0 0 1
-4.18833716563 0.0265885934376 9.52336477821 0 0 0 1
-1.84656315998 -2.9078500609 0.411188023334 0 0 0 1
-6.57490397331 -2.03934987194 3.42564798315 0 0 0 1
4.75549462101 -8.88139744788 -0.0163120468898 0 0 0 1
9.61664859792 -6.90263921428 7.85709084593 0 0 0 1
-4.13696115038 -4.94490471545 6.25401401207 0 0 0 1
-4.71761840171 1.80020287375 1.09312863441 0 0 0 1
6.49544963315 -9.59104497548 8.38893635231 0 0 0 1
8.88740696271 -7.22524935858 -6.93307691166 0 0 0 1
-8.3990229445 -3.79795841355 0.740768739665 0 0 0 1
7.40983728115 7.00149417527 3.19449912392 0 0 0 1
2.55404118004 -4.67107275252 0.424312958304 0 0 0 1
-3.21196247266 -5.87811950933 -1.56167493881 0 0 0 1
4.68261009783 -3.41447051757 -0.938283504899 0 0 0 1
4.94887587091 2.35059930487 -8.69254109535 0 0 0 1
9.20648746478 0.411506569767 -2.27221155745 0 0 0 1
6.9707329242 -8.23406534967 1.45924109193 0 0 0 1
7.8090695982 -6.28289861755 8.28289295492 0 0 0 1
4.49300014155 1.24968061306 -5.43148849365 0 0 0 1
-8.75469093533 -3.88113962874 -3.62227573978 0 0 0 1
3.87514853548 9.64715750676 7.15897383844 0 0 0 1
8.94375819522 -0.933663194747 -9.46371733112 0 0 0 1
2.47864403509 4.03046701099 5.83389588997 0 0 0 1
4.60519446873 6.63703481761 9.99994432326 0 0 0 1
-4.47032727711 -7.05406839044 -6.39046691079 0 0 0 1
-0.172257096485 -8.3146814348 -4.69482106851 0 0 0 1
-4.17291367143 8.91861483291 -6.52934674595 0 0 0 1
7.89052335415 1.07024704439 0.0468726057867 0 0 0 1
-1.79625090754 -5.22528652414 -5.92043501533 0 0 0 1
-4.6188910967 9.72530467385 -3.93523138411 0 0 0 1
2.84950418986 9.3703104451 0.789222019967 0 0 0 1
-8.56553927078 -9.01375637387 -6.34662121489 0 0 0 1
9.04259627493 0.0812391194057 -8.85503283831 0 0 0 1
-0.929704672963 1.14402730586 2.20429353991 0 0 0 1
-2.5062033009 -7.79834977753 7.89125322029 0 0 0 1
-4.46606715893 4.19982252647 3.10589381662 0 0 0 1
-2.36133003669 3.87003780548 -8.39996839338 0 0 0 1
3.12433078354 2.79428177746 -8.18198047653 0 0 0 1
-4.79463295628 -0.248690798052 -4.61695121205 0 0 0 1
4.80997803216 -6.47289468861 -9.96053713952 0 0 0 1
-8.95771366082 9.77897934833 -5.90544914756 0 0 0 1
-2.33387844383 1.2621421368 7.32704343023 0 0 0 1
-8.13376279669 4.24074311266 -1.98635698293 0 0 0 1
6.24977114579 -4.68706271762 1.21040329847 0 0 0 1
1.33094822201 -7.29788391251 0.96614668677 0 0 0 1
-7.32571672029 0.881621426287 -7.34955830263 0 0 0 1
-6.21108130778 -3.26071962993 -8.1964136191 0 0 0 1
3.47880992467 4.84790662125 9.60542014634 0 0 0 1
-6.14601049522 1.53475109582 -5.34811001294 0 0 0 1
-2.54294780301 5.96281784848 0.847663115745 0 0 0 1
-3.62159746192 8.29653175341 -8.03918903758 0 0 0 1
-7.02922072241 4.78140946074 3.77537349731 0 0 0 1
5.91019831738 -9.5633874542 6.39111332594 0 0 0 1
-9.94396843505 -1.98022412181 -3.37525120231 0 0 0 1
9.43687724139 -9.59250064074 2.66806679389 0 0 0 1
-0.724741181787 4.21340842255 -0.0579024286551 0 0 0 1
8.79406157496 -2.4595616017 5.34163058553 0 0 0 1
8.3747520907 -9.99582110042 0.384177578153 0 0 0 1
-7.93061525574 -1.09798345576 -9.10159950069 0 0 0 1
5.92325441491 -8.7338949615 -4.12201928066 0 0 0 1
-2.6304032444 0.439907069371 -0.897696106755 0 0 0 1
-4.78744017306 8.43698866921 2.31163219009 0 0 0 1
1.1207779464 2.93300941768 -3.19246101323 0 0 0 1
5.40118303545 -6.72265363093 -9.54594091665 0 0 0 1
8.71327017594 4.67411336724 -5.73762356066 0 0 0 1
9.82927913629 4.95935416271 -8.51656260459 0 0 0 1
1.20591095458 -1.20473554106 0.0619474681453 0 0 0 1
-1.2264376119 8.90456393224 9.81670036926 0 0 0 1
4.07829343626 7.50630467501 -0.485074143217 0 0 0 1
1.41730446494 -4.29815624478 -2.80700192168 0 0 0 1
0.0267235626456 -5.95968792613 -3.83610839296 0 0 0 1
2.12044844979 -7.63014913374 7.83808371498 0 0 0 1
8.35731244664 6.53186909033 5.39524970131 0 0 0 1
-0.922299164606 -0.601621192833 -9.45598136256 0 0 0 1
7.89686559768 -8.94060300531 -5.64751192986 0 0 0 1
0.256590939197 9.67397531764 9.48949205362 0 0 0 1
-1.34388800363 6.2705829331 -4.85401554572 0 0 0 1
3.90567600919 -6.48357968869 6.17657654417 0 0 0 1
2.6117072006 -7.44628539328 1.4074353259 0 0 0 1
-5.22602371299 -1.58286423451 -7.66646582845 0 0 0 1
1.83947247156 4.13441111677 6.24665416201 0 0 0 1
8.44527441864 -9.62142054616 8.93103353454 0 0 0 1
5.65390633454 -8.21565762897 0.33113976744 0 0 0 1
-9.91779140673 4.93517315505 9.83228731113 0 0 0 1
6.21077838476 0.306049839197 8.63023124518 0 0 0 1
-8.61153468045 -6.08178978642 -0.874335189043 0 0 0 1
2.93024333863 9.39005631015 -8.0158508267 0 0 0 1
-1.63603352148 -6.53449193281 9.11823765295 0 0 0 1
8.65994975416 6.83322370326 -1.50062982647 0 0 0 1
-3.50202629342 3.52480270249 4.16056531957 0 0 0 1
2.77077890035 1.13881495586 7.78905588478 0 0 0 1
8.53485267176 1.16264030371 3.56957843742 0 0 0 1
-6.69223486648 -2.45905589931 -7.75020603154 0 0 0 1
-6.16309238298 5.26643076223 -1.32238444704 0 0 0 1
4.10697694193 -0.45733434873 -5.45685366532 0 0 0 1
0.758511287112 -0.753533529575 -0.51123988986 0 0 0 1
-7.53107948085 6.31043310575 1.26541261915 0 0 0 1
9.34798379353 4.05444098577 0.923353619452 0 0 0 1
4.80345300181 1.64884455757 2.72438327559 0 0 0 1
-2.60714176934 -6.98448068154 -9.91181482208 0 0 0 1
-3.9188755662 2.86189966992 -7.93644584523 0 0 0 1
8.3499363399 4.07422069513 -8.43194977435 0 0 0 1
1.85953784224 9.22017155889 -5.39552509366 0 0 0 1
0.125603933221 2.16794654858 -7.52492411558 0 0 0 1
-2.74433718461 0.970896014348 0.526188730046 0 0 0 1
-4.61299609288 -8.09231183807 3.82108509267 0 0 0 1
-6.11354988102 -7.21618297034 -4.67390105607 0 0 0 1
-3.86870095591 9.071245328 -1.76856736611 0 0 0 1
-6.92962925311 -1.30290467281 -4.84129395659 0 0 0 1
2.5663248597 -5.860512924 -2.56513465867 0 0 0 1
1.24563031741 4.52440588421 9.74281233843 0 0 0 1
7.44866305013 -2.97478590491 -3.64462754512 0 0 0 1
6.53741844168 -5.17700879859 0.705877645157 0 0 0 1
-0.713152139312 1.92672194645 -8.14659352009 0 0 0 1
-8.38190800193 1.84576461437 -3.5102699996 0 0 0 1
-5.1194689639 6.07508002222 0.558558511318 0 0 0 1
2.31496063318 -5.82958894143 -4.49782600684 0 0 0 1
-4.43271769695 9.67355456011 -2.33557264534 0 0 0 1
-3.06526683032 -0.379133180617 -9.63049792146 0 0 0 1
3.24549123645 -0.042774495591 -5.87188780327 0 0 0 1
-9.86418170772 -2.05608086745 7.51856106894 0 0 0 1
-5.23814964794 -8.31750666018 5.3677352616 0 0 0 1
-5.05412499446 -1.75285548893 -1.94294960702 0 0 0 1
0.222562133316 -7.6548832144 6.53984770282 0 0 0 1
9.61817453877 -9.4446722259 5.08334122844 0 0 0 1
-0.0279045308065 5.43836764279 -8.30321081576 0 0 0 1
1.72606308972 5.21958817833 4.91586293933 0 0 0 1
6.99268825102 4.40654211185 -0.172700971286 0 0 0 1
-4.69020859558 6.07188257779 -5.10471065091 0 0 0 1
2.29836915683 -4.63811420634 1.80868116461 0 0 0 1
-5.49090264345 -7.9194978298 2.89103667879 0 0 0 1
2.77151930097 6.20569919681 9.16819028271 0 0 0 1
-2.07045736593 -0.868657451124 7.94391467068 0 0 0 1
0.703420987335 -2.52496585334 -8.13708262873 0 0 0 1
2.69063199946 -7.93909118836 6.81273494308 0 0 0 1
6.71363548653 2.92299185529 8.86772878469 0 0 0 1
5.78493692049 -5.36918993449 7.19737883454 0 0 0 1
4.01553518789 4.56276340452 -9.84063706675 0 0 0 1
5.58318298569 -9.2106524039 -4.04793956762 0 0 0 1
1.62386268246 5.57241919116 -3.39012909476 0 0 0 1
0.575226388044 -3.80689612207 -1.88141010687 0 0 0 1
3.56412030881 -3.21139360485 -9.31213509821 0 0 0 1
7.08212584418 -7.66519295064 -0.751916158728 0 0 0 1
-0.188148265763 -1.43850658165 6.87908512132 0 0 0 1
9.24909829243 3.73458843236 -0.244455048932 0 0 0 1
8.71900429256 -7.29254424045 -0.591761348752 0 0 0 1
-6.15487213492 8.20996283473 -4.54004812224 0 0 0 1
2.96382255309 -2.00110323997 -3.16312994975 0 0 0 1
8.40468701892 -9.14068756401 -7.10823290678 0 0 0 1
-3.19566230111 1.89350462865 -2.44109319607 0 0 0 1
-1.81815368829 4.2476876834 -9.70797093834 0 0 0 1
3.60578285699 6.46118038957 1.73189132803 0 0 0 1
3.06351754138 6.54025406783 -6.25652754431 0 0 0 1
-4.9224904828 -9.79734603655 -8.39054612013 0 0 0 1
2.74852783378 5.65265659049 4.34389618782 0 0 0 1
-6.69204221606 -5.91030622583 0.530038871673 0 0 0 1
9.64985830264 0.289973207951 -3.85295570123 0 0 0 1
-7.02885833602 -4.38003343973 -9.2387786492 0 0 0 1
-9.74192214099 -8.87420554657 -9.6650422729 0 0 0 1
9.08662282638 -6.46348245536 2.33236923119 0 0 0 1
-5.34039442137 -7.66823435699 2.05711864104 0 0 0 1
-2.97548927675 -9.47300680518 -0.6072258153 0 0 0 1
1.22925350228 -6.73483183167 -2.54781188371 0 0 0 1
9.6258602455 -9.26174775551 -6.80914199482 0 0 0 1
0.626850406545 1.15889787607 8.72356000689 0 0 0 1
5.33340203586 -9.96863642137 2.12829442041 0 0 0 1
