7.93370178761 9.6303389468 -0.195439596999 0 0 0 1
-6.26448717324 -1.64504491823 -4.13004745949 0 0 0 1
-0.130433510588 1.11021047776 -1.87652717176 0 0 0 1
-4.51558757942 9.00416621055 -0.657259272261 0 0 0 1
4.52991100396 -5.60855683838 1.6428269953 0 0 0 1
-3.50177580925 -7.45983310273 -4.23540069447 0 0 0 1
-5.96028598914 7.75610207646 -9.55542545199 0 0 0 1
-1.42392182701 2.43665266795 -1.29167063275 0 0 0 1
9.48991078103 -7.65068215871 3.51920349931 0 0 0 1
-4.62767964691 -3.10581865278 -5.45682473696 0 0 0 1
5.93434011574 9.62086228827 -9.60115068182 0 0 0 1
1.05330108604 9.079112958 -3.28226341621 0 0 0 1
-3.29115214484 2.65670677324 -1.87836521627 0 0 0 1
9.81783562345 1.06081824381 6.43569779614 0 0 0 1
3.52284013774 -0.623730172933 -1.56134248468 0 0 0 1
-6.67561032784 -3.51318993387 7.90725276734 0 0 0 1
7.40576382474 -9.69134235777 4.13380435747 0 0 0 1
1.53862958007 9.04482068247 -1.93029566678 0 0 0 1
-2.83733711633 9.54901810099 6.05562792925 0 0 0 1
2.09883177035 -6.69392192074 8.74274812789 0 0 0 1
-3.0806994529 -7.94812599535 3.86599314418 0 0 0 1
-4.91481369895 7.38669211385 5.38195474829 0 0 0 1
-6.93824741494 8.73502655629 -0.294794397097 0 0 0 1
9.10455770785 -7.30260744575 -6.57186682785 0 0 0 1
-8.81963989515 -0.815149252433 8.59807046005 0 0 0 1
-9.12024956915 -6.26921747019 8.68800050081 0 0 0 1
6.95169548795 9.56405110074 4.87227954709 0 0 0 1
8.65311887692 0.348961133088 3.13796806252 0 0 0 1
-2.38622889934 6.4815168271 -8.76982732639 0 0 0 1
4.57177104533 2.93597254276 3.4893651691 0 0 0 1
1.11900188223 -7.59454460361 1.08285762371 0 0 0 1
6.00002725095 -7.13535002254 6.51769534157 0 0 0 1
-7.33518317196 -4.24682705319 -1.06826943249 0 0 0 1
-2.95814758587 2.04122903603 -8.95347059883 0 0 0 1
-3.9874640022 -2.58308486952 9.49056516933 0 0 0 1
2.58038039785 4.1142957696 3.30979850309 0 0 0 1
2.41567299034 1.56882417042 -4.83535025507 0 0 0 1
7.59588552483 5.91332788469 -4.03392380391 0 0 0 1
-2.12572659908 -7.60750482617 9.5812254082 0 0 0 1
9.90520052743 -2.21016002 1.88643342113 0 0 0 1
-8.79912078842 7.05995581876 -2.66834308136 0 0 0 1
2.68201901272 -3.45498406366 1.30260574635 0 0 0 1
9.43702438276 8.78876792406 -3.4955801834 0 0 0 1
3.06964092779 -6.25687303594 -9.80703973093 0 0 0 1
8.26454470992 -7.78864375204 8.26801333156 0 0 0 1
-5.80646492901 -0.285119947228 -5.0526261973 0 0 0 1
-7.76526084236 5.47609915898 -6.69617240168 0 0 0 1
-2.31953337765 5.52690426011 5.61132041365 0 0 0 1
-7.18045501553 7.46690375502 0.91819002232 0 0 0 1
5.29895210792 -4.52080882521 -9.18969014038 0 0 0 1
-4.61082598278 -6.60968570838 9.4655013922 0 0 0 1
4.11289302221 -6.46804597133 6.84432551964 0 0 0 1
6.99959898817 5.84503436571 -9.65937059152 0 0 0 1
-0.510162330126 1.82721015858 -8.77874181189 0 0 0 1
-3.38813783139 -2.68955395741 -1.23105522599 0 0 0 1
2.08863643718 -6.8978192146 -7.94548288284 0 0 0 1
-0.290250975617 3.50240926668 -4.41939998878 0 0 0 1
8.68163020489 -8.85898857589 5.56050726212 0 0 0 1
4.3316890143 4.92203366395 -0.551162728253 0 0 0 1
-1.68407823575 7.48735612829 2.98308488419 0 0 0 1
-1.54405273992 -2.85509280954 9.8356872255 0 0 0 1
6.36952267115 -4.68678926913 -6.64869512431 0 0 0 1
2.70456555627 0.64964331 7.20370247196 0 0 0 1
2.42914044468 -3.23403592015 -9.19330957691 0 0 0 1
-7.64450858647 8.58800539099 4.61188140519 0 0 0 1
-8.19986812467 1.87548709031 -9.27974154748 0 0 0 1
-7.29471322801 -7.30362876419 -7.18052837946 0 0 0 1
-1.52853478867 9.19225032323 3.17545341683 0 0 0 1
-8.67689451736 -4.72219339396 -7.69163847171 0 0 0 1
9.92330559536 1.43636701206 3.48578298999 0 0 0 1
-3.1543991287 -0.0911899951631 8.47995640429 0 0 0 1
-1.85363392726 6.84476349454 3.25052200834 0 0 0 1
-4.9072898912 8.9050531808 -4.01384640066 0 0 0 1
0.341205273433 -4.97099504166 -3.6354209361 0 0 0 1
-6.42849106676 -4.06869047576 3.73177782538 0 0 0 1
6.21935945742 6.74192318605 8.66998487093 0 0 0 1
-8.76063824262 -2.57889183745 2.93053300881 0 0 0 1
-7.18764942976 8.90233370857 -6.7417729766 0 0 0 1
2.47576218817 -9.42698334053 7.01334142958 0 0 0 1
0.612701480814 7.33989497915 -4.50703170918 0 0 0 1
5.05203058031 -8.27470954113 -3.83324525292 0 0 0 1
7.34646299905 0.267396306824 5.08468504284 0 0 0 1
0.826110268238 3.19754054272 -8.49307750759 0 0 0 1
8.91242534454 2.98895331213 -0.139194222381 0 0 0 1
-3.47668630114 -9.84540515237 7.93380075446 0 0 0 1
5.10372399559 5.75887624807 1.31828548185 0 0 0 1
-8.54726472445 -8.52963994251 -0.631011752624 0 0 0 1
-5.03961787841 -0.425610872055 -7.69039450205 0 0 0 1
-0.599219319119 -9.70428344484 3.22107335936 0 0 0 1
3.72519422135 8.54623481127 2.26143807291 0 0 0 1
4.22545790354 -9.85732864922 -8.79892490822 0 0 0 1
-9.31745960832 0.862568946155 9.79579730096 0 0 0 1
-9.92973561477 2.08050134617 4.64898032567 0 0 0 1
-5.6634285838 5.0817506207 0.0570839433697 0 0 0 1
8.1142708023 2.95992805703 9.4040040801 0 0 0 1
8.45057602345 -6.63253828953 9.36771330288 0 0 0 1
6.48174389392 2.63505992178 9.94247648863 0 0 0 1
8.75982420438 2.12329128986 -9.51361556393 0 0 0 1
-3.85948985953 6.30802175146 -9.23020142388 0 0 0 1
-2.19160674687 -4.19069154793 -4.20490983198 0 0 0 1
-0.331710203533 9.81308774621 -2.93458884454 0 0 0 1
-9.23346492934 -5.11126727738 -1.07945393302 0 0 0 1
-2.02140412227 -1.95970857625 5.43160236336 0 0 0 1
9.92834766827 -2.84807903291 -3.45781818827 0 0 0 1
-2.83849439675 -4.8399111484 7.51893504643 0 0 0 1
-3.48506796695 -3.50516208937 4.7538844394 0 0 0 1
4.79854817634 -6.45260678006 -3.91391623073 0 0 0 1
6.12036510953 6.60902762849 7.53128762486 0 0 0 1
9.53466542444 -8.29038042831 -4.84592889771 0 0 0 1
-9.72974803803 -2.17016899157 -5.28318705712 0 0 0 1
-6.91683941215 -6.31800492445 -4.38229107763 0 0 0 1
4.86935387863 -3.03647013961 -3.1245728077 0 0 0 1
-1.53389767011 9.18545043783 -9.82737952506 0 0 0 1
4.6822158931 7.17720839115 6.13261989875 0 0 0 1
-4.43063167392 2.43739305832 5.31142141197 0 0 0 1
-4.14113842404 7.23506479738 -2.60123656755 0 0 0 1
9.89305906818 6.38266204071 -2.23800508632 0 0 0 1
-1.20061021192 -5.66176920997 -3.53117536 0 0 0 1
-6.64799735195 -3.85738793393 0.44505262511 0 0 0 1
3.72926478742 -7.52237100538 8.4779481331 0 0 0 1
-1.90538742964 5.14767433646 -5.30519885591 0 0 0 1
-6.07193767217 -2.87630162643 5.02261444846 0 0 0 1
-5.32628958259 -0.0289695680089 6.92454367028 0 0 0 1
1.67448163562 5.51529543042 2.99373122401 0 0 0 1
9.17345228755 -4.48076521561 -9.92844438456 0 0 0 1
-4.20355415269 -5.15697713541 0.13708271389 0 0 0 1
2.16052094809 -3.76856478647 9.94810715104 0 0 0 1
3.12031345252 -2.08466437573 -4.00357620605 0 0 0 1
-8.00043057992 0.266592513457 0.661517485053 0 0 0 1
0.974216730216 3.62611284736 0.265175232277 0 0 0 1
9.00341777723 -2.09576264923 3.13382130962 0 0 0 1
-6.23317317144 -6.92751839279 9.33060896301 0 0 0 1
3.48642303466 -7.2136340101 4.86136940496 0 0 0 1
-3.86613479363 -1.1062076052 -9.86507359099 0 0 0 1
-4.70322413416 7.28503737688 8.48780760534 0 0 0 1
-1.42357994752 9.51279031355 7.91833379056 0 0 0 1
0.458140465509 -4.02392179872 7.55877993951 0 0 0 1
6.39298166418 -0.576239027855 6.1793086369 0 0 0 1
-3.87987983134 -3.71560855626 8.4713886812 0 0 0 1
-7.50598085562 -0.467110176425 -9.86341059974 0 0 0 1
9.00553044824 9.93435024727 -3.18189243892 0 0 0 1
8.96038175085 -9.13660288502 5.06524904764 0 0 0 1
-1.94533968867 -3.19014943088 -4.60185824845 0 0 0 1
-8.7041253698 -8.82993820232 -7.37498651918 0 0 0 1
-8.31371571478 -9.97015988269 3.87075721006 0 0 0 1
7.39400823306 0.949343909024 -6.21735588072 0 0 0 1
0.63783748335 5.57123471832 -9.1502584563 0 0 0 1
-6.88432086764 8.66441698142 -4.80435335862 0 0 0 1
-6.29092146257 4.70340253861 -5.57937713112 0 0 0 1
7.10596364431 9.96280291929 2.8586123924 0 0 0 1
3.90084347364 8.65971343389 -2.74142120073 0 0 0 1
-9.42698833404 -4.93153150784 -1.78520540802 0 0 0 1
-5.27439365474 -7.78496779129 -9.80427402911 0 0 0 1
-0.496871637398 -9.87920911095 -9.46940980438 0 0 0 1
9.46350334116 -2.20701130975 0.283825244327 0 0 0 1
-5.27961185547 6.54633552359 8.5859851168 0 0 0 1
-7.28643061256 -5.51616823312 8.11505362715 0 0 0 1
3.82745768988 0.384540642762 0.387806405541 0 0 0 1
1.71655600074 5.44647171034 3.62772494595 0 0 0 1
-9.58849001099 8.11295049093 -2.11429828638 0 0 0 1
5.13285298609 -3.77217493495 5.10841721556 0 0 0 1
-7.5713684636 -3.90555637613 6.70823925835 0 0 0 1
2.63331196315 2.97077834758 -6.08307059338 0 0 0 1
5.97547732136 4.43468564585 3.79035691552 0 0 0 1
6.86329584694 -1.58460283293 8.42416533185 0 0 0 1
6.5436399562 6.33087022788 4.07743841005 0 0 0 1
8.27392905701 0.142774931943 -8.12151287568 0 0 0 1
1.58411068279 -7.38940047286 -9.81968570827 0 0 0 1
9.93225718407 -1.45057123451 7.76094368749 0 0 0 1
4.59912984556 9.78776874273 8.8924201804 0 0 0 1
-0.478326133433 7.26988324545 9.90339771267 0 0 0 1
5.86089619077 0.0131489879983 -4.39411058775 0 0 0 1
-0.351627353835 -2.83276418023 -4.27787358102 0 0 0 1
-9.9265919912 -9.25761259214 8.52143733374 0 0 0 1
-9.84589727778 -3.65597171477 -0.849798629778 0 0 0 1
7.42931847299 -2.87405347139 2.79496691112 0 0 0 1
2.3929662706 0.37712024479 -1.44682118882 0 0 0 1
5.37424545559 -4.31573896916 -2.83884702027 0 0 0 1
7.13489849633 -9.57537296248 3.90484303855 0 0 0 1
-3.85443535769 0.141515091976 0.0158525248267 0 0 0 1
-2.09531011226 5.6676712632 -5.37823014108 0 0 0 1
8.00070301129 -8.12138866838 -4.04520724641 0 0 0 1
2.01110676966 5.02395604789 -2.46132900081 0 0 0 1
0.286266938741 3.37769165741 -0.521377050503 0 0 0 1
1.97128735108 1.1965200621 -8.44093940919 0 0 0 1
3.55568533633 -7.0552836334 7.08494728092 0 0 0 1
6.44496970925 -5.00433438114 -1.46325265676 0 0 0 1
-8.19255185811 -5.32367899252 2.18699682205 0 0 0 1
-4.59675981163 9.70292027708 -8.48663977928 0 0 0 1
1.92123064061 -3.1213423051 4.89975314799 0 0 0 1
6.80088846338 1.12735811571 -2.86823602385 0 0 0 1
7.953318317 -6.64119679981 -9.73783020063 0 0 0 1
-4.75063245804 -0.709161440844 2.47729629829 0 0 0 1
6.782283578 1.48688022483 5.42011801636 0 0 0 1
-9.03285453181 -2.74852899225 4.16488873607 0 0 0 1
-3.22866802591 0.738868522507 7.31968946105 0 0 0 1
-0.798258249251 3.04932698214 4.53730867032 0 0 0 1
1.08731360072 -7.51683462852 0.302526827236 0 0 0 1
-2.16641682053 0.169598694908 5.5340121856 0 0 0 1
6.91688898591 -4.18924115356 -7.23780202951 0 0 0 1
-4.71255343415 -3.22345089136 8.13460243172 0 0 0 1
6.63657787543 9.83601761872 7.60351866635 0 0 0 1
0.606986910813 5.23871246604 1.46569144227 0 0 0 1
-3.42577701464 -6.35976822514 -1.81718313696 0 0 0 1
6.63585504127 -3.23021549963 9.97431101976 0 0 0 1
3.7419012406 -3.74474985914 -7.29852811011 0 0 0 1
-6.18019556832 6.24878057426 9.98634030768 0 0 0 1
-3.80332667164 -6.68312014991 2.53385989534 0 0 0 1
3.26164637545 8.30958845804 5.71577824224 0 0 0 1
-4.64182411237 -1.79593214948 -2.65386366768 0 0 0 1
0.950720888006 -3.35465527628 -6.18052267251 0 0 0 1
9.70610697847 2.29285411378 1.94038640979 0 0 0 1
-6.38063040478 3.54503380219 8.73112983351 0 0 0 1
-8.68662176937 1.48453051391 5.93113063259 0 0 0 1
-4.42021296609 8.7400523814 -0.0152433022775 0 0 0 1
-4.30793134633 -6.77682014364 -6.37591707925 0 0 0 1
1.24140355697 7.85451342769 7.02226157054 0 0 0 1
-1.84286596834 -5.47358700027 -7.72290615617 0 0 0 1
6.75686300908 -3.53260115021 7.07336745947 0 0 0 1
-6.84354085736 1.22281304543 7.11744270862 0 0 0 1
0.612591692597 -5.81405192704 8.6360467314 0 0 0 1
9.84078731953 -1.7062312761 -6.87497835682 0 0 0 1
-1.18625590865 -7.34364599358 8.88819741412 0 0 0 1
-2.1907207466 8.04252109691 -3.93557298364 0 0 0 1
-1.00321444115 -0.240042831346 0.894667303108 0 0 0 1
-0.966211402256 8.17355480124 7.88881291497 0 0 0 1
7.20467649042 -5.57798008479 9.213967543 0 0 0 1
6.37658316163 -8.6126994378 7.9915765608 0 0 0 1
2.17611928467 -9.29022710715 6.87673208968 0 0 0 1
9.71182985513 1.8054753148 -5.34798344753 0 0 0 1
7.21856893902 6.76982134277 -7.95979503922 0 0 0 1
8.61741083172 8.70562161972 8.52328314979 0 0 0 1
-3.57144803838 -6.22194701537 7.20689817424 0 0 0 1
6.33144084869 9.72295085502 -9.13115744506 0 0 0 1
8.76918873841 2.68021385845 6.30141086959 0 0 0 1
-0.342865171087 -7.8729038891 3.77074454779 0 0 0 1
-5.1504886251 2.871790717 4.64421968438 0 0 0 1
-2.2103110473 -7.45111188071 -7.01667682422 0 0 0 1
0.240562579719 -8.88206809402 -4.5511141815 0 0 0 1
0.00933570620986 7.05987760473 4.99798073149 0 0 0 1
-9.21489686722 -0.847415679763 -7.18947055085 0 0 0 1
4.41534715146 1.04851851297 -1.93107788781 0 0 0 1
5.3172119889 8.13988714207 8.81680137917 0 0 0 1
-9.05100998973 -7.34601728677 4.22240748948 0 0 0 1
-6.211822224 9.74512062797 3.13861248341 0 0 0 1
2.10033243045 -1.49033859825 4.49107818127 0 0 0 1
6.75553856827 7.38487311317 -7.70772658365 0 0 0 1
-5.28591466404 3.22868669802 -1.38581256834 0 0 0 1
7.70473094968 5.57187966704 9.70405560928 0 0 0 1
-6.54237785398 -7.2500562665 9.41910390505 0 0 0 1
-4.43041951412 2.86425911996 -5.01076924568 0 0 0 1
6.9622862759 -7.31387862428 3.30585007323 0 0 0 1
6.58060734247 -0.800966130834 8.58555002636 0 0 0 1
-9.26244830337 -7.55730855639 -8.47103188796 0 0 0 1
-2.40028120162 -6.19699916471 -0.981415530427 0 0 0 1
0.721896931663 -2.56994090371 4.97664168902 0 0 0 1
