 512 0
 4
 0.E+0,  0.5D0, -.025
 -1.0E-14, .F.
 -2.476329 -8.177440  0.003047 -0.349150 -9.446089 -8.534555  7.670522
  8.139196  5.172309  5.915972  4.027090  1.005655 -3.834496 -3.471542
 -9.382075  3.538453  4.722101  7.920038 -0.639020 -6.387434 -8.615801
 -5.107753 -7.069555 -8.160488  0.581810  6.498701  0.093605  5.589685
 -9.932257 -0.415355  5.933187 -5.720534  7.854601 -4.079064 -2.008609
 -4.180047 -3.655102  0.067033 -1.430274  4.125731 -6.868810  9.616657
 -9.871210 -6.679743 -6.215110  7.661694  8.673655 -3.016916  0.879011
  1.660582  3.230430  4.248364 -1.405248 -0.143198 -0.730201  6.864969
  3.293681  6.737028 -5.922830  5.766799 -1.621314  0.121442 -5.465853
  9.278193 -3.134761  2.857543  5.113176  4.034648  0.780536 -2.326817
  6.391921 -4.909192 -4.063719  6.334982 -0.510565  8.053918  7.485621
  2.385831 -9.960524 -8.272525 -3.982620 -1.271918  6.831523  2.403550
 -0.047781 -8.967738 -1.957313 -0.846774  1.419309  5.441798 -9.613923
  9.862480  3.041938 -3.492297 -2.172262  5.787320 -1.935820  5.690066
  9.863510 -4.892166 -9.706367 -3.350808  4.189719 -7.221065 -4.097009
 -6.335430  5.558288  0.549953  3.502271  4.640105  3.875484 -0.953245
  3.713167  3.337444  7.985523 -8.589888 -0.777964 -1.908297 -6.118205
  4.242304 -8.939502 -8.401708  0.218054 -0.405764  4.222925 -7.783030
  7.527888 -4.060208  6.660274 -6.263405  1.390897  8.095490  3.364217
  6.186163 -2.784682 -0.230158 -1.960817  4.891064  0.121662 -5.803238
  0.233741  0.770184 -4.691551 -3.335413 -3.306168 -4.653618  2.132284
 -3.603585 -0.217643  4.668200  4.984364  1.373718 -5.916502 -8.717033
  1.188319  4.062343  3.642160 -6.189283 -7.776185  1.821433  9.813281
  3.459673  6.390051 -2.389732 -5.247010  1.767473  6.440091  7.863839
  1.112755  5.206502 -6.273795 -8.860148 -1.107218 -5.396309 -5.194642
  2.584012  4.851207 -7.998445 -2.093713 -3.289626 -1.677290  2.679220
 -1.860360  3.483369  3.934783  2.181824 -0.483896 -5.062421 -0.780652
  4.796473  6.880388  6.188315  6.831553  8.937556 -8.740296  6.193137
 -4.634323  3.660462 -7.074860  6.928551  3.201206  5.005913 -0.703660
  5.815155 -3.476284 -4.048026  6.125673 -9.349937 -9.047144 -3.858719
  9.618424  2.101019  2.697426 -2.164566 -5.149422 -0.582813  5.640975
  5.131148  1.005835 -1.073205 -3.653995  2.830185 -7.891698  4.239845
  2.190994  1.560873 -3.685280  0.112771 -2.564477  7.483095 -7.378706
  2.100305  7.997143  0.016269  4.656860 -3.652661 -3.499525 -5.435894
 -0.955572 -9.340366  9.268156  8.937861  6.416816  9.584854 -6.658840
 -4.716114  2.744633  9.925168 -9.276608 -1.905165  5.650243 -5.297133
  1.149222 -2.720060  4.742744 -6.010547  0.071856 -2.812317 -1.067128
  5.167324 -3.246804  9.300218  7.380039 -0.240935  1.023729  9.721450
  5.163396  7.382647 -0.468951 -1.224644  4.487776 -6.247138  1.947048
 -1.399499  8.596929 -3.138460 -4.978756  4.136091 -0.446195 -1.140931
 -4.338784  5.387653 -8.522385 -0.085585  7.337326  6.982813 -6.196352
 -5.451221  7.985512 -6.308155 -7.779202 -2.708081  7.398637  8.413115
 -6.777075 -3.016703 -1.182365 -8.638237  6.733969 -5.966430  8.997888
  6.537198  9.899063  2.157992 -5.782535  2.856757 -5.594708 -4.456972
 -3.341605  5.533533  5.686934  3.459961  8.534195 -4.972213 -4.255779
  0.504931  1.676451  5.775463 -7.514718  2.037269  7.779487 -9.078889
  9.180933 -7.046962 -4.441638 -6.381396  2.141015  2.661156 -3.463346
 -7.296955  7.571244 -5.948174  6.200829  3.832746  8.314832 -6.036457
 -3.424169  8.455907 -2.368123 -9.061559  4.401487 -9.871765 -4.810376
 -6.198568 -3.784179  0.638180  9.464443  5.705335 -8.908797 -2.770521
 -3.058848  9.169166 -8.402106 -0.020611 -2.503239 -2.974556  9.575721
 -0.314464 -7.899085 -1.057651  3.854722 -8.883549  3.113414 -6.239091
  2.057086  4.511111  6.918364 -0.078349 -3.119871  1.147765 -6.587423
 -3.736941 -5.081884 -1.959624 -4.933963 -6.547270  8.608187  7.475611
 -1.902886  4.455323  3.178504 -1.696158  1.420486  4.963982 -2.930848
 -3.396130 -3.519581 -7.084698 -4.613893 -8.924858  1.366240  2.274489
  6.909187  6.417125  4.750694 -7.237551  4.769927  8.848616  5.816234
 -1.261467  6.751405 -6.935355 -6.035140  6.082980 -4.125605 -1.486515
 -1.148396 -2.092245 -8.415392  6.955894  9.861840  4.603578  6.606792
 -0.566448  2.860547 -5.173072 -6.564025  2.035416  9.729084  7.970004
  1.040089  4.926972 -4.891518 -8.316107  8.875492  9.304742 -0.042577
  2.637328 -3.932992 -5.966429 -7.062739  9.955034 -7.912316  6.339513
  9.464229  9.209406 -4.043274 -5.833300 -8.593312 -3.858902  2.752476
  0.885450  9.291503  3.154881 -3.204845 -3.246055 -5.383294  4.963498
  3.445847  4.967621 -5.065215  2.732205 -1.032600  4.656173 -4.981930
  2.183699  1.823518 -8.854721  9.285944 -0.507462 -8.347549  0.391582
  9.085480 -5.843199  9.783278  1.085926  5.227632 -7.339993  2.729766
 -2.536443 -5.103552 -6.910631  7.896662  9.827535 -2.236939  4.547925
 -3.949609  6.364442  0.538204  3.830623  2.788181  3.231638 -4.333142
 -8.496980 -0.886141  7.375359  9.600383 -9.058698  2.442215 -2.622907
 -9.411319 -8.851796  3.758669 -3.391315  4.086108  0.452644  8.160316
  3.589497  0.646627 -7.332855 -5.084981 -9.109015 -7.773101  8.303422
  2.966913 -2.090806  9.971479  8.743003  0.387537  2.891399  5.383083
 -8.227510 -5.589078  9.140500 -7.927776  5.716560  4.975013  0.547358
  3.125428  6.602815 -8.155523  7.386701 -5.466941  9.079503 -5.363843
 -6.211967 -4.085904 -2.212029 -7.426698  9.755185 -6.730247  1.871181
  1.852301  2.947552  6.700975  3.098291  8.038447  4.430769 -9.415045
  2.903124 -3.662987  1.015720  8.112815 -4.063391 -1.355197  2.616576
 -1.786580 -7.056533 -8.009780  3.566838 -4.561923 -0.635157 -0.339380
 -7.738797  6.546607 -2.611871 -9.440722  2.103428  0.390608 -8.930150
 -6.779301 -1.609371 -5.911442  4.707978  3.139360  2.687967  2.928117
 -4.480774 -1.233409  2.199811  8.687818  0.293018  2.722869 -1.778103
 -8.116011 -8.185937 -9.405427 -0.564742 -3.190863 -5.409555 -4.792201
 -6.300305  3.831713 -8.730358  1.967106  4.137192  0.112652  5.871261
 -4.537223 -5.363487  2.741940  7.302915  4.076101 -0.774845  5.430795
 -7.233304  6.265356 -9.576408 -2.079791 -8.970404  1.358105 -7.167279
 -3.782844  6.611955 -0.420792 -7.883109  7.351562  0.259317 -0.476766
  3.236491  8.702324  9.392144 -3.994366 -9.187110  9.436878 -0.306325
  0.985873 -9.813524  9.325631  4.237496  7.614546 -2.756952  3.721240
 -1.303707  2.726968 -4.849098 -7.455718 -0.993606 -5.446850  6.777290
  6.656437  6.693462  1.302961  8.824579  9.372585 -6.868769  9.396539
 -4.538019 -7.812799 -4.381714  1.871382  4.449658  7.540632  4.037357
 -6.829151 -6.488521 -1.455728 -6.147986  6.664528  6.931065  8.881645
 -9.362573 -1.218253  3.638133  5.833997 -8.906966 -4.065690 -9.917669
 -9.560648  3.010166  6.583603 -6.673492  1.009971  1.532009 -7.689712
  1.546952 -3.302354 -7.558902  4.825524 -8.722337  8.344563  1.288436
 -7.641814  9.090258 -5.254585  9.836224 -4.845834  9.442823 -8.971011
  8.092403 -2.118298 -5.491340 -9.627220  6.829474 -0.036178 -8.050145
  7.341586 -7.147119 -6.010293 -3.209295  4.189640 -2.378506  4.937078
  1.554159  9.368295  5.980900 -3.559176 -9.201580 -7.434019  2.044886
  5.602151  4.623498 -5.393688 -8.916161  7.689225  2.467397  2.401820
 -1.867400 -8.540128  7.950746  2.883593 -6.739381 -6.792262  2.287244
  8.749086  8.867965 -7.792044  7.200831  4.637124 -1.989781 -2.132459
  9.118087 -9.570223  7.363026 -6.329984 -7.511048 -8.227339 -2.694487
 -2.293775  3.702599 -9.332240 -0.224826  8.522207 -9.382791 -7.496967
  2.252171  2.354750 -8.530182  8.587036 -2.613892 -8.163593 -6.663290
 -7.658098  4.876181 -0.305184  2.808002 -3.149062 -3.571155  2.899713
  6.643299 -4.437028 -2.382184 -1.359789 -8.936101  9.535801 -4.241758
 -2.588165 -4.203698  3.696392 -5.480472 -3.069460 -4.568625  8.787623
  5.335159  5.577413 -0.918985  0.885407 -3.795887 -0.666662  8.903735
 -1.732511  0.719011  6.226969 -3.769814 -1.446551  7.191788 -3.673033
 -3.577799 -7.144561  2.281845  1.824437  8.610842 -4.567295  5.969552
  2.431314 -7.412808  9.970881 -6.317015  3.236154  6.117550 -8.501820
 -3.120908 -9.566737  5.710707 -0.264898 -4.998639 -7.540062 -7.643021
  8.458843  6.273373 -5.708782 -8.721033  2.976866 -9.635468 -0.877928
  3.824757  2.659719 -0.269573  7.274557  7.906057 -6.342999  6.313009
 -3.987199 -3.052232  2.169427 -6.467737  0.593321 -8.596470 -5.974600
  9.824162  1.848421 -1.304143  2.705943  7.705974 -8.395359 -9.198338
  6.106184 -5.619980 -2.421797  5.962423  4.734581  0.662311  3.170916
 -3.931335 -7.612920 -6.416769  0.039531  7.884925 -0.249242  3.838727
 -6.637110 -1.894956 -9.314598  9.472030 -7.277867  9.748814 -1.527986
 -1.879208  2.699738 -1.577455 -7.768120 -1.188919  5.800610 -9.317761
 -5.285208 -6.664269  5.055482  9.576302 -1.632170  6.147825 -9.948996
  1.108826 -8.773515 -6.391372  5.046417 -8.888949  6.222860  0.864714
  7.050518 -7.644888 -9.893856 -3.305828 -6.343999  7.342704  2.915168
  5.296547  2.659403  5.241987  2.322914 -4.742192  4.878318  3.315900
 -9.015356  1.769367  1.784070  0.339809  8.636489 -4.290720 -4.377668
 -9.283065  0.026653 -3.578094 -0.067328 -5.849180  2.528572  5.036805
 -7.389926 -0.364520  2.153259  9.324292  9.604709  1.509116 -3.202297
 -0.714262  3.397349  2.516353 -8.978144  7.224591 -9.772125  4.436189
  8.500697 -2.717793  1.973338 -6.891924 -1.939389 -5.715681 -7.652705
 -9.341956  4.154080  2.607155  3.789743 -5.432783  9.960903 -8.491584
  8.580825 -5.670169  6.860549  0.875259  5.344794 -8.845753  6.408450
  5.718791  6.507932  0.031023  0.667569 -7.484789 -3.326522  5.739077
 -7.931974  2.753502  7.802541 -9.609355 -9.725339 -4.608797 -9.187068
 -3.636299 -5.725920  2.257704 -5.521307 -5.885797  3.196679  5.846290
  4.535183 -3.867736  0.273820  8.927861 -9.094382 -3.908675 -4.018636
  1.410043  9.652870  1.264809 -2.852596 -8.020901 -3.499056 -5.330911
  6.789569  8.898461  3.364590 -1.637985  4.352964 -3.396272  5.764234
  3.351430  4.407535 -9.516362  4.276903  7.405935 -3.012096 -0.781538
 -4.505681 -6.926011 -6.265842 -6.552087 -3.435651  6.096051  8.214130
  2.553295 -8.016097 -6.786124  0.494853 -8.707166 -7.623117 -4.062376
  6.696671 -7.796625 -9.566929 -8.090440 -1.587294 -0.713205  2.070140
 -1.570169  6.546959 -8.356489  6.158811  4.832899  3.930741 -5.860597
 -7.468794  8.143950 -5.247162 -3.011456  9.091506 -6.241353  5.302454
  3.420938  5.604049 -2.613319  0.885768 -2.573482  6.532228  8.898972
 -8.479107 -8.947326  1.072970 -8.462066  0.769798 -2.942584  5.391310
 -6.053360  9.039169  3.812593 -1.183897 -3.343522 -3.730243  9.956610
 -3.696654  3.131313  8.624447 -0.565062  0.308378  3.676943 -8.922949
 -6.876525 -1.701999 -5.719768  1.709280 -3.703307 -2.182939 -8.564535
  3.576087 -0.741112  2.087957 -7.194702  9.728825 -8.977518 -3.423817
  9.834230  7.493921 -7.363000  8.404991 -6.353853 -1.289277  5.565878
 -0.855034 -1.219139 -2.576619 -8.974041 -2.366474 -6.100651 -9.700054
  0.080189  9.330613  3.635068 -8.202804 -0.927993  1.138155  1.827046
 -4.241943 -9.997373 -8.630015 -1.995422  9.583716 -2.519436 -4.526962
  4.592291  6.065039  2.315673 -8.888218 -8.818731  5.466886  6.869113
 -3.116752  5.179586 -5.497730  7.584697  4.951172 -1.082248  7.966529
  6.480836 -3.850135 -3.362963 -6.088677 -6.266509 -8.297089 -1.322161
  1.819448  8.834626 -2.417812  6.993319 -9.460846  5.263122 -0.212475
 -8.369595 -6.622088 -5.835555  8.458325  6.664466  9.068047 -5.605538
  0.802846 -0.026763 -1.788859 -6.825906  9.575273 -4.983629 -8.202050
  7.839134 -4.937269 -4.905665 -9.272368  8.581645 -7.998568  5.943075
  4.998348 -4.169827  3.230404 -2.808690 -8.754180  5.558590 -2.057760
  2.003612  9.159523 -7.749366  2.043337  3.556409 -9.083048 -3.273776
  9.333826 -8.001068  2.483861  6.851852  2.915176  7.477313  4.870227
 -9.320297 -3.535141 -0.887700  7.606298 -1.570718  3.915056 -6.472654
 -7.137610  5.215774 -5.608447  5.093688 -3.112634 -6.623404 -7.917822
  5.920578  9.857736  2.226977  5.177623  8.756712  6.625105  2.919806
 -4.939626 -0.455572  0.836118  1.502992  2.686447  2.115371  4.252683
  3.594144 -4.789338  6.811173 -8.127120  5.893734  3.250117  8.340331
 -7.910741 -0.293185 -8.353120  6.513004  4.526571 -3.362519 -3.889148
  0.103091  6.397316  3.062266 -0.644124  8.528603  5.420846 -3.893561
  4.017743 -2.217617  5.803138 -4.155967 -5.867998 -0.822878  0.755321
  5.176005  0.587611  0.296685  0.904203  8.463919 -1.799202 -3.458632
 -6.861293 -8.741442 -4.866120  3.550368  7.270908  5.607583  8.500083
  5.969049  4.631612 -6.976367 -0.428493 -5.633236 -5.907120 -8.507116
  5.270359 -6.771669  8.790678 -5.933358  4.470120  7.345772 -1.055955
 -4.523840 -2.100828  9.298887 -6.260647 -1.351884  7.740639 -3.044910
  4.452062 -7.598647 -0.069022  6.093325 -7.025245  2.044532 -1.801407
  2.950551  7.202853 -6.161451  6.784176 -4.056873  6.094675  0.669742
 -2.071671 -1.689835  6.181260 -0.617730  8.913678 -3.079318 -5.595755
  5.985553  6.551216 -6.690318 -2.822937 -6.052715  5.722503  0.612991
  6.363831  9.454215  4.479395  1.935726 -3.936475  3.613047 -3.191737
 -5.427265  4.514973 -9.448461  5.245824 -1.955374 -7.922682  8.338231
  0.250636 -7.813962  2.947528 -1.926121  2.960449  9.979859  8.489799
  9.515660 -8.401007 -7.078417  0.591769  5.286286  3.669705 -3.022405
 -0.334863  3.428391  0.260359  5.868175 -9.111580  2.653755 -6.074333
  7.074604 -1.621829  0.646737  0.573272 -5.856815  0.492991  4.613578
  0.072642 -9.288678 -2.047877 -9.920099  2.668428 -0.051403 -2.432369
  6.858805 -4.484354 -7.560141  3.904747  6.915013 -5.182118  3.586711
 -9.349557  6.112457  0.706085  5.654301 -4.722844 -6.086193 -1.620514
 -8.361304  7.846147  6.064751  7.997621  3.400401  5.200810 -6.988900
 -0.693690 -2.880476  4.151272 -5.079093  6.482645  8.956013  5.241495
  4.120075 -0.402048 -5.178660  5.757142  6.850993  2.524456 -5.611575
 -4.336443 -5.748651  5.720368 -5.958425  7.177821 -8.481636 -6.505417
  6.331112  8.264133  8.430917  9.340725 -6.471327  0.948899  8.191757
  5.849938  1.523943  2.803688 -6.970997 -5.079175  6.830728  6.529120
  5.998587  1.923292  7.721960  5.155666 -8.119066 -4.996455 -5.670632
  7.250890  4.493339 -2.777999  6.377752 -5.195381 -7.238651  4.908988
 -7.862397  9.269267 -8.362959 -0.015187 -0.098548  4.273488  7.863398
 -5.123567  3.989266 -8.744827 -4.578365  2.579274 -5.531436  3.526945
 -0.634702 -4.701488  0.434674  7.124024 -2.359890 -3.422982  2.526084
  8.048276 -9.251866 -6.117445 -4.445987 -2.304228 -9.285415  4.524079
  5.783422  6.117383  1.162337 -8.815586 -3.127539 -7.518734 -3.321075
  3.850998  1.963134  0.287865 -2.401675 -8.387766 -5.091217 -7.801846
 -4.288317 -9.631476 -6.804868  9.798131  8.315946 -0.527936  2.944606
 -1.777245  1.263219 -7.264803  8.118802  3.416328 -2.133560 -3.131219
  5.846843 -7.025136 -7.920928  2.976173  4.608420  5.153190  6.049992
  2.570744  1.128166 -0.043408  1.571304  3.873670 -5.869636  1.133600
 -1.163954 -8.532405  8.834640  7.725559 -0.285212 -1.755486 -3.350805
 -4.158123 -1.980344  9.317699  1.189841  0.067670 -5.502892  0.472638
 -1.525372  7.019950 -6.149721 -8.380570  4.759337 -7.215277 -4.226195
 -4.442845  6.058160 -2.141561 -5.337734  8.958872 -5.080802  4.391923
 -5.627450 -8.453839  9.899843  0.816622 -0.644269 -3.426338  9.374353
 -3.464795  5.591115 -9.194647 -8.075156 -6.035308 -7.345826  8.238690
 -2.486277  7.835770  1.583541 -8.585364  8.611880  5.462335  4.084411
 -5.703763  1.689922 -4.744380 -3.707004 -9.208248  1.169301 -5.997526
 -9.463037 -4.963449  1.366554 -1.381467  8.590950 -0.246129  2.044053
  4.168619 -6.317195 -5.370377  1.989465 -6.767350  5.978103  8.122857
  5.723674  3.012791  5.369647 -4.348521  9.155466  2.998971 -7.808638
  8.667153  8.730768  7.300986  8.863310  9.418270 -8.527558 -0.218078
 -7.472706 -9.720469  8.186899  8.503337 -2.554830  6.112370 -6.918675
  3.352611 -7.694114  4.285668 -6.614881  6.548828 -7.644062 -6.035826
 -3.232020  5.868781 -9.917711  6.415497 -7.656970  0.664775  8.006662
  5.981393 -7.590815  8.070662  2.698122 -8.099054 -2.585314 -5.483000
  6.624574  8.281045  3.943571 -8.773446 -7.242664 -2.066924 -9.131364
  8.005925 -8.543585  4.097788 -2.398179 -2.601444 -2.115352  2.862845
  9.631668  1.484312 -5.437990 -2.713841  8.949526  0.986398  2.137187
 -0.382191  8.945982  5.769139 -2.648221 -9.802098  4.458833 -1.323955
  5.099448 -1.738150  6.271544 -1.893228 -1.661126  3.598474 -6.253747
  5.297903 -5.323268 -8.075213  3.539150  4.276435 -0.226692 -5.673100
  3.501457 -9.835840 -2.489509  7.920488 -9.276272 -0.032126  1.115751
 -3.204379 -3.104025 -2.127468  9.935276  1.713732 -3.486211  2.435089
  8.419437  9.245570  7.244674  3.969347  5.315787  9.299628 -8.357350
 -1.307455  0.541047 -6.945506  2.176063  3.611074  0.949208 -6.302978
  9.605714 -5.385801 -7.586795  2.315796  6.213805 -5.086755 -8.284419
 -6.015554  6.739679 -5.779158 -1.763256 -5.298299  7.176126 -4.711365
 -2.146966 -8.457964  6.388823  6.266373 -6.792420  5.273538  6.175086
  6.835920 -2.642834 -7.026575 -6.297841  4.566611 -7.267661  8.909175
 -7.005572 -7.400198  8.667250 -9.623781 -9.547551  8.783349 -8.401182
  0.544121  2.384032 -1.864979  9.691419 -5.524057  5.775962  3.777573
 -7.901447 -0.246140  5.076870 -2.345798  1.639564 -4.074744 -9.111597
 -5.268217  4.665386  8.384986  1.963210  0.544727 -9.549257 -4.340127
 -7.519358  8.396712  7.601769  8.856846 -6.845657 -7.943082 -3.293120
  4.199823  1.282541  0.495920 -8.514742  7.297457  9.098223 -7.285177
 -0.993709  1.738970 -7.480738 -0.884135 -5.553477 -5.380307  7.014806
 -7.039561  4.191759 -3.755099  6.106038  4.985434  7.517111  7.884002
  4.214507  5.189692 -3.666699 -9.479034  5.098340 -0.786889  8.977961
  7.843266 -8.778628 -8.360216  4.878345 -0.737926 -2.073418 -4.234528
  0.309874  7.140994  4.183717 -9.578033  3.583569 -2.721360  1.809743
  4.089077 -7.143691  3.853119 -7.936757  9.761719  2.170986  9.151470
  3.581374 -9.991155 -5.964473 -3.420643 -8.963629  0.564063  6.841575
 -7.453668 -8.323785  0.487637 -1.781526 -8.751536 -7.058169  0.280407
  2.551837 -0.428781  4.773968 -7.808864  2.756662  3.178673  6.412209
  3.430596 -3.404714 -9.085876  7.952001 -1.836780 -8.840455  8.364253
 -8.770215 -1.473032 -5.537997  7.446775 -2.797068 -7.122890 -0.464313
 -0.855096 -7.512346  3.721432  8.837767 -8.686218  1.749471 -9.039477
  8.658988 -8.454674  1.118945  1.290868  4.544141  3.476753  7.238947
 -7.247873  9.296923  4.152607  1.275356 -1.769760 -5.029864 -3.756858
 -1.002622 -5.378268  2.303922  6.795491 -7.971842 -6.392317  0.891626
 -5.393043  2.576087 -2.091657 -7.613476 -7.827786  3.841248 -9.026526
 -9.631596  6.957079 -0.556232  7.834600  9.402921 -4.434274 -8.523859
  1.759203  2.587426 -4.393853  6.308528  8.517380 -4.676472  2.788461
  8.571828 -6.112613  2.409809 -8.539715 -2.295483  8.848632  3.245417
 -5.396163  2.275465 -9.278916 -4.791613 -6.882721 -3.183643 -0.535220
  7.008131  1.946225 -2.669844  0.180649 -4.208999  0.082295  3.005411
  1.496541  3.528917 -9.837770  5.180375  0.259983  2.353402 -8.698434
  4.474713  7.016488  3.123462 -5.207731 -0.461279  0.611065 -5.159987
 -8.172820  8.636562  8.328672  8.749713  0.130477 -9.830904 -6.365938
 -2.029380 -1.240322 -1.007616 -3.951672  6.061025  6.720841  7.601660
 -5.282272  9.686769  0.548867  0.684135 -5.576433  3.668280  0.221325
 -6.013672 -1.034402 -2.306596 -8.147877 -9.745418 -6.895607 -4.738838
  1.588775  5.517030 -6.723675 -8.768780  4.369450 -5.688339 -9.793389
 -2.041392  6.049338  6.681090 -8.026722  6.822343  8.619281 -5.254722
 -3.049377 -8.532706  6.964611 -0.838449  1.780867 -1.365240  6.502079
  0.316481 -1.706546 -7.569490 -8.499772  9.064869 -1.432818 -9.381701
 -4.543766 -0.260950 -3.252479 -3.222632 -6.678359  7.275495  9.208649
 -2.567624 -2.811791 -0.052633 -2.617735  8.196607 -4.852758  9.196559
  1.935685  0.181230  8.164723 -5.474928 -2.290446  2.960710 -1.625271
 -6.200182  2.455144 -2.186931 -7.655644  6.475562 -0.662282 -2.122346
 -7.513892  4.982727  4.306664  0.628344  1.210265  9.719806  9.052196
  4.631486  6.875122 -9.173056 -7.343221  3.744303  0.928188  7.863499
  7.257475  2.232645  2.808537 -0.310926 -0.893909  2.795401 -2.785375
  4.517347 -3.153948 -3.047851  2.577028 -9.483266 -3.463435  3.037128
 -9.080943  3.505306  9.908962 -7.293096 -1.250477 -6.156138  7.442106
  6.419945 -3.956630 -8.037432 -3.912308 -3.562908 -3.133072  8.565887
 -5.994669 -0.240771 -1.797042  7.071118 -6.732646 -5.010126  1.491557
 -0.000275 -5.185264 -2.090436 -3.976462 -7.962864 -9.128570  2.472885
  3.974678 -2.135305  4.001309  3.477544 -6.405300  7.659571 -2.273708
  9.820617  4.926221  6.975620 -2.806391 -1.047104 -2.425348  3.361560
  8.762876 -1.831424 -8.845521  0.318300 -5.037277 -2.359146  7.591643
 -4.106543  6.158221 -2.735886  2.358609  4.540473 -2.075362  0.798195
 -7.620365 -2.119692  9.255096  5.769027 -1.935019 -1.815292  2.949214
 -0.422786 -9.517034 -9.842770  4.488918  9.361752 -4.026379  4.220436
 -2.708193 -1.029700  4.514777  9.730598  2.885012  8.872639 -3.726476
  1.767933  4.326874  7.718897  9.038164  1.444162  1.484006 -2.643769
 -0.240147  3.177616 -0.113445 -0.402446  7.039983  4.821714  8.289200
  3.353477 -1.755001  5.051167  1.140229  2.193578  5.083656  7.274790
  0.627480  5.975485 -9.064296  5.717191 -0.382260 -1.406973  9.076037
 -9.992022  1.402743  6.944142 -7.655565  1.717225 -8.286503  8.443180
  9.513362 -1.172763  3.174977  3.483154 -4.840422  2.801914  6.980810
 -9.628444 -7.234260  3.530278  3.320332 -0.257300  0.294053 -7.036671
  9.719077 -0.013830 -6.864680 -3.554715  6.480829  4.724624  4.222332
 -1.949155  3.680608  0.496091  7.128455  0.302029 -4.478324  3.928631
 -4.197046  5.229120  9.454596 -8.921529 -4.191735 -2.895843 -0.845911
 -0.073677 -8.702997 -3.179574 -0.998248 -4.050889  7.449256 -4.287184
 -8.314619 -8.356818  9.763065 -9.853571 -7.024791  0.688609 -9.083107
  4.955122  7.407509 -9.005515 -5.413364  0.029816 -4.347906 -9.705494
 -2.467286  4.308708 -3.620957  3.525519  5.072390  0.672442  1.849748
 -9.230287  2.389811  2.956250  7.787188  4.240661  7.499726 -7.082451
 -6.767877 -7.504414  2.764282  2.017787  3.855981 -4.185380  9.550421
  3.626685  9.203651  4.854332  8.538855 -9.217245 -1.555657  4.830979
  7.154185 -1.022961 -6.937922 -5.708122  0.230257  3.107073 -3.484466
 -5.098928 -3.409739 -8.729818 -1.292611 -2.054420  4.871063  0.959802
 -9.698657 -1.866901  8.104867  3.148430  7.840573  2.411361 -2.995094
 -4.455496  4.735090  5.397854 -7.345388 -7.096072 -4.282736  9.421347
  1.198610  7.166388 -0.704185  4.157691 -0.477757 -3.869909 -9.509903
  7.681806  1.553630 -2.583636  3.793677 -6.235913  7.092955 -7.639963
 -3.640369  3.711390  5.986579  6.937431  3.152787  5.321049 -0.965121
  7.939622 -8.902910 -5.132449  0.880809 -4.656157 -7.531944 -9.671177
 -7.606968 -0.468397 -6.264404  1.567848  8.661294  4.596653  0.201477
 -5.919117 -8.057426  5.281784 -7.082320  4.453765 -4.611407  0.932983
 -8.642073 -2.488709  1.718507  2.857673 -5.678189  5.335632  5.028193
 -6.574562  2.578228 -6.401740 -6.098148  3.294338  6.849958  6.705681
  5.027205  7.554601 -6.283761  0.874166  4.126291 -0.334136 -7.669154
  0.141588 -0.526482  4.368139 -3.075760  7.104126  2.128201  3.378671
  6.081615 -2.428133 -0.383907 -5.962767  6.999118  0.551946 -2.945787
  9.733710  0.930902 -2.811095  6.626652 -5.388247  2.481614  6.341542
 -9.576019 -8.994759 -8.896854 -4.952853  7.926416  5.354814 -4.380310
  0.767975 -6.118982  1.513433 -4.908011  8.945580 -0.110052  3.568730
  5.325555 -4.394479  4.239804  3.191510 -4.034501 -6.655070 -3.272361
  0.386361 -2.012246 -7.607343  7.444871 -9.815509  2.519515  2.474680
  1.783033  9.273450  2.645526 -6.987877  4.219271  3.487098 -7.059731
 -5.074362 -8.837557  0.952665  5.682613  3.581000  3.017066 -5.150269
 -5.909805 -3.920849  8.391135 -6.328226 -8.548986  3.375934  2.536658
  9.095244 -4.941510 -9.366418 -5.845241  6.472017 -6.721281 -8.331713
 -6.200617 -6.719656 -6.300317 -5.385811  1.226135  2.388221 -5.061151
  2.133429  0.279332  0.670160  0.198576 -7.127704  3.991688 -3.013014
 -3.925301 -7.786720 -0.008434 -0.056068  9.406195 -6.290173 -2.783196
 -1.378975 -6.470642  7.800796 -8.016981 -7.915262 -5.431328 -7.828569
  2.160701 -2.049204  8.254932  6.150151 -8.530874 -6.604384 -7.383179
 -3.565017 -1.514515  4.310596 -8.960576 -7.469966 -8.719608 -0.721510
 -0.250150 -6.853299  1.397877 -5.816898 -5.175239  2.645518  7.706922
 -6.586863  4.364996  3.096960  7.398878 -8.291101 -0.348927 -6.585275
  5.380595  0.753188 -2.575820  8.926066 -2.040093 -0.265606 -9.079813
  4.307188 -1.216705 -4.904759  8.262274 -9.204644 -6.237933 -7.541940
  7.658844 -4.714486  5.870097 -4.739282 -6.269495 -1.991643  9.417016
  5.004406  5.368739 -8.541277  1.173489  4.913737  8.078657 -1.689358
 -7.682150  0.671442  3.008900  3.611096  0.021743 -8.709663  7.386562
 -8.059624 -1.221204  5.214321 -6.638018  9.569246 -6.456316  8.296430
  1.348276  8.155075  0.822646 -7.547097 -5.118851  8.627915 -2.298373
 -9.400938  8.659702  1.178764 -2.796915  3.997703  9.165143  6.650838
  3.662603  0.253900  3.174822 -2.732415  2.487883  9.010049 -0.639711
  9.894846 -7.135796  9.709653 -3.400929 -1.374119 -7.811014 -3.211925
 -0.487838 -9.455167  9.673372 -8.601432 -2.969652 -5.231892 -4.497176
 -8.449933 -0.902245 -0.066327 -0.859235  3.681229  5.301929  1.898042
 -5.710929  5.323281 -0.700024 -0.845259 -0.002562 -2.503413 -5.252489
 -8.794498 -7.258140 -3.092448  6.007522 -7.662210  0.277803  0.032422
  5.673085 -5.503250  1.907420  6.248142  7.467844 -8.097100 -7.713657
  4.611120 -8.908892 -7.337938 -5.984883 -7.793806  4.202619 -4.176760
 -2.419181  7.894834 -3.418530  5.324377 -2.816563 -4.379554 -1.287658
 -8.226113  2.300307 -6.743784  1.606427  8.362447  6.318628  7.776729
 -0.890975  3.770783 -7.849032  6.429369 -9.978358  5.194052 -0.273036
 -4.299686  6.349491 -6.887866 -6.199317  5.802802  0.169363 -3.864140
  9.698078 -0.643266 -4.570318 -7.827238  7.942439 -4.546566 -7.706366
 -8.890476 -1.409676 -1.186914 -8.046405  1.342373  8.927591  5.781676
 -9.057050  5.764315  2.386490 -0.184600 -7.268353 -2.897062 -4.990244
  2.742142  4.112893 -4.171866  4.147637 -7.778308 -4.038640 -7.288114
  6.216136  2.448134  4.793898  5.692023  9.578010 -8.139151  6.997652
  6.909278  0.523295  8.787593  2.062506 -8.111877 -5.464194  4.322953
  8.418377 -1.502658  7.374636 -2.095588  9.845891  0.635210 -3.564113
  3.741811 -7.650258 -2.543691 -4.363099  1.089828  9.832615 -5.486188
  9.863180 -1.604196 -3.186448  0.276174 -4.269418 -5.979876  3.266475
  9.530567  2.426586 -4.233104 -4.723046 -1.607768 -7.396253 -9.434926
 -6.387520  6.003147 -6.209038 -7.684376 -5.278519 -0.236409 -6.666324
 -8.928838  9.007452 -2.937729  1.553789 -8.181288 -7.812477  8.512530
  6.186618 -1.111904  8.808189  8.506725  5.908391 -0.017576  6.359300
 -7.482357 -9.252957  8.067779  9.324517 -9.175460  0.481223  6.839204
 -1.436941 -4.551841 -6.238821 -5.528214  0.095696  4.151618  8.879213
 -5.856906  0.535519  9.228376  8.099194  8.967346  3.813536 -1.370186
 -7.956610 -0.740703 -1.783061  4.385744 -4.658860 -2.336281 -2.097700
  1.738750 -2.518028 -4.608384 -1.800065 -6.439347  5.059708  3.198404
  7.031309  3.880053  5.306208 -8.469568 -3.415671  4.720664 -4.861719
 -8.753292  4.401176 -9.664722 -3.520506  8.103536  7.691192  1.216406
  3.096600  1.881434  5.045604  8.839902  3.556499 -1.568966  4.906894
  1.182560  4.800791 -6.382666 -1.377910 -3.739240 -3.484628  1.828079
  2.930556 -0.383513  7.370662  2.645651 -1.675724  8.772325  1.634642
  9.849540  8.332387  5.297272  8.324807  6.361143 -4.403292 -6.538702
 -7.501965  8.460585  2.730911  7.532136  8.078932 -2.824998  0.947895
  9.386882 -6.088297 -3.831325  8.037787  6.747776 -1.948965 -0.454204
  2.674983 -1.492372  8.114160  7.050862  4.657025 -2.367112 -3.033039
  5.781899  1.194516  1.860341  1.259414 -1.003243  2.814492  9.682216
  8.091189 -6.745238 -9.175981  2.709305 -1.235422  4.196872 -0.102740
  7.428161 -6.195940  4.594806  5.379907 -7.215048 -9.293108  8.004603
 -4.132360  3.716579  4.539272  2.177267  1.478603  2.634984  3.818933
 -4.153659 -4.379835  3.029253 -8.938834  3.633983  1.124178 -7.252083
  3.378749  1.564343 -3.242475  7.282991  2.352286  4.302669  3.539303
 -6.279224  7.266100 -5.080972 -0.725490  0.857299 -9.135211 -0.379785
 -9.122755 -7.020816  8.261686  5.465927  2.873120  6.401902 -1.758188
 -5.828238  7.053680 -9.988924 -3.431576 -1.288805  3.318977  8.750478
  6.224546 -0.661666  3.484897 -0.555890  2.932432 -3.204862  2.624444
  8.151799 -6.595433 -7.672369  2.624712 -3.864311  8.199980 -8.353952
  9.762132 -3.013816 -0.037678 -6.321967  9.073989 -1.051428  9.948612
 -4.560560 -8.080915 -0.850188  5.238732  6.996148  6.251155  9.050490
 -1.003245  8.340499  8.598270 -0.407280  7.545108 -8.449658  8.934956
  9.569920 -8.922311  9.183640 -6.269448 -9.804041  9.556062 -8.959077
 -5.010668 -8.904692 -3.332799 -7.603418 -5.929580  6.585109 -6.754504
 -1.115642  8.024946  6.539641  6.959662 -7.975958 -1.453581  1.241364
  2.505219 -6.679649 -3.128184 -3.591574  8.988195 -0.425161 -3.566285
 -1.086587  8.462556 -2.739586 -0.486257 -5.740230 -4.756222 -7.424964
  0.462166 -0.640446  7.902645 -1.056106 -0.050195  0.453436  5.078359
  0.685086 -4.023360  0.265882  7.092789  3.397132 -0.202376  5.180478
 -9.361309 -3.328002 -7.344335  5.926318  0.703606 -8.814932 -1.815557
 -1.383792 -6.313314  0.477108 -9.477624 -0.641103  9.591532  0.727922
 -2.943282 -1.145040 -1.275539  1.454082 -3.938097  0.423007  4.410184
  4.546642  5.567747 -2.534539 -3.547910 -9.518351 -4.142116 -6.705626
  7.786480  4.477456  6.348960 -0.559615 -4.447773  0.008327 -7.097145
  4.760096 -4.208632 -8.324436 -6.452434  9.474835  5.115830 -8.581043
  6.309869  2.597494 -3.202277 -3.987763  5.262394 -1.039810 -1.012458
  3.004580 -4.403514  0.075787 -6.835882  1.994155 -4.719378  1.471250
 -3.956126  3.701534  9.907155 -4.841291 -6.434410  6.709163  8.297155
 -7.786239  9.292818  8.286719  5.422513  8.115327 -0.142237  9.030778
  1.515596 -0.138106  0.525790  1.570316 -0.956261 -6.083950  5.975854
  4.513487 -8.234189 -5.520697 -1.387792  9.224942  7.140243 -7.814582
 -1.414301  2.447021 -8.074074 -4.645683  4.836865  4.667556  6.742091
  3.207557  0.131686  6.790202  3.624717 -8.911961 -1.564236 -0.013735
  9.278379 -2.908214  9.128959  6.827028  2.160432 -4.344174  3.759803
  6.142492  4.944237  2.576899 -0.685873 -3.640095  5.126497  5.404895
 -7.264738 -7.302499 -2.623700 -8.089838  0.080205 -9.357240 -4.141359
 -8.899598  0.702653 -6.053528  6.571950  8.834692 -8.155040  6.777766
  8.748150 -0.377605 -7.069108 -0.111122  5.552458 -1.939640 -7.212936
  5.087504 -4.258671  2.136766  2.576193  9.976752 -4.266756 -5.218053
  9.899665  7.851281  1.698110  3.418103 -9.076386  0.997282 -0.287512
 -2.922405 -6.898023  5.815348  1.558596 -0.017971  6.062610 -9.630563
 -2.497844 -2.334739  9.689838  0.947313  9.953444 -9.112418 -1.090434
  8.334456  4.200488  2.500863  5.967495 -5.763891 -1.282683 -0.436904
 -3.499751  6.101936  7.809941  1.438949 -1.217567  0.936834  5.470308
  7.133342  7.289607  2.803090  5.873495 -4.446984  8.436493  5.105127
 -6.969956 -8.973779  3.149802  1.944199 -3.217780  3.969458 -0.342897
  8.156677  2.624877 -6.423040 -5.625769  8.119388 -3.582268 -9.906927
 -6.873106 -6.593341  9.048875  6.925743  7.020772  9.605395  4.150729
  1.713919 -1.766771 -1.301225  7.269847  9.819648  3.278075 -1.439569
 -2.937182  0.828243 -3.000305 -1.960071  2.828831  1.362007  9.766582
 -0.317447 -0.992740  4.446911 -9.805688  3.768301  1.832320  0.024513
 -9.190197 -3.809373 -2.325533 -5.926194  6.106268  5.497108  9.703060
 -7.747050 -4.671635  9.754452  4.941308 -8.714549  1.367068 -2.509297
  9.429335  5.127468  0.808770 -1.506370 -7.140368  6.133339  5.554415
  0.887348 -7.938079  0.633561  1.398802  8.512992 -7.623793 -0.117101
 -3.577534 -4.725559  6.690517 -0.563925 -0.561596 -4.150252 -7.049034
  5.641725  6.280587  1.359328  7.828478 -6.233747 -7.565465 -1.931150
 -8.281939  0.831360  0.387766 -5.659966 -5.453614  4.646092 -1.865059
 -5.277496 -1.419747  7.407789 -5.085617  9.999471  9.158172  9.879393
 -4.443466  9.276183  7.768126  5.762853  0.224464  5.133335  0.631215
 -6.122649  7.277453  3.159847 -1.408326  4.308932  2.775595  6.170353
 -0.944794 -0.579057  7.265465 -2.579860  9.180142  8.533115  2.099938
 -1.348509  4.082651  6.523782 -3.736527 -7.970976  8.475361 -0.877499
 -0.334721 -3.257058  1.857953 -9.598648 -6.641756  5.573501 -5.615075
  5.396845 -3.985282  7.839463  4.854582 -9.275751 -8.404320  4.505165
  0.574646 -4.044830 -7.297750 -4.008531  7.742763 -5.147602 -6.606550
 -1.565552 -8.169834  9.831267  7.424744 -2.755230  3.970856  6.785114
  4.630922 -4.371783  9.568301 -4.470286  0.887565 -3.848723 -9.688254
  5.572799  7.451403  4.977746 -6.524589  3.484879  1.645875  8.358030
 -8.407058  8.112851 -5.325429  6.573892 -4.133416 -9.923684  4.713662
 -5.917838  4.296973  0.862610 -0.707508 -3.281264 -6.006399  0.177548
  4.288251  2.466498  2.400631 -1.142014  2.905388  8.146681 -1.429607
 -5.946974 -5.632360  0.242349  0.053964  7.071710  8.738063  2.616408
  2.175558  7.569373 -3.384371 -3.062473  7.415642  9.914732 -0.007726
  6.709646  0.277296 -8.479558 -7.708139 -5.092501  7.081773  5.245537
  2.646589  0.364579 -2.397945 -6.330775  1.067827  8.464283 -1.511121
 -4.025673  9.407398  2.307893 -9.697213 -0.785137 -9.902493  5.590689
 -9.295376  5.235617  6.222198  1.542754 -6.340022 -2.667810 -5.410204
 -2.969137 -4.138113 -7.048965 -8.146426  7.442331  1.321221 -1.533059
  0.884410 -4.465292  9.785909 -2.152273 -5.605220  4.083559 -2.267822
  6.638291 -1.654198  5.160241 -3.945408  9.801607 -3.643036 -1.254784
  0.680652 -5.145201 -7.661884 -3.445431  9.667883  7.047605 -3.416300
 -6.229399 -2.626515 -1.450315  5.097703  8.136713  8.396424  4.424002
  0.768137 -1.260179  0.144276 -0.532474 -6.634928 -1.143361 -7.506184
 -7.221446 -0.609361 -2.860360 -6.183431 -8.027802  7.489665  1.328953
  8.851834  8.020374 -0.543009 -5.034190 -1.167267  4.437866  3.960484
  4.822258 -2.687099  1.109842 -0.758660 -3.171594  5.893284  0.845352
 -8.492662  9.323560 -3.092685 -1.084642  3.674566  5.703748  5.030258
  2.274232  3.707378 -8.238709 -1.568654  4.312138 -6.888569 -5.560855
 -7.187508 -8.523214  4.315471  3.807656 -9.919076 -0.017918  9.541200
  3.280997 -1.471053 -7.030854  3.406770  9.843051  4.057775  8.747081
  5.963308  4.954370 -3.091671  8.711043  0.214879 -1.800881  5.874698
 -1.978173  3.862729 -7.283645 -5.618625  2.694317 -6.107052 -9.805136
 -9.603839  6.328621  0.475076  4.375792  2.891534 -7.234956 -1.421318
 -5.992131  6.875327  8.048746  5.156302 -5.504283  9.890519  2.209617
 -6.182816 -2.675963 -6.951354  7.040961 -8.467128 -5.732453 -2.452594
  6.962699  3.020733 -5.403497  3.956375 -3.312020 -2.860647  9.946827
 -2.598800  4.691024  3.518865 -4.121358  5.237887  4.843340  2.842747
 -2.550463  9.917214  3.086005 -4.767001  5.465330  6.746732  1.475865
 -3.240871 -8.644322  6.883906  6.677496 -2.443343  5.848087  3.154374
 -4.993666 -5.830379  4.548569  2.194026 -1.150336 -5.247380 -1.774312
  5.990718 -6.296894  9.304469 -8.418239 -4.991663 -9.778849  3.988411
 -1.244016  3.982386  9.771165 -4.536476 -4.332873  9.594436  2.543555
  3.822187  5.030700  1.868834 -6.458585  7.028248  7.249783 -0.013002
  6.273317 -5.101104  2.962631  7.922088 -4.333995 -5.062351  5.329337
  2.678690 -8.036040  6.675268  9.011201  9.394549  7.992568  1.073269
  4.651032  3.513036  0.373090  3.412473  1.374675 -3.585479 -6.632351
  4.359474  4.701722 -9.536608  6.516170 -3.382742 -9.621261  2.343139
 -6.016364 -8.150626 -6.991396 -1.379190 -7.453004 -2.966567  6.600179
  7.884379 -1.869439 -1.435944 -8.855569 -1.896082  6.723132  6.471330
  0.580269 -3.193903 -2.404991  8.916069  5.048334 -7.380067  9.317678
  2.923434  9.780340 -6.275300 -1.254286  4.263256  0.951819  5.759298
  7.686705  9.078637 -4.709012  4.871779  5.088741 -6.592441 -7.791675
  4.003607  6.870333 -7.164145  1.035682  3.008224  2.286313 -2.561367
 -1.565144 -6.821827 -3.630583  5.548884  0.369308  0.382110  0.271039
  2.397821  6.248109 -3.664206  9.563009 -9.153549 -3.478994  5.068205
 -0.461646  8.842706 -0.816008 -4.565335 -2.402571 -6.017265  4.575843
  8.751257 -4.925415 -5.086471  5.680529 -1.353592  0.255790  9.937600
 -6.132256  7.998584  5.155365  9.033486 -6.916164 -4.516127 -6.435709
