-5.97354063843 -8.39401393385 0.508977386775 0 0 0 1
-2.15301740939 -0.800193543533 -4.3641117912 0 0 0 1
8.63579951676 3.65487697726 -8.5573931738 0 0 0 1
-1.35340901221 5.83030976555 9.06096021904 0 0 0 1
-1.05960096217 -8.07178868727 -7.58755393318 0 0 0 1
6.51884285107 6.42709206007 -9.13878183255 0 0 0 1
-4.2649619049 -1.96160106916 -4.53520611307 0 0 0 1
-5.17556362422 -3.35599942795 6.26625876383 0 0 0 1
7.1851383283 7.80298487748 -0.346210997291 0 0 0 1
-5.1054338327 1.09322229212 -1.25654251479 0 0 0 1
-8.02926002547 -9.5789227875 3.97170674571 0 0 0 1
3.27589910771 -8.5849874803 -0.834742743847 0 0 0 1
-5.26247210179 -6.77253522925 -4.944329275 0 0 0 1
7.6044057005 -6.00727812407 5.09655903484 0 0 0 1
6.25545476618 6.60320584537 -6.83201399466 0 0 0 1
-6.21075456253 -3.93948853115 -7.26977561487 0 0 0 1
-4.57476093564 6.06281899947 3.97462467947 0 0 0 1
2.18336075837 -3.54126629674 -9.12144054999 0 0 0 1
-0.988383587275 -3.21103791792 -6.46090266032 0 0 0 1
5.35864448559 -9.81275495124 -4.97663266432 0 0 0 1
8.56060930404 -9.70867272693 -9.72911735343 0 0 0 1
-6.68067106564 8.1635272122 -9.08479651344 0 0 0 1
-6.81011915634 -0.526156870157 2.87780496433 0 0 0 1
8.28297787365 -0.400430646009 3.9660151504 0 0 0 1
8.24310828249 6.43808414601 6.84184696435 0 0 0 1
-9.05899745113 4.09884346208 1.56702016284 0 0 0 1
4.9875901549 -6.16595520151 4.31316216976 0 0 0 1
0.846804916095 6.91250037949 3.48960161939 0 0 0 1
0.435437829033 8.1988880136 9.05780922423 0 0 0 1
-4.37355612282 5.09228760626 -2.16921472296 0 0 0 1
8.44926491826 5.3682530035 -0.0076096632186 0 0 0 1
5.75924856375 -2.52434214002 -4.90767456041 0 0 0 1
5.04416096248 -9.95146261416 1.37623048199 0 0 0 1
-5.85965324239 0.67294187627 -6.33353661925 0 0 0 1
0.919279559835 6.59109250187 6.81667667976 0 0 0 1
3.70954584708 7.47867497083 2.10739705921 0 0 0 1
1.8144985583 7.56618060257 -1.24888471886 0 0 0 1
-9.13846584312 -7.22725480751 -4.07693223708 0 0 0 1
-5.2946996032 -1.92930142416 -1.13779310502 0 0 0 1
4.89440166856 5.95266570521 1.81667405026 0 0 0 1
9.68603922751 1.10754631343 -4.73729847442 0 0 0 1
1.81213501783 2.26693293327 -2.57714486984 0 0 0 1
-0.035535974637 -9.76802874674 2.1904695923 0 0 0 1
-2.42644704399 4.98568207175 -5.64329847842 0 0 0 1
-3.95137216996 -8.74583353902 1.09961594838 0 0 0 1
6.55344956094 -3.22112656098 -0.830255758522 0 0 0 1
-6.89791091499 -4.61990171823 -5.22185206452 0 0 0 1
-6.40973718129 -1.36302180193 -8.12586301195 0 0 0 1
6.61259250943 -2.6300614534 4.27352560977 0 0 0 1
3.04569483259 2.72581198049 3.96481811148 0 0 0 1
-4.84965366806 6.51191761572 -0.207528711716 0 0 0 1
-7.5126817592 0.898559876233 -7.7779661725 0 0 0 1
7.33963746267 -5.68721159669 0.548085630379 0 0 0 1
2.34783336907 -1.02652000586 6.73193311764 0 0 0 1
5.74719350345 2.74574203577 3.28313115283 0 0 0 1
-0.983247533387 -0.504483558363 7.91476043714 0 0 0 1
1.66595314175 5.34568900868 8.96228147362 0 0 0 1
-3.70503328561 -2.00790857639 0.805212782064 0 0 0 1
-8.9964077592 -2.99907964164 -9.94244744303 0 0 0 1
-7.35466168368 7.19375244391 2.07219488455 0 0 0 1
2.12569376055 -5.17844603003 3.39446628875 0 0 0 1
-6.15787805959 3.48853472406 5.56982130103 0 0 0 1
9.62482882617 -4.68903748391 -0.373665609704 0 0 0 1
5.29355033572 9.83192910963 5.69043294434 0 0 0 1
-7.80831128956 1.63429086971 -0.488748094733 0 0 0 1
6.75359843177 -7.97460175815 -7.59026869564 0 0 0 1
-7.62962487261 -1.70707953407 9.268700069 0 0 0 1
7.37744552964 1.77131488622 3.33313942927 0 0 0 1
2.46216980956 4.36076676946 -4.92787756824 0 0 0 1
2.23739096855 -0.97047177354 4.90858143608 0 0 0 1
-6.00950560405 6.02184241501 3.38518087166 0 0 0 1
-6.55367317362 5.22605828437 -6.51437528646 0 0 0 1
9.09178491896 -0.240278783735 4.32344057833 0 0 0 1
-1.0007692691 4.09786256533 5.94470107369 0 0 0 1
3.42329167688 2.77567227555 8.95669792941 0 0 0 1
-4.60169011748 0.617161052115 6.86382360508 0 0 0 1
3.79212333378 -5.42882886186 7.34037600198 0 0 0 1
0.224328262521 -3.67215634419 7.38473601984 0 0 0 1
-9.22118039937 2.3028305586 8.04506552167 0 0 0 1
-1.65550977057 -6.60366589679 2.7569717384 0 0 0 1
-2.25850468009 6.75383389105 1.12440752867 0 0 0 1
8.60958039237 6.31549788271 8.24934572422 0 0 0 1
-7.96752337561 -9.47086179973 -1.80586586473 0 0 0 1
4.67776666819 -8.9082650995 3.59509221502 0 0 0 1
7.64328135055 -4.54195064623 -4.47035348949 0 0 0 1
-5.24796548119 0.343259030267 9.81193204782 0 0 0 1
-6.79014547176 -1.12274303074 -4.09025582975 0 0 0 1
-1.35412849429 9.79950402769 -4.92763790611 0 0 0 1
4.4757202763 -3.29655773876 -3.63306515813 0 0 0 1
-3.21658200473 6.98920503565 4.99517849203 0 0 0 1
-4.44199852498 1.35863964741 -1.36207545116 0 0 0 1
-7.35907532713 8.23717439963 8.35737216674 0 0 0 1
2.61458010415 -7.13466387949 2.56611655636 0 0 0 1
3.68797393065 7.00931906805 -4.26751550964 0 0 0 1
-0.303807887692 3.04533264801 5.10872079708 0 0 0 1
3.3464937905 -0.415343222256 -7.80004987414 0 0 0 1
0.431604372796 -3.64544660134 -1.14544705741 0 0 0 1
9.43947148419 -5.06896581256 -3.13306635027 0 0 0 1
2.61609611119 -4.57679098484 -4.51642115603 0 0 0 1
-8.17653279829 7.07620247898 -1.36264944052 0 0 0 1
3.3215227304 2.96128083601 7.45245799387 0 0 0 1
3.75191599498 -0.836234880346 -2.76364151788 0 0 0 1
8.29956801824 -6.87620815269 -7.71316189438 0 0 0 1
-1.34847918198 1.96980266792 -8.3813948437 0 0 0 1
7.67230221077 1.8620563888 -7.70493531227 0 0 0 1
6.86354075612 -6.15407016959 -9.0806607183 0 0 0 1
6.62636431046 9.66493689424 3.77383307616 0 0 0 1
0.696515682438 2.72469645044 9.77073857751 0 0 0 1
6.86491634046 7.62396289125 0.343051678991 0 0 0 1
2.6089202653 -5.36073302923 1.23769489823 0 0 0 1
-1.16351363372 -4.40170870929 9.60582672874 0 0 0 1
4.94928996568 1.22736272399 5.25155989891 0 0 0 1
0.593896175902 -6.09404152393 -3.52271529024 0 0 0 1
-0.0705661797646 7.95149093362 -8.10857218293 0 0 0 1
0.019054371808 7.12027601785 -7.25561384244 0 0 0 1
9.6422209411 3.64230027764 7.43839202031 0 0 0 1
-1.08344064898 4.96335017292 4.75767526859 0 0 0 1
4.97454175803 -8.8924883728 6.53773711354 0 0 0 1
0.268183099137 -7.99561053773 5.64650457561 0 0 0 1
6.11019160059 -8.47883941928 8.24843645851 0 0 0 1
3.43462060808 -7.85270772528 8.74597823927 0 0 0 1
-0.569748144283 2.86871281069 4.5431872757 0 0 0 1
-0.681979286107 2.60106803329 2.76270127944 0 0 0 1
-1.12243762134 1.8458504832 6.85420472892 0 0 0 1
-7.3961765261 9.22930250162 2.70913945486 0 0 0 1
2.49223757625 -2.25259458075 -2.1647541835 0 0 0 1
-3.43300894734 7.88071631139 -7.31257514084 0 0 0 1
2.64266009676 -5.56846426836 -1.25747118357 0 0 0 1
9.0562322288 2.69354026909 -9.50699710365 0 0 0 1
7.61348249835 -9.82173216632 -2.96859535655 0 0 0 1
-3.66372030009 1.36315471539 9.24562837119 0 0 0 1
-0.490432947984 -0.0764134409677 -9.85371796117 0 0 0 1
6.08118766789 -3.7664456333 0.409731354766 0 0 0 1
-2.33626940265 -3.91701332961 7.93267933857 0 0 0 1
-7.2236062627 -7.19581535237 -4.74875495371 0 0 0 1
-3.18582861066 -0.808474331336 -8.25564637791 0 0 0 1
-2.48878270383 4.26424091591 -4.53292905555 0 0 0 1
-7.93053332713 -4.91358760211 5.56768108253 0 0 0 1
4.2054916401 0.320169109671 1.40436054821 0 0 0 1
-1.38835859555 -9.25969265536 5.0610788202 0 0 0 1
0.914791089368 -6.00677728481 6.20036464896 0 0 0 1
-3.53866712508 0.139883870639 -3.58459136125 0 0 0 1
9.81882710981 4.32484397034 -1.59388182324 0 0 0 1
1.52352938628 -6.4174028709 4.15683025184 0 0 0 1
-4.62583873042 -4.53373818537 -3.5559842724 0 0 0 1
2.81948428191 3.57454075101 -4.7266173528 0 0 0 1
5.36034018894 2.21182752386 4.20162166172 0 0 0 1
-6.38493573223 3.86274085051 -3.69216241009 0 0 0 1
5.46346033748 0.694892119154 -3.20097834385 0 0 0 1
-8.0856751009 3.34922459522 0.404460714394 0 0 0 1
-4.67452038891 -1.05340134307 3.35689317397 0 0 0 1
-0.0178401801302 -2.89694263327 -8.33885409468 0 0 0 1
-2.64576382205 5.44803559306 -7.4971764567 0 0 0 1
-3.08463817528 -6.13700086813 0.906168173554 0 0 0 1
3.76065121616 2.1699739225 -5.36344949518 0 0 0 1
-4.52923992421 -8.59333409283 -5.97588514542 0 0 0 1
-1.26959129068 -9.25740256626 9.77262380984 0 0 0 1
-6.87472312966 6.17019311231 -3.07856669389 0 0 0 1
2.76056420251 -3.13382007312 -6.14533041817 0 0 0 1
-2.19804993143 -0.902149098887 -4.54522360764 0 0 0 1
8.70612730712 -9.14146288216 -1.15621839154 0 0 0 1
-6.01281658985 6.5670336706 -8.65979677105 0 0 0 1
0.524892757003 5.77504175378 -7.06412462211 0 0 0 1
-7.86026213137 9.29611277787 1.94533944493 0 0 0 1
4.35149731106 9.9499934278 -1.71246680613 0 0 0 1
-0.316457568828 -1.35356723556 -2.82118758908 0 0 0 1
-7.28964329505 -0.00973056687064 9.63363165265 0 0 0 1
-3.5836363735 6.02031626615 -5.44190023646 0 0 0 1
7.84234602158 3.85803165564 -8.8668022748 0 0 0 1
6.36427764571 -9.49975065181 9.61821324065 0 0 0 1
7.91916709967 -1.6157492854 3.80818176575 0 0 0 1
-8.52954420649 9.76358701077 6.98843708915 0 0 0 1
8.16283461117 -1.42492322071 -9.76369626652 0 0 0 1
8.28481207337 0.269475927703 -6.59166237123 0 0 0 1
-9.7574294831 7.48146584417 3.55938076019 0 0 0 1
6.32467774102 -6.09853745782 -6.15775385368 0 0 0 1
0.121357933613 3.32501305282 9.98442806809 0 0 0 1
-4.19060324445 -6.99731601339 -2.18206286149 0 0 0 1
-5.79373617065 1.28028167378 -9.96665228893 0 0 0 1
-0.448194741159 0.968824055276 -7.52104295427 0 0 0 1
-1.86426999316 6.61881252228 6.52679979827 0 0 0 1
-4.11488903149 -7.8385435578 -3.91698249227 0 0 0 1
-5.32143202987 8.56411559587 -5.21096803334 0 0 0 1
-0.993251925154 4.57104841482 3.79266361168 0 0 0 1
-8.73634586491 -5.46145218643 5.83283240571 0 0 0 1
6.01770499894 -7.50247151102 3.0360286172 0 0 0 1
-3.78382903307 -7.55044288868 -7.65375164669 0 0 0 1
0.603762917525 -0.541299083392 -1.20415993708 0 0 0 1
-3.99778956039 2.31422579882 -8.70844002577 0 0 0 1
2.0692637751 -8.58475481657 4.88803273541 0 0 0 1
-9.09057943414 0.449958112273 1.94255500181 0 0 0 1
-3.28373859234 -6.77645132648 5.78352228619 0 0 0 1
-9.42188801042 6.01826579021 7.45576084605 0 0 0 1
-6.45418980635 -4.84808622192 -2.04607707485 0 0 0 1
5.22077211932 2.70501675662 -9.87922359066 0 0 0 1
2.53232537361 9.42339238773 -7.07050305644 0 0 0 1
-0.271036005913 8.74501108869 -2.3754145735 0 0 0 1
-4.24901791777 -4.93128149289 5.39015426173 0 0 0 1
4.77515462304 8.52393761158 1.90659840626 0 0 0 1
7.77069643234 -8.57082183859 3.17700723763 0 0 0 1
7.97931613572 -9.03399087191 2.60229983418 0 0 0 1
-0.0932795547238 -5.46782961332 -8.02261765405 0 0 0 1
-9.07950855506 -5.46955982457 -8.23700818262 0 0 0 1
-3.38006998818 7.54082123002 -2.18421190221 0 0 0 1
6.07192373704 -1.92066139445 -2.79877692958 0 0 0 1
-3.74639103304 9.49215144938 5.16749076393 0 0 0 1
-7.65556504269 3.59786869502 5.27551863733 0 0 0 1
-1.79457672976 -2.42409350922 -9.47625416167 0 0 0 1
-2.52068897204 8.54024935301 6.9176222201 0 0 0 1
-5.08937897046 7.85761259464 -4.2877178131 0 0 0 1
4.97675552782 4.89064141798 6.06595396346 0 0 0 1
7.59262531454 4.09990220617 -4.45652145743 0 0 0 1
2.91280506687 -5.5520197677 2.9892437035 0 0 0 1
3.09860196998 9.70676513537 6.97497781129 0 0 0 1
3.72046271177 -7.69525940637 -4.76551574772 0 0 0 1
9.29232245588 4.70207938506 2.58909989369 0 0 0 1
0.889558888323 -4.80351143972 -2.74180983465 0 0 0 1
3.39412616457 4.29004876837 7.14364075679 0 0 0 1
5.05607855319 -7.79008507968 8.92335719183 0 0 0 1
-8.84298596215 -7.13361836659 5.41341743422 0 0 0 1
5.79264770611 -5.20638112687 -0.0104674344813 0 0 0 1
-5.5991707788 4.69716637508 2.77688932731 0 0 0 1
9.80676857618 -3.07558328081 -0.97194382395 0 0 0 1
-3.5395097063 2.54498296509 -0.264639214845 0 0 0 1
-4.25012993154 1.54123422203 3.25197873388 0 0 0 1
8.17475080521 -2.15501690047 6.59693080403 0 0 0 1
1.71938385129 -6.51909539519 3.30134242726 0 0 0 1
-8.58101877678 -2.38337665492 5.04403213569 0 0 0 1
-4.02025894133 -8.76576955027 -4.12145503246 0 0 0 1
1.29568747163 5.17152865401 0.580020325498 0 0 0 1
8.25279784087 4.90104157249 7.41571297649 0 0 0 1
-8.53625387242 -6.50717921166 -0.996125618934 0 0 0 1
-2.34646965112 8.01625289435 6.92870647434 0 0 0 1
-6.36183290236 8.67324858199 -6.57895917423 0 0 0 1
-3.46077722629 -7.2124168784 2.22712459597 0 0 0 1
-6.83451749489 -0.158152588771 4.47745210518 0 0 0 1
-9.85682850865 -1.31323677964 8.20184945459 0 0 0 1
-1.12261812637 -2.0301949278 4.75455637367 0 0 0 1
5.93729020205 8.14018450614 5.32541757024 0 0 0 1
4.83279473825 -5.33467798631 5.75693522107 0 0 0 1
4.06557086727 -6.65652079536 9.82841467008 0 0 0 1
3.5954962519 7.9848090979 5.49726462405 0 0 0 1
-5.82360689338 -5.25893544732 -2.81494299437 0 0 0 1
-8.33688939847 2.81933810108 -3.09550843187 0 0 0 1
-3.27696526915 -2.83621964755 3.48872521059 0 0 0 1
9.12390443717 5.0214551592 -3.81808422542 0 0 0 1
2.15318866864 4.05046171517 9.73994771946 0 0 0 1
-6.57988037047 -2.08279936385 5.51189539075 0 0 0 1
-8.32883307204 0.558932688242 2.82824407213 0 0 0 1
-3.20357499253 -0.359104970066 -6.54985480138 0 0 0 1
-6.68586130287 0.814387073943 5.93810674527 0 0 0 1
-6.97304928945 6.12881436511 2.2265026809 0 0 0 1
-0.955316032841 8.23850801544 5.88397568685 0 0 0 1
3.92483505054 6.59191352391 6.56605809479 0 0 0 1
3.43835804983 3.3027359967 1.89559851234 0 0 0 1
9.89289154128 4.2071635693 3.24314338157 0 0 0 1
6.18003393573 5.67752533312 -9.9174085601 0 0 0 1
0.114027640655 8.22864967171 5.40624079134 0 0 0 1
7.33240543918 2.60039023087 -5.2171361293 0 0 0 1
4.49152627528 -3.31461887541 -4.51253615649 0 0 0 1
-8.07600355496 5.52018425268 5.81496328862 0 0 0 1
-7.25303609516 -0.0197048127201 -5.72615724935 0 0 0 1
-2.50571950896 -3.35621534036 5.70036714814 0 0 0 1
2.67975941128 -0.814588383048 -9.67516217049 0 0 0 1
0.947434511134 0.386180966906 9.73705706475 0 0 0 1
-4.18108024372 5.29525140353 -3.17643216403 0 0 0 1
0.738737703917 -0.640606012116 -0.854514977202 0 0 0 1
6.61789741381 2.59330506101 6.55471076141 0 0 0 1
4.26879317861 -7.89876746437 -0.800197269209 0 0 0 1
-4.45719834912 -0.291391444915 -9.61557567657 0 0 0 1
-0.73479661688 -4.60215944774 -7.59246755219 0 0 0 1
2.93347737679 7.38916187443 -5.51999751742 0 0 0 1
3.43918278958 -5.63701507764 7.84771554638 0 0 0 1
-5.76910439712 3.41127989213 -1.62311711851 0 0 0 1
-1.87815129511 1.18967134724 2.42520181 0 0 0 1
9.1863608263 -0.327236799067 -9.66313501049 0 0 0 1
-7.22149867285 -5.73015105216 -9.49951341316 0 0 0 1
2.79496519388 5.98513439329 8.89246011762 0 0 0 1
4.42924928183 6.51327593053 -7.52077744057 0 0 0 1
-9.90743810187 -0.770047668948 -8.85310968221 0 0 0 1
-9.83873781636 8.14681616241 -7.18103252257 0 0 0 1
3.20314377668 -1.38933471485 9.82147077766 0 0 0 1
1.37160371441 9.89893357179 -1.28362516291 0 0 0 1
-9.23563903552 6.80875949202 8.25601745181 0 0 0 1
3.97097006771 -7.79281572284 -1.8304988336 0 0 0 1
-8.04308843009 6.88351783049 6.2919590865 0 0 0 1
-8.61883732732 -3.91440940415 -5.63682225346 0 0 0 1
-7.51524697937 4.01826126441 -0.182021318678 0 0 0 1
2.87298912221 9.70665927124 9.72442389882 0 0 0 1
-3.30874108222 -5.61298110998 6.66474854102 0 0 0 1
-2.02812128835 1.86693912527 -9.01337252773 0 0 0 1
4.69691055857 -4.42888776918 -2.1504976924 0 0 0 1
-8.45663741373 -2.71162195198 -8.37327999697 0 0 0 1
4.28328775379 -0.337035208773 6.11668313813 0 0 0 1
-3.17014281982 -0.0503997570533 8.69159084473 0 0 0 1
5.29077751831 -0.467242601008 -9.89482179739 0 0 0 1
1.51814299977 -0.730877950029 3.9342126598 0 0 0 1
-9.57872268269 -8.13221517367 2.5156403061 0 0 0 1
9.5413691178 -6.71995711153 -6.9966075165 0 0 0 1
-5.93992338366 -9.26121233352 -1.81046934371 0 0 0 1
-9.30658005477 -4.05720806626 -4.36973742027 0 0 0 1
-0.602654129149 0.986233375455 4.89479672571 0 0 0 1
-7.93592030374 -6.17270419252 -2.91952981651 0 0 0 1
6.9904052745 4.14820294734 8.56813804158 0 0 0 1
9.33893070421 -8.66826777809 3.9000529785 0 0 0 1
9.20396928393 -3.80969655434 -6.2125255958 0 0 0 1
1.39989465005 3.23919214831 0.928792224435 0 0 0 1
2.28683035699 -1.15332303763 -9.338371183 0 0 0 1
5.1703158083 -1.15547443782 4.87796891393 0 0 0 1
0.379451409409 -0.675713586817 8.60334932482 0 0 0 1
9.57038269585 -1.01367743856 1.60850091584 0 0 0 1
-8.26873860784 9.09767805023 -5.86647024493 0 0 0 1
3.40768235162 1.80229734393 -4.23951784681 0 0 0 1
-5.6921445137 -9.77061404381 2.17742903232 0 0 0 1
3.76749886303 4.19085621809 -7.08277902868 0 0 0 1
3.27087752711 -7.43582311965 9.33908041399 0 0 0 1
-8.22090807175 -7.97527777041 -1.63323342783 0 0 0 1
-0.214141122909 6.21764267981 -3.09147529147 0 0 0 1
4.80990991812 -8.11400697469 7.69302123908 0 0 0 1
8.01170318771 1.47588981444 6.8381767652 0 0 0 1
4.91169009824 -4.06250528028 2.64159974258 0 0 0 1
2.35531398304 -2.22595420951 -4.31879150532 0 0 0 1
-4.26563493389 2.23447596678 -5.36951093714 0 0 0 1
7.99767047115 0.0752307551518 3.5827705166 0 0 0 1
0.647102810275 -3.60500532518 9.89713266638 0 0 0 1
-5.47955361585 9.59501384613 -6.21517231811 0 0 0 1
-6.68578145114 1.55803585006 -1.69623891686 0 0 0 1
-6.52590238633 -4.78853503618 3.13024486421 0 0 0 1
2.14035305675 1.54951925081 -8.2328658677 0 0 0 1
-6.94327073184 9.15699489468 -1.69221022654 0 0 0 1
-4.83335274446 1.6682486783 -0.545984799499 0 0 0 1
6.06659526467 8.3659073307 6.91322454345 0 0 0 1
-3.65469764795 -4.5863654102 0.948448089884 0 0 0 1
-3.59705073663 9.61166998766 5.96455631217 0 0 0 1
-5.82722432497 0.913061938354 -3.76590171858 0 0 0 1
4.18208796774 7.55518212519 8.70644042056 0 0 0 1
-6.8631028242 -6.15964580845 -7.18790488721 0 0 0 1
-2.57368506053 4.30679081284 7.71934360352 0 0 0 1
-4.91543072271 4.15632303638 -3.25993531362 0 0 0 1
9.17374794089 -2.88444633677 -4.55625805581 0 0 0 1
-9.98291105741 -6.29977444945 -5.81283366337 0 0 0 1
-3.10467202774 -2.30041632226 1.21842588066 0 0 0 1
8.18944049697 2.44920709932 -5.6874269303 0 0 0 1
-3.9715369548 8.85331062473 -7.37051721962 0 0 0 1
-3.0222499779 7.7882763322 0.93800527599 0 0 0 1
-8.3939721884 3.75435928975 -8.85415484761 0 0 0 1
9.92407678548 -4.47467837261 6.53836474471 0 0 0 1
-5.28160945635 -5.44258374402 1.0259070975 0 0 0 1
4.07376553974 5.23846694049 1.2511515011 0 0 0 1
-0.213119068517 8.67595662719 -2.33224782631 0 0 0 1
0.529236757402 8.34508823471 -2.44477670627 0 0 0 1
4.47589461267 3.00611795332 0.938239639669 0 0 0 1
-3.96655182772 -9.26740049218 -7.07294070238 0 0 0 1
-3.80601063199 -5.06728547409 8.3770606741 0 0 0 1
4.055098921 1.23087841474 -4.81203345857 0 0 0 1
2.30759422575 -5.72596090912 6.24446631721 0 0 0 1
6.35737962507 4.14185585863 -4.84331895208 0 0 0 1
-6.3966410132 8.16942787429 7.93150529938 0 0 0 1
3.80403049739 -6.91160755755 -6.61839355601 0 0 0 1
-8.39268006923 -7.37286583336 -5.36631955708 0 0 0 1
8.86134876385 -6.86401110821 -3.03632982831 0 0 0 1
9.76059832236 -8.86446263814 7.70730104503 0 0 0 1
7.22310886893 8.66927112095 9.33948554504 0 0 0 1
-4.65479023854 0.293780669192 3.34156813527 0 0 0 1
-9.89116927815 -6.43512272023 -5.81325839768 0 0 0 1
1.78693996128 -0.895850605234 8.31393053843 0 0 0 1
-5.48196336014 -6.68248431866 3.46452926266 0 0 0 1
-6.54331821198 1.29059032516 9.26137958306 0 0 0 1
-3.37932944392 -6.74166824569 -4.99284242089 0 0 0 1
-3.32738549965 -0.167737531061 8.80002571732 0 0 0 1
7.55781421906 0.445549076875 9.79134182784 0 0 0 1
4.47797535671 0.731711579918 -1.3370756569 0 0 0 1
-2.35055680557 -2.93300891932 -2.59721757044 0 0 0 1
-2.06905788458 1.60653910266 -8.5593073084 0 0 0 1
-3.00728080387 -8.79346748375 -5.05987208808 0 0 0 1
-4.57949472484 8.98551237064 -5.57772249687 0 0 0 1
-3.48896119059 -9.80891320252 -5.70113333748 0 0 0 1
-5.68567053931 2.73134643272 -9.5405179773 0 0 0 1
1.00678827488 8.34995130348 8.94607502049 0 0 0 1
5.47085528277 3.87757577728 6.40123662227 0 0 0 1
-1.47558404518 6.51026714544 -3.45676970314 0 0 0 1
5.81502566779 9.10318822015 1.46774440882 0 0 0 1
-3.41077215495 1.8336936933 6.68626278002 0 0 0 1
9.20871875895 -9.58669667712 -5.58669903078 0 0 0 1
-5.56152753536 2.85305407255 -1.58067829083 0 0 0 1
0.35196626187 -1.83212117228 -5.27043434125 0 0 0 1
5.93658410489 0.755540649107 -3.65600697532 0 0 0 1
4.48179909582 -7.44283495482 4.65858823424 0 0 0 1
-6.38124004157 -5.27772735266 -0.960370641666 0 0 0 1
0.175383583421 -2.69529922162 4.96178861122 0 0 0 1
8.76392027828 5.04740122348 -2.36524965179 0 0 0 1
-0.0284283251203 1.92903609124 0.00323790680693 0 0 0 1
-7.47630151157 5.37569041501 -9.26047920129 0 0 0 1
6.41157959016 -1.38959800889 9.15836186082 0 0 0 1
0.511221719443 7.83792309385 -9.6805864809 0 0 0 1
5.26117449225 3.96152290021 -7.63435887303 0 0 0 1
-9.42868658809 9.2133956236 5.64571058128 0 0 0 1
5.09330546845 -1.97356060494 -2.06500073664 0 0 0 1
-7.51055599107 -9.54658752665 -4.77450454478 0 0 0 1
-2.34760310158 6.01438927415 -4.94648565576 0 0 0 1
-0.311031149302 -8.27249902521 -0.84454831655 0 0 0 1
0.880138888414 7.43934507515 0.0515554316175 0 0 0 1
-2.85885311864 3.39395426261 0.222309761538 0 0 0 1
1.8119741812 -2.81262087545 -6.15779504233 0 0 0 1
-6.52917737223 -1.30482887885 0.0282956281791 0 0 0 1
-4.90581174828 7.69538383869 -7.68214090557 0 0 0 1
-5.28628303547 -8.50004153369 -7.75442666622 0 0 0 1
-9.29507688789 9.09159708107 2.1757174112 0 0 0 1
6.38901242789 8.8493971321 4.94579617044 0 0 0 1
6.83460956596 -2.32313771044 -8.759960336 0 0 0 1
4.76231972531 -9.26738054565 -1.80456607319 0 0 0 1
-2.23767729753 -8.31578459988 -0.656285121249 0 0 0 1
4.77877521209 8.57543837375 -0.0176700374148 0 0 0 1
-1.82573483387 4.71759321648 -3.9729216878 0 0 0 1
2.55762813868 9.804796546 -8.14788032641 0 0 0 1
-1.80357182902 6.23511689758 -9.74242203176 0 0 0 1
-1.13928911238 -0.520331596758 -6.65713340631 0 0 0 1
-5.08046066332 6.81343683882 -4.81127573959 0 0 0 1
-7.03313928455 -0.184712326064 2.73265208259 0 0 0 1
-2.219554441 -9.95280610692 -2.17843476212 0 0 0 1
-4.55092463026 -4.05648679676 -2.13895293303 0 0 0 1
-5.63588961131 2.47554070569 4.67174738251 0 0 0 1
1.74169281788 -9.72301861796 2.75688285867 0 0 0 1
5.46529349689 -0.020245946037 -9.53013960296 0 0 0 1
-0.500057713976 9.77559656303 3.79324279779 0 0 0 1
6.18987619238 7.41626330314 7.3641504737 0 0 0 1
8.76291158929 -4.38493243655 -3.22745004902 0 0 0 1
-0.000100320354923 -0.196248605786 5.54274474117 0 0 0 1
4.95748710314 -4.85260073458 -3.1825303903 0 0 0 1
2.1686586936 3.52039185346 -6.4748768639 0 0 0 1
-8.27252004053 -7.53090631863 -5.69700159462 0 0 0 1
-2.99493561017 -2.7637214409 3.28577409904 0 0 0 1
-6.70379179606 8.32113312693 7.9565681628 0 0 0 1
-5.30521434415 0.355917709042 0.933105963762 0 0 0 1
-9.35015218889 -5.10489359154 6.44410259171 0 0 0 1
0.195735953338 -7.12838686766 6.11362420187 0 0 0 1
-5.56411231678 -6.05008868098 -4.4905115013 0 0 0 1
-4.75452923135 -7.88583525312 -3.31673414736 0 0 0 1
3.24556549204 8.44476896689 -9.58165854848 0 0 0 1
7.67431318205 -8.63341386762 -9.56711872832 0 0 0 1
-8.81523989197 -0.657575825944 8.14560352023 0 0 0 1
2.43057236675 7.96904607912 3.97069884353 0 0 0 1
-0.265116651247 7.48330213838 4.30503545431 0 0 0 1
-2.89170161695 -5.2129502866 -6.43117506577 0 0 0 1
-6.30074598903 1.93317826884 8.99180252432 0 0 0 1
-3.74033745063 -7.599719603 -3.71828837961 0 0 0 1
4.45923697347 2.37792846591 -8.42265796735 0 0 0 1
6.94669389496 -9.85332027665 6.18837469112 0 0 0 1
3.13589467227 -8.31561103963 7.94188162459 0 0 0 1
5.01071427246 -7.9732131779 -4.21565351426 0 0 0 1
-8.7246256859 6.58430317041 -0.277166374177 0 0 0 1
-4.36656531761 8.44448624278 8.8709079619 0 0 0 1
7.60444452628 -5.11086358259 6.12435332003 0 0 0 1
0.321815892993 4.98712640741 -3.67606428608 0 0 0 1
3.75980294595 0.526420898361 3.30258412983 0 0 0 1
-2.97452356076 -0.727035397667 -9.49993278074 0 0 0 1
-0.200585051794 -9.64803260557 9.47526859687 0 0 0 1
4.40320583705 7.74222630481 6.55456746179 0 0 0 1
-9.80381576994 -7.97492108736 7.21886749159 0 0 0 1
6.07030810199 -3.16278906728 6.55392146147 0 0 0 1
-7.8096289737 1.93752681361 1.6420102786 0 0 0 1
-4.06144612276 -9.54908172537 -2.10636563409 0 0 0 1
-8.60026135782 9.65718448984 -9.87138106915 0 0 0 1
-3.40871318449 6.01511119237 -0.819030290583 0 0 0 1
6.50428443334 9.99246887373 2.69936602163 0 0 0 1
-6.26895130292 3.37349718452 -8.47478652746 0 0 0 1
-1.98295574512 6.7568265389 -5.84787300704 0 0 0 1
6.752229055 -3.14964347549 -2.16295312529 0 0 0 1
4.60770687863 8.6208150351 6.97587008842 0 0 0 1
-7.87175824258 -0.86227038042 -2.80355487559 0 0 0 1
-6.3228807383 -6.61103103764 -2.02741785755 0 0 0 1
5.13113222446 1.1526818097 5.45444946218 0 0 0 1
-9.41436444934 5.83750133905 7.25384316459 0 0 0 1
-2.59459773459 -2.54192490565 -1.21836237776 0 0 0 1
3.27439806285 3.35964904134 1.81180931172 0 0 0 1
0.75164332045 -1.23197081704 3.02270275166 0 0 0 1
1.52944092689 3.55483873304 3.73309750635 0 0 0 1
2.58374517287 3.99453350885 5.71159838115 0 0 0 1
2.10329887962 -7.93327304345 -5.16527856442 0 0 0 1
1.48147442858 3.98989327655 -8.10174901842 0 0 0 1
-3.77882873935 -5.10781234916 4.46343426476 0 0 0 1
9.07408235878 -4.96309037426 8.97560881231 0 0 0 1
-5.50314718682 5.09256456677 -0.144323532287 0 0 0 1
-9.93242985836 1.2513848611 5.75100498321 0 0 0 1
-9.30112182072 -1.61950368361 -1.40602054645 0 0 0 1
6.11837978968 -3.59836141464 8.82010250968 0 0 0 1
-6.13404883337 4.5752868784 7.18277697463 0 0 0 1
1.88685381755 4.87722185163 -5.21934731236 0 0 0 1
6.42994970436 6.24625492223 2.04511875018 0 0 0 1
3.68657893727 4.33806305978 -6.97810775903 0 0 0 1
1.08607344741 -1.01991822744 6.84055120313 0 0 0 1
9.27785436133 4.68549427671 -0.0909224992781 0 0 0 1
-1.43550145105 -9.27207518665 -9.57356057658 0 0 0 1
-0.141973223586 3.66710348597 -0.883735996082 0 0 0 1
-5.39397528046 -5.84412854221 -9.74086207014 0 0 0 1
-6.87709988111 -9.59385635068 -3.17103055977 0 0 0 1
0.531374578986 -6.75053025423 0.866938960141 0 0 0 1
2.67955189228 0.411828762007 9.62399675076 0 0 0 1
-5.07423104303 -7.92963822506 -7.35777433917 0 0 0 1
6.5619553851 -4.1637258777 -3.19958872588 0 0 0 1
-9.63641888078 9.41469752478 -3.8836773832 0 0 0 1
-1.80094569763 8.82394434598 9.61369953291 0 0 0 1
5.51318628561 7.0737152138 -3.77049260287 0 0 0 1
2.13546111975 -4.24366446984 -6.12715662991 0 0 0 1
5.73213817446 8.87108760828 -4.16314833581 0 0 0 1
6.21150776856 9.51724804571 -0.236203607193 0 0 0 1
4.74464339719 -2.19489986269 6.47867542218 0 0 0 1
-3.69436371485 8.34268376156 -4.7663245996 0 0 0 1
5.49894988013 3.44148675625 -6.7507397344 0 0 0 1
4.03970365015 0.358976825027 4.9437631394 0 0 0 1
7.6587250038 6.23311075633 -1.24092899643 0 0 0 1
-9.93874799147 -3.76083121529 -1.01076662699 0 0 0 1
1.26987051429 2.89953056178 -6.07727688014 0 0 0 1
2.90045461983 0.13736071704 3.12205479786 0 0 0 1
-5.75080620981 7.23519973805 -7.31034374246 0 0 0 1
2.02192312318 -4.57329034423 6.211211665 0 0 0 1
-5.49654967224 -0.579341449004 2.62183819435 0 0 0 1
-7.85356777965 -7.34509272854 -7.9461214148 0 0 0 1
-8.2522413655 -9.74445791442 5.26710945549 0 0 0 1
-6.45362846464 -4.69265817582 1.00621037005 0 0 0 1
-3.96332654088 -5.84188288586 5.85454710698 0 0 0 1
5.47900679044 2.7874747584 1.54951511347 0 0 0 1
5.6454589224 8.80833754147 5.43563412416 0 0 0 1
-6.81618188709 4.83293705224 -0.427065207601 0 0 0 1
-8.63578718798 7.51433244751 -1.36979328533 0 0 0 1
2.02444959043 -3.41805422115 -9.94611663459 0 0 0 1
-6.65695242267 -0.170910933751 9.88499061307 0 0 0 1
-1.06131339561 7.25026930215 -3.15378831444 0 0 0 1
-9.40663076899 -2.45788993686 1.20829570012 0 0 0 1
-4.2558167105 3.26225659754 9.92796972481 0 0 0 1
3.51150275925 1.59126550372 0.777070587469 0 0 0 1
-6.73113612494 -2.23489140544 1.94776548986 0 0 0 1
8.11261265797 -5.07849985569 1.07751012786 0 0 0 1
-9.82160645527 -0.205852226217 -7.71122432373 0 0 0 1
9.64397849529 -8.65216331447 6.30299446144 0 0 0 1
5.2224031217 -2.31162804073 -2.68571485163 0 0 0 1
-7.83319424319 -5.86485634391 0.907596618284 0 0 0 1
-0.923313240602 -1.23455493529 -3.82868321178 0 0 0 1
9.27602241244 0.345721740791 0.362570591048 0 0 0 1
5.28633218372 -5.92225617155 9.94948851921 0 0 0 1
-6.78312169415 2.22908607946 -8.79601724664 0 0 0 1
-8.89704319704 0.960909405221 -0.610409697355 0 0 0 1
-7.31088368766 1.83000800244 -5.81399566203 0 0 0 1
-8.42616387222 -9.65504304857 6.00543176134 0 0 0 1
-7.31069937128 -0.616936179105 -3.88004189702 0 0 0 1
-4.14120722291 4.47831703468 -3.78661293083 0 0 0 1
-5.94383809802 8.58589475691 3.63731763132 0 0 0 1
-3.56676493977 0.323833467994 1.98398101612 0 0 0 1
9.73972807375 2.83068032163 -2.2291966973 0 0 0 1
-3.3507689044 2.26533468923 -6.19248713139 0 0 0 1
-5.14914769139 -9.88698660295 0.688684332988 0 0 0 1
-8.20079311041 0.0896062901007 8.33780032779 0 0 0 1
9.74790910849 -5.64847877962 -2.32133697874 0 0 0 1
-1.48290009625 8.42062509332 5.93264108071 0 0 0 1
-2.32482980206 -8.13826140864 6.09183038549 0 0 0 1
2.21848268949 9.82686712929 -3.24587323895 0 0 0 1
-7.1315769249 7.05968268627 -4.54531003301 0 0 0 1
4.62315694585 -9.18275168994 5.68381816865 0 0 0 1
5.67974331941 2.246109788 -5.04704917713 0 0 0 1
-3.78578675681 -1.75636862031 -1.16259960826 0 0 0 1
-3.56783595441 -3.54651796941 -5.29865943778 0 0 0 1
-2.03905896029 -6.94673543954 3.46457866091 0 0 0 1
3.22998413099 -2.07699988785 5.06841006934 0 0 0 1
-4.1457843732 6.43940646364 0.611990885822 0 0 0 1
-4.53121834256 -9.32633594703 -5.64696645603 0 0 0 1
8.93696473463 -3.71492339164 7.17258790844 0 0 0 1
1.9766924827 6.37390127032 -7.82560077386 0 0 0 1
1.69930036332 -1.81388545842 4.10621355655 0 0 0 1
3.56506019398 3.96926929705 7.69356406217 0 0 0 1
4.8984688046 3.78943815322 -0.41467592766 0 0 0 1
3.25331549805 2.66327572385 -3.37821481883 0 0 0 1
0.5886169429 5.67234189805 -5.67863158563 0 0 0 1
6.88674021561 -2.60935657373 -9.92938865558 0 0 0 1
4.84059870222 0.621000322867 -4.76288475973 0 0 0 1
3.0089354731 -2.84749533121 5.02540024697 0 0 0 1
2.59468093167 8.83659472868 1.57344801545 0 0 0 1
-1.78951725973 -2.00282189032 -6.1198193023 0 0 0 1
-7.48547864786 -9.99144671832 -8.01790501728 0 0 0 1
9.67443121575 5.51340461468 -7.67250154393 0 0 0 1
-3.77319762794 -4.12823799165 -6.79543477805 0 0 0 1
-9.30823968105 -4.22884324839 -4.66166126745 0 0 0 1
-7.3468971178 6.49757752756 5.81124432173 0 0 0 1
1.52092701299 -2.51594130489 0.67795765188 0 0 0 1
7.06351457787 4.21077242531 1.70721656004 0 0 0 1
4.71118443108 -7.3863620561 0.740612103622 0 0 0 1
-7.55792051804 -2.16103065404 -9.34949565821 0 0 0 1
-4.01731498903 0.307162348715 -8.83959914096 0 0 0 1
6.55642924166 -1.0621212443 -5.44925221836 0 0 0 1
-5.51321738392 7.52803249776 4.99504910028 0 0 0 1
2.40562023259 -6.73178886085 9.77424666294 0 0 0 1
-5.19334402904 -5.58585086562 -6.39337688992 0 0 0 1
-6.30987234642 -4.02415937116 -3.01643575438 0 0 0 1
-4.34168397016 9.34776762266 -7.77941896376 0 0 0 1
8.88922369754 3.96298747562 -3.86946651364 0 0 0 1
1.07201858838 8.32952420681 0.434677564972 0 0 0 1
4.19208080911 1.68993479358 -1.05979089579 0 0 0 1
-3.86067161212 -5.870977532 2.08974326668 0 0 0 1
-0.776808922585 -0.58065728176 -6.3880777773 0 0 0 1
-3.38353693517 3.5199203024 9.04436794526 0 0 0 1
0.0664653535665 -3.93490402757 -0.745999331089 0 0 0 1
-0.955699171329 -9.35220865274 -8.82055936278 0 0 0 1
-6.1915477172 2.7737038678 -9.20732933635 0 0 0 1
-6.72775638477 -8.94945027836 -7.94966337865 0 0 0 1
-0.564467043102 -8.42355589508 -5.2467944436 0 0 0 1
-5.05675940852 -3.55674353159 4.4941452391 0 0 0 1
-7.5351445803 4.50073988203 -5.60161283446 0 0 0 1
3.9845884722 5.42365634202 -7.06442868849 0 0 0 1
-0.233627334089 -2.56586929534 3.9219570251 0 0 0 1
0.303881438568 -2.93475751921 -8.11379642683 0 0 0 1
2.78555042473 -9.9482553067 8.50791618273 0 0 0 1
-8.91200274487 7.14748657387 4.3841526944 0 0 0 1
-4.34631981068 -3.02843425666 -3.69218325191 0 0 0 1
5.40615467787 -9.76506785111 -5.29983293211 0 0 0 1
3.94044682054 1.99728664028 -0.221456090226 0 0 0 1
-2.89575041639 6.83933823717 -3.47167200719 0 0 0 1
-4.03094645862 -6.28831291344 -2.59198245192 0 0 0 1
2.32568793685 7.36669832591 -2.55500153351 0 0 0 1
7.99343679834 9.4860135645 -1.79522809921 0 0 0 1
7.53194405276 -1.96808454981 6.48911267523 0 0 0 1
-1.05007391768 -9.42385781321 -1.75806388103 0 0 0 1
-4.68973813079 -7.35560537511 -7.24071696795 0 0 0 1
-4.26832269408 7.34473264264 4.34298550387 0 0 0 1
0.997503311663 -2.21885260209 -0.523652002573 0 0 0 1
-4.61615015933 3.46100825217 9.06083223922 0 0 0 1
-2.81184726275 -4.36219909099 5.75407757565 0 0 0 1
9.3250316667 3.25163227575 -9.25287475077 0 0 0 1
5.94115060445 7.37639418523 4.01489927257 0 0 0 1
-8.80220177821 -2.7383014644 -2.58664640327 0 0 0 1
5.67473513143 -2.45550477357 8.44743849896 0 0 0 1
5.20764217142 -2.219682763 -1.80900679422 0 0 0 1
5.94010777932 2.63516146826 1.54335235218 0 0 0 1
2.65485333415 -0.54752518402 5.15264077446 0 0 0 1
2.02940745635 8.81416372023 7.88137110282 0 0 0 1
5.13540775467 4.6731930976 -7.58733327974 0 0 0 1
-2.63086932239 -0.0719850502603 -9.73938422448 0 0 0 1
-5.27721139739 -3.29098933734 4.21650371792 0 0 0 1
-9.75749136182 -7.46999346547 -8.99746299249 0 0 0 1
9.22750642143 -3.04650031664 9.64517900753 0 0 0 1
-8.27574589748 -6.99974191753 2.67670460859 0 0 0 1
-5.41060521885 -9.03809878625 6.95368942733 0 0 0 1
-7.48453842388 9.19827319603 9.81360998436 0 0 0 1
4.64414764305 1.9423783517 6.60463790966 0 0 0 1
7.38717839811 2.01315504969 6.81032673179 0 0 0 1
-8.74932211601 -1.49001574564 9.74606849245 0 0 0 1
7.94591514412 -1.48778973749 5.99507809256 0 0 0 1
7.08924564076 0.34931725202 -9.52383610496 0 0 0 1
-9.80802433681 -3.98286665325 -0.936347451378 0 0 0 1
2.33686606709 6.50118756641 6.42673067146 0 0 0 1
-0.599762859858 8.80794190212 -3.53585842236 0 0 0 1
0.7302772046 -6.60161527226 7.46824530501 0 0 0 1
5.83065634093 6.84474692619 1.01363568805 0 0 0 1
7.51119917461 4.44680454798 2.22913132537 0 0 0 1
-5.94687994217 6.17092849306 -5.1680257075 0 0 0 1
2.60183229952 6.05122460712 8.06321129166 0 0 0 1
-6.05848731029 4.06915107204 4.62885130555 0 0 0 1
-7.60343575441 4.75000705498 -7.76584943704 0 0 0 1
-9.88581405552 -9.67845161513 -1.6094509514 0 0 0 1
-7.15571857943 -0.271470135046 3.98776611897 0 0 0 1
2.74759904308 -9.69178778352 -5.97926127137 0 0 0 1
-4.06382379052 -8.22739779758 4.05221818177 0 0 0 1
2.8942477274 -5.81367376084 -0.00777414735726 0 0 0 1
5.33056945489 7.37236732781 3.61767397193 0 0 0 1
-8.567659575 -5.80954138044 -2.91297646162 0 0 0 1
-0.607252857776 -9.07308756743 8.94692694592 0 0 0 1
1.49782019801 -5.65374780272 8.93088431885 0 0 0 1
-8.55480284635 -3.43646121269 6.71710143724 0 0 0 1
1.67596584874 -5.40091752957 -0.0998202294203 0 0 0 1
-1.58883912902 -3.13994037634 -6.74346712265 0 0 0 1
4.51872782225 -8.69718423061 7.32289874272 0 0 0 1
1.39548740817 -2.0589231056 -5.32859161128 0 0 0 1
-6.55043797508 -3.91770866773 -7.84604270862 0 0 0 1
-3.97871609088 4.53535644278 -9.77857262477 0 0 0 1
9.61225935774 -9.64472872457 -3.57434267793 0 0 0 1
-9.14373756936 -9.89694980342 6.22111638021 0 0 0 1
5.5082800275 -9.54647960664 4.08170827688 0 0 0 1
9.5130175565 -4.0780617774 5.7542194451 0 0 0 1
-6.68720952143 -1.31980898626 -6.29128861082 0 0 0 1
-9.34301309172 -9.04638093633 6.23896883412 0 0 0 1
-8.79607954882 3.83234958872 3.44274512442 0 0 0 1
3.64004333466 -2.14752295761 -7.0224708004 0 0 0 1
0.223644615264 -4.44966482505 -4.17425001954 0 0 0 1
-0.908772430941 4.15751565035 -4.58796461684 0 0 0 1
4.4270091735 5.01506483217 4.78421131432 0 0 0 1
-1.08373540727 0.154406087443 -5.21999630971 0 0 0 1
-6.04395869785 -0.147730239592 -9.21701924431 0 0 0 1
-9.3512486887 -4.08574673451 2.99327070362 0 0 0 1
6.40076848213 -6.59811790997 7.84909415861 0 0 0 1
7.45294334916 -0.282311429929 6.29907041866 0 0 0 1
-9.1746659856 -5.45988505851 -3.13132378594 0 0 0 1
8.08450411927 -0.789133253209 6.28909673317 0 0 0 1
-5.53142567952 -5.45575985489 7.02246870024 0 0 0 1
-2.46404335931 9.6486726225 -1.21516805665 0 0 0 1
7.45174739756 7.63862650423 7.8967026538 0 0 0 1
-6.70229139213 -9.46395616244 2.55861059374 0 0 0 1
-6.72901687322 -1.19108410704 -3.03576910425 0 0 0 1
6.90529576753 4.40853470015 -2.28411338889 0 0 0 1
-6.45486339091 8.77176349388 1.03547523706 0 0 0 1
-1.44010726984 -4.00515238236 -3.08953649969 0 0 0 1
-7.71254136577 -7.18286306813 5.80260644201 0 0 0 1
-9.19242932748 1.10781272361 -6.47912970638 0 0 0 1
-7.01214100101 -4.98295081242 1.15356631375 0 0 0 1
8.6617982846 9.42488371211 3.45499594442 0 0 0 1
-6.23860711525 9.22332280848 -7.19815582487 0 0 0 1
-4.52740997246 8.33009517327 -9.24138237995 0 0 0 1
-1.15675972087 4.23643092873 -1.19521759141 0 0 0 1
-0.233170800899 4.71571607044 -7.95751825465 0 0 0 1
1.63475494573 8.8548747146 -3.31106278872 0 0 0 1
0.535751903829 -4.09833395472 0.390841412545 0 0 0 1
-8.68462006875 -8.5188431527 8.59583398352 0 0 0 1
-3.32634042634 -6.37495045574 2.58541589079 0 0 0 1
-8.85745597699 -3.98621719697 -8.92650515003 0 0 0 1
-2.51760639585 0.727626626046 -5.99160895009 0 0 0 1
-8.20270899498 5.52285684489 0.372779340413 0 0 0 1
9.153359658 1.63105524299 5.71234319444 0 0 0 1
-2.36947617265 5.64782999716 -4.72302014725 0 0 0 1
1.97730485107 -8.75408663809 0.307970633147 0 0 0 1
-7.35899016606 -8.06953461036 0.964012407753 0 0 0 1
5.88444689123 7.246959331 -2.30811586312 0 0 0 1
-6.17513627958 -9.8686370516 -7.70475933328 0 0 0 1
-2.53304040516 -7.54100260608 -5.12364405968 0 0 0 1
-3.52050263146 3.35414824924 1.49185200026 0 0 0 1
7.33666079726 -9.1832045962 5.79431807188 0 0 0 1
-0.620979001228 2.03706882642 4.48825609248 0 0 0 1
-3.83240473819 -5.89139972603 -1.01185340311 0 0 0 1
-9.70970632955 6.15931557935 -9.43774805074 0 0 0 1
-5.13869404664 4.22487672273 0.754860980521 0 0 0 1
6.66874862971 7.45693549852 2.83581307829 0 0 0 1
8.41403721583 8.72477748231 3.30083557248 0 0 0 1
-7.16306982816 4.55466425934 7.54949573101 0 0 0 1
4.21191071705 3.41385003887 4.99077316643 0 0 0 1
3.81350048127 -9.49752646716 -7.09977800671 0 0 0 1
-0.964907460721 -6.95770391093 4.21341496177 0 0 0 1
5.58182614328 -5.29531062454 6.61471196951 0 0 0 1
-5.84154946676 -7.09653928811 6.30386228433 0 0 0 1
-4.17335217823 -2.14896584312 1.10552188995 0 0 0 1
-2.49380476838 0.00193882887067 -1.09877678728 0 0 0 1
-8.44522644518 5.89517869445 9.59000152471 0 0 0 1
4.31092830604 6.5540258379 4.69300129536 0 0 0 1
8.86245942123 4.38693157949 1.76134007485 0 0 0 1
-6.52240081316 -2.47310085261 -7.07556122846 0 0 0 1
4.75658254601 5.1631644665 4.54760111457 0 0 0 1
-2.56996093321 9.7939845631 -0.449782222789 0 0 0 1
-9.67601100738 -6.17446374125 4.06304705974 0 0 0 1
-4.30537190216 8.15099877931 -3.07470036259 0 0 0 1
-5.71065938725 -5.13518981764 -7.44006737373 0 0 0 1
-5.73518708076 8.13034264043 -7.44479598593 0 0 0 1
2.13241835342 2.13835659773 2.51548758731 0 0 0 1
2.75519331726 -2.13987750277 -1.95738762305 0 0 0 1
1.36735227814 2.07880534496 -3.24827999915 0 0 0 1
-1.7936751563 7.03379140089 -9.00526281656 0 0 0 1
8.35219972971 1.63657002257 0.824337456309 0 0 0 1
-5.23224738029 -8.7811715363 8.10277808326 0 0 0 1
5.38011647882 -2.54946147739 -9.86667782215 0 0 0 1
-5.83907882717 9.47436590956 7.10482581446 0 0 0 1
-8.89138054817 7.70105694006 3.90870863546 0 0 0 1
0.889193187772 -9.12658628165 7.44078169815 0 0 0 1
-4.81332681824 -1.80808066297 0.604216335069 0 0 0 1
-6.53234313697 -5.45065715664 8.49362797968 0 0 0 1
-6.61312000284 -2.07209081396 -4.29838427918 0 0 0 1
-0.48931146547 6.81607406114 2.86505503923 0 0 0 1
9.05491814733 4.87289732505 4.39447057798 0 0 0 1
-5.47713861481 -5.16651672046 0.701348575146 0 0 0 1
3.12391115894 -7.05820778308 -3.49388065737 0 0 0 1
0.634796862947 7.74991601689 9.10024572167 0 0 0 1
-8.83957390374 -8.13119501561 -1.42955869247 0 0 0 1
8.62254569102 -8.86802697824 -8.20983630377 0 0 0 1
-8.40003813244 -3.60951145556 1.18031320515 0 0 0 1
-1.90411159403 2.86224909276 -2.003293866 0 0 0 1
2.27820998336 -5.05747558174 -6.08806846752 0 0 0 1
1.54281861857 2.79996608318 0.847225306262 0 0 0 1
-7.39744995693 -8.67787936271 -4.85304137379 0 0 0 1
5.76870895237 -9.68718777014 -9.43381505224 0 0 0 1
8.24223380251 -3.536426921 7.30788363601 0 0 0 1
8.34240600027 -0.739180289431 -1.42474018471 0 0 0 1
-5.81827363031 -8.69590545482 -3.03276765982 0 0 0 1
-1.40374786675 -9.57352423051 -3.98065602049 0 0 0 1
8.32611179496 -4.78094371111 -9.27009535083 0 0 0 1
1.97343372564 9.20271922958 7.7246639225 0 0 0 1
3.59039761136 -3.52666413017 4.11846662207 0 0 0 1
-6.37524171147 -0.697409952837 -5.78024059434 0 0 0 1
-1.65409078259 5.14052624398 -4.4932697274 0 0 0 1
-5.65714726042 -1.50696976976 8.76118724414 0 0 0 1
3.23599100223 -4.62685851113 0.677225263893 0 0 0 1
-0.367275816244 9.43206186158 -3.10118691498 0 0 0 1
3.08718512319 -5.28775298658 -2.7008942035 0 0 0 1
-4.90086294411 1.96531313482 -0.146569405924 0 0 0 1
-2.71267749937 -2.17652489523 6.56804115349 0 0 0 1
9.65811776863 4.21669337156 -1.0561212048 0 0 0 1
8.37404671511 5.21114451665 9.7325276807 0 0 0 1
-1.70393923032 -1.81329495702 -4.19596625995 0 0 0 1
-8.57612604237 -2.47760949195 2.03559591076 0 0 0 1
0.047310618787 1.25242275554 -1.47357704148 0 0 0 1
2.72602329109 -5.53506645599 3.25459660525 0 0 0 1
-9.9181727573 1.76030616515 -2.18672408785 0 0 0 1
-4.73798533246 -5.2196272054 -2.04263713742 0 0 0 1
-2.55031690779 -0.471155308784 3.93589833481 0 0 0 1
3.99767618665 -8.54508393398 -7.64640572892 0 0 0 1
1.43189683049 0.123696005582 5.11982317939 0 0 0 1
7.89989899053 7.65394573621 7.38206031863 0 0 0 1
7.85088093139 -8.96012575248 -6.60136722375 0 0 0 1
5.24929350458 9.32441504308 5.63533737739 0 0 0 1
4.41527836187 -8.62837091714 1.01479149917 0 0 0 1
2.38030818182 5.80756606774 -4.83559021869 0 0 0 1
6.99011403376 -7.87463029268 9.93485005197 0 0 0 1
-2.82597158525 -4.21302018903 2.97284620015 0 0 0 1
4.56556560503 2.92386526406 -7.11204667238 0 0 0 1
6.81812704287 -7.28773828602 1.83183801452 0 0 0 1
-6.18550327866 1.03801542532 -0.879499695718 0 0 0 1
-0.399852893132 -5.49520069366 -6.29808452059 0 0 0 1
-8.7974382696 9.25288321365 -0.393747956473 0 0 0 1
8.8890640806 6.16549092603 -8.60357914917 0 0 0 1
9.84350448916 3.65915117057 2.84760300922 0 0 0 1
7.92482584657 8.06519955718 -6.32674695748 0 0 0 1
-1.09427070234 -6.94840120712 7.73964313835 0 0 0 1
-4.8519784271 5.38034780211 -9.09153624035 0 0 0 1
3.14333900924 1.7185983908 -3.31792689155 0 0 0 1
2.07965269705 -3.82738674551 8.35759235491 0 0 0 1
3.17562326808 5.6229382882 -4.91351396212 0 0 0 1
4.70528003135 -0.116944391118 -3.91096596475 0 0 0 1
8.79576252793 -8.39620442654 8.61959677388 0 0 0 1
-0.523836207361 -3.20665051296 5.45809594915 0 0 0 1
3.04650822024 7.19867289865 -4.67175727806 0 0 0 1
6.68314602227 -8.21602870164 1.59816097907 0 0 0 1
-4.05785205455 1.56871865501 9.89060762216 0 0 0 1
-8.68739759818 0.927678126032 9.34556443028 0 0 0 1
0.547994194892 -5.48641137286 5.83221014879 0 0 0 1
-7.56600077166 -1.15110300666 -6.728312887 0 0 0 1
-5.60773419241 -5.16556824856 -6.09679513535 0 0 0 1
7.26329423946 -8.28985766516 -3.23788275709 0 0 0 1
6.8281278671 1.5217153052 -6.16446411761 0 0 0 1
-8.56922771755 -1.10185311364 1.82313526404 0 0 0 1
6.63836587118 -3.94773235687 -2.10237508865 0 0 0 1
-5.60805121808 1.24150093109 -1.96275549513 0 0 0 1
6.95859309999 7.59004534185 -1.57952948161 0 0 0 1
9.24664818969 7.3297798616 -2.76128516562 0 0 0 1
2.17129800743 4.14346985454 7.2064628997 0 0 0 1
-4.01766218316 -9.71122962423 7.88182264311 0 0 0 1
9.96987769794 9.38962326526 4.06102494556 0 0 0 1
7.6519555003 -2.02634686883 2.95124860129 0 0 0 1
-2.69807075139 6.6696112739 -6.88088032179 0 0 0 1
2.76430101509 -9.5699395252 -4.70431573296 0 0 0 1
2.93191200854 0.846989952179 6.49804514291 0 0 0 1
-3.67617297996 9.89973819025 -6.43774577171 0 0 0 1
3.90893860477 -0.648153398158 -0.877434237332 0 0 0 1
-0.512806181841 1.76528503239 -9.37306195436 0 0 0 1
-7.11796638946 -2.64181802264 -5.6402407125 0 0 0 1
-3.89650612274 0.414518445959 3.1106748778 0 0 0 1
-8.16663310379 -2.49207836797 -4.58415936379 0 0 0 1
9.11884549592 0.0979980100747 5.60452238795 0 0 0 1
3.89455971343 -5.52651704185 8.69034142594 0 0 0 1
0.326004751452 0.945717811023 0.198879102469 0 0 0 1
-8.35824679913 -7.79628943131 -4.76792517307 0 0 0 1
1.11723667959 -9.62418735117 4.20665132936 0 0 0 1
-9.20086919067 -5.83075794323 4.93208559238 0 0 0 1
-9.20130645211 -3.6625767162 2.15815090877 0 0 0 1
2.16522557886 9.36296247987 8.22296033828 0 0 0 1
-9.16002158411 0.835568563425 7.10095184812 0 0 0 1
7.774658367 -4.48664639221 -3.63991625795 0 0 0 1
-4.76745941155 7.31459884355 -5.23846184116 0 0 0 1
-9.75105942392 -4.08156798368 9.97986641566 0 0 0 1
-1.19943864865 9.8895930768 3.68261546122 0 0 0 1
1.61398642322 2.6913204837 5.34261408343 0 0 0 1
3.61951931754 -5.0063332363 4.2999702477 0 0 0 1
-9.18180942897 6.76326172453 9.22429025824 0 0 0 1
-5.67349177249 9.84278656398 8.78492755446 0 0 0 1
0.188465239008 3.96153464721 -4.53882480987 0 0 0 1
4.9098266525 6.93195464843 0.898440692442 0 0 0 1
7.98699230215 -5.51899144285 4.8561797326 0 0 0 1
-1.47188491407 -8.61969736199 7.13896790375 0 0 0 1
9.299667142 -8.91260194634 2.40820663126 0 0 0 1
1.59992307616 4.65021765852 1.26813232395 0 0 0 1
-8.41812599328 -0.376996270296 -4.47663771813 0 0 0 1
9.70941907831 -7.70138949251 2.29781555809 0 0 0 1
-6.88600892 -7.43181542784 -1.55402813883 0 0 0 1
-8.83493594497 -4.62410320778 4.21942947898 0 0 0 1
-7.94406757077 -9.53975417846 -9.2714450688 0 0 0 1
-8.11086680915 -7.20481021741 -0.775920032089 0 0 0 1
9.83345537054 -9.43420522692 -1.8564675025 0 0 0 1
-9.26124521866 7.44280521599 3.45905065328 0 0 0 1
-1.36846402762 7.25207315688 -7.32499260032 0 0 0 1
-6.25412540794 -3.39993728393 4.68199025424 0 0 0 1
-9.3951409959 -2.87079869902 8.69722692844 0 0 0 1
-5.91864399044 -5.12262475005 -1.82754927523 0 0 0 1
-2.17228554439 -7.85066647287 -3.95542079522 0 0 0 1
-3.67639111838 9.51716605937 2.68909165984 0 0 0 1
4.2868852607 8.96039679934 9.08115214349 0 0 0 1
-3.45439026081 -0.0594717406332 0.0583183837764 0 0 0 1
6.28737520462 4.89454634998 0.0963630706036 0 0 0 1
5.98322395302 0.0887224945112 2.40175557194 0 0 0 1
-0.339193458877 5.48853477437 3.33287109068 0 0 0 1
1.58048094043 -4.82276891476 -4.55947646563 0 0 0 1
-6.09289808156 5.21365714659 3.30427268287 0 0 0 1
-6.87571735377 1.9824956807 -7.90675806604 0 0 0 1
3.60265394342 6.30923317558 -3.01991116626 0 0 0 1
1.14248573053 0.405362068859 8.99233647275 0 0 0 1
6.9787306568 -5.25732240053 9.01045221772 0 0 0 1
-2.61176683767 -4.82947054216 3.08153408681 0 0 0 1
5.6538178504 -8.03528842467 -0.621784247162 0 0 0 1
9.25321970355 9.12010749793 5.84841623084 0 0 0 1
-7.49594132105 1.31532097131 1.8801483123 0 0 0 1
-5.31199688753 2.79343075849 -4.55018594705 0 0 0 1
5.1183428808 -5.18461966851 1.57083950543 0 0 0 1
4.00199671481 -4.17543787658 8.23902925127 0 0 0 1
9.58462862788 1.9380387099 1.11247231972 0 0 0 1
-4.60160966607 -5.69318369975 -1.54160191754 0 0 0 1
-3.13755483289 -9.6958001072 -9.27243014592 0 0 0 1
-4.84263978609 -6.74569028711 -6.83447560988 0 0 0 1
-7.58456494198 3.16210706275 2.97626028675 0 0 0 1
-7.01993135146 -6.29758885592 -7.36455077074 0 0 0 1
-2.43136471059 -4.77874278712 8.09229321369 0 0 0 1
6.38327123133 -9.50864972608 3.66520593716 0 0 0 1
-7.56344014289 2.68737903036 -8.8238873299 0 0 0 1
-2.93268492717 -4.85457275786 -2.14066877452 0 0 0 1
4.84945897946 -4.2690703545 -4.42818208445 0 0 0 1
-1.92182714697 3.84450208673 6.43773719827 0 0 0 1
1.27835020004 0.331273913476 8.46084677573 0 0 0 1
-9.52528326011 -8.74863269054 0.206075094482 0 0 0 1
-7.16017983047 -7.25173318229 -5.2856974881 0 0 0 1
-9.55638203731 8.07079643691 3.35016516143 0 0 0 1
9.41389620463 -0.220637854652 3.93686663277 0 0 0 1
-0.0829317008353 -7.00508248059 9.97515896267 0 0 0 1
-7.53911223155 -8.93323260016 -6.41459638739 0 0 0 1
0.637725915005 -8.01836048716 1.19898166986 0 0 0 1
4.82842555873 -0.307242393401 -4.5139374555 0 0 0 1
8.49990103453 -2.66144465193 -3.87314129681 0 0 0 1
-7.23154851704 6.68310034517 -6.4708027968 0 0 0 1
4.23053769819 0.750301235915 -0.49050340376 0 0 0 1
-5.93373429507 0.501722717362 0.139224917633 0 0 0 1
6.90270719978 2.39353712479 -2.24677459274 0 0 0 1
-4.62779541696 -3.83266448018 4.87362676572 0 0 0 1
8.00725559675 5.98332598922 4.16873789854 0 0 0 1
1.57392586839 9.74918909193 2.30905948939 0 0 0 1
-3.44372831223 4.05655785794 1.91982977311 0 0 0 1
0.0060924004305 2.78316584479 -5.60967303061 0 0 0 1
7.50923502742 0.485702823277 -5.49283572442 0 0 0 1
-3.10211449596 6.19648700165 -0.47217569728 0 0 0 1
-1.55683795812 -4.12518948608 0.0660253724595 0 0 0 1
5.75859914715 5.82823857291 5.30969250392 0 0 0 1
2.34925398098 7.4242475301 4.08329594302 0 0 0 1
5.47692786017 4.47240538196 3.97871399472 0 0 0 1
0.131317907066 7.32772595998 -7.19999944709 0 0 0 1
5.61231011882 -6.61567035858 0.841332379803 0 0 0 1
-3.86872186513 3.35396599995 6.76927356284 0 0 0 1
-8.79949999576 -6.34822883667 2.58947637435 0 0 0 1
4.07223685113 -9.26408897381 -9.08300131691 0 0 0 1
5.43756108654 -3.30867241214 7.4195080979 0 0 0 1
-6.72442918084 9.65312132508 -8.7253044033 0 0 0 1
7.69689384671 0.728164445266 -7.82016851327 0 0 0 1
0.239901380569 8.38184730612 5.52051344657 0 0 0 1
-8.47584424655 1.0363392979 -6.37420602677 0 0 0 1
-4.5973871302 8.66230073131 -2.02143524719 0 0 0 1
2.33981545013 -2.53585236283 -1.94209756333 0 0 0 1
-8.87193783975 5.30603619383 2.31158733384 0 0 0 1
-4.70804108036 -7.88585158823 8.39765519776 0 0 0 1
-7.58531608508 -0.888129049723 0.799248945688 0 0 0 1
8.43044193161 8.44659153772 -5.71153193371 0 0 0 1
3.00886527688 -7.65280045828 7.47472092112 0 0 0 1
7.52340387431 -3.21031153742 -1.23140804495 0 0 0 1
-8.4502428613 5.7160360522 9.86708747009 0 0 0 1
-2.8513864222 5.8110379222 -1.81127184498 0 0 0 1
-0.995173382162 -4.92321060209 -7.95805487335 0 0 0 1
-8.51276952557 8.64530216487 -5.6866630838 0 0 0 1
-1.26821731478 -2.1473025107 -0.743856720326 0 0 0 1
5.60051215703 -3.73331492959 6.27393720294 0 0 0 1
-6.20761140694 8.60509101997 3.12173205652 0 0 0 1
-3.39918536917 4.59939868681 0.273095323665 0 0 0 1
7.35547911405 -0.156202109667 -5.32105102697 0 0 0 1
3.5002769683 2.48893686103 7.19531310236 0 0 0 1
-5.4900427469 3.38679688857 0.902476179539 0 0 0 1
-8.79252316728 1.4391969336 -2.04824253238 0 0 0 1
1.28361561416 0.978057304028 0.206126337618 0 0 0 1
3.51874620858 -4.79289736983 8.38964991864 0 0 0 1
-3.41255636393 -9.80294748131 -9.75771309428 0 0 0 1
1.08845033376 -4.61599752328 4.81724305007 0 0 0 1
8.85735675529 5.67480942674 -0.729242678617 0 0 0 1
5.11599895571 -7.70667596529 4.43570043857 0 0 0 1
0.0178979475006 -7.62583637118 0.607266379172 0 0 0 1
-4.67936216841 -8.09337377717 -8.55225324041 0 0 0 1
-3.69460412398 7.38851643345 2.59884077397 0 0 0 1
3.64052311519 -8.06942032852 4.66373338729 0 0 0 1
0.960797221282 7.56728348234 8.3524917435 0 0 0 1
7.13703015991 -3.80978423373 -5.92676291482 0 0 0 1
8.37712697418 -4.98761513287 0.891505051802 0 0 0 1
6.21073525218 9.14446939874 7.44676973986 0 0 0 1
7.03069357604 -0.501016757429 5.0352048511 0 0 0 1
8.84889531625 -3.43372055148 6.42845245736 0 0 0 1
-2.37396743193 1.98348525186 6.69518057705 0 0 0 1
2.54612524799 3.80207015484 3.35201211201 0 0 0 1
3.18192363892 -4.57205626579 6.15163868153 0 0 0 1
-3.75773977438 -4.03540214626 2.55001078555 0 0 0 1
8.53766063414 -7.03012201864 7.69059914211 0 0 0 1
-0.455327401559 -2.60380318815 5.74499458024 0 0 0 1
-4.04154874697 8.11120006743 5.1654563609 0 0 0 1
5.07860890866 -1.606774817 -9.52684352498 0 0 0 1
0.198033517853 0.786500769556 9.54993223506 0 0 0 1
-7.88329484677 1.54764599874 0.182382979555 0 0 0 1
-4.03453110006 5.45379311303 -9.30665994443 0 0 0 1
-4.40471193772 -9.93610354427 9.59832798255 0 0 0 1
8.1684833579 3.2303336255 -5.7654797362 0 0 0 1
-2.89928332311 -5.81582301236 8.23667540335 0 0 0 1
6.39605396957 1.03309329563 -6.34204566613 0 0 0 1
0.300326303851 9.45745472796 -9.48515297262 0 0 0 1
-5.49103082845 -2.24255487165 -8.3748212278 0 0 0 1
-6.23730306059 -0.0900913177506 -8.71766852521 0 0 0 1
-0.814894420251 3.86428341343 -2.85941111087 0 0 0 1
-4.28309697793 -1.33288539799 1.91464232316 0 0 0 1
-0.868340904701 4.5328039302 7.06263593245 0 0 0 1
6.45114803988 -7.11984369821 6.79318881822 0 0 0 1
-9.06053812023 -7.36410753302 8.83384929818 0 0 0 1
7.10878279696 -9.75922544026 -7.07908510529 0 0 0 1
-7.3449644116 5.84987853891 -9.76277270312 0 0 0 1
1.66891479388 -0.933440772114 4.50124232068 0 0 0 1
-1.96649657003 -2.48557761871 -3.00502623877 0 0 0 1
-5.11081237517 7.00155882341 -4.29941789556 0 0 0 1
-8.32496966364 -3.44511445099 -3.56225969578 0 0 0 1
-8.69525302788 6.23746455738 -6.16693001489 0 0 0 1
0.705213501489 1.71887581938 -6.26370772209 0 0 0 1
3.19546347385 -6.19760986659 6.37795954063 0 0 0 1
-5.98660562924 -8.43699462408 6.57271588657 0 0 0 1
3.41279419409 -9.55249930023 9.49996619085 0 0 0 1
-0.30786160762 -2.75792280856 3.33266978455 0 0 0 1
7.44878110335 -7.33174958228 -7.0338199017 0 0 0 1
3.53427540673 -4.30674795353 3.67292886982 0 0 0 1
-7.81919463378 -5.97609846021 -1.26921486521 0 0 0 1
-2.64626840316 5.73515127379 9.66366297929 0 0 0 1
8.28958719227 -1.81470608944 1.92452000308 0 0 0 1
-0.255463376467 5.22345631243 2.17581399321 0 0 0 1
3.92007909565 -2.76736035312 -2.63313237605 0 0 0 1
1.59402571054 -7.13590265105 0.70263345364 0 0 0 1
7.30734380422 -5.740620462 -8.04299352035 0 0 0 1
-0.729754980362 2.8437247084 -5.75587690708 0 0 0 1
7.11444442696 3.26363282832 -9.27963436307 0 0 0 1
7.20322284884 -7.56642572426 6.38904486737 0 0 0 1
-7.06462103237 -8.21467855021 -2.33823850528 0 0 0 1
-0.303118012593 7.29638392055 -1.12018113317 0 0 0 1
6.2485368808 -0.0625215107076 -7.52710184133 0 0 0 1
1.83343551104 6.40289766954 7.96739793922 0 0 0 1
6.85303016815 1.84846850415 -6.7913515561 0 0 0 1
-9.26072438094 6.61531834619 6.61346543126 0 0 0 1
7.51389810446 -1.65658212191 9.60020114715 0 0 0 1
-9.97272919061 8.74327222086 -7.96313452609 0 0 0 1
-9.35768901255 4.23549817647 -4.68323927384 0 0 0 1
-5.47117146085 -9.27791460709 -0.806909310324 0 0 0 1
-0.913864617794 0.397265476141 7.75730218238 0 0 0 1
8.28753825509 -6.95944268578 0.546369486017 0 0 0 1
-0.480838102355 8.02816602539 4.76522355213 0 0 0 1
9.91812977981 4.42099304947 3.57326493781 0 0 0 1
5.86960953056 2.3633894723 2.56670171138 0 0 0 1
1.21811100312 -1.12627408642 -0.535057033551 0 0 0 1
1.95588530875 5.51739399367 1.54960196992 0 0 0 1
-3.19205963285 -1.99141830697 2.44004580659 0 0 0 1
-8.2681772294 8.898377019 7.58979849663 0 0 0 1
7.18258085294 7.18737397284 -2.68269382818 0 0 0 1
-2.00888783235 -8.65151566536 -1.45652882881 0 0 0 1
-3.74812789028 7.11816901569 -7.12366708158 0 0 0 1
6.50591327387 -6.90110418317 -1.31971014808 0 0 0 1
6.21316544043 8.12486906273 -1.70281981591 0 0 0 1
-6.53630249312 1.70801448544 1.74699874988 0 0 0 1
-6.61817931203 7.31413632841 9.45508270605 0 0 0 1
-7.50811076252 -8.57549944163 -7.97855095938 0 0 0 1
0.889361222625 -6.10976929494 -6.78365632107 0 0 0 1
-4.34654561629 -0.903901208161 1.96818779927 0 0 0 1
7.26416396191 5.91577456652 -8.54609729118 0 0 0 1
-9.68849176816 8.53982984364 7.45307158578 0 0 0 1
-6.52763144848 0.489215969829 -5.99445200804 0 0 0 1
7.27554980226 6.73495440587 4.32996025918 0 0 0 1
8.12130140393 -4.26654354703 -1.72844724233 0 0 0 1
-4.97419202938 0.500705438982 -4.11996120852 0 0 0 1
3.12621589289 -1.55708680706 1.96228815078 0 0 0 1
7.86881746102 8.01378063347 -8.0002649429 0 0 0 1
-4.88954099414 -8.01014656984 -8.55438997176 0 0 0 1
1.3781262772 1.98709930213 4.08273430005 0 0 0 1
-8.35942757498 1.18053397607 -9.57758398819 0 0 0 1
3.34771898753 1.09590510898 -0.685992424974 0 0 0 1
-8.72530612901 -5.97142772168 -3.61494875739 0 0 0 1
7.65666144333 1.55004898031 -1.21262219823 0 0 0 1
9.66900641231 -9.61180636067 0.715525365082 0 0 0 1
1.22979919192 -7.60536050114 -8.45963686193 0 0 0 1
9.57179933299 3.25642626352 -6.80457543846 0 0 0 1
-2.6283729264 8.85753934617 1.0884634883 0 0 0 1
4.58707811273 -3.31336997382 0.535823585628 0 0 0 1
-9.10680020369 -8.76850268391 -5.85349515809 0 0 0 1
8.95791225046 -8.29658843642 -0.669759309727 0 0 0 1
-2.22540230071 4.81303505722 0.736767754751 0 0 0 1
1.30180888615 -4.1224007499 6.7814650196 0 0 0 1
-8.82742341902 -4.88211994443 6.8109957587 0 0 0 1
-7.19447755929 8.16784677435 -3.43317887689 0 0 0 1
-1.9313455999 -9.36055541469 -4.48941460142 0 0 0 1
-7.95004364216 0.230881430494 -9.38629382032 0 0 0 1
-5.99114940644 -3.04711860253 4.92603496568 0 0 0 1
-9.68591419523 1.03345475631 5.49572533321 0 0 0 1
2.77067037376 7.82084038622 -1.78507187499 0 0 0 1
-2.9268771825 6.44865125499 -4.00140574921 0 0 0 1
8.50262023304 -9.29666186545 -9.3085297475 0 0 0 1
1.69412843087 0.688086018702 -8.1147511926 0 0 0 1
8.03481305272 5.8985144009 -5.57127479119 0 0 0 1
-0.133517578589 2.84690527897 -4.88219248958 0 0 0 1
5.50422571227 -1.44132532971 1.43573505302 0 0 0 1
-3.5999913314 -4.73273679057 -8.67325282758 0 0 0 1
8.5011195814 -9.68361352274 6.03354453338 0 0 0 1
-4.61969687377 2.38913638698 -2.52416995428 0 0 0 1
-9.22497468485 -7.01484191738 8.08505269524 0 0 0 1
-5.54251283099 -7.35301604539 -8.33949231949 0 0 0 1
-4.8557295017 -0.301376314798 7.21453205042 0 0 0 1
-8.34094171323 -7.06758651572 -5.52649290134 0 0 0 1
-9.10037005991 8.47418175083 6.63660749907 0 0 0 1
8.41330646558 7.24752710395 -2.87979988128 0 0 0 1
1.99830505956 2.81705567419 -2.74598282708 0 0 0 1
8.42080880264 1.22583897442 9.74996490748 0 0 0 1
-3.10095241597 2.25277167325 -8.7287946159 0 0 0 1
-7.6902113484 1.35074861271 2.47257124445 0 0 0 1
-3.99396408189 6.37208109438 -5.70160994998 0 0 0 1
-7.46046845546 8.65381161549 7.1677452122 0 0 0 1
-7.19254539721 -0.458606039643 8.72949565764 0 0 0 1
-9.18675771169 5.46596647419 -7.02016395816 0 0 0 1
0.924490322766 2.40400488431 1.18578026423 0 0 0 1
7.92377297543 -2.65028177376 9.09614695275 0 0 0 1
-8.27748249658 6.6719734394 9.76055316654 0 0 0 1
-0.0630896987679 -9.83164723994 8.14541945311 0 0 0 1
9.12700778179 -8.73409052418 8.23881306369 0 0 0 1
9.28944344481 -5.09734543512 -6.76474206753 0 0 0 1
-6.32763196681 -6.76947807644 2.25413564559 0 0 0 1
4.43102138731 5.80750065381 3.64225395924 0 0 0 1
6.69803021338 9.13101489145 5.34529075561 0 0 0 1
1.33574368468 6.69496476467 -2.31908338507 0 0 0 1
2.81697361615 1.73525685643 -8.65854599 0 0 0 1
-6.96789951387 -7.11164532903 -4.86596824965 0 0 0 1
9.4053779649 -0.370397530316 -8.24172311759 0 0 0 1
-1.87080893594 -6.83510948578 -2.17910931348 0 0 0 1
-6.64546640668 5.99163669097 5.00861776634 0 0 0 1
-8.22853977476 -8.31226141145 0.426074202306 0 0 0 1
0.537705406574 -8.89181277665 -1.09662972207 0 0 0 1
-8.41491025267 4.22200003815 0.460041809875 0 0 0 1
-4.67332594356 0.134600334946 4.61274487412 0 0 0 1
-2.4096430899 1.23785093206 -3.47343064238 0 0 0 1
-7.32900761065 -6.99081148328 3.45441169703 0 0 0 1
-0.754524303546 3.63882522747 0.84338392949 0 0 0 1
8.53263649339 3.21055703187 -3.29687104527 0 0 0 1
-5.00988971516 -8.55192455821 6.04425470411 0 0 0 1
5.91763576173 -0.0973762155547 -8.38050294772 0 0 0 1
8.08690373051 4.08616005114 -4.02279944301 0 0 0 1
-2.05915209611 -9.65927638577 -5.93173069423 0 0 0 1
6.99284665677 6.99253023365 5.43683362682 0 0 0 1
9.80292778243 -1.21587979851 -8.61876984459 0 0 0 1
1.08720588355 -1.01735719781 4.33029029716 0 0 0 1
-1.34387667965 6.99413707145 -2.13075772285 0 0 0 1
-0.0399043419648 -7.60820294068 5.22961982345 0 0 0 1
-4.15035186392 -0.0256356396572 2.37769780505 0 0 0 1
-1.58961466717 -4.39144140662 -9.03442063206 0 0 0 1
-3.38157245141 -0.794162464154 -4.65578174455 0 0 0 1
-4.43020182108 -4.48445460453 5.14198863575 0 0 0 1
-3.7734037902 9.74949144004 -7.77947078361 0 0 0 1
-6.42791837607 4.41404897864 -0.162845036746 0 0 0 1
7.72569752927 -5.94875262133 2.47956467181 0 0 0 1
9.47131436505 -5.89104828851 5.26076225117 0 0 0 1
-9.90471306271 -0.179939122477 -0.885094961194 0 0 0 1
-7.9398258349 -7.0552952846 1.77621710345 0 0 0 1
7.09062472275 -6.93137582927 7.41348248271 0 0 0 1
-5.44169758085 1.64368527782 6.56262688006 0 0 0 1
-0.773834401715 0.356100501586 1.71370220526 0 0 0 1
3.85053269921 7.40668823415 -3.0449703905 0 0 0 1
-3.62905725973 7.20790854797 -0.880779072833 0 0 0 1
-1.81121234308 0.0773321802969 1.21993131489 0 0 0 1
-1.61462788404 -1.76644545874 8.77525374473 0 0 0 1
-2.00687709446 9.54091845367 8.36086433737 0 0 0 1
8.01079691766 -1.23389096912 5.08383799073 0 0 0 1
7.27928111518 3.02166444024 -5.60456774041 0 0 0 1
-1.05123775667 -1.18770780394 4.90348377077 0 0 0 1
-0.255632111775 6.09306977688 -8.77046085869 0 0 0 1
-3.02313614866 -9.36142370026 -8.15674624784 0 0 0 1
-1.76670325249 4.95704302839 -3.5509420157 0 0 0 1
9.73050758138 -3.60839647593 0.432079102622 0 0 0 1
7.88237431347 1.67993149938 -5.8776848388 0 0 0 1
-5.17204743671 5.39061751587 6.68178445383 0 0 0 1
5.75525262945 -3.98776459438 -2.35620319253 0 0 0 1
9.81508251922 5.48541536627 7.45596082937 0 0 0 1
9.388995866 -9.15965634538 0.219698322774 0 0 0 1
-5.61685087697 2.58114123451 -9.18741590839 0 0 0 1
-0.439134772171 -7.04106278807 -2.31560489939 0 0 0 1
-1.62932824869 -7.64393213739 5.57044517358 0 0 0 1
-3.72941845419 0.767396126838 4.37217080146 0 0 0 1
-9.49912643992 -7.3125487973 1.86918569298 0 0 0 1
-1.42979400648 6.06499210701 -6.85168442201 0 0 0 1
6.75877831826 -4.47208518838 4.36027880392 0 0 0 1
-5.1527219709 0.258430013236 9.46193235941 0 0 0 1
2.00504161847 -7.54342830627 -7.18143360209 0 0 0 1
8.14476646055 9.50523047088 -8.78159745813 0 0 0 1
7.36417879235 -4.26164725623 5.77069798329 0 0 0 1
5.95876267411 -2.39028779455 -3.07594089475 0 0 0 1
1.63115254829 2.25508716383 2.49640667601 0 0 0 1
-6.09907011646 -8.54289424639 6.35964759448 0 0 0 1
3.23083483353 -6.92176347309 1.77200873681 0 0 0 1
-5.94213282402 -1.33937124566 4.91360016625 0 0 0 1
1.98330117511 -5.53266788333 -3.6062225182 0 0 0 1
-7.40727175092 6.81755961803 -4.4253814864 0 0 0 1
5.0657304815 5.24854230105 1.47144837519 0 0 0 1
8.15659003682 7.63256469351 -9.27761059842 0 0 0 1
0.950678787449 0.521484379923 -3.72357984171 0 0 0 1
-7.11834219872 -4.23599772414 -9.36739949908 0 0 0 1
-5.23126369477 -8.48102756176 5.22053894507 0 0 0 1
6.41315393445 -9.01212299149 7.01238049347 0 0 0 1
0.597155146262 -1.3963434575 -6.06789720318 0 0 0 1
-3.77319433127 6.53838476493 3.25817295501 0 0 0 1
-1.79769901334 -6.50553570618 8.28895793633 0 0 0 1
-1.23569278699 -9.4510701769 5.71088872738 0 0 0 1
-8.17802261461 8.03537034943 -4.25051665494 0 0 0 1
3.71585548145 -2.72376825452 0.107401370253 0 0 0 1
-0.689229218761 -0.231668789727 0.978270532838 0 0 0 1
4.49309066157 2.84361362082 3.88993193623 0 0 0 1
-3.48065369634 -3.50230373002 3.92228344177 0 0 0 1
0.376693039291 5.40928093362 7.09975076488 0 0 0 1
7.24950038334 2.2830098809 -6.88150505573 0 0 0 1
-4.05691772956 -4.22122488676 -0.332495613206 0 0 0 1
0.00606199481971 3.39862041926 8.71567592856 0 0 0 1
3.34347699665 3.88100924879 -1.36092587186 0 0 0 1
2.89011143986 2.98302098545 4.84651079168 0 0 0 1
3.01039701166 -9.68930004953 1.64637179571 0 0 0 1
-3.15617286573 0.381965824137 3.45140934631 0 0 0 1
-6.98474700936 -0.803072224645 6.16787719744 0 0 0 1
3.11874697716 8.93887956089 8.28395659257 0 0 0 1
-1.93041424137 9.33077140553 6.60845656915 0 0 0 1
-6.14028490982 -4.41705780593 4.02335571665 0 0 0 1
7.66261717372 -5.97518813718 -9.5831936217 0 0 0 1
8.96931675332 -3.18991244875 4.27798113859 0 0 0 1
-7.91356041893 -1.34271726366 -8.51933436455 0 0 0 1
2.94694021767 8.19259984759 -4.98633544744 0 0 0 1
1.40958847584 6.42045688475 0.195801462585 0 0 0 1
-8.25312543884 4.65229945332 2.87342443134 0 0 0 1
-4.40962186241 -4.52321654452 -0.0787914817657 0 0 0 1
9.25250759198 -2.804171359 0.143242479502 0 0 0 1
4.5652518041 -6.24875408907 -8.63912433544 0 0 0 1
2.42315854058 0.680987268976 -2.00155328847 0 0 0 1
3.84236582012 1.05037774663 3.61173333575 0 0 0 1
2.75621571307 3.77395709363 4.27083388464 0 0 0 1
5.47361288067 5.48019039029 -5.36557450964 0 0 0 1
-7.08358680782 -4.37945474787 -0.141172601493 0 0 0 1
-8.83377020793 -2.15913397038 -2.43635023318 0 0 0 1
8.59919697993 2.03121505196 7.82827543602 0 0 0 1
-1.70925939945 9.64717113708 5.66432934681 0 0 0 1
2.24294969257 -5.07016964926 -2.19916820493 0 0 0 1
-8.21633452479 0.663054442096 6.97088662593 0 0 0 1
0.667041746838 -5.89924032861 -7.78937363396 0 0 0 1
0.754160093575 -3.3802802187 4.3466456932 0 0 0 1
-1.37335050549 3.97908086169 -4.60080650835 0 0 0 1
-4.62988867397 -1.04518539975 1.92889996378 0 0 0 1
5.68967585402 -7.90233150811 -1.60502981897 0 0 0 1
-5.08736702969 4.73838550848 -7.46787468716 0 0 0 1
2.60585848654 8.46900689573 -3.14304207953 0 0 0 1
-7.42832869751 2.19999191841 -2.0093847655 0 0 0 1
-3.72877708293 3.81904933542 -0.897748150761 0 0 0 1
0.918134472609 6.18913156284 3.17291666268 0 0 0 1
-7.85916868628 -1.535807438 -6.27029634297 0 0 0 1
0.661297084025 -9.81289281498 0.858978420339 0 0 0 1
-2.3509478809 -7.27895443596 9.67107574663 0 0 0 1
0.879262077731 -4.42737636106 0.267402394688 0 0 0 1
9.05904517857 4.44963385394 -7.48608168488 0 0 0 1
1.02828720281 5.99723529242 4.11371343084 0 0 0 1
3.2592823383 6.23457018584 -1.18165527713 0 0 0 1
-1.92005852123 7.53547064219 5.05820397747 0 0 0 1
7.19694031198 2.74245257656 -3.25829926156 0 0 0 1
-2.80447884987 2.2048114727 7.87663223886 0 0 0 1
-2.75431310452 -2.48548500242 2.97684803316 0 0 0 1
-2.84654457787 -4.68582922067 -7.85601967192 0 0 0 1
-8.71769064018 -9.21217783415 4.34310375725 0 0 0 1
3.62827697602 7.78833569631 8.49948741277 0 0 0 1
-0.907629087267 -2.19361030786 -8.62713919261 0 0 0 1
1.00012933697 5.50982190684 -1.95024190848 0 0 0 1
-5.2096887658 4.52248251912 -9.36462630305 0 0 0 1
-3.22620422152 3.49986181464 -4.15655134688 0 0 0 1
0.368806134112 -1.73811892077 -0.30209027799 0 0 0 1
-2.0231278382 4.53073704199 1.02098659385 0 0 0 1
-9.30388259724 -4.93386326569 -1.86968742365 0 0 0 1
-1.15200182667 1.12887486547 -1.12500177472 0 0 0 1
3.49975370701 3.73105502937 0.79563904188 0 0 0 1
-4.59022842453 -3.57860548653 -8.86480846601 0 0 0 1
6.40757569816 3.45984860246 0.363795403916 0 0 0 1
0.769795585626 -5.04483245408 4.7412010537 0 0 0 1
9.47313084572 -9.70359309654 -5.58634208427 0 0 0 1
-0.0514056376167 7.18310582411 2.27724031615 0 0 0 1
-7.22861802557 3.39542705164 -2.28216335012 0 0 0 1
5.59328911797 6.45228248415 4.64181230882 0 0 0 1
2.2435896935 9.35932336278 -4.46425924607 0 0 0 1
6.53043470539 3.98694229595 -7.0801027707 0 0 0 1
6.18645700181 5.51807459985 -0.984515779011 0 0 0 1
8.9548187638 -9.61444352296 2.53251422511 0 0 0 1
-7.44415605716 -9.41071145487 -1.9197124312 0 0 0 1
-8.32195199672 -7.57117391862 1.16126776192 0 0 0 1
7.28738494092 4.32482963091 5.3542782768 0 0 0 1
-2.66884813033 -8.6677575061 8.87446726803 0 0 0 1
-3.14873202654 8.50162093642 -9.28224115273 0 0 0 1
6.71739428998 -5.78286390221 -5.27499072265 0 0 0 1
6.83244383267 -9.02329689118 1.00690852243 0 0 0 1
-7.46371779836 2.96844237672 5.85379890212 0 0 0 1
-4.5466039751 2.65472642222 -4.89015017481 0 0 0 1
6.65836004582 -9.3734892919 4.29122749382 0 0 0 1
-6.00291668432 5.06982430095 -6.60340325066 0 0 0 1
-9.04778666524 8.56576925449 -3.93966652287 0 0 0 1
7.49755005859 1.71579174207 -8.29053223901 0 0 0 1
4.21044494943 -0.794066017442 -9.19290960339 0 0 0 1
1.54332377385 5.20638936092 -6.98728731594 0 0 0 1
-5.21415831841 3.93724022135 7.7937806273 0 0 0 1
-3.52803774396 3.81207198096 8.36136630993 0 0 0 1
8.47997210866 -2.58933346234 -4.80531171731 0 0 0 1
7.60667588489 9.30057983227 -0.172408927982 0 0 0 1
4.89536280542 -1.38086596576 -7.518490939 0 0 0 1
5.53521054069 -5.83536340298 8.59596355183 0 0 0 1
-1.53089738117 3.196878004 8.63877594784 0 0 0 1
9.0324792355 -2.88188900873 1.61244189624 0 0 0 1
7.20009847919 8.49242662005 3.73383976707 0 0 0 1
3.65400153012 7.63476859119 3.55475742356 0 0 0 1
9.19949575138 0.587584908541 -9.24803734402 0 0 0 1
8.32779358999 3.25638059509 9.48667909223 0 0 0 1
-9.23625295552 -6.24106951503 3.77111626151 0 0 0 1
-9.02910295425 1.64036378239 6.42428139733 0 0 0 1
-1.46395210473 8.27285552815 -8.98244847684 0 0 0 1
7.06771519012 -6.51561356784 -1.03993234413 0 0 0 1
-7.05536632673 3.41094857443 9.05347278398 0 0 0 1
-0.748167013835 7.74394499776 7.28179757954 0 0 0 1
-6.68069944337 0.53749042442 -5.65193040398 0 0 0 1
5.29351745218 9.00680987691 2.60533674641 0 0 0 1
5.92128972631 6.48881624607 7.40839150868 0 0 0 1
9.01809290401 -4.21385017311 -6.87264865654 0 0 0 1
-7.41703251902 -6.80342849591 -6.04185286293 0 0 0 1
-5.18526771019 7.33975298068 -5.51932221175 0 0 0 1
6.93763939928 -4.26114710108 -2.15485502033 0 0 0 1
7.98471308001 -5.33499609486 3.83560090089 0 0 0 1
8.88569506031 9.60818153211 -6.77721710114 0 0 0 1
-0.654131017127 -4.94556992129 -6.36821776212 0 0 0 1
2.14055669836 -8.18628742974 1.7313801702 0 0 0 1
-0.44098058212 -0.214533157715 -9.76222595573 0 0 0 1
9.23296686633 -4.32881053842 5.22709127468 0 0 0 1
7.15570295501 -9.59201895381 1.79007545377 0 0 0 1
-7.8384566398 -9.77189964857 9.77741227891 0 0 0 1
-0.537870119193 9.5052609817 7.53994653455 0 0 0 1
3.21781036793 -0.835886774184 -5.39433196397 0 0 0 1
7.19221302413 4.01936608103 -8.29226714342 0 0 0 1
-1.86712286546 -2.52615223509 0.684583012425 0 0 0 1
-1.80822851315 7.26939392059 1.97103114607 0 0 0 1
-4.56726513949 -2.70755009289 -3.39626967184 0 0 0 1
-7.12751308266 -6.28566970008 1.22269313512 0 0 0 1
-7.1629429539 -7.0825012709 -4.03866437298 0 0 0 1
4.11924982852 3.45586197059 -8.99294789712 0 0 0 1
3.54815106136 4.21903540675 -7.12686288022 0 0 0 1
0.724431549696 6.29210189307 5.29736126363 0 0 0 1
8.98846249318 -5.69328122047 -6.69643471813 0 0 0 1
-2.03757565853 -0.326180876632 -9.17785047177 0 0 0 1
-1.92607386926 0.931369092631 -5.52931080041 0 0 0 1
7.00158039841 9.41685208376 6.32593985956 0 0 0 1
0.922242627283 8.91700337063 3.63367121864 0 0 0 1
-4.06073420861 -6.10911146471 6.1403770249 0 0 0 1
-0.512583324236 -3.73952368109 -3.50056431049 0 0 0 1
-2.58473119315 -5.0834197874 -5.60160890689 0 0 0 1
5.89357046065 -4.07633259233 -0.589853458384 0 0 0 1
6.71089319677 -3.78470936296 -2.50507429202 0 0 0 1
3.03016304404 -5.02066818863 -0.996344264376 0 0 0 1
1.87718950613 0.162247705394 6.08269854926 0 0 0 1
0.669788102573 3.32932560364 0.0811087132824 0 0 0 1
5.96698846759 6.11868803039 -1.17280482864 0 0 0 1
-9.31648311207 3.74032265258 6.67813696832 0 0 0 1
2.77299582779 -7.41009559183 0.116272248351 0 0 0 1
-6.52360254303 -8.52811459244 -1.40819786263 0 0 0 1
2.02468722316 -8.75927148465 -9.99203719338 0 0 0 1
-3.31708044099 1.73736310203 6.25873089751 0 0 0 1
5.20517773897 -9.9139510875 7.4931874504 0 0 0 1
-1.74791280882 -6.9786176353 -9.05545042859 0 0 0 1
9.14191654614 -8.30575788047 -4.91766313268 0 0 0 1
8.08158047755 4.042964332 -6.10373173729 0 0 0 1
-9.35679406073 9.88655652096 5.9866772202 0 0 0 1
0.0976816510304 0.904541724219 -3.70105395204 0 0 0 1
-6.18735417289 -6.92406811965 -4.517339928 0 0 0 1
-4.41223887923 5.13052039865 -1.53917109052 0 0 0 1
9.46454285362 -4.74057328842 7.64163571996 0 0 0 1
-9.93455493158 -7.28100094816 8.76166894131 0 0 0 1
3.43930832737 -0.0892573924437 -9.53045415671 0 0 0 1
-1.41990829538 9.9710995216 -5.80759350984 0 0 0 1
9.24720880447 3.06705303049 -6.25003721721 0 0 0 1
8.82160156174 -7.37809130923 1.89821180429 0 0 0 1
0.715966815274 4.9581305689 5.00950347386 0 0 0 1
-3.29638333269 -2.40989382001 7.99097718455 0 0 0 1
7.64846226373 -1.51573586292 -6.3972620454 0 0 0 1
2.26313333661 -3.76155119989 -0.173949235976 0 0 0 1
4.89360492158 2.88379566742 -1.78362644083 0 0 0 1
-2.5413692653 5.85927344648 -6.8153003246 0 0 0 1
0.625072658853 -8.39845835938 8.17146426669 0 0 0 1
-9.25757009923 8.56512393537 -5.18916699412 0 0 0 1
6.91179232296 -6.07400377364 3.44860737117 0 0 0 1
0.800953379343 -9.89881347578 -1.05042655522 0 0 0 1
4.5475624922 5.37524704506 -2.5173133743 0 0 0 1
-7.00781815166 -0.721652451561 3.90599075985 0 0 0 1
-8.8720441561 -2.98347571463 -0.156978132171 0 0 0 1
-4.35966589586 7.55300087364 -2.97209783697 0 0 0 1
3.69224685864 4.0763343811 1.63020412555 0 0 0 1
6.89842395757 5.2162125593 4.66394653709 0 0 0 1
6.87515841906 2.16983662199 0.144231511372 0 0 0 1
-2.47981682026 6.81072311393 9.61829272077 0 0 0 1
-2.03352134613 -1.49193101123 4.41562228525 0 0 0 1
9.7593776572 -0.252878090195 1.85627497237 0 0 0 1
-7.74827951089 -6.81486152937 -4.1607934666 0 0 0 1
7.06241005005 -6.67321452136 6.24515979731 0 0 0 1
-1.46954301281 -5.02183106291 -7.1637013692 0 0 0 1
4.88827682692 -0.556723076241 4.05410118647 0 0 0 1
7.36863021828 -3.59727226629 -6.91380538516 0 0 0 1
-7.01605895169 1.82430967941 -5.33631588503 0 0 0 1
3.28245049462 -7.00209531754 4.30331220984 0 0 0 1
-1.8549903405 3.54725050921 1.15104141962 0 0 0 1
-5.3974851744 -9.20386138889 0.418583717656 0 0 0 1
9.05622159241 -9.99612558901 5.874584179 0 0 0 1
4.41458391749 -5.88391588243 9.32029423775 0 0 0 1
-1.2217637448 4.84386770534 -5.05852611172 0 0 0 1
-8.32908350958 9.55412280302 5.73039933064 0 0 0 1
2.27979910188 9.84879402511 9.76177818693 0 0 0 1
-7.1751576055 -5.12366092689 -2.41349690156 0 0 0 1
4.89856898225 -5.75618541131 -3.63138900916 0 0 0 1
-7.51579299851 0.613206603453 4.8117810555 0 0 0 1
-3.72280393876 1.61348687122 -6.9991196865 0 0 0 1
-2.29556056471 -2.59478503128 0.391678390204 0 0 0 1
3.66675582286 -2.7933043134 -8.17420613212 0 0 0 1
-4.0415619588 -9.97460543791 0.51139033743 0 0 0 1
7.72029917268 -3.75932972453 -9.04645849845 0 0 0 1
-0.886390928183 -8.6047496052 6.11966045884 0 0 0 1
9.32669882722 6.28694139916 2.79935670923 0 0 0 1
-9.28961332727 5.84530208812 -6.63014566283 0 0 0 1
-5.53071434507 0.920717051625 0.236427783729 0 0 0 1
-5.16959684308 8.48090194595 -3.22021003818 0 0 0 1
7.73909890881 3.51532735004 5.76853704866 0 0 0 1
6.68568060803 2.78817944048 -3.86005049469 0 0 0 1
3.0339443072 1.41045534725 -3.0380093804 0 0 0 1
4.42058439815 -2.55285257856 -5.80410138153 0 0 0 1
-0.534073290088 -8.8572277949 9.91875630443 0 0 0 1
3.05995375702 -7.70795510047 -5.06402724616 0 0 0 1
-1.51655485169 -8.02361792134 8.12813736579 0 0 0 1
5.16008451258 -3.26715425705 -8.14349239556 0 0 0 1
-1.01812326608 -9.833039759 7.30047822118 0 0 0 1
-8.51720992148 9.60234170541 -4.18160186497 0 0 0 1
7.57843621448 3.07515068514 2.30343579563 0 0 0 1
-2.19043958242 9.82112714281 9.75710977846 0 0 0 1
4.30428882681 7.31780986169 0.150897812588 0 0 0 1
-7.33857066789 0.840602947007 3.13734220608 0 0 0 1
-7.14509623271 -8.35953432171 -5.35674577288 0 0 0 1
5.27428921175 -8.59254023633 -2.23296195754 0 0 0 1
4.44284852017 -3.20583796169 9.68240660708 0 0 0 1
9.69235526308 1.15337176477 -2.79061147365 0 0 0 1
3.93597602463 -9.64193648842 1.21145341643 0 0 0 1
-6.56708729366 -5.83898481412 -4.43783632003 0 0 0 1
2.28579628455 5.04162905082 -4.66087156382 0 0 0 1
1.32862734324 -4.88846116003 8.75359271073 0 0 0 1
-2.28140605025 5.30154006349 -9.37285706659 0 0 0 1
7.47804657845 8.74816144827 -6.27448694665 0 0 0 1
9.25301174807 2.62062027976 6.26563520224 0 0 0 1
-1.49766218054 -7.59460967069 8.5587667732 0 0 0 1
3.71204900113 -2.49179670649 -1.69560770583 0 0 0 1
6.77934527682 -1.98016977059 -3.35586390553 0 0 0 1
-4.24488350384 -1.59936240056 -3.37116714438 0 0 0 1
4.35649244578 0.326084080978 -8.74686352624 0 0 0 1
-5.2685565839 7.37572032974 5.37556995861 0 0 0 1
-2.15744357531 1.12150568736 -9.94792922343 0 0 0 1
-0.998254040855 2.00546911697 -4.96850746578 0 0 0 1
7.79124533354 9.19673587192 -3.98960579066 0 0 0 1
-8.51406739922 -1.10844249998 -5.16263648798 0 0 0 1
-0.000581109359326 -0.171708562879 -4.89524060429 0 0 0 1
8.02828477501 -7.81785230992 -2.17357277752 0 0 0 1
-0.911117572072 4.61546969405 5.65238442192 0 0 0 1
-0.173993097972 -3.6961544556 0.105134028373 0 0 0 1
-3.89550312875 -6.98433492432 -0.754800649899 0 0 0 1
-2.25904220114 0.00375943006468 -5.21563336495 0 0 0 1
9.86540461931 -9.45877790853 8.86070030249 0 0 0 1
1.52946721926 9.81568467236 -6.44307665912 0 0 0 1
-9.7193831524 5.17121290547 1.29991719436 0 0 0 1
9.56851329883 2.44552789271 4.04237284413 0 0 0 1
5.07049785262 0.641122809677 1.8919277129 0 0 0 1
-1.83394825366 -6.41622370861 -7.27403098796 0 0 0 1
7.40002906438 -0.0429243685725 -3.4964543741 0 0 0 1
6.62036282255 3.06981574788 4.78953641855 0 0 0 1
9.09156110001 -0.26789284833 6.74549891806 0 0 0 1
3.67908333654 -3.42715973491 -9.57971099142 0 0 0 1
7.83809630073 -7.06755259486 -3.67892362626 0 0 0 1
5.12007524576 -6.4263736997 2.96800444399 0 0 0 1
-3.22718039826 -2.10457030921 5.80207075594 0 0 0 1
9.84117757607 -7.24194744409 -8.13693727481 0 0 0 1
-8.89608968242 -6.43074765399 1.7675107328 0 0 0 1
-7.45251405229 -8.43692712648 1.07760591921 0 0 0 1
-1.16839165072 4.66840491532 5.04698264392 0 0 0 1
-0.78820575806 -3.21802567583 -5.08104034097 0 0 0 1
8.20699808108 -1.35055073755 2.48894981855 0 0 0 1
7.65289203619 -6.30788484018 -5.40117349243 0 0 0 1
-2.20386217315 -6.20415193522 9.95799883395 0 0 0 1
-8.44415933905 -6.44500936908 2.92442500004 0 0 0 1
7.66165355442 -5.52642960847 -6.83897351579 0 0 0 1
3.15972389063 3.25876327788 -5.34959271711 0 0 0 1
2.10887423444 -1.70662385407 -1.9396651568 0 0 0 1
1.41821909102 -6.85527053732 -8.02435564073 0 0 0 1
-6.56226817162 -1.79433231202 -2.26995931482 0 0 0 1
-7.45455586935 2.31846253899 -8.52785631871 0 0 0 1
-1.38502388716 4.63504545728 -6.93499164751 0 0 0 1
-9.95474014585 2.37838012157 -2.35745700742 0 0 0 1
2.77253411799 4.92794952672 0.377530217301 0 0 0 1
5.78887997665 -0.170131871562 -4.72594563934 0 0 0 1
-7.6250841432 -1.40718662462 -4.0710044061 0 0 0 1
0.602612001406 -6.86055396141 -6.70374510568 0 0 0 1
6.1941117358 -8.97342584009 3.02757262045 0 0 0 1
2.52707739595 4.26266659717 9.85236421754 0 0 0 1
-5.91894116411 -3.95159253838 -6.68708687118 0 0 0 1
-7.6389922609 -8.23867533751 -7.16984965733 0 0 0 1
-7.95555249598 -6.12033852798 7.5918193334 0 0 0 1
-4.84414956856 -7.6850343511 -7.90525532164 0 0 0 1
5.51102971399 0.947342182287 2.71450499176 0 0 0 1
3.99017976158 -3.84443603714 -1.58577415391 0 0 0 1
3.91151387027 2.61500705336 -3.00453877725 0 0 0 1
-2.38173813365 -3.92194599312 7.80814156806 0 0 0 1
3.02530475254 -2.75671889131 3.20230491602 0 0 0 1
5.8110683516 -5.74717450083 -8.98764212806 0 0 0 1
6.13909688028 6.35263906262 -3.84044315188 0 0 0 1
-0.643947050826 -4.33473432502 -3.04335682773 0 0 0 1
-2.35635057919 3.88633682834 -5.11467131013 0 0 0 1
7.90091049739 -0.822019531963 -9.52140298704 0 0 0 1
4.70440479624 -5.19755436512 -3.13060684858 0 0 0 1
-3.86239051699 9.67028424535 9.95612279166 0 0 0 1
1.30882534072 -8.86542266007 2.71448592751 0 0 0 1
5.96175947053 -4.90069555608 3.04456226721 0 0 0 1
-4.93836394728 -3.72491142414 3.04754279917 0 0 0 1
-1.86191614566 3.78038169262 8.71852735873 0 0 0 1
9.99068952936 -6.73361362785 -6.11958057525 0 0 0 1
-3.66340591172 -8.27206815156 1.06365757895 0 0 0 1
1.50889497035 -1.67676885172 1.55145641482 0 0 0 1
-6.18798202094 3.12214336252 0.157921722522 0 0 0 1
-3.81146031103 -0.351619007744 -3.11821530483 0 0 0 1
2.75829333294 6.01193843198 -7.08827269322 0 0 0 1
-5.38792284916 -7.73467129199 -2.05235191187 0 0 0 1
5.74727216669 1.32824700955 -8.91529125493 0 0 0 1
-3.11685075583 5.52154506879 -7.68199273793 0 0 0 1
-0.0968936448043 4.31119892681 1.23777807452 0 0 0 1
4.66617609412 6.13219250571 -2.59008953718 0 0 0 1
-5.28633850924 2.19296565459 -4.75959870087 0 0 0 1
5.2885163306 7.66874219365 4.64820321664 0 0 0 1
0.270867158419 -1.50496512855 8.23306838942 0 0 0 1
7.82861882249 -1.21776872641 1.37718893277 0 0 0 1
6.52905838069 4.3166805263 4.62259241142 0 0 0 1
1.07880238769 8.99585820482 -2.90618160192 0 0 0 1
2.70934975051 -3.76094420896 6.12555794101 0 0 0 1
-2.35091191624 1.85418910679 -4.87191976577 0 0 0 1
-2.68652775307 8.40372472488 -4.97357363931 0 0 0 1
3.04687199001 5.74665180034 -9.63196442378 0 0 0 1
-6.0379275927 -8.44335835098 -9.14284379307 0 0 0 1
-8.51175464225 -7.04459514559 -8.2858227588 0 0 0 1
-3.38583224691 7.67221625829 -5.63154069224 0 0 0 1
6.02305311124 -9.57339324099 -3.18767728491 0 0 0 1
2.93851853511 5.27635802548 7.34450234256 0 0 0 1
9.96545551752 9.01364144947 8.64721616887 0 0 0 1
-9.26813563705 -8.19582420939 -2.32329588995 0 0 0 1
2.47939814462 -6.41966986134 -6.85842829801 0 0 0 1
3.38491133248 -2.69691724962 1.45470585405 0 0 0 1
3.28312906979 1.53258514177 -5.8944381012 0 0 0 1
-2.08206986872 1.36130617034 -2.39204289774 0 0 0 1
-7.96289132369 -4.43119369259 8.00578465468 0 0 0 1
-7.85620723748 7.15763472977 5.93071245138 0 0 0 1
-8.75306100736 2.82109922157 0.405637640187 0 0 0 1
3.88221628496 7.30323357175 -7.36766990231 0 0 0 1
-6.75789374704 0.125373460211 7.80239315883 0 0 0 1
4.99880596675 -2.05479446594 -6.8252955591 0 0 0 1
7.41529101806 4.58439827772 4.25176715478 0 0 0 1
-5.49429380867 -0.583007047443 -9.43471198881 0 0 0 1
-9.81151625854 5.54210706628 -6.43736160466 0 0 0 1
0.978161853526 9.260799077 -7.66812875351 0 0 0 1
-8.4389305385 9.32839423021 0.600410580744 0 0 0 1
3.7254617834 -8.72419229316 -7.28343358732 0 0 0 1
3.62472081569 -9.59658054944 9.423083735 0 0 0 1
5.47142736613 -0.554768879684 -6.92883358667 0 0 0 1
-7.91411194727 -3.76455863349 -2.3890290371 0 0 0 1
5.01503080378 0.570640755998 -6.65544746591 0 0 0 1
0.358273607217 -5.10372327168 -2.88243135523 0 0 0 1
3.07897248032 -1.33971419662 -2.96029368735 0 0 0 1
-7.42753337038 -3.75726891811 -2.34026191519 0 0 0 1
-9.59172925016 -6.3680096481 9.10131808416 0 0 0 1
-1.89634684954 -5.19762569549 7.30851559589 0 0 0 1
-2.28256335855 2.87312337356 -4.25016406981 0 0 0 1
7.08298166572 -4.58919527864 -9.36185931299 0 0 0 1
7.58555963095 7.27704177324 9.9664534892 0 0 0 1
9.09410051641 -4.05338052963 8.68692239218 0 0 0 1
6.7150461605 -0.25242345022 9.46061863676 0 0 0 1
5.04486659745 5.53377085442 9.22220175859 0 0 0 1
8.86362870179 -9.62632648695 1.58494156755 0 0 0 1
-2.36939794382 1.76620006298 3.67458375943 0 0 0 1
3.73601084213 -6.41519840242 9.0243042671 0 0 0 1
4.86164876868 6.40300088263 -4.45834751816 0 0 0 1
5.27889898331 4.03408301476 9.5883084734 0 0 0 1
-1.64826472793 0.849416777633 -0.78751156792 0 0 0 1
-8.88168441288 2.53160142824 3.6772288296 0 0 0 1
-8.14310999609 3.71257080288 7.88714337653 0 0 0 1
9.21905776222 7.8545762979 6.96785015095 0 0 0 1
-8.72668824836 8.26595526845 3.24955782785 0 0 0 1
-8.03026172836 -2.18939736302 4.24375401506 0 0 0 1
-8.16174945226 -6.04237468231 9.7053984543 0 0 0 1
-4.72703141915 -4.31027574025 5.35952212272 0 0 0 1
5.07186915389 -5.88370644183 -7.21932028965 0 0 0 1
3.03611888009 7.05621293971 5.00203630598 0 0 0 1
1.14516858817 9.74998416102 3.81456609815 0 0 0 1
6.67753183833 0.475271159835 -9.40992420979 0 0 0 1
8.38705217939 1.82479920809 -7.81786315157 0 0 0 1
-1.49571406556 6.47442965871 3.00157578811 0 0 0 1
2.26128303693 4.31791629181 -9.68606980668 0 0 0 1
-6.53326746427 2.64015592875 9.51601580788 0 0 0 1
-4.48251405652 0.337902105423 6.65265318329 0 0 0 1
-3.44800905738 3.12062896652 5.6020592827 0 0 0 1
4.92326851936 2.10903747754 -9.33342736054 0 0 0 1
-5.44652200702 -3.21855768892 0.943802262337 0 0 0 1
6.56852918237 0.538430523641 -5.66735515228 0 0 0 1
9.62848763198 3.4539077757 8.9800686669 0 0 0 1
6.70164553963 9.56695951635 0.16625069116 0 0 0 1
-7.28614728643 4.41174469847 -2.42090278601 0 0 0 1
6.21100764288 0.656463404216 5.11063836357 0 0 0 1
-8.49034114765 4.47312174229 2.7860533042 0 0 0 1
6.15486455155 -6.04472798011 1.17582952415 0 0 0 1
-8.12094047141 -2.13248616204 9.23006790115 0 0 0 1
-2.97174449541 -7.74647920939 3.63099913077 0 0 0 1
8.48443791711 -4.83016807095 7.73846326115 0 0 0 1
5.2741991069 -8.94565358877 -4.04074515619 0 0 0 1
-4.52244063357 5.36904168122 -9.20446084095 0 0 0 1
-3.99664108438 8.39441589118 9.26821726938 0 0 0 1
-7.7404966896 -8.60993053339 0.614876232446 0 0 0 1
-7.87434545692 8.83731504422 -0.71544931219 0 0 0 1
6.10032165388 1.86520589287 7.45642560311 0 0 0 1
-1.55513284679 -3.41622148995 3.49775335599 0 0 0 1
2.88622993507 7.70655475725 -6.27309979247 0 0 0 1
-0.361622711802 -3.4166594849 4.2933900281 0 0 0 1
9.99962450205 5.11894474248 -6.65952729867 0 0 0 1
-2.85585277328 2.94156742409 -9.64308638052 0 0 0 1
-8.69906393009 -0.614464933404 1.25635439052 0 0 0 1
5.38105134815 -7.53991621271 -5.21769855115 0 0 0 1
1.83735503656 -5.02375917397 0.721436108604 0 0 0 1
1.92106233236 3.43358242848 5.38479896953 0 0 0 1
-1.07480198359 -7.95178148663 8.61460773627 0 0 0 1
-5.66590048915 7.95319748974 3.52160261647 0 0 0 1
-5.39301364998 -1.26610124943 -1.23817823599 0 0 0 1
-1.98066191804 -7.040573709 -7.95010959604 0 0 0 1
8.84768115325 -8.0880848624 -8.07025842536 0 0 0 1
9.85214323062 7.14713120872 -4.19129629443 0 0 0 1
3.11085630431 2.02270012556 0.574003359229 0 0 0 1
-4.53044355459 6.7866288239 -2.91666974093 0 0 0 1
9.34302254323 9.76327504898 6.48014340842 0 0 0 1
5.50611650767 9.64360052737 1.99887880533 0 0 0 1
9.18284570397 -5.30510076883 8.47801044662 0 0 0 1
-5.86555706146 -7.16499786678 5.75133379087 0 0 0 1
-0.0481662293262 1.35222292981 -5.55960197405 0 0 0 1
9.51267018401 -4.13643752256 -5.07016630624 0 0 0 1
0.563255053332 7.40895122127 -3.18512627495 0 0 0 1
-4.83867542215 0.5404562597 6.71015143763 0 0 0 1
3.34610278396 9.08041240828 8.25802362353 0 0 0 1
-2.09217026435 3.69831243088 8.09111585531 0 0 0 1
6.01465694378 7.21280145489 5.00854738751 0 0 0 1
4.35816922038 -5.69852708038 3.13369185607 0 0 0 1
6.27150308873 0.382536157328 4.36780295072 0 0 0 1
-2.3968040658 6.2276902658 9.35283218343 0 0 0 1
0.441224506736 -0.581382412066 5.89455984877 0 0 0 1
-4.76009550814 -6.14444516288 -5.60747483542 0 0 0 1
-7.5911117481 7.06902954331 -8.21183739537 0 0 0 1
6.91941397568 -4.22094986697 5.23894244005 0 0 0 1
-1.09358071577 -7.87560046381 -0.873542757169 0 0 0 1
-4.90440358426 -6.02026034073 9.48352908587 0 0 0 1
5.55894810024 3.39124356097 -3.92913170123 0 0 0 1
3.23824816544 7.99613952137 -2.96040111003 0 0 0 1
2.12546336748 -9.28899650176 -9.17911509748 0 0 0 1
7.57141136181 5.38415927105 5.34188318182 0 0 0 1
-3.64198496581 8.90808863488 0.340489880451 0 0 0 1
1.90248793963 1.70669458925 -5.73557175453 0 0 0 1
9.25608239047 -9.77442213083 -6.4995317167 0 0 0 1
-9.17427104539 -6.89315317136 -8.39023443048 0 0 0 1
0.0344186843617 4.56254033577 4.62294277108 0 0 0 1
-4.50687617812 -8.06507910611 -6.24527191277 0 0 0 1
2.63365949714 5.70857641994 -2.61825850385 0 0 0 1
9.46735907654 -1.56327435697 1.04586004539 0 0 0 1
-4.50680424933 6.69216071212 -3.9965121679 0 0 0 1
2.68999321513 6.94382150404 -9.32120586915 0 0 0 1
-6.58927298252 -5.81968447848 9.26965438707 0 0 0 1
-2.21014641533 -3.14750746663 -0.422413242593 0 0 0 1
-4.53856427418 -6.7142618146 4.79976131279 0 0 0 1
-0.0871158732528 9.41728657223 -7.06465752129 0 0 0 1
3.76183781882 4.12337271771 1.0607830109 0 0 0 1
-0.640337794287 -1.65941316386 6.52616936393 0 0 0 1
3.22830491125 3.27392508155 9.42409552369 0 0 0 1
-6.36156205056 1.71121301084 -9.61071465187 0 0 0 1
4.96529433549 -0.67134347032 -6.3108310137 0 0 0 1
-4.94875669175 2.60023971468 -1.11929968777 0 0 0 1
6.78775352347 3.35000689829 5.42687308916 0 0 0 1
-5.16734672382 -6.75261623824 -8.38622926651 0 0 0 1
4.38871785474 3.81050102767 5.31086619355 0 0 0 1
-1.78720496808 -7.24083539751 -0.861790055074 0 0 0 1
-6.8199059102 2.44083133772 -8.67653481049 0 0 0 1
2.16055359072 -7.4529955032 0.568760769312 0 0 0 1
2.114808146 -4.24129249314 1.86617101276 0 0 0 1
-4.8516500769 8.34123376102 0.70942990097 0 0 0 1
0.601140736746 -2.35346443805 4.30985467154 0 0 0 1
-1.33601677762 0.725194254893 7.89188557218 0 0 0 1
-4.53313202714 -5.71219646105 -5.51804124964 0 0 0 1
-9.11226749523 3.96729113669 0.669254046807 0 0 0 1
9.05157402332 1.14617430027 -0.954522135904 0 0 0 1
3.85247335268 0.925342565573 -1.15362551698 0 0 0 1
-9.67052275548 8.32310146027 -8.24265294173 0 0 0 1
-4.96762468608 -0.458284537719 -9.24282298501 0 0 0 1
-6.11578647182 3.97511402454 -7.38643321642 0 0 0 1
8.86819681349 -7.46297704032 -5.47710047947 0 0 0 1
7.2045303108 7.39782454649 -2.00152065927 0 0 0 1
6.71009534507 6.97732499225 -6.07487490859 0 0 0 1
1.82398892196 -4.74394659863 8.82197820101 0 0 0 1
5.9400828258 2.50231854654 6.02947478215 0 0 0 1
9.14239738995 -0.731098562726 -1.77874061722 0 0 0 1
8.00331463614 1.01903453122 3.63449756562 0 0 0 1
-8.75825032712 -3.59289470617 1.35866352572 0 0 0 1
9.62279788776 3.70258721486 -7.71285045312 0 0 0 1
-9.99254146551 9.44036887585 -4.41960912692 0 0 0 1
5.00443647139 1.43315371933 2.66053817376 0 0 0 1
-4.69876457621 6.77613907476 4.77212536757 0 0 0 1
-3.66385326379 -5.63876400384 -8.26878834254 0 0 0 1
-1.58035778341 -2.90419544253 1.68280011825 0 0 0 1
-7.51520447706 5.9141209549 -6.97888265363 0 0 0 1
0.943388589422 9.26152761048 4.12251783255 0 0 0 1
4.44908498104 3.13109925402 6.31757979533 0 0 0 1
-5.01109584671 -2.32807922834 -8.76910869508 0 0 0 1
-6.62886351894 3.67708196111 -0.190717454027 0 0 0 1
9.34733720058 4.67293644184 -7.41411307086 0 0 0 1
-2.28606332704 -0.90095570801 6.97748224873 0 0 0 1
-2.10164717291 5.5662135307 1.04036722019 0 0 0 1
5.59291988996 4.24848436615 -3.44628248094 0 0 0 1
-7.42531231218 -6.68234912047 6.61870530338 0 0 0 1
1.51154530758 8.03769735997 -8.38055660494 0 0 0 1
4.78754409385 -2.99683802651 1.65726530789 0 0 0 1
5.40614580566 5.82832695397 -0.1027570943 0 0 0 1
4.21706949846 8.3854249555 5.54337062584 0 0 0 1
4.1540858373 -5.51201464226 -8.81472636734 0 0 0 1
-8.80914191813 2.56047625236 7.20007904288 0 0 0 1
5.04713147261 9.72907522729 -6.94489829624 0 0 0 1
1.91697951787 6.87253522126 -6.35092863602 0 0 0 1
5.04562494006 -7.29852475339 2.16487833085 0 0 0 1
3.77717024589 0.77934225472 -8.85036529091 0 0 0 1
4.11676886383 -2.5839749411 1.97865108761 0 0 0 1
1.89396704256 3.33484001819 8.45135389469 0 0 0 1
-3.11730831578 8.75989232405 -2.58665022876 0 0 0 1
3.31760144587 2.92575342285 -8.76710842243 0 0 0 1
-9.49732217272 6.64454787533 -5.6307827398 0 0 0 1
4.67129974793 1.56175780263 1.3485382906 0 0 0 1
8.09887465058 4.19218227482 -9.00623460982 0 0 0 1
0.146931641003 8.71028559327 2.75230309175 0 0 0 1
4.20680458177 0.997825826572 -0.306058631193 0 0 0 1
-9.09530376398 -4.48747437574 -8.08329968152 0 0 0 1
7.6160939269 -8.73036052416 4.81993240429 0 0 0 1
-6.45813743983 -9.38131167821 9.06470429072 0 0 0 1
9.82811379413 6.70234266202 -5.94449821228 0 0 0 1
-4.42818301294 -6.77343994397 -3.39815965823 0 0 0 1
-5.83372531103 -1.26006676099 9.47621037397 0 0 0 1
6.2575639791 6.40658252057 0.958817530939 0 0 0 1
4.48199681211 3.65290150369 9.68524347508 0 0 0 1
-5.83499135567 -2.33841717504 -1.3504582627 0 0 0 1
-8.24069319564 -0.145861315634 8.50933510151 0 0 0 1
-7.65974577342 -0.813595492661 -4.45967445536 0 0 0 1
-2.17761062313 4.03051823321 4.7979169292 0 0 0 1
-9.8716012555 -8.62761327044 8.811461585 0 0 0 1
8.52013832101 -0.341177758885 6.85279562675 0 0 0 1
8.16635491456 -5.03947222203 -3.89598960826 0 0 0 1
4.97652597405 5.6174641124 -5.01995004841 0 0 0 1
1.50615101057 0.17014669966 -0.573646179257 0 0 0 1
-8.0574730773 5.21375392618 -9.12901804104 0 0 0 1
3.14201923353 4.21944186912 -4.66989186589 0 0 0 1
-7.54227885916 9.19085817494 -4.22574319344 0 0 0 1
5.22426374136 3.63540660278 9.873142609 0 0 0 1
1.149631617 2.21339554031 -6.59653085401 0 0 0 1
-2.63343066802 8.75776660676 1.42938838496 0 0 0 1
-4.60510900159 8.28108211783 0.841652466592 0 0 0 1
-3.90183726844 3.51770818025 -6.46367989704 0 0 0 1
6.43723722895 7.86141806307 -1.31683526038 0 0 0 1
-0.5232179193 -3.77329426356 -7.02055239139 0 0 0 1
5.57085122906 6.90734683199 6.71823521048 0 0 0 1
-3.15457289806 -9.92438340002 9.20097395093 0 0 0 1
3.20961390268 -3.19840720498 -0.786950047172 0 0 0 1
0.288074527632 4.79463666608 6.46003321068 0 0 0 1
6.65993502733 3.95099706991 4.95597272398 0 0 0 1
9.48790238154 3.34658731339 -5.94342495585 0 0 0 1
-3.98258762196 1.34503109388 9.50636156508 0 0 0 1
4.2575687749 7.82628974726 -4.6354728288 0 0 0 1
-0.822420040503 -2.4209485003 -7.97805869381 0 0 0 1
3.41485868248 7.4484375892 9.97045132647 0 0 0 1
-5.65071229424 -0.759901978838 0.22495017467 0 0 0 1
-5.76465691065 0.522835942785 -9.35527884773 0 0 0 1
-5.87541809147 -0.890191952369 0.570795646451 0 0 0 1
-1.73799938521 2.17113988598 -7.97327173969 0 0 0 1
8.85156445232 3.71931954422 0.0797572382579 0 0 0 1
4.48580850973 -0.108243072654 -4.79104783817 0 0 0 1
-4.10109292452 7.34102865587 3.08051699985 0 0 0 1
4.82116992976 -5.26183052459 -8.07939782545 0 0 0 1
1.14294680666 -8.27440514142 -0.0744016391578 0 0 0 1
-1.6612051835 -4.32159096226 8.82322720371 0 0 0 1
3.61453618124 -4.91731591318 -4.66483617152 0 0 0 1
4.221727431 -3.40144388404 4.39966059824 0 0 0 1
-4.04304096386 1.12522164926 9.39877357356 0 0 0 1
-7.75907589391 -6.51115297954 -9.70268231559 0 0 0 1
-8.67635012788 2.04614467138 5.17922040781 0 0 0 1
-5.81137254113 0.376926147243 7.11546224803 0 0 0 1
-0.717907805453 -3.71116347919 -3.70920932224 0 0 0 1
8.0480437803 4.78864896738 -0.432794513365 0 0 0 1
8.3621661432 -6.58907578711 -3.73898624614 0 0 0 1
-1.49321665914 7.38620724239 7.58777408773 0 0 0 1
-3.5285988234 -0.425578593598 6.65273229298 0 0 0 1
