-5.83906515577 7.12554981527 -6.96703421593 0 0 0 1
-9.22662972048 -7.41474225927 -4.70862864507 0 0 0 1
4.74364905579 9.94439346741 7.36631438042 0 0 0 1
-3.54680047353 -6.5976464536 6.88180122595 0 0 0 1
-4.82180124505 2.84297720533 -4.56125956417 0 0 0 1
4.73539766858 -1.36200799422 9.10597371629 0 0 0 1
-8.9342459431 -5.14123478463 2.77009923907 0 0 0 1
-1.99301330127 -8.36999992365 1.08842773394 0 0 0 1
6.78640020358 3.45141550942 -9.55089160209 0 0 0 1
-9.27001322565 8.07868643507 7.66883435137 0 0 0 1
0.447793953387 -5.3582930108 7.3416558115 0 0 0 1
0.173354743056 3.15181783181 -2.20265202441 0 0 0 1
6.22678296792 -5.90745451336 4.85973423767 0 0 0 1
2.6342067487 8.51800026087 -1.87238995737 0 0 0 1
5.87926857807 9.74643359896 0.834991185513 0 0 0 1
-1.69603097393 -3.97221555733 3.23369163178 0 0 0 1
-5.35988821929 -6.54415035511 -9.56742888265 0 0 0 1
8.17208229266 -1.27073289722 8.76825491312 0 0 0 1
7.31999260663 5.34803560473 -7.00724703893 0 0 0 1
6.2634358835 -2.80312027696 7.80844532005 0 0 0 1
9.40088210645 -0.643901982899 4.1886660534 0 0 0 1
5.38669540295 3.23452259443 -2.86041119825 0 0 0 1
-4.77636277901 2.76961699448 5.10942308341 0 0 0 1
-4.31630520748 -3.24975088188 -1.82071191157 0 0 0 1
8.22806778034 4.42959505556 6.88279689905 0 0 0 1
-6.96916142506 1.71191596329 -8.68646351997 0 0 0 1
-2.46977678541 5.65885468988 0.16425646296 0 0 0 1
-3.24275926546 -8.78677949999 5.5028494125 0 0 0 1
-5.65718335264 1.69068152008 -6.1983079287 0 0 0 1
5.68740989752 1.89436292299 5.95783883901 0 0 0 1
-8.97298279069 7.80133315315 6.41024134155 0 0 0 1
6.65683309535 -9.77661950675 1.3792156074 0 0 0 1
6.36217371032 -8.0131973014 3.64483634396 0 0 0 1
7.70349578714 3.48877402547 3.86005231796 0 0 0 1
4.82423878866 -9.99488535146 -7.24000765572 0 0 0 1
-8.74340067943 -0.549144864154 6.10952352117 0 0 0 1
-2.49861045932 3.63196616548 8.42305090362 0 0 0 1
5.20872884364 -6.34982387133 2.26532352714 0 0 0 1
7.05797975531 0.380348585093 2.35807280307 0 0 0 1
7.85700320674 8.40237608896 -2.8119284113 0 0 0 1
7.2269606422 -6.65569877248 -8.66505369055 0 0 0 1
6.90879438011 0.176612247975 -6.39708481804 0 0 0 1
-0.0443641663664 -7.36655414893 -3.2313593886 0 0 0 1
-4.03684332127 -9.2382966202 -0.993587822098 0 0 0 1
9.4389974554 -6.03028581955 -6.25106863003 0 0 0 1
4.79226220648 -6.07341523603 -4.76876679826 0 0 0 1
7.1606823732 -9.03059991789 -6.42444719652 0 0 0 1
-8.99178012004 -9.83027808213 -3.4986873942 0 0 0 1
6.18982514298 8.39324161108 -9.30494853523 0 0 0 1
6.8347420306 1.2503617847 -8.95833468673 0 0 0 1
-1.89515710317 -6.08580020096 -8.35635312285 0 0 0 1
5.18529563584 6.09740680545 -7.76923732206 0 0 0 1
-1.54894816395 0.418629853839 1.12517068196 0 0 0 1
2.73680421135 2.61444308971 5.89290690162 0 0 0 1
8.98203171631 8.81870887708 8.90693433189 0 0 0 1
-6.21496749551 1.70308743825 6.38600931222 0 0 0 1
6.01047178502 -9.27982285473 -8.18418704725 0 0 0 1
0.83002392264 -3.24627535876 5.60413822 0 0 0 1
1.06189079067 -8.74156970791 5.71423182317 0 0 0 1
-1.64015894293 4.45756753601 8.48774074152 0 0 0 1
3.89228565421 -6.70905690387 9.53442763351 0 0 0 1
-8.91307989294 2.89375108597 2.77597096101 0 0 0 1
6.51966353718 -7.27607084382 4.00093248295 0 0 0 1
-6.39735721591 -6.25962543278 3.27948708924 0 0 0 1
5.24261893669 -0.949804240459 -3.47677573735 0 0 0 1
-3.59438221863 -4.609050661 1.41402324668 0 0 0 1
6.24425892384 3.12867995625 -4.07366435241 0 0 0 1
-8.54338400202 0.11845510545 -0.297320544803 0 0 0 1
-6.96822450216 -0.0695989228269 -2.17607914515 0 0 0 1
-1.75909997816 -8.74151132525 2.42148110484 0 0 0 1
0.586018708513 3.88363441498 8.78272752568 0 0 0 1
0.122485741984 -1.02042447644 -3.21329656728 0 0 0 1
-3.98984375263 -9.32418714754 -1.92720271489 0 0 0 1
7.96384677332 -4.05171626135 -8.30569680448 0 0 0 1
8.62545663726 2.88868987906 4.3247724911 0 0 0 1
-1.52849379836 -4.67529184902 8.62622323301 0 0 0 1
-8.99632971765 -3.37847881535 -0.00821079373934 0 0 0 1
9.21551822336 0.956758772154 5.66221359396 0 0 0 1
-9.27456777498 -5.72371164483 -0.989885918232 0 0 0 1
-5.25125798123 4.14572422995 -5.10482145176 0 0 0 1
3.60452269712 1.72227515374 -6.69891184684 0 0 0 1
-6.66162625283 8.43512542553 -6.61875091629 0 0 0 1
-0.0229603779156 -1.23264948286 -7.42660181557 0 0 0 1
0.32288697723 -6.45361018105 -4.24470676701 0 0 0 1
-4.63768904516 4.45027590407 -0.922883190692 0 0 0 1
-1.8689996835 -1.38491182282 7.97456614829 0 0 0 1
3.91760394704 6.3377686011 -3.96507071351 0 0 0 1
0.753069178172 -6.70054339593 -1.90838660306 0 0 0 1
-8.31765651284 0.724941287647 1.16114866379 0 0 0 1
5.67727221867 -5.03313381404 8.13102920552 0 0 0 1
-5.89440519282 3.67554170319 -1.13715919287 0 0 0 1
9.12495836155 -7.12466704177 0.995310834929 0 0 0 1
-6.3505674538 0.754432315333 0.274079738145 0 0 0 1
9.33701946663 0.116022471111 6.40234379132 0 0 0 1
-9.38684932762 -2.93938596915 5.80355612591 0 0 0 1
9.21864162954 -7.00643171952 -5.08579484033 0 0 0 1
3.49894309723 -3.0603391614 5.80344645952 0 0 0 1
8.86509140892 -8.43553649234 -8.7556653749 0 0 0 1
4.03124293806 -6.0299485516 -3.96451719262 0 0 0 1
-6.91880183798 -1.63717372274 1.63484419386 0 0 0 1
0.272238506202 -9.73991477949 -5.96922202897 0 0 0 1
8.89502730362 2.14492682514 -4.09254615704 0 0 0 1
2.43379240969 -3.29148953799 0.7977151641 0 0 0 1
-8.64792559091 -6.21545499734 2.17785561038 0 0 0 1
3.38891287636 1.03244164062 4.50466140234 0 0 0 1
6.69954813485 5.69567451817 -9.646748134 0 0 0 1
-5.69632861579 1.29379599148 7.40395267164 0 0 0 1
7.00850184073 -1.70769587973 0.960903152309 0 0 0 1
5.26495438366 -6.87033090306 -1.99338917763 0 0 0 1
-7.17437483812 -3.47010369475 6.49228208628 0 0 0 1
3.04884980879 -2.64465054864 -9.31384298615 0 0 0 1
1.9318651208 -4.26314270526 -1.48148231899 0 0 0 1
-9.8130237142 -2.23057368805 -0.66341470595 0 0 0 1
-2.29237008738 -4.91953767484 -3.80610770821 0 0 0 1
-1.57197989159 7.65811665343 -8.63140116044 0 0 0 1
-7.70837853696 2.94763018973 -0.020945846384 0 0 0 1
-9.15802988001 2.5311543876 6.88625983078 0 0 0 1
-5.89449708391 -3.86188769048 -8.84371726269 0 0 0 1
9.17764120895 -5.49948290924 -4.72931515811 0 0 0 1
-9.66006624143 6.59487288405 3.3757193483 0 0 0 1
-5.69916629255 5.29292938794 -0.740182217635 0 0 0 1
1.86704903928 5.83043679479 -1.09440926411 0 0 0 1
8.85269321071 2.70091767158 2.72514780798 0 0 0 1
0.338278502171 9.69090055386 -6.65276260386 0 0 0 1
-5.52339165949 -7.14369349655 -9.55355992871 0 0 0 1
-5.05783867368 8.31505760677 -8.7209213495 0 0 0 1
9.82995310962 -2.37439734393 3.07183031896 0 0 0 1
2.47928960402 -1.87151109136 -1.45918434365 0 0 0 1
-4.84250173851 -7.54589346148 6.09024149372 0 0 0 1
-0.40483810047 3.38459064817 9.56410932746 0 0 0 1
-9.55889937187 5.37708295936 4.11109942106 0 0 0 1
3.34918026741 8.40511707779 0.894505984673 0 0 0 1
-1.80694778033 6.5206780554 0.678507044292 0 0 0 1
-3.51583008977 -6.51551754436 -5.82267963262 0 0 0 1
-9.10911411816 -1.62870243968 0.479823276244 0 0 0 1
-1.34923650138 -0.378677669144 8.59471803672 0 0 0 1
-4.63373687783 9.72552748735 -2.53047419289 0 0 0 1
2.45305024457 5.82422238396 6.7300715836 0 0 0 1
-0.472739253966 7.53868950074 9.16808669601 0 0 0 1
-8.20259503626 5.87606760598 -9.47853713522 0 0 0 1
5.15998331339 7.15177331668 8.48397110905 0 0 0 1
8.57389245148 -1.91503054139 -7.40918611663 0 0 0 1
-5.05843633807 -1.72031065829 -9.88598251623 0 0 0 1
3.23529654282 -7.02953235454 8.99082888908 0 0 0 1
4.74804357847 6.45935814392 -0.586652795401 0 0 0 1
9.35343598355 8.08613665031 3.44550596435 0 0 0 1
9.93551889677 -7.12685465089 9.03021686378 0 0 0 1
9.05126817742 1.28582423916 -4.63598283397 0 0 0 1
-3.99764494879 1.83773566317 -3.76475287124 0 0 0 1
-0.245468217789 -1.69181067708 2.54924595096 0 0 0 1
7.72869983708 6.57660276672 -1.61204008887 0 0 0 1
6.94924795927 9.19607602095 -3.466333831 0 0 0 1
7.15854620558 -6.47837482897 -2.36274537671 0 0 0 1
4.58440615375 4.69024825492 -2.34363418103 0 0 0 1
5.86184254811 7.74229177623 3.08981875131 0 0 0 1
1.96711456169 -0.776118262987 3.63358776639 0 0 0 1
4.93229904168 -2.31631270588 -3.39525747409 0 0 0 1
-2.02630549367 -7.67308490385 1.69243790118 0 0 0 1
0.982147448146 6.4415702146 5.57119590106 0 0 0 1
5.67983638368 -9.08909240502 1.01916578001 0 0 0 1
-9.91396053175 8.16071201514 -0.85615639766 0 0 0 1
-9.69070438132 4.65018286495 -0.537447884729 0 0 0 1
0.504274385891 -3.45434694873 4.74494296097 0 0 0 1
1.64708353054 8.94231004572 5.42948417175 0 0 0 1
-7.61211099474 9.9279797182 -6.48123452939 0 0 0 1
6.05283758776 -7.53033908167 -8.01797776582 0 0 0 1
-2.73395769152 -8.27834301526 6.23086353347 0 0 0 1
0.688948578565 -3.41706839578 5.11485100919 0 0 0 1
9.14924670299 4.59686886738 5.20271145007 0 0 0 1
-5.38229542784 -4.92321819206 -9.72416309451 0 0 0 1
2.10325703445 -8.23656892255 4.68020605314 0 0 0 1
-0.697158351311 -7.96835965141 3.85214370781 0 0 0 1
5.46930961772 -7.8303868432 -4.34708543866 0 0 0 1
-4.63736792695 -9.38192901049 6.61423386553 0 0 0 1
-2.81191662771 -5.98999203272 -1.98055893108 0 0 0 1
1.24506170156 9.80932530769 -0.58983865682 0 0 0 1
-2.34789083615 -5.31738851266 -1.34379637904 0 0 0 1
9.7252398997 9.84142031887 5.54885689927 0 0 0 1
-4.0413766852 5.72428592152 -6.30195897406 0 0 0 1
4.74051819695 3.98749490423 2.81964898603 0 0 0 1
8.22870327013 6.08873931149 7.94482603301 0 0 0 1
-4.23445041506 -6.3367532027 -4.15728641155 0 0 0 1
-7.5280407358 9.35198967739 -9.25641863365 0 0 0 1
2.85088369654 2.52259738009 1.5722484359 0 0 0 1
-9.09625364206 8.1387197678 -0.788199447521 0 0 0 1
-1.12514545487 -7.70150973988 -8.81592297016 0 0 0 1
-1.95389130984 9.15694585371 -7.9788854322 0 0 0 1
-9.64575109682 -1.43666411964 5.13720079621 0 0 0 1
0.239794416593 7.12477013437 3.19273296174 0 0 0 1
-7.39528429684 1.92656538613 3.25135124923 0 0 0 1
4.13310769776 -5.07181419377 -0.235213691986 0 0 0 1
0.527822858841 2.14445287922 -6.13659176834 0 0 0 1
-7.37014049035 7.74771882089 -7.14067046602 0 0 0 1
9.80268223424 7.68111305339 -1.4942343205 0 0 0 1
-7.58546771086 7.72988928873 -5.85975669061 0 0 0 1
-5.72363646742 6.55963445473 -4.88856611667 0 0 0 1
1.924222028 -0.860727715469 -6.85392590088 0 0 0 1
4.26233700426 -4.66058052291 6.24477522756 0 0 0 1
-4.58189872583 -7.17194431461 4.24201664735 0 0 0 1
-6.71130399668 -8.93637488437 -5.25085938781 0 0 0 1
4.7626901351 8.57868199005 -1.70343605045 0 0 0 1
-0.789367340193 -6.10315630872 8.53805364733 0 0 0 1
1.99138136987 5.26831805284 6.85893205088 0 0 0 1
7.30829056779 2.63039838407 1.02991356101 0 0 0 1
-1.54117711844 7.55736956503 9.08713299109 0 0 0 1
2.77629606418 5.66619756376 4.97221079001 0 0 0 1
-1.84827523343 -6.31001395691 -4.10798583942 0 0 0 1
5.58674465287 -6.24013426253 -8.98534652443 0 0 0 1
-3.29059899989 3.9591483624 6.25849266745 0 0 0 1
-5.1364743569 6.03146916966 1.04966094838 0 0 0 1
-1.1015338074 -3.78770557015 5.01284861365 0 0 0 1
-8.41539098756 -3.11904018704 -7.36644973634 0 0 0 1
4.17072936837 -6.56266674979 1.22991158043 0 0 0 1
0.91594361807 8.80364954104 -5.77145853827 0 0 0 1
4.67510586355 9.82635626324 5.45162437847 0 0 0 1
3.92178590652 -3.80768947743 2.58474652288 0 0 0 1
6.05456556597 -7.51305609329 -4.21282165474 0 0 0 1
6.69992498998 1.13792386984 3.95277808 0 0 0 1
-5.19781760104 -2.98360791441 -2.05342289706 0 0 0 1
4.28643736172 5.91249893486 0.561986575653 0 0 0 1
-0.118158770458 2.71334756001 1.36701663791 0 0 0 1
-5.51024172841 5.35882452103 -8.76694739836 0 0 0 1
4.76954267581 -4.72518874621 -1.03907572837 0 0 0 1
-8.04648477181 -5.17719378487 0.847466681586 0 0 0 1
3.101439173 -1.02715310573 -2.05776518888 0 0 0 1
-8.15453033304 -0.848391559923 -2.46801834922 0 0 0 1
0.929266320139 -3.48040285878 -9.08167249453 0 0 0 1
-8.37905625297 4.17428920589 -3.86019686118 0 0 0 1
-2.15502716514 4.5424274465 3.67523853435 0 0 0 1
-1.79835427646 -6.40301726422 -8.17033277228 0 0 0 1
-7.30571189262 0.670739436549 8.99798895621 0 0 0 1
-0.250284687123 -5.00516396029 3.73805580792 0 0 0 1
5.19862819111 -1.36238484651 2.39034997303 0 0 0 1
-0.172679672252 -6.99210391511 0.0749151673496 0 0 0 1
9.09532811321 5.15142984338 6.7194576998 0 0 0 1
3.40603625155 -0.243104227166 1.44274893918 0 0 0 1
-5.34095294557 -8.31183652641 -3.5920551369 0 0 0 1
6.86754853199 3.61194234117 -4.79178552887 0 0 0 1
-1.53633473864 6.24125018212 -6.77924527586 0 0 0 1
8.92562825904 5.32876419992 -8.96957542825 0 0 0 1
-4.48576746263 4.03115460543 -8.49142007699 0 0 0 1
-7.18912111815 -8.88770008363 -6.44681873538 0 0 0 1
-4.8230450854 -4.10914934658 4.08878617288 0 0 0 1
0.342051553941 1.96862829968 -3.43748556099 0 0 0 1
-9.27872056526 -1.98169215087 -5.75555972499 0 0 0 1
-0.914383622002 -2.49609777412 7.31614153619 0 0 0 1
6.15380622748 -7.07448730122 0.24641682355 0 0 0 1
-2.38286676408 0.491658270893 -5.56345947422 0 0 0 1
5.60765673526 7.90082964701 -1.31963619638 0 0 0 1
-5.5245094608 -7.59943591165 7.84037578054 0 0 0 1
-0.846589178579 0.445357314429 -1.21008338226 0 0 0 1
2.97270684312 8.45015085518 -9.7369672182 0 0 0 1
9.95270065466 -9.10751500802 -9.58823056655 0 0 0 1
1.05998965358 -2.40190172543 -4.537757182 0 0 0 1
-6.37838650101 -4.56648983781 9.11864523849 0 0 0 1
-4.85211918093 4.71317556677 -5.54241359919 0 0 0 1
1.36180014563 -6.71704094361 7.56783382989 0 0 0 1
1.53855549411 3.10808218743 9.9669208814 0 0 0 1
-4.80454018296 -9.54862392004 -4.15937586409 0 0 0 1
8.45224297719 -2.60862954691 9.17134050019 0 0 0 1
-0.801640844044 -8.70054524157 1.20323817382 0 0 0 1
8.95266070213 8.79076504081 1.77273515598 0 0 0 1
7.8582399731 -0.459431986892 -7.11450947475 0 0 0 1
0.670019395167 -8.90157976417 -6.99538190384 0 0 0 1
-4.60264087861 7.75593318007 9.49556498593 0 0 0 1
2.47582363312 -8.64094206905 -7.49692616322 0 0 0 1
-5.90375396552 5.18320456727 6.27699849554 0 0 0 1
-7.92613861775 2.96800141045 2.0049663828 0 0 0 1
-0.471027046937 -1.52820593441 5.32616201407 0 0 0 1
-7.18439165812 -0.0224326055836 -8.0263470619 0 0 0 1
1.41270252062 3.6816692346 -5.43129035955 0 0 0 1
-9.42802743475 1.68718415739 2.55794878648 0 0 0 1
6.49698672296 -0.306320223946 -2.01935348736 0 0 0 1
6.15285210641 -7.92668387663 -8.57987104898 0 0 0 1
-6.99829270561 -3.98630062017 -0.78913977198 0 0 0 1
0.200781948427 -5.65843550705 8.2675539899 0 0 0 1
-2.68209209826 -3.38671674876 7.15094890276 0 0 0 1
8.03560864347 -3.79806548562 -3.98741064158 0 0 0 1
9.11483287806 3.18460039435 -5.67746826089 0 0 0 1
8.4860636134 9.11874302263 0.167879958023 0 0 0 1
-2.24819037395 5.90704810969 9.29240418984 0 0 0 1
0.7490934648 -1.93260279226 5.57331974092 0 0 0 1
9.10875115315 -3.00008534983 -9.63204675984 0 0 0 1
-0.779585879979 2.60930824222 1.07935106082 0 0 0 1
6.00628801321 -1.82580422557 -0.481968371898 0 0 0 1
2.29269836694 -7.71758466712 -1.22975731382 0 0 0 1
6.63003677624 3.84836575611 6.78082138985 0 0 0 1
9.99494033556 -5.11005694988 -7.73874342067 0 0 0 1
8.00411329753 -1.557086337 -3.86978840501 0 0 0 1
-6.10658447226 -6.72294564679 -2.57929284914 0 0 0 1
6.11555423665 5.30338727877 -2.37279217123 0 0 0 1
-9.64195963159 -4.88135674897 3.30476155121 0 0 0 1
7.60364645085 5.29531781434 -9.5029015744 0 0 0 1
2.41744326544 0.371075998972 -9.78688801821 0 0 0 1
-4.33392269649 -1.69730128852 -7.27186369899 0 0 0 1
-8.03645069972 -2.53558283288 2.44952903896 0 0 0 1
-1.54812301132 0.771710948844 4.21633637506 0 0 0 1
-1.26787813867 -1.48047030223 -9.84731847077 0 0 0 1
-0.749273085812 -8.14337794273 1.22382394761 0 0 0 1
-4.71069651299 -2.2186608992 -6.83680213601 0 0 0 1
2.96567866551 -5.59721919145 -1.00864891768 0 0 0 1
-1.32554495465 5.61975525656 -7.80644948194 0 0 0 1
-2.04624007603 -0.0815703659488 -5.12884657163 0 0 0 1
-4.15053362179 -9.63222012353 3.96430023115 0 0 0 1
-5.37564919983 -7.95614800781 2.72236651542 0 0 0 1
-8.50568204783 2.77385701199 2.20778467187 0 0 0 1
8.73583889907 -5.89247048958 2.944665617 0 0 0 1
0.325686568157 4.18709558129 5.41012306881 0 0 0 1
2.88461871898 -5.72032954229 -8.54596540746 0 0 0 1
-3.95021095875 3.10232710326 7.3089962259 0 0 0 1
3.94330550242 -0.560838654773 3.35436264736 0 0 0 1
6.50060554158 6.12580136602 4.38787350416 0 0 0 1
5.95953947882 3.39062589869 -5.62782393172 0 0 0 1
-2.29815798784 6.46718759694 9.13219529844 0 0 0 1
-1.0160799563 -3.55000432154 5.76319308381 0 0 0 1
4.52586044597 -9.34663234961 -7.28101144463 0 0 0 1
-5.10671979692 5.90115253193 7.4716696199 0 0 0 1
3.38989144325 0.382076612514 0.192017393103 0 0 0 1
-0.556448055225 2.70895462339 -7.42233092782 0 0 0 1
9.39435546905 -3.47511433756 -8.20280588422 0 0 0 1
-3.05891649674 5.44525169395 -2.27252735278 0 0 0 1
-3.94449488563 7.14085741968 5.77083587167 0 0 0 1
5.34739528217 -5.12003000343 4.47346761697 0 0 0 1
9.29532836545 -9.88047560411 -8.02006051609 0 0 0 1
-4.86590205812 4.78974790043 -6.16810268461 0 0 0 1
-9.5533673502 -8.17406014318 2.34476817586 0 0 0 1
3.83383817095 7.95438039886 5.80935492618 0 0 0 1
2.34695271058 -6.87292338488 -7.29595838017 0 0 0 1
3.97408679869 -5.54692163222 -0.0945590426978 0 0 0 1
7.92903081187 1.46142686696 -5.77729450766 0 0 0 1
1.09055377354 -2.92643223689 7.74626569421 0 0 0 1
-3.40032166631 -1.54314026815 -1.95646063665 0 0 0 1
5.78413872048 -7.66576372705 -5.34521369193 0 0 0 1
-4.13151159222 -1.71674757553 -0.201824695357 0 0 0 1
3.17798761851 -4.61747741362 6.23905412092 0 0 0 1
-0.157408845162 4.37452166131 -8.09365595607 0 0 0 1
-5.4261774276 1.91578034177 6.13536907737 0 0 0 1
5.18559975759 -3.81845405332 9.04133772668 0 0 0 1
-5.43229038033 -8.59543528379 4.69081978646 0 0 0 1
-0.174005302239 3.29041259313 -4.96998332839 0 0 0 1
9.47606852608 -4.01473329028 2.20227628087 0 0 0 1
5.89702630364 -9.79359107187 -0.23241378879 0 0 0 1
-2.47501248065 -2.53387646415 -4.85510796184 0 0 0 1
-3.70735004565 -0.171644464567 0.249528771074 0 0 0 1
0.581981380094 2.76536622919 -3.38395348728 0 0 0 1
2.14075229926 1.86536245418 -1.14111105767 0 0 0 1
-6.89939941518 9.06591514785 -6.81492008071 0 0 0 1
2.83902982894 -9.48238786359 -4.61754035717 0 0 0 1
9.46540738307 8.98740900462 -2.7256505642 0 0 0 1
-8.0199935597 5.42769622985 -3.41334520144 0 0 0 1
1.55808207919 0.464760567083 0.716652583412 0 0 0 1
9.25737527108 -5.16351817803 -1.65886971579 0 0 0 1
-5.18615007626 7.93453941769 -0.0823700353014 0 0 0 1
-0.198124828795 6.34952679026 -0.330490974 0 0 0 1
-5.39329624124 -6.77588412854 6.94567745783 0 0 0 1
8.87556110383 3.06262279664 -6.36940856231 0 0 0 1
4.58634437573 4.23689838689 -2.26909458216 0 0 0 1
8.67906063251 -7.91279773031 -0.418335832697 0 0 0 1
-2.8762554898 -6.89976099629 -5.08071539681 0 0 0 1
-9.55250242418 -3.54134077514 1.76991589817 0 0 0 1
3.44102931579 -9.90733961765 -2.54407962845 0 0 0 1
-1.5761864231 7.68060559366 -4.66834019407 0 0 0 1
-5.69827462943 8.58280787538 -8.91961793158 0 0 0 1
-7.45234051312 -7.82948885385 -6.48240344065 0 0 0 1
7.63522412996 -0.0217959608512 4.16479595076 0 0 0 1
7.75396876313 -8.57455359832 -8.94194814076 0 0 0 1
-9.67215055036 4.86797814228 -4.3877289628 0 0 0 1
-7.87033318429 0.486602868265 -1.81378933206 0 0 0 1
7.40680536318 -2.81899450662 -1.91186487836 0 0 0 1
-9.67276521394 9.98730619949 -2.64128042436 0 0 0 1
0.143985954293 -8.61727865845 7.02719824305 0 0 0 1
9.60964861731 -6.46098565673 -3.63076051023 0 0 0 1
-8.98761768918 3.48515871366 -8.59711750231 0 0 0 1
-1.571517954 1.51158336275 -1.47818795085 0 0 0 1
-5.28309369713 -8.94006914427 5.8436867788 0 0 0 1
-9.98302612125 4.77982093349 2.91902304579 0 0 0 1
-3.42515225135 -0.342671593111 8.72549383268 0 0 0 1
-6.70669183106 -3.89559576209 9.52477036302 0 0 0 1
9.17606852612 4.80654418141 9.59884324181 0 0 0 1
-5.86112862087 7.50033545472 5.89078591331 0 0 0 1
-6.44543382567 -4.34123202001 -6.79746003535 0 0 0 1
1.59158749631 -5.10192834975 3.81438987498 0 0 0 1
-7.82950657131 -6.87535664136 2.44472122895 0 0 0 1
-3.74739786329 8.86289951442 0.784144080094 0 0 0 1
-9.04024639568 1.82088463575 1.78590417945 0 0 0 1
3.49351488765 3.48329186364 0.257069729819 0 0 0 1
8.99845303671 9.88440550484 -1.15845157982 0 0 0 1
-9.42814286616 -9.80032112447 8.20044385869 0 0 0 1
0.912511777989 -3.35753317281 5.29764626536 0 0 0 1
-6.4992985428 -5.56097010798 -4.06307642944 0 0 0 1
-6.01018025535 5.18358475396 -1.15304191397 0 0 0 1
-0.165921958969 -0.667436715061 1.04352631301 0 0 0 1
1.49573645068 -1.14503805888 2.05608729144 0 0 0 1
-3.19739574099 5.49610173856 -2.80473316443 0 0 0 1
6.39646922533 0.823184254518 -6.45553309525 0 0 0 1
-1.63452998696 -0.231071595062 6.28026055518 0 0 0 1
-3.62273403779 1.96587627318 -1.9866758721 0 0 0 1
-8.58668336204 -2.54726513718 2.57691655568 0 0 0 1
-6.61693151156 8.49793378943 7.32256443005 0 0 0 1
-7.79938287718 2.96391526729 -0.680509919962 0 0 0 1
-8.28058481641 -0.62419818243 5.14933159563 0 0 0 1
2.221568767 5.32759523734 1.02855694176 0 0 0 1
7.57332555234 -5.45425293928 8.2985224915 0 0 0 1
-7.81674353948 -2.69274773504 -6.78878865135 0 0 0 1
-8.55430166796 0.926106795309 5.19807785403 0 0 0 1
8.86688502961 -0.68187077581 9.46411037563 0 0 0 1
-5.9060409205 8.16900006343 -7.01633722575 0 0 0 1
-2.94129585752 5.88019047382 -5.06889207381 0 0 0 1
2.72322499545 -3.72133556774 9.96439544746 0 0 0 1
2.61056597997 5.02528821133 -8.666735362 0 0 0 1
-0.0581536116086 -2.48283598072 1.46563747446 0 0 0 1
-9.51637482881 -9.00125334671 7.81147562508 0 0 0 1
7.37668585259 0.104473720578 1.38603431544 0 0 0 1
-2.30328610664 -1.38196333078 0.405742962637 0 0 0 1
-2.36611447347 4.23975202778 -8.54391919017 0 0 0 1
2.94188130784 -9.15029180454 -2.14633721867 0 0 0 1
5.81936365488 4.09851165381 -3.84506474003 0 0 0 1
8.17391849256 6.33390111977 -3.37703221509 0 0 0 1
-9.86365132327 8.0085817056 7.0304208737 0 0 0 1
5.00256293887 1.98856201148 8.3482324108 0 0 0 1
5.91751703577 -5.26426317729 -2.90449116019 0 0 0 1
-6.18733479189 7.29708665159 -2.27623141701 0 0 0 1
3.8018377457 -8.26717911173 3.49229490242 0 0 0 1
-1.1899841465 -5.40079838028 3.05106941418 0 0 0 1
-0.115779458545 -7.05987571478 6.99334519338 0 0 0 1
1.63163257298 -2.42652107552 -5.6713866382 0 0 0 1
-2.00434657281 -8.56456817107 6.91826025629 0 0 0 1
5.09556261236 8.26666653646 -1.55146331273 0 0 0 1
-2.07579534232 5.4938395745 -8.64356363131 0 0 0 1
3.29097759127 -7.63860666099 5.17771896034 0 0 0 1
-5.25939586262 -2.02516627979 -2.72249566763 0 0 0 1
-3.55944683231 2.93899583431 -3.42447730708 0 0 0 1
-9.71935246755 -3.8260003776 2.94605305862 0 0 0 1
-7.00133907706 1.81202864959 2.85119673753 0 0 0 1
3.21198076755 -6.3299816381 -8.75095154783 0 0 0 1
-4.13222842125 -5.56669637099 2.71345580014 0 0 0 1
8.27928630233 0.486593750498 7.66849164055 0 0 0 1
6.53809216106 -1.05755397036 2.81485624712 0 0 0 1
8.28537733456 -0.929674994171 -0.260495342519 0 0 0 1
5.3871759114 -0.368229800151 -6.3904410123 0 0 0 1
9.16165870498 -6.73121934046 7.71297897252 0 0 0 1
-6.6132414234 -6.03612822013 -2.86971623447 0 0 0 1
1.53189079537 7.45681073756 -7.23160748626 0 0 0 1
-3.38660821646 5.67095595262 9.56558317438 0 0 0 1
9.32061688568 0.929610768199 -1.33365099455 0 0 0 1
-2.037489348 -6.51406418744 5.85425414064 0 0 0 1
7.71424592357 1.43429173921 6.62707085706 0 0 0 1
-2.03285540246 5.41436310468 8.00063693862 0 0 0 1
5.19183616834 -5.68638163425 6.54647932134 0 0 0 1
-6.24881132281 -9.34433684765 -0.964348163733 0 0 0 1
-2.00839480807 -8.1573049275 3.34380777407 0 0 0 1
7.87946767146 6.22620680634 -7.86888473734 0 0 0 1
-1.55839652937 3.22549937077 -9.52161838132 0 0 0 1
-1.88963244475 -8.63852310044 -1.98215365782 0 0 0 1
8.19976974977 -6.2065654609 -7.59374206138 0 0 0 1
-9.82166895539 -5.57079842009 2.40274792176 0 0 0 1
-4.51429294792 -9.36070013175 7.40115176291 0 0 0 1
8.50133055196 1.47299641136 -0.893533539037 0 0 0 1
1.31820115671 7.19872729445 -6.24891628192 0 0 0 1
6.0171931134 -1.24779161066 4.32252863181 0 0 0 1
-8.38948854569 3.33848545858 -4.47102588848 0 0 0 1
-0.855271950625 -8.75281578828 -7.80351877688 0 0 0 1
-3.81643399534 -2.47260914653 4.78568079593 0 0 0 1
3.04885566661 -7.13949421036 -8.35197109187 0 0 0 1
-2.77123062084 -6.04346692593 3.95561532798 0 0 0 1
-0.523490654254 -7.60597756845 4.80487991688 0 0 0 1
-5.50524922805 -5.98027567003 -9.37607470763 0 0 0 1
1.25371036889 2.44523885751 -4.91252826056 0 0 0 1
1.36349823668 -8.80785890944 2.81837130265 0 0 0 1
8.29932695666 1.78295290878 -8.09404562371 0 0 0 1
9.21780090422 -8.84114391022 -5.91133560802 0 0 0 1
2.01472115906 -4.05694453437 -1.10491413805 0 0 0 1
7.98034223964 -0.107800863452 0.0667517028401 0 0 0 1
-9.2711544107 2.16530165486 0.00784096475051 0 0 0 1
5.17488716522 2.6843786381 -5.9409181728 0 0 0 1
9.24591338964 -6.11193261563 -6.66146090929 0 0 0 1
-2.90885184068 0.729715550786 3.58413190302 0 0 0 1
-8.20119725027 -1.93052751079 3.70896962127 0 0 0 1
-4.76134194424 -4.3420238467 6.31890399006 0 0 0 1
2.48113908794 6.50752904008 1.80980632919 0 0 0 1
4.16092924742 7.1152780647 -4.72386283736 0 0 0 1
-9.11933782983 5.58293169714 -3.77961156928 0 0 0 1
1.39951463704 6.92785005621 9.12209270154 0 0 0 1
-4.70037223556 -0.903521122276 -3.87298340729 0 0 0 1
3.40243954701 -3.13120578114 -1.80461025569 0 0 0 1
-3.97601235531 6.67245736188 -0.0687687842878 0 0 0 1
-5.97448804599 5.14427283829 -4.3667498923 0 0 0 1
-7.48480601958 9.04782080679 -3.6692485815 0 0 0 1
-1.14968900867 5.2787433399 1.46770596155 0 0 0 1
9.26829848748 -9.75925846731 6.89751096806 0 0 0 1
-3.15298687088 3.66367847073 -8.2131343546 0 0 0 1
5.56589602589 2.67278797675 -8.28226430069 0 0 0 1
-8.52540716298 -2.6776418656 -9.62042323381 0 0 0 1
-8.0932253821 6.24013217985 -1.48034095513 0 0 0 1
-9.64513721802 0.309175930017 2.21050137021 0 0 0 1
9.95214687285 0.987970465508 6.37351148852 0 0 0 1
-5.89238217486 -7.53356604963 -0.19149162669 0 0 0 1
9.18403809389 3.35502041043 -7.67707850237 0 0 0 1
-8.99057373256 8.63924147371 5.9002952175 0 0 0 1
8.63263717779 -4.97114304903 -8.92548552617 0 0 0 1
